3445
7163
13379
17728
17850
18232
18294
19016
19043
19393
19779
19901
19904
20022
20533
20879
21816
21999
22413
22719
22829
23146
23878
24550
24791
25051
25159
25207
25688
26028
26157
26351
26698
27250
27328
27660
27693
29183
29220
30158
30399
65015
69864
75455
77451
83181
83451
83818
83974
84144
84255
84281
84379
84937
84991
85602
85610
85723
86034
86037
86091
86314
86407
87743
87834
87846
88020
88077
88770
88864
88976
89830
90011
90487
90725
91158
91544
91776
91832
91903
91978
92015
92071
92128
92530
92592
93289
93343
93347
93352
93405
177882
177921
179257
179715
181242
181703
186570
186700
264476
267252
267399
270680
272175
273464
529394
529609
529674
529895
530373
530989
531138
531643
532517
532962
532989
533267
534236
534606
534791
535197
535367
535382
536214
538880
538966
539167
540154
540314
540324
541423
541535
542641
681371
684450
684755
689538
692753
695512
713693
718601
736726
739465
867858
874073
876169
915397
915517
915648
915720
915921
916316
916915
916939
917030
917525
917624
917910
918962
919650
919931
920326
920458
920826
921595
922077
922529
923112
924455
924476
924769
925218
925399
925831
926248
926514
926872
926938
927181
927259
927737
929779
930035
930243
931166
932547
932763
933000
933205
934612
934816
964616
965201
966992
967633
969053
969967
971418
972991
991119
1151106
1151137
1151305
1151699
1151792
1152919
1153697
1155049
1155089
1155669
1155775
1157226
1157290
1157475
1157597
1157937
1159247
1160375
1160545
1160736
1161260
1162153
1162948
1162956
1164005
1164014
1164691
1165255
1166231
1166714
1166817
1167127
1167626
1167760
1167774
1168891
1170187
1170831
1172096
1173191
1173908
1174193
1177364
1179975
1180726
1181103
1181312
1182281
1182732
1183609
1185218
1253423
1262315
1264147
1264232
1265246
1266575
1267594
1342225
1342645
1343368
1343432
1343909
1344050
1346674
1348110
1349346
1350712
1350918
1351483
1353718
1434201
1437905
1441242
1531682
1531970
1532158
1533642
1534741
1535030
1535534
1535538
1536694
1537976
1538616
1539182
1539755
1540020
1540298
1540382
1541016
1541712
1562620
1563481
1563674
1566951
1567244
1567414
1568708
1568792
1569664
1572043
1572590
1574616
1575102
1576378
1576467
1707544
1707671
1708000
1711026
1711791
1712702
1714234
1716086
1716452
1716477
1716802
1717632
1719260
1719367
1933668
1935007
1935114
1935275
1935791
1936064
1936111
1936318
1938308
1938778
1938950
1939116
1939300
1939521
1939842
1940008
1940382
1940834
1941151
1941363
1941643
1942105
1942175
1942357
1942423
1942765
1943432
1943622
1943794
1944048
1944737
1944969
1945054
1945233
1945958
1946477
1947356
1947499
1947520
1947987
1948165
1948462
1955005
1966773
2044547
2044937
2044985
2045272
2045315
2045372
2045831
2045997
2046043
2046066
2046286
2046901
2047267
2047501
2047693
2047707
2048067
2048885
2049166
2049167
2049891
2050310
2050320
2050568
2051254
2051346
2051754
2051789
2051908
2051998
2052239
2052315
2052627
2052796
2053200
2053374
2053811
2053917
2054017
2054123
2054219
2054420
2054533
2055596
2056000
2056288
2057031
2057053
2057263
2057305
2057454
2057757
2057772
2058008
2058106
2058317
2058352
2058973
2059449
2059845
2060506
2061676
2062041
2062134
2063008
2063677
2064831
2064986
2066419
2066559
2066584
2068724
2068831
2069035
2069117
2071871
2089426
2091794
2095473
2096919
2100911
2102056
2102833
2129264
2260440
2261919
2263951
2264054
2265161
2265466
2265615
2265912
2266436
2267409
2267430
2268407
2275100
2280000
2283310
2381403
2384806
2387089
2387616
2391001
2470471
2470708
2471965
2473123
2473651
2477092
2477379
2544712
2547667
2548398
2548455
2549552
2550854
2552615
2554005
2554916
2554970
2555606
2557827
2580124
2582157
2582784
2582811
2601495
2601657
2601730
2601839
2602274
2602486
2602964
2603633
2603710
2604495
2604603
2605094
2605450
2605504
2605585
2606147
2606188
2606422
2606768
2606999
2607268
2607637
2607873
2607906
2608450
2608553
2609304
2609368
2609708
2609750
2610107
2610254
2610690
2611107
2611241
2611708
2611754
2611811
2611896
2612332
2612395
2612687
2612863
2612911
2613089
2613150
2613230
2613383
2613664
2613677
2613687
2613888
2614267
2614784
2654808
2655061
2655570
2655592
2656823
2657736
2657880
2658613
2658800
2660826
2689566
2833986
2863138
2864058
2864279
2864701
2865046
2865056
2865103
2865311
2865426
2865887
2866091
2866370
2866747
2866778
2866843
2867011
2867061
2867246
2867444
2867805
2868319
2868459
2868480
2868639
2868684
2868686
2869104
2869534
2869935
2870539
2871020
2871243
2871589
2871829
2871968
2872187
2872798
2873207
2873678
2874067
2875329
2875345
2875528
2875851
2876119
2876247
2876296
2876635
2876827
2876920
2877034
2877201
2877392
2877452
2877659
2877754
2878042
2878078
2879130
2879694
2879843
2879886
2879903
2880091
2880272
2880545
2881136
2881174
2881374
2881941
2993869
2994126
2995617
2995850
2998885
2999234
3000601
3001209
3008952
3009868
3015474
3017259
3069568
3079285
3174071
3176769
3176885
3177562
3177578
3179270
3180263
3181013
3181221
3181944
3183331
3336886
3339363
3424840
3484577
3484618
3484778
3485077
3485451
3485662
3485784
3486765
3486864
3487186
3487292
3487730
3488710
3488800
3489801
3490387
3491094
3492873
3492891
3492991
3493770
3494087
3494929
3495956
3496126
3497298
3498127
3498618
3498822
3499358
3499613
3499617
3501210
3501834
3502227
3502266
3502648
3503162
3503199
3503366
3504503
3506262
3506819
3507025
3507321
3507638
3509888
3510674
3510868
3511012
3511288
3511303
3511806
3511973
3513766
3513859
3513915
3514190
3514351
3514974
3516043
3516058
3516773
3517397
3517612
3517857
3520955
3546588
3546757
3546914
3546921
3547072
3547428
3547557
3547592
3547637
3548180
3548194
3548197
3548556
3548736
3548738
3549199
3549241
3549297
3549361
3549404
3550070
3550226
3550473
3550515
3550667
3550725
3550855
3550933
3551065
3551231
3551393
3551427
3551869
3551978
3552039
3552113
3552760
3553103
3553359
3553365
3553490
3554490
3554626
3554678
3554701
3554799
3555001
3555015
3555320
3555339
3555340
3555809
3556134
3556609
3556768
3556896
3557227
3557549
3557730
3557890
3558106
3558254
3558334
3558567
3558860
3559287
3559296
3559396
3559470
3559978
3560125
3560150
3560159
3560228
3560297
3560336
3560380
3560591
3560788
3561112
3561376
3638126
3638369
3638524
3638672
3638858
3639076
3639139
3639307
3639310
3639525
3640314
3640330
3640554
3640557
3640564
3640699
3640856
3641070
3641197
3641344
3641500
3641613
3641619
3642297
3642476
3642635
3643031
3643130
3643223
3643587
3644277
3644398
3645075
3645489
3645917
3645981
3646726
3646895
3647447
3648459
3648588
3648713
3648988
3649164
3649393
3649538
3649561
3649706
3649822
3650165
3650252
3651269
3651576
3651655
3652005
3652223
3652692
3652853
3652878
3652882
3653133
3653537
3653952
3654386
3654394
3654509
3654519
3654948
3838460
3838716
3839243
3840234
3840369
3841299
3841598
3842108
3842233
3843271
3843471
3844373
3847713
3847828
3848689
3849206
3849284
3849374
3850293
3850769
3851095
3851229
3869267
3892010
3892163
3892560
3893307
3893944
3894222
3895012
3895045
3895324
3895487
3895492
3896155
3896475
3897301
3897406
3897487
3897727
3897781
3897872
3897961
3899139
3900123
3900316
3900740
3901371
3901477
3902426
3902522
3902532
3902702
3903118
3903167
3904267
3904646
3904681
3962360
3968853
3971959
3972404
3978766
3980342
3982080
3982887
3986909
3988861
4061712
4061796
4062138
4062146
4062179
4062455
4063463
4063631
4064131
4065739
4066456
4067260
4067492
4067581
4067829
4068730
4069064
4069187
4069362
4070359
4070370
4070435
4070506
4070534
4071099
4071153
4071167
4072170
4072252
4072439
4072708
4109409
4112324
4117453
4118396
4126795
4176672
4178139
4178246
4179223
4184202
4184760
4185200
4186033
4189033
4189313
4191078
4191092
4191162
4191328
4192685
4192692
4192911
4193800
4194334
4194787
4195330
4196013
4211859
4218453
4225259
4226827
4231128
4231154
4231823
4232258
4232763
4233735
4235603
4236562
4236792
4236900
4237187
4237825
4238056
4238713
4238921
4239137
4239145
4241058
4242692
4243252
4243697
4243934
4245870
4246517
4247249
4247714
4248644
4397115
4399595
4400497
4401530
4402782
4403224
4403887
4404232
4405353
4406240
4406414
4407248
4407556
4407851
4408532
4409116
4409658
4409877
4410090
4411449
4411572
4412047
4413681
4413699
4489060
4532529
4532879
4534959
4535481
4535686
4535912
4536220
4537222
4537573
4537678
4537874
4537903
4538335
4538887
4539021
4539388
4539556
4539673
4540438
4540460
4540669
4540867
4540900
4542195
4542264
4542406
4543094
4543164
4543775
4544331
4544862
4545149
4546617
4546788
4546924
4547500
4548033
4548430
4549059
4549193
4549825
4549853
4549903
4550810
4551535
4552069
4571478
4571710
4572011
4572173
4572822
4572935
4573253
4573949
4574781
4574959
4575033
4575418
4576335
4576549
4577062
4577243
4577429
4577602
4578344
4578578
4579162
4579180
4579273
4579279
4579508
4579739
4580691
4580799
4581510
4581640
4583007
4583129
4583918
4584131
4584257
4584654
4584697
4584725
4584804
4585178
4585431
4585596
4585749
4585801
4586465
4586493
4586533
4586766
4586872
4587043
4587448
4587803
4588536
4588797
4589364
4589399
4589417
4590233
4590235
4590498
4590708
4591051
4591158
4591372
4591630
4591724
4592216
4592755
4592775
4593579
4593782
4594003
4595072
4595507
4595538
4596039
4596144
4596536
4596608
4596752
4596770
4596853
4597119
4597218
4597693
4597750
4597844
4598064
4598454
4598900
4599021
4599490
4599670
4599908
4600663
4600901
4601128
4601288
4601504
4602298
4602406
4602778
4603209
4603391
4604499
4604724
4604829
4604830
4604863
4616624
4616943
4617285
4617536
4617908
4618435
4619242
4620218
4621156
4623006
4623971
4624122
4624361
4624578
4624749
4667847
4675044
4681159
4682782
4692034
4751850
4752140
4752374
4752535
4752584
4753711
4754418
4754696
4754801
4756011
4756033
4757122
4757174
4758170
4758709
4759021
4759259
4759421
4759425
4759445
4759950
4760040
4760203
4760611
4760615
4760701
4761168
4762190
4762411
4762540
4762643
4765329
4769656
4771658
4776613
4809037
4809099
4809790
4810370
4810894
4810920
4811010
4811532
4811579
4811601
4811778
4813547
4814197
4814560
4814890
4815169
4815676
4816073
4816148
4817076
4819155
4819228
4819343
4819598
4819674
4820115
4820327
4820741
4820939
4821118
4821192
4821210
4821702
4821739
4821962
4822066
4822356
4822550
4822633
4822885
4822983
4823175
4824378
4824470
4824685
4824811
4825324
4837423
4837529
4837848
4838667
4838683
4839165
4839630
4840627
4840785
4840818
4840999
4841523
4842416
4842558
4842563
4842607
4842840
4843034
4843054
4843436
4843542
4843640
4843719
4843904
4844040
4844087
4844903
4844977
4845088
4845140
4845494
4845701
4846458
4846731
4846896
4847655
4848125
4848343
4848375
4848960
4849021
4849346
4849373
4849426
4849854
4849862
4849886
4901122
4910733
4941041
4943367
4944212
4951245
4954798
4955365
4956494
4986653
4988015
4988155
4988203
4988552
4988765
4988794
4989108
4989272
4989273
4989565
4989657
4989928
4990308
4990388
4990498
4990552
4990948
4991841
4991854
4992523
4992817
4992971
4993363
4993523
4993691
4994177
4994229
4994713
4995482
4995679
4995878
4996049
4996134
4996235
4996479
4996912
4996920
4997219
4997348
4997563
4998006
5068978
5071009
5072682
5072688
5072994
5074474
5074792
5075050
5075549
5075564
5076087
5076463
5076686
5078346
5078958
5079041
5128805
5128981
5129357
5129489
5129700
5130315
5130478
5130775
5130963
5131346
5131382
5131857
5133678
5133683
5134384
5134851
5134860
5135121
5135244
5135453
5135588
5135895
5135954
5135981
5136250
5137015
5137038
5137409
5137734
5137908
5137998
5138501
5138654
5138738
5139131
5139655
5140027
5140312
5174798
5175136
5175501
5177041
5177162
5177573
5177658
5177754
5177939
5178202
5178311
5178511
5179380
5179864
5179998
5180686
5181050
5181117
5181349
5182434
5182731
5182839
5183608
5184265
5185552
5186232
5186373
5187800
5204553
5235243
5236176
5237127
5237329
5237462
5237703
5238236
5238364
5239723
5239999
5240199
5240243
5240391
5240415
5240529
5240549
5240821
5241043
5241266
5241411
5241486
5242348
5242674
5242754
5243028
5243252
5243992
5244084
5244305
5244414
5244596
5244823
5245854
5245942
5245943
5246758
5246779
5246882
5246912
5247006
5247700
5247704
5247812
5248013
5248122
5248470
5248550
5248671
5248926
5249040
5249116
5249431
5249550
5249877
5249936
5267612
5270761
5271303
5271725
5271795
5271853
5272086
5272894
5273497
5273895
5274042
5274548
5274912
5275302
5275547
5275897
5276553
5276675
5276728
5276821
5277089
5277277
5277469
5277814
5278128
5278231
5278334
5278369
5278377
5278496
5278933
5279006
5279260
5279275
5279351
5279503
5279535
5280182
5280197
5280672
5280887
5281518
5282061
5282415
5282617
5282708
5283346
5283440
5283807
5283840
5283880
5284054
5285080
5285239
5285810
5286211
5286310
5317207
5317665
5318037
5318493
5318983
5319591
5320105
5320327
5320804
5320893
5320978
5321306
5321612
5322176
5322286
5322379
5322380
5322447
5322577
5323134
5323264
5323265
5323776
5323934
5324080
5324681
5324693
5324743
5325613
5326286
5326324
5326341
5326385
5326413
5326438
5326646
5419604
5426660
5426960
5427063
5427079
5427345
5427765
5427944
5427949
5428003
5428040
5428190
5428464
5428696
5428739
5429177
5429572
5430299
5430890
5431218
5431365
5431643
5432008
5432827
5432920
5433062
5433547
5433686
5434027
5434088
5434102
5434216
5434247
5434273
5434415
5434578
5434987
5435525
5435613
5435897
5436813
5436852
5436882
5437230
5437313
5437449
5437569
5437682
5483929
5484587
5484860
5487266
5493373
5500584
5504054
5505326
5505417
5505793
5507100
5507214
5508273
5508999
5509563
5510131
5511003
5511635
5513056
5513870
5514802
5515401
5515938
5518313
5519011
5519681
5519839
5520708
5557663
5558356
5558601
5558905
5560332
5560496
5561023
5561464
5562002
5562954
5562980
5563645
5563683
5563770
5563903
5564139
5564731
5564766
5564974
5565880
5565894
5566084
5566587
5566964
5567292
5567297
5567363
5567393
5567619
5567836
5567894
5568281
5568490
5568620
5568728
5568885
5569151
5569330
5569367
5570559
5570652
5570843
5570870
5571002
5571206
5571686
5571874
5571906
5571923
5572618
5572764
5573152
5573241
5573766
5575204
5575729
5576836
5577080
5577934
5578357
5578533
5579271
5582535
5583786
5610981
5612054
5658079
5658371
5658537
5658816
5658904
5659168
5659346
5660229
5660568
5660878
5660899
5661564
5661903
5662524
5662560
5662680
5662751
5662916
5663119
5663905
5664238
5665447
5665983
5666026
5666114
5666285
5666663
5667014
5667396
5667624
5668214
5668385
5669565
5670182
5670441
5671284
5672181
5672429
5672518
5672545
5672717
5673183
5674211
5675099
5675159
5675435
5676126
5677702
5678090
5678787
5678963
5679951
5680713
5680813
5681082
5681517
5681783
5682884
5683172
5683593
5697140
5697149
5697391
5697790
5698072
5698258
5698299
5698715
5699009
5699363
5699382
5700342
5700345
5700550
5700838
5701094
5701324
5701871
5702141
5702375
5702596
5702737
5702885
5703043
5703166
5703194
5703761
5703981
5704061
5704420
5704563
5705014
5705271
5705718
5705945
5706606
5706854
5706903
5707208
5707594
5707631
5707661
5707940
5708032
5708311
5708367
5708675
5709093
5709320
5709426
5710004
5710181
5710523
5711159
5711324
5711494
5712035
5712110
5724354
5725375
5725714
5726769
5731729
5736194
5736739
5736954
5737665
5739031
5739971
5790203
5797347
5875520
5875552
5875644
5876085
5876806
5877557
5878077
5878230
5878677
5879396
5879618
5881007
5881131
5882040
5883708
5884917
5885053
5886016
5887049
5887082
5887611
5888427
5888893
5929062
5953217
5953342
5953463
5953616
5953731
5953740
5953760
5953866
5954047
5954097
5954308
5954625
5954999
5955032
5955089
5955204
5955288
5955373
5955450
5955540
5955550
5955906
5955970
5956048
5956430
5956447
5956539
5956741
5957900
5958061
5958496
5958645
5959043
5959372
5959547
5960162
5960547
5960635
5960645
5961557
5961958
5962026
5962765
5962877
5963053
5963146
5963210
5963230
5963542
5963891
5963908
5963962
5964103
5964812
5965264
5965275
5965290
5965354
5965775
5966111
5966151
5967131
5967313
5967788
5968286
5968426
5968995
5969098
5969417
5969453
5969545
5969913
5970040
5970118
5970209
5970216
5970275
5970568
5970714
5970995
5971296
5971402
5972266
5972550
6020943
6021260
6021328
6021383
6021525
6021527
6021994
6022222
6022351
6023065
6023727
6024105
6024122
6024139
6024484
6024659
6024785
6025346
6025630
6025642
6025753
6025784
6026348
6026354
6026411
6027047
6027290
6028374
6028391
6028426
6028716
6028780
6029018
6029197
6029218
6029954
6030132
6030244
6030325
6030380
6030459
6030698
6030910
6031185
6031256
6031552
6031619
6031970
6032202
6032262
6032591
6032668
6033016
6033028
6033262
6033519
6033544
6033566
6033599
6033689
6033814
6034167
6034629
6034745
6034843
6034981
6035031
6035327
6035864
6035920
6036481
6036713
6036740
6037002
6037574
6038033
6038208
6038504
6038630
6038635
6110793
6110998
6111350
6112021
6112403
6112790
6113402
6115949
6116437
6117083
6117432
6117583
6118468
6119147
6119842
6120013
6120234
6120267
6120342
6120977
6121628
6122894
6123837
6125043
6126336
6126426
6126636
6126695
6126861
6127150
6127274
6127473
6127749
6188772
6189002
6189526
6189710
6190408
6190436
6191157
6191811
6192171
6192189
6192256
6192878
6193438
6194196
6194864
6195490
6195917
6196096
6196136
6196374
6196458
6196571
6196850
6197126
6197893
6198108
6199017
6199142
6199258
6200340
6200405
6212507
6212898
6213021
6213089
6213220
6213282
6213761
6213953
6214590
6214749
6214776
6214823
6214927
6215153
6215351
6215432
6215621
6215700
6215780
6215796
6217106
6217273
6217740
6217939
6217965
6218122
6218171
6218755
6219437
6219685
6219816
6219832
6220992
6221083
6221126
6221191
6221760
6221868
6222305
6222507
6222542
6222863
6222997
6223061
6223074
6223141
6223156
6223163
6223460
6223856
6224026
6224080
6224114
6224129
6224267
6224714
6224988
6225855
6225937
6226156
6226312
6226472
6226519
6226546
6316219
6317239
6318581
6322122
6322603
6323636
6324804
6329865
6331110
6331361
6332477
6332484
6333743
6334019
6334198
6335012
6339144
6340504
6341183
6342536
6342629
6343052
6343054
6343341
6344598
6401118
6443210
6443238
6443370
6443696
6443700
6444236
6444499
6444821
6444836
6444989
6445430
6445444
6445546
6445631
6445653
6446217
6446292
6446444
6446791
6446823
6446824
6447067
6447166
6448100
6448104
6448378
6448408
6448483
6448671
6448933
6448978
6449220
6449443
6449643
6449769
6450159
6450474
6450561
6450604
6451006
6451041
6451468
6452038
6452203
6452525
6452750
6477643
6500412
6500444
6501714
6501723
6501760
6502160
6502197
6502591
6502664
6502725
6502933
6502959
6503093
6503658
6503852
6504101
6504116
6504219
6504326
6504538
6504652
6505398
6505800
6505821
6505873
6506260
6506281
6506716
6507085
6507147
6507527
6507542
6507934
6508324
6508673
6508850
6509232
6509852
6510954
6511112
6511358
6511601
6511648
6511813
6511870
6512062
6512636
6513596
6513711
6513765
6514429
6514805
6514888
6515045
6515353
6515417
6515832
6517798
6519834
6519925
6520224
6520952
6522098
6522299
6523436
6525501
6526163
6526563
6527015
6527422
6527694
6528899
6529801
6531828
6534749
6536013
6536018
6537919
6541092
6543172
6543305
6545109
6545734
6549885
6613049
6613387
6620252
6620361
6621707
6622193
6622383
6622738
6622774
6624050
6624375
6624719
6626084
6626183
6627737
6628392
6628524
6629339
6629402
6629480
6630396
6630462
6631172
6631194
6631252
6631343
6631351
6631897
6632340
6633278
6634168
6635000
6635298
6635685
6636018
6636317
6636407
6636495
6638260
6638474
6639169
6639503
6639716
6640065
6640164
6641757
6642401
6643196
6643276
6643421
6643794
6644101
6644433
6644946
6645963
6646137
6646268
6646662
6647223
6647502
6647921
6648099
6648289
6648558
6648601
6649149
6649209
6649218
6649282
6649320
6649438
6650528
6652466
6655019
6655125
6655681
6656040
6656104
6659561
6660204
6660216
6661221
6662635
6662645
6662766
6664242
6665335
6666237
6667846
6668696
6671168
6671637
6672164
6673175
6673190
6673293
6673787
6675174
6676092
6676762
6678830
6679117
6679655
6679865
6680670
6683596
6684716
6686234
6686534
6687722
6689930
6690397
6690413
6693056
6693237
6693371
6698385
6698706
6699805
6706194
6718212
6718584
6719139
6719268
6719928
6720709
6720868
6721078
6722783
6723005
6723108
6723821
6724853
6724898
6725053
6725396
6727269
6727650
6728409
6728889
6729837
6730399
6731175
6731854
6807173
6807364
6807394
6807635
6807804
6807870
6808249
6808463
6809067
6809682
6809918
6809937
6811130
6811193
6811520
6811558
6811626
6812337
6812424
6812547
6812881
6813258
6813507
6813845
6813890
6814245
6814248
6814253
6814833
6814947
6815043
6815351
6815692
6815880
6816061
6816222
6816274
6816783
6816955
6816985
6817758
6818083
6818340
6818355
6818382
6818469
6818480
6818655
6819428
6819674
6819944
6820217
6820515
6820840
6820873
6821016
6821084
6821211
6821598
6822066
6822538
6822717
6823078
6823157
6823648
6823843
6824173
6824316
6836836
6837080
6837964
6838681
6838835
6838971
6839107
6839691
6840039
6840217
6840391
6840630
6841668
6841782
6841828
6842778
6843490
6844878
6844972
6845231
6846763
6847181
6847542
6847784
6848635
6849119
6849177
6849998
6850393
6850608
6851226
6851461
6851592
6852638
6852647
6946281
6947239
6947263
6948003
6948250
6948370
6948387
6948433
6948664
6948837
6949139
6949257
6949635
6949671
6949716
6950093
6950250
6950322
6950774
6951953
6952095
6952520
6952541
6953564
6953619
6953763
6953786
6955028
6955624
6955854
6955966
6956666
6957027
6957371
6957433
6957962
6958280
6958456
6958466
6959115
6959294
6959386
6959821
6959974
6959980
6960109
6960116
6960843
6961389
6961427
6961881
6962272
6962358
6962379
6962442
6963014
6963267
6964121
6964315
7008275
7008673
7008703
7008809
7008923
7009054
7009076
7009773
7010046
7010074
7010425
7010585
7010983
7011035
7011044
7011249
7011443
7011483
7011789
7012085
7012163
7012235
7012315
7012318
7012764
7012765
7012884
7012909
7013219
7013331
7013370
7013398
7013681
7013769
7014415
7014451
7014512
7014893
7015498
7015807
7016064
7016123
7016177
7016510
7017019
7017104
7018202
7018385
7018813
7018832
7018879
7019122
7019182
7019658
7019662
7019870
7020326
7020512
7020522
7020526
7020644
7020709
7020718
7020746
7020797
7022222
7022709
7022947
7023053
7023177
7023371
7023382
7023457
7037316
7043482
7048992
7049110
7052779
7054982
7055007
7055451
7055563
7055687
7056014
7056133
7056765
7057651
7057968
7058278
7058705
7059103
7059421
7059500
7059836
7060649
7061934
7062385
7062822
7063302
7063612
7063972
7064579
7065131
7067466
7067527
7069873
7069918
7070090
7070369
7070773
7071518
7071925
7072174
7072401
7072853
7072906
7122180
7123753
7124229
7124402
7124690
7124820
7126418
7127375
7127627
7129991
7132228
7132703
7175774
7175823
7176580
7177620
7178151
7178496
7178865
7179015
7179059
7180346
7180551
7180566
7180752
7181118
7181135
7181341
7181525
7181823
7181970
7182112
7182447
7182566
7182874
7182950
7183104
7183178
7183475
7184110
7184135
7184491
7184686
7184710
7184833
7184941
7185229
7185478
7185896
7185932
7186049
7186273
7186476
7186634
7187979
7188083
7188400
7190230
7190244
7190253
7190973
7191241
7191587
7191612
7191906
7192346
7192964
7193637
7193806
7193825
7194021
7194134
7194804
7194879
7194924
7195026
7195299
7195352
7196022
7196079
7196092
7196148
7196229
7196364
7196433
7196808
7196897
7197185
7197394
7198118
7198165
7198194
7198386
7198924
7199175
7199669
7199746
7199768
7199825
7199896
7200130
7200305
7201039
7201149
7201669
7201701
7201746
7202002
7202341
7202353
7203137
7203261
7203498
7203627
7203675
7203892
7204389
7204446
7204628
7204726
7204757
7204894
7204897
7205152
7205560
7205649
7205863
7206147
7206246
7206360
7206433
7206493
7206981
7208018
7208316
7209229
7209365
7209438
7209910
7209949
7210713
7210851
7212089
7212290
7212403
7212476
7213245
7213515
7213540
7213593
7213613
7213929
7214646
7215177
7215329
7215338
7215340
7215348
7215554
7215688
7215765
7215914
7216001
7216220
7216353
7216555
7216859
7217209
7217299
7218171
7218372
7218653
7219324
7219380
7220363
7220785
7220905
7221029
7221105
7221849
7222223
7222780
7222877
7222994
7223820
7224304
7227222
7229300
7229316
7229956
7231151
7234171
7234605
7298348
7298679
7298903
7298930
7300327
7300507
7301664
7301732
7301753
7302225
7302302
7302559
7303169
7303454
7303715
7303724
7303842
7304154
7304236
7304335
7304672
7304722
7305004
7305126
7305180
7305761
7306160
7306257
7306517
7307069
7307249
7307420
7307680
7307869
7307897
7308463
7308638
7308866
7308906
7309342
7309471
7309553
7310032
7310110
7310303
7310604
7310951
7311190
7311388
7311514
7311644
7312018
7312106
7312189
7312287
7313721
7313783
7314305
7314346
7314588
7315091
7315269
7315414
7316038
7316328
7316435
7316921
7317120
7317131
7317201
7317205
7318063
7318155
7332725
7333657
7335283
7336104
7336258
7336436
7337401
7338324
7339277
7339343
7339943
7340133
7340362
7341087
7341640
7341793
7341977
7341993
7342192
7343196
7343419
7344205
7345773
7349201
7350337
7351353
7354397
7356259
7356854
7356863
7361615
7361676
7362641
7385300
7391711
7393400
7444908
7445216
7445351
7445711
7445888
7446384
7446400
7446705
7446983
7447085
7447108
7447455
7448458
7448724
7448923
7449205
7449376
7449466
7450201
7450736
7451328
7451641
7452730
7453411
7453969
7453994
7454543
7455081
7455718
7456196
7456528
7457235
7457308
7458704
7458710
7459471
7459849
7460000
7460976
7461461
7461569
7461690
7462264
7462851
7463320
7463888
7466641
7467104
7467818
7468248
7468472
7469225
7469891
7470135
7470683
7471115
7471419
7471873
7471911
7472200
7472462
7472891
7473046
7473061
7473977
7474599
7475170
7475536
7475705
7475724
7502751
7504077
7504170
7505014
7505603
7506168
7506283
7506986
7506994
7507008
7507123
7508105
7508222
7508441
7509190
7509626
7510180
7510513
7512449
7513500
7513521
7513657
7514363
7515004
7515161
7558440
7558762
7558877
7559160
7559407
7559445
7559485
7559624
7560845
7561217
7561427
7561999
7562159
7563103
7563753
7564017
7564720
7564722
7565027
7566044
7567060
7567398
7568070
7568099
7568200
7568263
7568329
7569958
7569976
7570388
7570592
7570611
7571316
7571587
7572349
7572816
7573140
7573201
7573336
7600325
7600458
7600556
7600631
7600639
7601032
7601294
7601639
7601715
7601953
7601981
7602016
7602276
7602474
7602846
7603122
7603357
7603545
7604220
7604251
7604437
7604489
7604516
7605926
7606291
7606343
7606778
7606785
7606908
7606942
7606994
7607395
7607578
7607713
7607807
7607835
7608457
7608807
7608812
7609556
7609793
7609980
7610431
7610834
7610943
7611146
7611498
7611755
7612604
7612632
7612845
7613023
7613301
7613336
7613678
7613880
7613900
7613934
7614006
7614182
7614215
7614706
7615026
7615279
7615351
7615701
7616656
7616908
7616918
7616979
7618065
7619205
7619225
7619476
7620454
7620975
7621109
7621762
7622345
7622781
7622836
7623334
7623685
7623833
7623946
7623974
7624119
7624524
7624695
7625085
7625211
7625213
7625266
7625394
7625534
7625682
7626007
7626454
7626651
7626695
7626901
7627582
7627605
7627799
7627843
7627995
7628173
7628595
7628695
7628706
7629226
7629319
7629428
7629733
7629844
7629876
7629891
7629985
7630724
7630933
7631595
7631625
7631807
7631945
7632031
7632210
7632211
7632268
7632318
7632514
7633001
7633241
7633277
7633618
7633668
7633745
7633903
7634711
7635030
7637908
7639594
7639752
7639889
7639991
7640225
7640377
7641210
7641299
7643596
7643865
7644826
7646187
7646290
7646776
7647091
7647370
7647415
7648288
7648340
7648466
7649392
7650007
7650752
7650854
7650920
7652822
7653450
7654143
7654253
7658322
7659130
7662844
7665353
7666280
7682928
7683080
7687370
7687828
7690253
7690319
7692698
7693287
7693771
7694215
7694937
7695768
7697055
7697127
7728833
7737247
7759761
7761491
7764274
7765453
7767008
7774921
7775534
7776097
7776137
7777321
7790159
7791027
7791375
7791771
7792130
7792417
7793386
7794039
7794324
7794346
7794507
7795968
7796145
7797097
7798017
7799336
7800251
7800555
7800647
7801008
7801053
7801443
7801586
7801697
7802357
7802396
7802431
7802722
7802989
7803075
7804007
7805376
7805670
7805873
7805875
7806412
7806443
7806676
7806717
7806723
7806873
7806897
7807055
7807475
7808166
7808301
7808535
7808608
7808654
7808956
7809078
7809096
7809100
7809503
7809626
7809700
7809769
7810220
7810237
7810589
7810754
7811470
7811593
7811910
7812398
7812430
7812789
7813283
7813354
7813646
7813738
7813902
7813963
7814358
7814893
7814896
7815068
7815404
7815523
7815570
7817052
7817320
7817720
7817778
7880568
7880762
7881839
7882915
7883281
7883478
7883701
7883707
7885306
7886271
7886452
7887176
7887337
7887348
7889090
7890378
7891031
7891077
7891451
7891854
7905907
7906312
7907117
7907358
7907471
7907473
7907493
7907641
7907963
7908004
7908369
7908385
7908462
7908470
7908799
7909031
7909356
7910040
7910169
7910457
7910503
7910718
7910904
7911644
7911652
7911927
7911968
7912428
7912716
7913153
7913576
7913750
7913823
7913838
7914103
7914274
7914629
7915892
7916207
7916443
7916607
7916828
7917379
7917699
7917958
7918122
7918568
7918594
7919733
7920066
7920082
7920172
7920761
7920852
7921078
7921164
7921166
7921759
7922191
7922622
7922635
7923198
7923462
7923509
7923552
7923666
7923882
7924161
7924271
7924477
7925147
7925149
7925382
7925403
7925916
7926480
7926674
7927557
7928016
7928849
7929076
7929182
7929857
7930131
7930160
7930179
7930690
7930693
7930788
7930989
7931376
7932221
7932467
7932600
7932824
7933196
7933920
7934690
7935089
7935233
7935781
7935998
7936080
7936420
7937844
7938036
7939197
7939292
7939466
7939488
7940160
7940223
7940372
7940390
7940462
7940544
7940660
7940679
7940734
7940823
7940863
7941122
7941687
7942021
7942413
7942646
7942891
7942960
7943041
7943090
7943102
7943233
7943531
7943942
7944158
7944465
7944476
7944513
7944535
7944748
7945918
7946106
7946477
7946942
7948322
7948401
7949491
7950049
7950258
8019612
8021302
8035407
8035550
8035761
8035772
8036307
8036912
8038526
8038683
8038708
8039888
8040204
8040567
8041047
8042014
8044514
8044549
8044871
8045226
8045457
8045475
8046235
8046290
8047429
8047461
8048416
8049616
8050018
8050122
8050616
8073169
8073593
8073685
8073801
8074318
8074921
8075633
8075814
8076491
8076694
8077108
8077923
8078579
8079234
8079251
8081257
8082011
8082607
8082830
8082926
8083014
8083121
8083224
8083311
8083807
8084075
8084266
8084316
8084769
8085412
8087279
8087763
8087927
8088352
8088871
8089352
8089709
8090133
8090344
8090368
8090722
8090787
8091076
8091591
8091676
8091716
8092525
8092879
8093930
8095733
8096838
8098270
8098938
8099990
8100046
8100571
8100728
8102099
8102131
8102701
8103016
8103575
8103766
8104599
8105770
8106779
8106977
8107056
8107515
8107675
8107845
8107932
8107965
8108327
8108397
8108835
8109665
8109685
8110957
8111326
8112100
8112325
8112771
8112780
8112883
8113088
8113923
8113976
8114215
8114920
8115098
8115292
8115442
8116369
8116454
8117277
8117585
8118227
8118400
8118567
8119137
8119400
8119488
8119497
8119935
8120376
8120959
8121066
8151820
8154296
8154994
8156275
8158090
8159256
8160668
8162738
8162899
8163195
8178490
8178997
8179066
8179371
8180274
8180349
8180499
8180898
8181303
8181331
8182946
8183180
8183278
8183525
8183624
8183750
8184518
8185443
8185588
8185742
8185770
8186255
8186803
8186813
8186902
8187185
8187750
8188020
8188028
8188290
8188438
8188449
8188511
8189054
8189567
8189915
8189969
8191770
8192193
8192983
8193155
8193158
8193162
8193211
8193419
8193601
8193629
8193723
8193932
8194023
8194403
8194512
8247644
8247981
8248417
8248861
8249013
8249937
8250221
8250256
8250268
8250544
8250564
8250832
8251159
8252123
8252190
8252439
8252855
8254103
8254751
8255891
8255960
8256664
8256881
8257301
8258680
8258903
8259124
8259136
8259776
8259782
8296171
8311110
8311825
8311949
8312032
8313743
8314121
8314669
8316578
8317327
8318649
8318739
8319269
8319943
8321130
8322619
8323402
8323437
8323701
8324671
8324823
8326351
8326356
8327110
8327872
8327931
8327992
8328262
8328934
8329221
8329267
8330052
8330412
8330473
8330595
8330932
8332313
8333678
8334143
8334843
8336190
8336469
8336710
8336920
8337215
8337286
8337858
8338049
8338489
8339185
8339229
8360812
8361453
8362851
8365505
8366520
8367463
8369376
8371018
8371708
8371783
8371942
8372334
8372726
8372741
8373187
8373754
8373973
8374064
8375094
8375238
8375241
8375738
8376199
8376339
8376583
8376642
8376649
8376669
8376764
8376826
8377104
8377196
8377290
8378188
8378354
8378844
8378880
8379019
8379067
8379082
8379401
8379709
8379938
8380846
8380973
8381443
8381688
8382030
8382094
8382782
8382923
8383143
8383358
8383454
8383629
8383640
8383834
8384455
8384835
8385007
8385146
8385191
8385258
8385771
8385882
8385972
8386468
8387086
8387089
8387278
8387326
8387365
8387855
8387910
8403716
8403889
8404303
8404547
8404618
8404695
8405079
8405166
8405190
8405231
8405352
8405504
8405652
8406238
8406470
8406943
8407317
8407486
8407729
8407730
8407862
8408267
8408559
8408754
8409378
8409485
8409887
8409971
8410100
8410416
8411101
8411635
8411786
8412240
8412504
8412986
8413189
8413720
8413966
8413988
8413992
8414190
8414235
8414494
8414746
8414971
8415051
8415246
8415288
8415333
8415805
8415835
8416129
8416800
8416942
8417108
8418043
8418574
8419071
8419092
8419928
8420017
8420234
8421090
8421483
8421709
8421863
8422087
8422367
8439705
8439918
8440178
8440292
8440639
8441235
8441320
8442194
8442517
8442791
8442983
8443378
8444239
8444325
8444871
8445284
8445812
8445871
8446200
8446383
8446851
8447103
8447341
8447520
8447643
8447788
8447827
8448325
8448360
8448631
8448712
8448991
8449062
8449107
8449490
8449498
8449521
8449609
8449749
8450470
8451189
8452068
8452077
8452512
8452748
8453210
8453355
8461332
8462810
8465283
8466617
8466835
8469190
8471210
8506684
8507054
8507075
8507666
8508028
8508047
8508431
8508479
8508575
8508601
8508749
8509222
8509499
8511141
8511424
8511460
8512647
8513458
8513486
8514109
8514412
8514596
8515217
8515224
8515374
8515485
8515674
8515735
8516113
8516515
8516612
8516641
8516650
8517157
8517281
8517328
8517352
8517681
8518705
8518873
8518935
8519401
8520021
8520295
8520527
8520674
8520741
8520852
8521081
8521148
8521236
8521859
8522469
8522695
8524130
8524198
8524439
8524448
8525707
8525807
8525850
8525914
8526747
8526855
8527236
8527275
8527796
8528258
8528313
8528493
8528745
8528974
8529211
8529401
8529747
8530151
8530160
8532302
8532642
8533249
8534389
8535505
8535575
8535627
8535966
8536529
8536546
8536990
8537046
8537700
8537832
8537856
8538820
8539223
8539411
8539610
8539623
8540445
8540874
8541266
8541409
8541744
8542431
8543044
8543866
8544456
8544838
8544872
8545214
8545434
8545837
8546013
8546144
8546504
8547429
8547458
8548325
8549019
8549040
8549160
8549277
8549326
8549380
8549472
8550280
8550560
8550970
8551278
8551520
8551659
8551824
8551861
8552029
8552077
8552511
8552674
8552686
8552921
8553316
8553848
8553956
8554202
8555688
8555725
8555747
8555769
8556924
8557793
8557813
8557855
8557989
8558813
8559068
8559078
8559304
8559370
8559460
8559534
8559732
8559735
8560014
8560363
8561085
8561126
8561231
8561364
8561838
8562313
8562481
8562723
8563443
8563658
8563838
8564008
8564959
8565218
8565283
8565521
8566103
8566256
8566748
8728035
8728317
8728387
8730443
8730448
8731600
8731787
8732414
8732667
8734406
8734658
8735252
8736051
8736233
8737082
8738426
8738681
8738808
8739707
8740506
8742382
8742551
8743573
8778180
8778671
8780646
8780964
8781730
8782316
8782377
8782642
8782762
8784535
8785179
8785886
8785953
8786977
8787967
8788112
8788630
8789201
8789670
8790064
8790580
8790662
8790765
8791040
8791094
8792306
8792561
8792579
8793273
8793653
8794048
8794136
8809761
8810057
8811212
8811332
8811417
8811537
8811971
8812342
8812975
8813207
8813284
8813881
8814016
8814943
8815302
8815776
8816211
8816348
8816497
8817493
8817707
8818008
8818178
8818313
8819013
8819631
8819941
8820399
8820778
8820994
8821508
8821715
8821769
8822197
8822625
8822874
8855192
8855392
8855555
8856551
8857108
8857858
8858106
8858411
8858513
8859506
8859899
8860133
8860136
8860935
8861038
8861272
8861518
8861656
8861828
8862004
8862296
8862493
8862912
8862937
8863236
8864174
8864842
8865619
8865762
8865824
8865867
8866147
8866388
8866432
8866725
8867005
8867142
8867609
8867960
8868280
8868586
8869177
8869539
8869775
8870399
8870429
8870436
8870878
8871235
8871455
8872027
8872117
8872184
8873060
8873173
8873324
8873381
8873508
8873540
8874077
8951288
8951861
8952081
8952408
8952478
8952499
8952716
8954121
8954656
8955004
8956185
8957355
8957580
8957696
8958222
8958448
8959248
8959651
8960536
8960708
8960790
8961010
8961580
8961628
8961689
8961705
8961767
8961809
8962115
8962165
8962179
8962812
8962936
8962980
8963050
8963708
8963790
8964226
8964492
8964762
8964765
8964831
8988286
8989197
8989993
8990178
8990211
8990236
8990381
8990553
8991109
8992122
8992508
8992539
8992577
8992810
8993931
8994146
8994505
8994623
8994658
8995025
8995503
8996276
8996394
8996472
8997403
8997474
8998488
8998603
8999663
8999721
8999814
8999833
8999948
9000615
9000664
9001146
9001556
9001787
9002760
9003056
9034817
9034824
9034891
9034906
9035187
9035616
9035717
9036290
9036476
9037406
9040572
9041579
9041973
9042511
9042566
9043045
9043137
9043438
9045435
9047536
9051661
9052664
9052874
9053486
9055002
9055358
9055472
9055479
9055640
9055763
9055872
9055965
9056148
9056159
9056227
9057176
9057617
9057636
9057717
9058005
9058113
9059045
9059131
9059321
9059658
9060369
9060816
9061267
9061799
9062409
9062510
9062614
9062887
9063351
9063362
9067210
9070645
9074553
9121748
9121771
9122100
9123097
9123979
9124336
9124825
9124829
9125194
9125341
9125443
9125606
9126227
9126374
9126597
9126656
9127447
9127588
9128028
9128666
9128704
9128888
9129159
9129249
9129979
9130015
9130328
9130902
9131479
9131656
9131800
9132185
9132191
9132236
9132449
9133364
9133560
9133590
9133965
9134455
9134527
9134716
9134991
9135076
9135293
9135971
9136022
9136123
9136539
9136702
9136878
9136895
9137013
9137041
9137104
9137163
9138156
9138363
9138558
9138914
9139217
9139274
9139655
9139902
9140241
9140405
9140521
9140647
9140857
9140901
9140986
9141109
9141144
9141218
9141543
9142052
9142152
9142411
9142954
9143077
9143355
9143535
9143596
9143863
9144012
9144351
9144371
9144487
9144527
9144611
9144732
9145430
9145737
9145809
9146281
9146411
9146413
9146829
9147113
9147307
9148365
9148464
9148870
9149132
9149287
9149474
9149664
9149983
9150010
9150050
9155528
9163060
9172394
9176290
9178196
9214470
9216967
9218081
9220339
9221756
9221896
9252660
9252736
9252780
9252963
9253090
9253251
9253569
9254242
9254788
9255340
9255998
9256091
9256272
9256968
9257443
9257680
9257828
9257876
9258340
9258367
9258604
9259209
9259359
9259705
9259881
9260223
9260225
9260299
9260317
9260722
9260796
9260935
9261020
9261044
9261228
9261232
9261251
9261344
9262303
9262509
9262706
9263718
9263746
9263892
9264230
9264253
9264339
9264352
9264362
9264376
9264444
9264575
9264855
9265088
9265150
9265163
9265212
9265254
9265292
9265730
9265755
9266060
9266443
9266884
9266920
9267089
9267208
9267449
9267548
9267700
9267791
9267906
9267951
9268149
9268153
9268294
9269024
9269043
9269238
9269389
9269533
9270325
9270666
9271678
9272262
9272532
9272564
9272569
9274754
9274983
9275055
9276734
9277108
9277354
9277609
9278502
9312524
9314867
9320210
9321186
9322724
9323186
9323791
9324198
9324767
9324854
9324909
9325079
9325087
9325153
9325373
9325389
9325676
9326401
9326513
9326571
9327185
9327433
9327498
9328213
9328394
9330125
9330142
9330187
9330388
9330659
9330669
9330719
9331071
9331474
9331549
9331655
9331686
9331750
9332208
9332423
9332554
9332816
9332820
9332856
9333063
9333221
9333446
9333812
9333944
9334357
9334477
9334950
9335444
9335532
9335831
9335889
9335946
9336226
9336441
9336723
9336770
9336961
9337086
9337123
9337144
9337288
9337800
9338516
9338651
9338888
9339029
9339183
9339351
9339427
9340655
9340666
9340920
9340949
9341565
9353720
9353844
9354482
9354502
9355044
9355230
9355252
9355399
9355690
9355763
9356375
9356731
9357128
9357635
9357700
9357752
9358102
9358105
9358235
9358680
9359169
9359372
9359654
9360271
9360464
9360470
9360979
9361500
9361509
9361546
9362693
9362871
9363207
9364084
9364104
9364261
9364502
9364775
9364970
9364979
9365278
9365374
9366880
9367171
9367359
9368420
9369004
9369268
9369815
9369848
9370074
9370583
9371007
9371795
9371849
9371866
9380010
9403567
9442985
9443043
9443269
9443360
9443573
9443761
9444157
9444692
9445252
9445456
9445789
9446590
9447239
9447378
9447392
9447396
9447444
9447557
9447962
9448462
9448811
9449348
9449417
9449839
9450056
9450359
9450658
9451028
9451067
9451253
9451441
9451451
9451548
9451938
9452223
9453178
9453605
9453663
9453972
9454226
9454358
9454614
9454700
9454854
9455530
9455655
9455821
9456545
9456937
9457224
9457330
9457666
9457693
9458005
9458557
9458647
9458837
9458871
9458883
9459437
9459712
9459827
9460179
9460468
9460603
9461261
9461459
9462915
9462938
9463191
9463497
9464080
9464465
9464495
9464707
9464840
9465432
9465550
9465581
9465623
9465657
9465668
9465747
9465761
9465824
9465826
9466155
9466484
9466657
9466845
9467114
9467800
9468401
9468605
9468817
9469001
9469081
9469230
9469429
9469480
9469977
9469979
9470152
9470215
9470375
9470566
9470789
9470982
9471180
9471979
9472348
9472785
9472928
9473350
9473539
9473592
9473763
9474242
9474314
9474492
9475158
9475631
9475930
9476762
9476945
9477201
9477643
9478067
9478073
9478150
9478193
9478303
9478370
9478600
9478656
9478910
9479036
9479133
9479361
9479831
9480034
9480039
9480074
9480163
9480576
9480776
9480871
9480912
9480948
9481252
9481387
9481573
9481641
9481822
9482291
9482405
9482587
9482596
9483024
9483276
9483480
9483627
9483659
9483805
9483880
9483975
9484470
9484719
9485080
9485086
9485113
9485741
9486957
9487495
9487642
9487766
9487853
9488040
9488974
9488982
9489134
9489283
9489449
9489805
9490258
9490835
9491458
9491524
9491840
9495899
9501317
9502784
9508966
9510030
9519408
9548244
9549431
9572163
9575797
9576168
9576592
9576631
9576856
9577169
9577268
9577593
9577791
9577874
9578064
9578211
9578264
9578370
9578878
9578979
9579170
9579192
9579616
9579763
9579885
9580550
9580636
9580749
9581039
9581133
9581229
9581674
9582614
9582714
9583404
9583459
9583593
9583811
9584176
9584388
9584565
9584704
9584712
9584849
9585175
9586315
9586558
9587030
9587662
9587724
9587926
9588172
9588189
9588408
9588511
9589187
9589242
9590748
9590876
9591136
9591400
9591660
9591851
9592121
9592281
9592374
9593133
9593483
9593618
9593882
9633091
9633358
9633736
9634576
9635025
9635339
9635608
9635642
9635691
9635812
9636425
9636658
9636746
9637513
9637588
9638146
9638665
9638981
9639490
9640038
9640201
9640369
9640526
9640686
9641142
9641482
9641997
9642361
9642895
9642941
9643016
9644229
9644242
9644520
9644925
9645149
9645507
9645658
9646014
9646212
9646268
9646373
9646415
9646737
9646758
9646930
9646948
9647572
9647751
9647850
9647856
9648896
9649605
9649786
9691922
9691924
9692197
9692328
9692525
9693002
9693091
9693572
9693718
9694033
9694042
9694071
9694184
9694270
9694796
9695001
9695014
9695542
9695950
9695994
9696012
9696016
9696087
9696323
9696964
9697459
9697736
9697947
9698000
9698050
9698453
9699636
9700145
9700278
9700356
9700915
9700982
9701440
9701482
9701787
9702051
9702107
9702199
9702294
9702311
9702693
9702959
9703080
9703244
9703408
9703432
9703499
9703668
9703845
9703896
9704177
9704216
9704601
9704967
9705067
9705217
9705320
9705325
9705330
9705471
9705722
9706382
9707189
9707234
9707381
9707476
9707724
9707736
9707967
9708483
9708842
9708853
9709052
9709401
9709550
9709728
9710058
9710105
9710173
9710269
9710436
9710438
9710912
9711330
9711604
9711892
9712105
9712247
9712270
9712540
9712632
9712818
9713271
9713649
9713704
9713732
9714160
9714228
9714316
9714322
9714348
9714425
9714448
9714896
9715278
9715943
9716109
9716370
9716843
9717027
9717309
9717425
9718337
9755124
9756277
9760688
9765183
9765602
9766987
9768096
9772224
9774424
9774520
9779706
9779751
9780859
9782247
9785274
9790606
9791181
9817197
9817238
9817658
9817786
9817815
9818264
9818482
9818502
9818671
9818749
9819337
9819893
9819971
9820067
9820325
9820634
9820646
9820782
9821432
9821665
9822231
9822269
9822520
9822714
9823287
9824216
9824866
9824925
9824952
9825331
9825396
9825885
9826025
9826714
9827000
9827157
9827813
9828030
9828686
9829228
9829235
9829267
9829745
9829798
9830176
9830397
9830555
9831499
9831893
9831967
9832135
9832391
9833674
9833803
9834087
9834145
9834294
9834444
9835071
9835102
9835483
9835892
9835932
9836161
9836687
9837167
9837441
9837791
9837937
9837992
9838013
9838098
9838163
9838259
9838434
9838716
9838909
9839058
9839063
9839277
9839280
9839569
9839906
9840436
9840515
9841023
9841276
9841475
9841625
9841858
9842038
9842956
9843291
9843996
9845101
9845192
9845456
9845893
9846044
9847226
9848054
9848119
9849086
9849175
9849752
9849944
9850285
9850320
9850682
9850863
9850881
9850993
9851989
9852247
9852346
9853026
9853051
9853402
9853513
9855489
9856876
9857127
9857252
9857657
9857785
9857847
9857941
9858540
9858641
9858723
9859416
9860120
9860340
9860734
9860790
9860948
9861147
9861526
9861630
9862034
9862088
9862410
9862419
9863291
9962284
9962486
9962608
9962849
9963358
9963553
9964265
9964374
9964576
9964616
9964887
9965085
9965224
9965324
9965726
9965811
9965978
9966391
9966394
9966798
9967236
9967379
9967579
9967615
9968072
9968210
9968984
9969114
9969318
9971607
9989737
9989846
9990691
9990711
9991410
9991620
9992171
9992458
9992730
9992861
9993153
9993375
9993522
9993717
9993931
9994312
9994611
9994968
9995354
9995602
9997004
9998886
9999891
10000228
10000381
10000404
10001010
10003233
10003380
10005064
10005609
10005873
10007426
10007843
10007982
10008325
10008462
10008705
10008931
10009099
10011631
10013926
10014319
10021091
10021566
10021831
10022932
10024958
10024959
10025668
10025718
10026046
10026118
10026443
10026993
10027148
10027608
10027638
10027929
10028066
10028161
10028649
10028763
10029140
10029267
10030594
10030612
10031989
10032039
10032172
10032395
10032699
10032825
10033975
10034159
10035471
10035569
10035630
10035639
10036302
10036574
10037968
10038144
10039179
10039220
10039416
10039488
10039769
10039821
10040290
10040392
10040396
10040882
10102219
10122916
10122921
10123076
10123645
10123705
10123732
10123768
10124437
10124449
10124491
10124524
10124619
10124638
10124692
10124760
10124858
10124862
10124952
10125083
10125415
10125575
10125660
10125672
10126169
10126794
10127049
10127648
10127971
10128612
10128686
10128754
10128862
10129029
10129164
10129181
10129579
10130170
10130438
10131097
10131644
10131952
10132042
10132113
10132401
10132653
10132780
10133003
10133863
10134200
10134578
10135073
10135415
10135447
10135855
10136103
10136319
10136575
10136869
10136884
10136967
10137800
10138258
10195335
10195584
10195604
10196135
10196895
10199240
10201176
10202006
10202865
10203400
10203801
10204125
10204372
10204466
10205129
10205833
10205919
10205948
10206945
10208371
10208631
10209060
10209087
10209158
10209371
10209662
10209829
10209832
10209876
10210436
10210649
10211226
10211467
10212050
10212583
10212718
10212728
10212775
10213103
10213463
10213614
10213902
10214263
10214371
10214382
10214392
10214396
10214936
10214950
10215842
10216439
10216978
10217057
10217118
10217469
10217549
10217745
10218287
10218492
10218579
10218880
10219201
10219221
10219339
10220298
10220580
10221157
10221437
10221734
10241871
10242053
10242456
10242659
10243305
10243872
10243984
10244364
10245004
10245621
10246092
10247559
10248834
10249043
10249997
10250959
10251048
10252526
10253787
10254097
10255498
10257220
10257559
10258128
10258508
10258942
10259459
10259943
10260015
10260119
10260519
10262985
10263122
10263344
10263755
10267181
10267663
10267671
10268702
10269214
10269600
10270014
10270584
10270881
10302143
10302304
10303357
10303589
10303882
10303933
10304234
10304320
10304773
10304870
10304883
10304923
10305236
10305563
10306024
10306245
10306325
10306425
10307066
10307257
10307433
10307591
10308134
10308449
10309438
10310599
10311066
10311338
10311669
10311759
10311885
10312161
10312753
10312808
10313143
10314504
10314505
10314535
10314583
10314616
10314661
10314785
10315116
10315289
10315551
10315695
10316158
10317021
10317093
10317131
10317231
10328921
10328926
10329093
10329263
10329308
10329456
10329530
10329666
10329841
10330101
10330201
10330316
10331686
10331893
10331958
10332030
10332123
10333497
10333622
10333731
10333898
10334374
10334479
10334525
10334701
10334738
10334739
10334772
10335075
10335174
10335983
10336027
10336213
10336595
10336768
10337048
10337097
10337263
10337498
10337666
10337697
10337765
10338388
10338593
10338628
10338632
10338638
10338671
10338802
10338854
10338966
10339092
10339638
10339671
10340933
10341392
10341986
10342368
10342533
10342651
10342954
10343038
10343193
10363549
10363689
10364791
10365027
10365051
10365287
10365324
10365428
10365505
10365993
10366190
10366241
10366497
10366618
10366640
10366658
10366805
10367052
10367101
10367432
10367585
10368237
10368363
10368458
10368967
10369287
10369349
10370147
10370260
10370287
10370649
10370876
10370935
10371476
10371915
10372128
10372171
10372708
10372817
10373137
10373557
10374746
10374860
10375304
10375686
10375741
10375894
10375914
10376443
10376972
10376995
10377200
10377232
10377243
10377764
10378330
10378906
10378940
10379022
10379740
10379869
10380984
10386563
10386619
10489505
10491697
10493356
10499425
10500376
10500532
10500860
10530018
10530050
10531906
10535437
10537781
10538290
10625114
10625567
10626102
10626667
10626891
10627056
10627153
10627748
10628346
10628567
10629051
10629169
10629259
10630139
10630814
10632466
10632584
10633606
10633762
10634016
10634018
10634255
10634471
10634529
10635054
10635148
10635186
10635414
10635486
10636288
10636410
10636618
10637808
10638501
10638855
10639099
10639200
10639646
10639655
10639787
10639882
10640127
10656971
10659812
10666883
10680964
10682172
10683657
10684070
10684668
10685159
10685320
10685387
10685735
10686564
10687323
10687472
10688302
10688368
10689330
10689764
10690118
10690121
10690146
10690308
10690378
10690502
10690614
10708525
10708803
10708912
10709193
10709226
10709697
10710364
10710498
10710543
10710891
10710941
10711037
10711191
10711523
10711628
10711768
10712106
10712674
10713160
10713405
10713648
10713807
10713934
10714077
10714092
10714581
10715090
10715177
10715544
10715802
10715828
10716293
10716400
10716468
10716537
10716937
10717076
10717426
10717429
10717637
10717680
10717771
10718035
10718231
10718816
10719117
10719254
10719344
10719382
10719609
10719821
10720463
10720725
10720789
10720839
10720926
10721140
10747820
10747881
10748239
10748258
10748881
10748951
10749265
10749314
10750466
10752061
10752164
10752920
10753393
10754115
10755258
10755330
10755541
10758307
10758451
10758674
10759163
10760218
10760781
10761488
10761601
10761619
10761745
10762168
10762592
10763137
10763437
10763901
10764034
10765982
10766171
10766348
10766456
10767446
10767663
10768791
10768854
10769166
10769586
10770103
10771447
10771947
10772956
10774077
10775636
10776325
10778509
10797326
10797339
10798149
10798221
10799057
10799340
10800131
10800651
10801770
10805400
10805431
10805976
10806196
10807019
10808703
10808714
10811005
10811861
10811912
10839360
10841455
10841994
10842736
10842929
10843167
10844215
10844303
10844490
10844516
10844727
10844780
10845424
10846159
10846628
10846754
10846917
10847037
10847461
10848025
10848149
10848257
10848310
10848554
10848951
10849059
10849375
10850053
10850600
10850646
10850883
10851650
10851743
10851847
10852215
10852241
10852249
10852541
10852886
10853118
10853154
10853485
10855286
10855512
10855847
10855889
10856800
10878333
10882613
10882668
10886054
10887091
10888103
10889997
10893101
10893355
10893581
10894420
10894892
10894895
10894946
10896030
10897176
10897529
10897903
10898450
10898722
10900235
10900493
10900520
10901827
10902967
10903563
10903572
10903861
10903954
10916483
10964443
10964628
10965104
10965703
10966089
10967285
10967536
10967550
10967601
10968474
10968729
10968955
10969024
10969149
10969167
10969224
10969431
10969667
10969719
10970418
10970810
10970999
10971462
10971586
10971799
10972038
10972185
10972771
10972932
10973202
10973374
10973835
10973992
10974089
10974160
11006636
11007059
11007647
11008026
11008273
11009467
11010119
11011141
11011285
11012690
11013553
11014162
11014770
11015960
11017011
11017517
11018362
11018958
11019103
11020112
11020319
11021620
11021648
11021694
11021942
11042940
11043092
11043302
11043333
11043559
11043568
11044200
11044520
11044803
11045151
11045197
11045396
11045593
11046180
11046324
11046497
11046774
11047057
11047069
11047259
11047974
11048657
11048754
11048803
11049048
11049128
11049458
11050065
11050952
11051386
11051717
11052460
11052557
11052588
11052698
11053070
11053588
11053946
11054080
11054158
11071450
11072146
11073145
11074890
11075556
11078610
11081911
11082673
11086705
11086902
11087640
11088451
11089700
11090184
11091397
11096132
11096223
11097687
11099266
11099733
11099912
11100808
11101993
11102149
11103185
11104923
11105064
11106701
11107245
11107912
11108147
11108457
11109536
11109609
11110177
11110748
11111021
11111080
11111712
11112931
11114224
11114577
11114671
11115097
11115279
11115834
11116116
11116128
11116202
11116292
11116391
11116717
11117083
11117286
11117506
11117861
11117877
11118017
11119848
11120718
11121057
11121312
11121430
11121589
11121888
11122070
11123869
11124657
11124943
11124990
11125500
11125975
11126063
11126221
11126301
11126675
11126838
11126884
11127373
11127647
11128437
11128537
11129638
11129959
11130272
11130326
11130667
11131007
11131155
11131202
11131317
11131516
11131760
11132031
11180046
11191104
11202151
11203568
11204125
11208352
11208718
11213025
11214626
11214723
11214889
11215228
11215437
11215596
11216181
11216182
11216745
11216792
11217452
11217575
11217943
11218231
11218258
11218309
11218319
11218371
11218540
11218708
11219048
11219147
11219277
11220346
11220631
11220721
11220780
11220984
11221074
11221703
11221811
11221921
11222179
11222182
11222222
11222230
11222491
11222535
11223335
11223358
11223456
11223744
11223901
11224112
11224119
11224139
11224380
11224929
11225609
11225699
11226210
11226308
11226351
11226570
11226822
11226866
11227043
11227082
11227378
11227647
11227975
11228063
11228488
11228727
11228754
11228773
11229152
11229372
11229402
11229414
11229587
11229976
11230015
11230232
11230233
11230277
11230309
11230542
11230576
11230674
11230684
11230737
11230965
11231023
11231036
11231657
11231708
11232240
11232267
11232414
11240800
11248322
11249020
11362212
11362728
11362872
11363109
11364278
11365118
11365348
11365477
11365538
11365836
11366565
11366663
11366835
11366985
11367023
11367687
11367801
11367981
11368023
11368073
11368074
11368302
11368659
11369410
11369636
11370211
11371524
11371980
11372431
11372768
11372772
11373277
11373579
11396319
11396744
11397832
11399141
11399224
11399873
11401604
11401644
11405105
11405337
11453252
11458920
11459205
11463262
11463454
11464429
11464520
11464842
11464851
11464908
11465071
11465169
11465776
11465875
11466294
11466862
11467105
11467756
11467912
11468300
11468754
11468870
11470064
11470514
11471150
11472691
11472739
11472787
11473922
11473984
11475927
11476380
11476515
11477674
11478614
11480659
11499728
11499769
11500008
11500017
11500432
11500443
11500481
11500637
11500662
11500702
11501005
11501080
11501119
11501315
11501504
11501540
11501827
11502034
11502142
11502708
11502876
11503067
11503237
11503632
11505147
11505148
11505192
11505219
11505699
11506049
11506084
11506202
11506756
11506834
11507369
11507509
11507566
11507980
11508051
11508212
11508220
11508341
11508458
11509203
11509355
11509847
11509967
11509968
11511345
11511376
11511985
11512287
11512440
11512505
11512876
11513162
11513311
11513392
11513414
11513418
11513439
11513764
11513943
11514325
11514684
11515218
11515495
11515551
11516221
11516612
11517425
11517697
11517913
11518195
11518251
11518398
11518433
11520334
11521364
11521485
11523114
11523391
11532105
11532231
11533084
11534910
11535413
11535788
11536242
11536693
11537685
11537719
11538197
11540529
11540722
11541310
11541971
11542023
11542026
11542346
11542988
11543350
11543913
11563093
11563168
11563589
11563904
11564931
11565081
11565533
11565704
11565867
11566144
11566512
11567060
11567177
11567724
11569448
11570274
11570359
11571427
11571539
11571764
11571990
11572550
11572623
11572931
11573157
11573286
11573904
11574407
11574505
11574535
11575894
11577189
11577349
11579124
11579267
11579937
11580057
11580075
11580330
11580853
11580859
11580976
11581431
11581636
11581780
11581796
11581972
11581977
11582382
11582626
11582749
11582762
11582829
11582885
11582900
11583433
11583565
11583704
11584505
11584611
11584938
11584941
11585031
11585541
11585841
11586204
11586220
11586236
11586412
11586417
11586729
11586925
11587202
11587248
11587322
11587937
11588214
11588403
11588553
11588603
11589178
11589253
11589924
11590006
11590450
11590629
11590665
11591064
11591183
11591300
11591542
11591546
11591694
11591978
11592285
11592497
11592517
11592688
11592754
11592946
11593559
11593785
11594002
11594390
11594604
11594899
11594924
11595125
11595728
11595739
11595894
11596003
11596384
11596447
11597166
11597343
11597576
11597731
11599907
11601855
11607931
11609602
11613051
11632563
11634109
11634933
11635234
11636648
11637437
11638754
11640170
11641217
11643550
11646570
11685352
11685366
11685462
11685537
11685895
11685961
11685995
11686610
11687122
11687180
11687226
11687420
11688871
11689838
11689885
11690184
11691254
11691494
11691888
11692256
11692877
11693808
11693820
11694308
11695201
11695743
11696024
11696329
11696384
11696540
11697229
11697615
11697774
11699346
11699702
11700459
11700461
11700871
11703935
11732787
11733525
11733673
11734149
11734232
11734259
11734561
11734823
11735236
11735386
11735407
11735715
11736304
11736534
11736789
11736917
11736931
11736973
11737036
11737219
11737232
11737325
11737665
11737782
11737944
11738163
11738273
11738387
11738559
11738618
11738632
11739197
11739334
11739786
11740132
11740192
11740456
11740838
11741169
11741462
11741569
11741710
11741807
11742111
11742127
11742299
11742388
11742522
11742635
11742861
11743485
11744507
11744663
11744859
11744924
11745286
11745311
11745452
11745482
11746127
11746300
11746515
11746693
11747313
11747686
11748093
11748285
11748367
11748529
11748563
11748980
11749902
11750431
11751060
11767310
11770530
11771186
11771277
11789794
11790026
11790482
11790513
11790521
11790592
11790602
11791124
11791519
11791645
11791736
11792374
11792575
11792614
11793169
11793294
11793509
11793799
11793854
11794018
11794078
11794436
11794479
11794536
11794632
11794768
11794861
11795042
11795049
11795251
11795490
11795553
11795651
11796728
11796796
11796962
11797045
11797169
11797754
11797958
11798686
11799278
11799386
11800794
11803332
11813607
11814676
11814721
11815380
11815921
11816185
11816378
11816432
11816636
11817179
11817211
11817225
11817255
11817791
11819067
11819618
11820721
11820995
11821072
11821168
11821227
11821234
11821455
11821508
11821769
11821805
11822248
11822527
11823622
11823637
11823743
11823930
11824379
11824561
11824875
11825303
11826470
11826540
11831051
11833657
11865889
11865984
11866100
11866511
11866591
11866998
11867732
11867782
11868000
11868068
11868096
11868752
11868849
11869071
11869495
11869978
11870308
11870435
11870575
11870956
11870975
11871109
11871417
11871973
11872175
11872654
11873357
11873387
11873883
11873891
11874270
11874659
11874858
11874882
11876212
11876263
11876396
11876511
11876636
11876643
11876739
11877589
11877651
11877857
11878240
11878892
11879149
11879394
11880107
11880205
11880369
11880532
11880646
11880704
11881383
11881480
11881534
11881640
11882056
11882150
11882309
11882357
11882509
11882562
11882871
11883148
11883320
11883928
11884078
11884117
11884435
11884520
11884550
11884584
11885765
11885824
11885890
11885898
11886588
11886897
11887165
11887402
11887600
11888228
11888359
11888427
11888937
11889604
11889722
11889843
11890200
11890360
11890378
11890435
11891318
11891402
11891495
11891691
11891909
11891913
11892100
11892165
11892674
11893117
11893658
11893734
11893870
11894022
11894508
11894595
11894785
11895016
11895285
11895322
11895551
11895566
11895609
11895937
11896132
11896339
11896400
11896414
11896808
11896942
11925684
11930917
11947850
11949585
11953215
12008374
12009574
12009621
12009792
12009859
12009920
12010029
12010035
12010270
12010377
12010486
12010553
12010595
12010823
12011119
12011464
12011555
12011951
12012123
12012239
12012254
12013184
12013302
12013481
12013663
12013706
12014426
12014436
12014598
12014940
12015688
12016134
12016335
12016494
12017277
12017583
12017787
12017850
12018058
12018140
12018600
12018866
12019115
12019648
12019664
12020360
12021197
12021390
12021821
12021836
12021958
12022497
12022844
12023007
12023310
12023607
12023689
12024613
12025283
12034947
12067610
12071065
12071333
12072201
12072485
12073172
12073579
12074807
12074987
12075080
12075102
12075226
12075344
12076001
12078007
12078222
12080401
12091677
12091815
12091866
12091874
12092196
12092197
12092248
12092260
12092298
12092420
12092550
12092589
12092837
12093076
12093284
12093506
12093804
12093857
12094130
12094802
12095007
12095018
12095231
12095369
12096219
12096311
12096758
12096906
12096990
12097485
12097551
12098092
12098212
12098313
12098678
12098724
12098870
12099013
12099360
12099467
12099880
12100025
12100292
12100828
12101016
12101379
12101455
12101795
12101822
12102064
12102117
12102239
12102314
12102365
12102407
12102517
12102546
12102744
12102914
12103209
12103536
12103723
12103750
12103879
12104049
12104678
12104692
12105042
12105105
12105215
12105313
12105902
12106254
12106316
12106434
12106628
12106740
12107348
12107582
12108338
12109065
12109087
12109357
12109391
12109715
12111280
12111655
12114240
12179453
12179996
12180073
12180292
12181032
12181350
12181484
12181888
12181909
12182004
12182707
12183924
12183946
12184743
12185038
12185384
12186560
12186958
12187147
12187226
12187593
12187628
12187899
12187901
12188376
12188548
12188971
12189114
12189211
12189403
12189558
12189816
12190345
12190383
12190646
12190726
12191045
12191112
12191440
12191505
12191531
12192557
12192654
12192740
12192908
12193962
12194777
12194813
12195156
12195328
12195877
12196874
12199157
12200270
12212775
12213054
12213543
12213546
12214002
12214048
12214062
12214632
12214636
12215694
12215838
12215991
12216370
12217191
12218485
12218487
12219137
12219834
12220716
12220827
12221623
12222391
12222507
12222747
12223010
12223030
12223868
12224366
12225008
12225097
12225173
12225492
12226673
12227281
12228046
12229840
12229851
12229961
12230144
12230720
12235377
12235500
12237033
12273151
12274376
12276303
12335001
12341967
12348328
12350453
12350860
12352064
12356611
12361760
12361993
12362238
12362474
12362525
12363105
12363170
12363380
12363589
12363601
12363884
12363892
12363909
12363937
12364387
12365288
12365511
12366048
12366139
12366330
12366333
12366530
12366618
12366680
12367066
12367601
12368005
12368009
12368359
12368473
12368540
12368650
12369063
12369090
12369437
12369881
12369931
12369951
12370371
12370528
12370935
12371738
12372668
12372716
12372883
12373142
12373226
12373624
12373803
12374132
12374180
12374537
12374621
12374723
12375420
12375666
12375891
12378563
12379919
12380828
12453922
12453937
12455327
12455331
12455454
12455542
12455864
12457176
12457271
12457651
12457760
12458819
12459367
12459458
12460308
12460805
12461090
12461596
12461614
12461740
12462112
12462519
12462863
12463485
12464352
12469142
12474477
12474598
12474606
12475036
12475290
12475652
12476450
12476536
12476709
12476878
12477567
12478279
12478607
12479335
12479455
12479615
12479834
12479885
12480212
12480276
12480677
12480723
12481124
12481309
12481415
12481512
12481586
12481931
12482273
12483145
12483187
12483643
12483684
12483817
12483833
12483985
12485411
12485614
12485618
12485839
12485978
12486118
12486632
12486637
12486662
12486822
12486909
12487010
12487258
12487327
12488018
12488259
12488581
12488858
12489155
12489224
12489513
12489535
12489646
12489838
12491570
12492044
12492167
12492785
12493762
12493794
12494253
12494276
12494356
12494659
12496406
12496982
12499254
12499271
12500185
12501259
12502095
12502156
12502616
12502838
12502889
12504098
12504404
12504516
12504669
12505232
12506605
12507213
12517425
12526536
12526733
12526971
12527110
12527221
12527392
12527412
12527730
12528695
12528918
12529339
12529803
12530047
12530340
12531065
12531132
12531850
12531878
12531985
12532293
12532339
12532610
12532646
12532679
12533091
12533437
12533578
12533855
12534438
12534935
12535371
12535386
12535476
12535837
12535918
12535948
12535952
12536011
12536194
12536248
12536306
12536348
12536671
12537133
12537232
12537409
12538504
12538608
12539524
12539745
12539954
12539980
12540564
12540665
12540935
12541052
12541125
12541262
12541574
12541928
12543040
12543430
12543521
12544120
12544278
12544495
12545714
12546215
12546594
12547608
12547912
12548367
12549095
12550183
12550579
12550683
12550848
12551181
12551988
12553209
12554227
12554345
12554503
12555095
12557480
12558731
12609782
12619357
12619916
12620159
12620332
12620526
12622351
12622549
12622776
12622821
12623055
12623919
12623969
12624204
12625486
12626296
12626297
12626356
12627083
12627088
12627547
12627770
12628009
12628159
12629370
12629480
12631238
12631389
12631443
12631697
12632403
12632438
12633092
12633441
12633858
12635704
12636810
12637340
12686070
12693511
12693597
12693723
12694000
12694576
12694581
12695231
12695233
12695443
12696034
12696296
12696544
12696622
12696838
12697115
12697522
12697528
12698140
12698473
12698626
12698781
12698783
12698804
12698943
12699621
12699773
12699892
12699920
12699947
12700029
12700241
12700797
12701554
12701681
12701829
12701916
12701966
12702149
12702200
12702765
12702838
12702910
12702941
12703346
12703428
12703436
12703674
12703748
12704259
12704580
12704609
12705045
12705070
12705208
12705401
12705502
12705713
12706048
12706265
12706559
12706630
12706827
12706934
12707008
12707041
12707210
12713925
12746994
12746998
12747286
12747860
12748139
12748483
12749177
12749297
12749943
12750540
12751545
12751865
12751955
12752087
12752419
12752768
12753002
12754770
12754985
12755116
12756387
12756559
12757011
12757773
12759048
12759490
12759695
12761438
12763579
12764991
12765196
12765361
12769033
12769487
12775842
12779836
12812643
12812686
12812721
12812729
12814692
12815311
12815406
12815678
12815825
12816213
12816215
12816353
12817232
12817741
12817782
12818274
12818574
12818864
12818884
12819210
12819617
12819937
12820092
12820415
12820933
12821278
12822509
12831115
12867033
12867439
12868096
12868284
12869675
12869725
12869764
12870789
12871242
12871496
12871613
12871888
12872797
12873078
12873813
12873966
12874442
12874571
12874907
12875227
12875784
12876166
12876279
12876341
12877242
12877718
12878583
12879389
12879521
12879831
12880132
12880522
12880625
12881146
12881937
12883977
12884884
12885848
12926832
12929217
12929525
12929651
12930446
12930555
12930962
12931600
12931744
12932269
12932467
12933378
12933425
12933597
12933844
12934026
12934150
12934731
12934831
12935218
12935581
12936055
12936230
12936277
12936466
12937554
12937556
12937639
12938357
12938560
12938716
12939278
12939373
12940677
12941535
12942098
12942485
12942649
12943471
12947952
12952283
12953008
13054286
13057178
13123859
13125066
13125142
13125306
13125583
13126039
13126442
13126543
13126644
13127697
13127734
13127770
13128008
13128184
13128337
13129068
13129834
13130002
13130331
13130607
13130769
13130967
13131157
13131404
13132259
13132541
13132795
13133543
13133546
13133886
13134250
13134450
13134467
13134485
13134686
13135048
13135082
13135805
13135906
13145050
13147538
13158749
13159288
13159831
13159962
13161963
13164081
13164548
13164754
13164822
13164970
13165561
13167155
13167220
13168631
13168804
13168819
13169475
13169840
13169876
13170270
13170521
13170680
13170769
13171256
13171259
13171802
13172087
13172461
13172848
13172880
13172975
13172985
13173164
13173462
13174625
13174713
13175052
13175162
13175835
13175970
13176688
13176731
13177406
13177815
13178049
13178140
13178553
13178576
13178746
13179187
13179389
13179503
13179568
13183072
13184679
13281163
13285739
13293687
13296709
13318256
13318442
13321659
13322125
13330416
13331687
13335195
13336757
13337393
13337403
13337467
13338207
13338259
13338726
13338737
13339216
13339463
13339613
13339764
13339806
13339993
13340327
13340338
13340692
13341398
13341829
13341926
13342858
13343187
13343522
13343549
13343949
13344527
13345879
13346443
13350929
13352278
13352535
13355409
13355485
13355763
13356027
13360056
13360159
13360762
13362126
13362140
13366865
13367148
13368525
13369834
13370146
13370247
13372210
13372693
13373122
13373775
13374198
13380792
13386731
13387850
13387879
13388184
13388803
13389559
13390131
13390501
13390802
13393433
13394009
13394181
13394830
13396050
13396679
13396902
13398548
13398964
13400036
13400819
13401386
13402059
13403197
13404791
13410917
13429381
13429923
13431696
13431811
13434990
13452969
13453653
13453853
13453994
13454324
13454498
13454633
13455281
13455329
13455753
13456277
13456418
13456463
13456821
13456838
13457809
13458181
13458235
13458894
13459263
13459586
13459785
13459849
13459992
13460018
13460310
13460504
13460715
13460973
13461264
13461473
13461542
13461808
13462101
13462381
13462677
13462721
13463603
13464072
13464151
13465810
13467396
13467794
13468731
13469614
13469856
13471792
13477170
13479674
13522124
13523023
13523028
13523684
13523956
13524087
13524603
13524831
13525275
13525655
13525825
13526004
13526360
13526402
13526696
13526723
13526993
13527380
13527404
13527602
13528425
13528612
13528903
13528950
13529463
13529524
13529569
13529942
13530230
13530295
13530343
13530505
13530642
13530770
13531235
13531255
13531613
13532560
13532734
13533182
13533204
13533270
13533333
13533400
13534798
13535450
13549308
13549417
13549477
13549518
13549867
13549875
13550064
13550567
13550707
13551198
13551266
13551314
13551793
13551943
13552358
13553010
13553101
13553949
13554024
13554634
13554784
13555570
13555652
13556079
13556168
13556615
13556664
13556711
13556784
13557095
13557519
13558000
13558024
13558195
13558224
13558395
13558855
13559248
13559469
13560449
13560885
13560894
13561387
13561462
13563115
13563614
13563713
13564100
13564237
13564559
13564611
13564633
13564761
13565117
13565636
13565668
13565795
13566244
13566441
13566679
13567134
13567303
13567801
13568087
13568090
13568596
13568687
13568881
13569211
13569445
13569546
13569592
13569868
13570012
13570047
13571268
13571467
13571537
13571557
13572079
13572256
13572353
13572959
13573239
13573266
13573488
13573831
13574334
13574451
13574678
13574801
13575037
13575248
13575518
13575553
13575955
13575970
13576174
13576193
13576567
13576691
13576952
13577482
13577549
13577616
13577657
13578052
13578484
13578851
13579015
13579049
13579068
13579200
13579735
13579887
13580510
13581193
13581255
13581466
13582578
13582616
13582709
13582726
13583412
13584204
13585287
13591206
13591804
13592618
13596323
13597464
13601402
13602230
13790716
13794237
13797638
13902403
13902671
13902724
13903232
13903471
13903497
13903712
13903845
13903983
13904513
13905000
13905003
13905069
13905084
13905370
13905686
13905700
13905799
13906009
13906260
13906451
13906859
13907388
13907399
13907682
13907765
13907849
13909277
13909563
13909638
13910062
13910215
13911278
13911301
13911574
13911977
13912003
13912450
13912875
13913365
13913428
13913619
13913887
13914092
13914170
13914202
13914432
13914535
13914739
13915456
13915702
13916490
13916683
13916745
13916993
13917197
13917254
13921374
13921836
13924099
13924918
13925003
13936017
13983282
13983631
13983947
13984850
13985874
13985885
13985982
13986228
13986891
13987020
13987106
13988629
13988653
13989057
13989060
13989070
13989471
13989926
13990206
13990232
13990689
13990889
13991453
13991509
13991852
13992104
13992748
13992851
13993048
13993119
13995488
13995880
13996139
13996155
13996536
13996544
13996732
13998267
13999195
13999398
14104461
14109728
14110189
14110552
14110706
14110926
14110942
14111972
14112627
14113142
14113507
14113603
14113908
14114961
14115374
14115392
14115420
14115430
14115604
14115800
14117051
14117059
14117853
14118072
14118099
14118253
14118355
14118592
14118763
14119036
14119307
14119715
14120383
14120545
14120577
14120672
14121404
14121551
14122057
14122237
14122438
14122724
14123357
14123372
14125149
14125601
14125984
14125986
14129126
14131882
14135353
14143727
14143810
14144279
14144304
14144848
14145624
14145658
14146950
14147489
14148597
14149066
14149090
14149333
14150059
14150385
14150834
14151363
14151382
14151726
14151877
14152224
14152653
14154090
14154482
14154888
14155942
14156155
14156658
14157091
14158679
14158765
14164177
14165911
14166414
14168455
14170229
14175309
14181046
14226903
14227071
14227245
14227520
14227656
14228227
14228989
14229055
14230376
14230469
14231082
14231270
14231821
14232040
14232385
14232614
14233263
14234744
14235113
14235151
14235482
14236098
14236253
14236642
14237404
14238056
14238432
14238856
14239093
14239192
14239278
14239801
14240145
14240361
14240533
14240763
14240930
14241010
14241175
14241297
14241308
14242076
14242195
14242273
14242283
14242565
14243131
14244493
14244776
14245603
14245775
14246778
14247071
14247213
14247405
14248105
14248401
14248828
14248959
14249136
14249911
14251023
14251448
14252268
14252545
14252689
14253618
14253763
14253897
14254155
14254378
14254476
14254667
14254957
14255081
14255185
14258565
14265731
14265818
14272100
14273033
14273444
14273799
14273845
14273965
14274053
14274538
14274814
14274922
14275127
14275553
14275595
14275995
14276046
14276259
14276908
14277106
14277254
14278280
14278441
14278907
14279700
14279833
14280781
14281247
14281452
14281563
14282039
14282513
14282769
14283302
14283380
14283451
14283565
14283654
14283696
14283816
14285806
14285899
14286110
14320609
14382949
14383317
14383539
14383799
14383843
14385664
14385853
14386177
14386558
14386672
14387015
14387016
14388302
14388354
14388876
14389112
14390149
14391200
14391536
14392109
14392816
14392835
14395753
14395882
14396219
14397529
14398032
14398536
14399603
14399989
14400753
14401723
14402791
14402866
14403661
14403865
14403928
14404020
14407592
14408629
14409559
14409967
14410395
14410418
14410469
14410993
14411586
14411902
14411941
14412038
14413069
14413501
14413527
14414620
14414952
14417460
14520038
14526561
14526948
14527513
14527683
14533317
14533513
14535683
14535963
14537055
14537061
14537599
14539777
14542380
14543984
14544870
14587661
14587675
14588691
14589491
14589595
14590241
14590567
14590743
14592852
14593737
14594328
14594362
14599114
14599197
14613618
14618803
14622882
14624541
14629744
14636447
14637028
14655743
14656756
14658517
14658893
14659598
14661195
14661555
14661876
14664022
14664104
14664662
14664997
14665945
14668302
14670981
14686923
14687478
14687648
14687940
14688594
14688623
14688899
14688990
14689463
14689470
14689715
14689829
14690321
14690465
14690797
14690961
14690983
14691091
14691862
14692223
14692322
14692335
14692360
14692460
14692927
14692970
14693124
14693640
14693686
14693807
14694130
14694207
14694376
14694463
14694552
14694722
14695231
14695560
14696968
14697315
14697416
14697908
14698009
14698176
14698222
14699016
14699518
14699908
14699982
14700047
14700283
14700316
14700715
14701006
14701267
14701507
14701578
14701775
14702280
14703190
14705810
14708794
14715903
14716188
14716564
14717767
14718299
14722036
14722230
14723909
14724632
14724711
14726186
14726602
14726938
14728167
14730783
14736772
14758922
14758938
14759126
14759593
14759692
14759840
14760168
14760478
14760532
14760613
14760820
14761286
14761379
14761613
14761834
14762234
14762363
14762553
14762608
14762663
14762828
14763052
14763115
14763513
14764322
14764440
14764606
14765335
14766048
14766171
14766407
14766813
14767156
14767254
14767955
14768154
14807096
14834124
14835496
14836411
14837105
14842834
14844420
14845692
14846249
14846894
14848725
14851369
14888052
14925748
14925860
14926381
14926628
14928094
14928109
14929931
14931997
14932442
14934444
14934480
14937608
14941590
14944476
14968292
14968692
14973820
14973834
14974408
14974721
14976092
14976767
14977464
14982616
14984310
15017098
15074451
15078312
15085922
15085934
15085984
15085995
15086824
15087034
15087053
15087286
15087312
15087373
15087482
15087620
15087931
15088420
15088422
15088696
15089026
15089678
15089940
15090236
15090631
15090637
15090726
15090793
15090949
15091154
15091244
15091895
15091914
15091938
15091944
15092225
15092579
15092705
15093298
15093387
15093451
15093464
15093800
15094774
15094883
15094917
15095143
15096154
15096273
15096379
15096764
15096840
15097158
15097199
15097478
15102929
15135610
15135735
15135831
15136072
15137092
15137674
15138161
15138324
15138363
15139418
15139623
15139741
15139956
15140193
15140316
15140513
15140571
15140904
15141096
15141160
15141787
15141853
15141859
15142044
15142114
15142804
15142944
15143174
15143423
15143441
15144102
15144367
15144530
15144577
15144595
15144633
15144952
15145233
15145284
15145567
15145760
15146340
15147951
15150833
15166410
15166724
15166730
15166970
15167249
15167269
15168083
15168796
15169209
15169282
15169313
15169488
15169637
15169644
15169697
15169733
15170093
15170178
15170831
15171036
15171041
15171064
15171198
15171210
15171242
15171275
15171368
15171493
15171503
15171772
15171919
15172030
15172124
15172532
15172814
15172821
15173034
15173656
15174123
15175048
15175097
15175245
15175797
15176426
15176487
15176841
15176893
15176960
15177240
15177536
15177681
15177705
15178175
15178563
15178659
15178724
15179001
15179223
15179441
15179984
15180177
15180489
15180764
15180865
15181848
15181998
15182153
15182424
15182868
15182992
15183017
15183122
15183126
15183135
15183136
15183168
15183354
15183723
15183796
15184135
15184726
15184842
15184861
15185235
15185377
15185834
15186978
15187236
15228563
15229048
15230586
15300413
15301324
15302434
15303934
15303988
15305238
15308310
15309459
15309872
15313749
15314777
15322488
15429339
15429579
15431845
15435859
15436077
15441104
15442437
15481757
15482236
15483519
15483830
15483952
15484703
15486193
15486560
15487406
15487754
15488074
15488531
15488776
15489298
15489848
15490688
15491044
15491817
15492182
15492349
15492397
15492496
15493025
15493034
15493231
15493334
15493416
15493983
15494395
15496976
15497191
15497202
15497488
15498060
15498459
15498769
15499360
15499778
15500117
15500193
15504630
15508168
15508665
15522421
15573382
15577659
15581866
15583347
15596171
15596279
15596376
15597351
15598596
15599458
15599769
15600613
15601544
15602783
15602880
15602960
15604693
15605451
15605649
15605833
15605987
15606961
15608770
15609277
15609756
15610510
15611389
15611529
15612130
15625932
15626419
15626616
15643015
15643096
15643259
15644403
15646965
15647368
15649102
15649162
15651142
15651626
15652151
15655755
15658227
15658430
15658699
15662994
15767946
15768318
15768616
15769233
15769518
15769554
15769744
15769965
15770044
15770334
15770755
15771181
15771721
15771789
15771925
15771977
15772680
15772967
15773676
15773688
15773847
15773957
15774062
15774463
15774703
15774790
15775280
15775549
15775656
15775858
15776038
15776191
15776303
15776306
15776711
15777622
15777951
15778974
15779303
15802979
15812254
15821246
15826514
15827103
15829331
15829831
15830748
15833581
15835855
15836281
15837724
15838581
15840678
15882762
15883427
15883863
15884871
15885148
15886103
15886724
15886729
15888900
15890004
15890198
15890266
15890522
15890872
15891108
15891449
15891934
15892376
15892449
15892984
15893229
15893607
15894180
15895452
15895762
15896470
15896918
15897152
15898733
15898797
15898860
15898888
15898895
15899471
15900491
15900842
15901198
15901363
15901417
15901638
15901710
15901967
15901968
15902299
15902999
15903247
15903417
15903632
15903687
15903782
15903975
15904020
15904262
15904593
15904653
15904721
15904823
15905212
15905413
15905580
15906146
15906933
15907854
15908171
15908443
15908753
15909564
15909623
15909970
15909996
15910466
15910944
15911364
15911381
15911612
15911681
15911978
15912189
15912296
15912390
15913575
15913832
15916906
15917916
15918242
15947569
15947584
16026567
16057274
16057421
16057875
16058059
16059793
16060353
16061562
16061622
16061682
16062251
16063683
16064769
16064789
16065017
16065562
16065835
16065866
16065882
16067099
16067551
16139997
16140027
16140255
16140374
16140628
16140650
16140765
16141694
16142145
16142470
16142477
16142759
16143828
16143919
16144205
16144327
16144776
16145945
16147959
16148607
16148628
16148732
16148804
16149040
16149395
16150562
16153513
16153655
16162238
16266197
16266696
16266766
16266773
16266996
16267014
16267409
16267656
16267793
16267959
16268410
16268853
16268871
16268928
16269067
16269153
16269322
16269476
16269816
16270168
16270180
16270725
16270867
16270901
16271043
16271091
16271280
16271362
16271423
16271471
16272101
16272110
16272217
16272635
16272676
16272915
16273140
16273373
16273521
16273629
16274050
16274051
16274498
16275426
16276118
16276687
16277015
16277018
16277878
16278460
16278982
16284120
16287094
16287238
16331123
16347378
16361194
16362053
16363988
16365547
16365821
16367540
16368317
16368413
16368788
16369467
16370109
16370504
16371575
16375206
16376647
16381347
16384305
16428218
16429599
16431374
16432694
16432767
16434158
16435760
16436564
16437747
16438637
16440319
16441279
16441512
16442429
16442654
16444830
16445364
16445691
16473937
16477675
16482058
16483706
16496201
16522455
16523009
16523326
16524602
16526139
16526296
16526547
16527305
16528749
16528998
16529863
16537636
16537912
16576760
16583176
16585840
16586191
16589164
16625829
16627699
16627806
16627986
16628166
16628413
16628544
16628897
16629631
16631025
16631256
16631781
16631940
16631953
16632418
16632539
16632709
16634024
16634084
16634313
16634377
16634887
16635015
16635115
16635180
16635410
16635658
16635943
16636104
16636109
16636930
16636956
16637373
16637442
16637630
16638404
16638774
16638903
16639222
16639406
16639831
16640075
16640284
16640638
16641069
16641556
16641672
16641681
16641771
16643383
16643934
16644211
16852159
16853133
16855387
16856225
16856694
16861297
16862192
16867101
16870651
16903908
16908120
16909269
16911476
16920544
16921190
16921665
16923266
16923958
16924125
16924281
16925287
16926456
16926608
16927388
16930546
16931678
16932188
16937554
16943648
16943997
17205354
17205868
17207319
17208380
17208774
17209500
17209625
17209774
17210932
17211003
17212890
17214332
17214540
17216092
17216272
17218514
17221637
17527176
17537097
17537588
17538167
17541141
17541387
17541903
17542028
17542316
17542556
17542564
17542853
17544152
17545827
17547904
17548692
17551157
17561250
17563209
17564929
17668778
17691483
17691569
17699675
17700193
17709021
17715139
17731759
17741536
17910589
17910802
18043093
18043983
18044902
18045922
18046305
18046342
18047886
18049057
18049430
18049715
18050773
18050903
18051581
18052002
18052216
18052459
18053136
18053150
18053659
18053989
18054121
18054209
18055491
18055533
18056385
18057923
18058582
18058604
18058689
18061090
18063179
18064809
18065012
18067936
18070436
18070628
18070747
18070989
18073875
18074081
18085118
18090814
18092296
18092474
18092867
18093376
18093841
18094085
18094411
18094693
18095173
18095501
18095514
18095564
18095886
18096141
18096217
18096384
18096459
18096631
18096686
18096752
18096841
18097019
18097084
18097310
18097355
18097425
18097525
18097772
18097800
18098200
18098988
18099057
18099389
18099434
18099919
18100139
18100708
18100778
18100803
18101464
18102003
18102386
18102736
18102739
18102965
18103758
18103857
18103904
18103943
18104135
18104357
18105648
18106263
18111401
18125746
18126035
18126846
18129345
18129638
18131020
18131494
18131582
18132824
18134034
18134327
18136391
18139451
18160045
18169412
18205096
18216444
18272501
18370227
18386154
18386318
18387428
18389409
18389724
18390310
18391621
18391767
18392243
18392826
18393957
18394386
18394694
18395871
18395969
18466432
18466436
18466898
18467189
18468057
18469207
18469214
18469508
18470364
18470719
18470726
18471926
18474410
18474499
18474666
18475055
18475406
18476375
18476971
18477296
18480302
18480680
18481059
18511378
18534777
18537219
18537492
18537568
18537957
18538212
18540094
18540184
18541890
18544743
18545193
18545339
18545443
18547413
18548583
18548589
18548699
18550485
18553858
