94
338
594
615
627
650
947
1062
1104
1162
1295
1424
1424
1462
1513
1882
1999
2050
2165
2312
2327
2363
2710
2749
3289
3694
3817
3835
3945
4041
4096
4269
4269
4284
4320
4410
4473
4474
4480
4617
4722
4748
4779
4911
4971
5035
5242
5427
5507
5521
5550
5572
5595
5622
5885
5960
5981
6019
6402
6626
6663
6735
6809
6869
7023
7117
7239
7312
7343
7495
7570
7751
7758
7824
7854
7943
7951
7959
8022
8030
8071
8173
8258
8353
8422
8452
8663
9067
9286
9341
9361
9378
9378
9618
9811
9998
10223
10245
10349
10387
10808
10831
11133
11253
11295
11536
11578
11730
11836
12070
12091
12251
12274
12283
12402
12560
12640
12673
12864
13035
13093
13123
13214
13463
13586
13747
13754
13886
13972
13981
14104
14304
14320
14578
14761
15194
15209
15273
15624
15674
15785
