15
111
131
136
229
236
250
288
315
350
414
544
559
674
794
817
876
973
1014
1176
1220
1389
1440
1514
1547
1711
1775
1847
1868
2080
2122
2140
2358
2384
2401
2428
2461
2501
2783
2988
3159
3232
3384
3428
3469
3485
3654
3859
3926
4053
4281
4306
4310
4349
4448
4467
4576
4604
4607
4892
4936
5085
5148
5168
5210
5222
5440
5445
5479
5543
5553
5636
5718
5720
5752
5769
5808
5828
6011
6022
6063
6181
6325
6501
6508
6553
6590
6709
6725
6737
6867
6980
7005
7082
7326
7430
7687
7845
8004
8032
8036
8075
8155
8259
8272
8281
8292
8330
8429
8529
8550
8572
8721
8781
8852
8857
9020
9108
9156
9194
9317
9362
9404
9436
9453
9502
9753
9926
9962
10000
10040
10150
10252
10299
10343
10417
10492
10646
10812
10887
10964
11008
11146
11153
11289
11317
11378
11473
11476
11534
11630
11635
11715
11780
11866
11886
12017
12078
12152
12156
12158
12274
12293
12306
12375
12391
12421
12517
12531
12632
12647
12673
12762
12861
12897
12956
13091
13177
13207
13398
13398
13414
13446
13753
13908
13949
13966
14107
14207
14266
14319
14353
14523
14692
14763
14777
14871
14916
14928
14943
15029
15100
