172
215
312
828
838
889
990
1067
1160
1177
1462
1578
1587
1601
1625
1652
1785
1932
1935
2435
2485
2486
2544
2553
2555
2624
2710
2749
2781
2873
2901
3023
3046
3068
3098
3346
3471
3553
3561
3626
3810
3838
4048
4220
4230
4276
4311
4330
4366
4487
4561
4718
4781
4883
4896
4967
5133
5141
5144
5160
5244
5363
5515
5551
5735
6023
6221
6280
6372
6544
6554
6703
6959
6981
7153
7286
7292
7356
7407
7627
7759
7857
7909
8201
8497
8539
8559
8704
8758
8797
8811
8843
8872
8933
9037
9051
9203
9362
9601
9610
9635
9809
9895
10192
10204
10222
10358
10464
10648
10701
10737
10832
10991
11025
11223
11326
11372
11483
11484
11643
11714
12325
12332
12350
12415
12716
12982
13075
13490
13571
