111
417
613
682
957
1129
1144
1392
1454
1615
1615
1680
1736
1817
1862
2386
2607
2700
2785
2913
3377
3377
3383
3519
3529
3600
3668
4016
4094
4099
4110
4142
4159
4420
4440
4551
4734
5106
5188
5350
5374
5803
6040
6228
6501
6513
6813
7034
7136
7183
7641
7671
7843
7868
7905
7919
7975
8148
8329
8464
8561
8686
8702
8740
8891
8940
8960
9236
9474
10008
10010
10156
10163
10277
10330
10336
10367
10444
10798
10826
10941
11022
11035
11041
11218
11242
11253
11396
11473
11610
11657
11786
11996
12055
12268
12410
12468
12512
12582
12597
12637
12660
12711
12783
13168
13211
13240
13436
13514
13736
13802
13917
14049
14067
14603
14656
14722
14901
15242
