35
35
348
584
640
657
780
1024
1175
1233
1288
1307
1341
1358
1405
1419
1526
1555
1660
1665
1690
1697
1713
2116
2207
2291
2373
2407
2448
2459
2517
2615
2709
2766
2788
2807
2921
3130
3222
3257
3374
3479
3502
3532
3644
3694
3747
3808
3839
3906
3925
4123
4126
4228
4507
4579
4624
4709
4752
4792
4817
4975
5013
5016
5021
5276
5289
5292
5365
5386
5410
5416
5468
5751
5889
5901
5916
6097
6193
6289
6306
6310
6350
6468
6496
6504
6556
6661
6717
6753
6770
6867
6922
6950
7011
7028
7041
7054
7143
7150
7208
7249
7307
7312
7422
7433
7499
7522
7554
7567
7901
7994
7995
8149
8174
8325
8339
8411
8563
8571
8641
8646
8714
8824
9000
9010
9156
9183
9250
9303
9315
9368
9384
9453
9496
9785
9869
9869
9983
9987
10016
10122
10134
10282
