366
452
514
753
885
888
1111
1339
1348
1459
1504
1521
1614
1634
1656
1716
1721
1736
1927
2041
2078
2268
2297
2368
2398
2399
2805
2934
2990
3044
3077
3125
3420
3476
3568
3847
3869
4035
4127
4320
4440
4467
4504
4783
4843
4869
5012
5048
5071
5086
5224
5366
5537
5983
6005
6247
6369
6397
6455
6805
6869
7201
7323
7330
7385
7456
7621
7654
7711
7731
7780
7795
7800
7881
7959
8109
8190
8411
8514
8715
8766
8852
8963
9031
9136
9229
9427
9577
9620
9815
9944
10045
10095
10575
10816
10922
10956
11007
11123
11270
11310
