217
253
312
445
795
818
877
1117
1168
1278
1368
1370
1384
1399
1617
1645
1717
1805
1867
1926
1944
2138
2202
2245
2304
2342
2391
2497
2566
2595
2884
2920
2935
2963
2997
3131
3161
3313
3327
3357
3466
3517
3532
3692
3807
3808
3833
3860
3922
3994
4171
4189
4295
4381
4430
4523
4572
4576
5204
5450
5456
5550
5567
5670
5701
5742
6009
6014
6189
6335
6360
6437
6669
6849
6982
7157
7615
7638
7694
7784
7912
7991
8045
8093
8248
8537
8544
8553
8560
8602
8693
8711
8816
9028
9044
9074
9083
9148
9208
9211
9375
9576
9804
9825
10082
10346
10477
10517
10542
10589
10714
11477
11564
11650
11714
11768
11801
11829
11938
11974
12114
12176
12257
12302
12377
12520
12537
12586
12803
12831
13482
13612
13710
13713
13878
13880
13980
14329
14330
14381
