35
77
611
681
846
1025
1086
1108
1348
1716
1817
2122
2127
2288
2505
2651
2832
3177
3284
3312
3324
3641
3700
3720
3921
4025
4418
4506
4535
4636
4651
4653
4775
5043
5098
5378
5602
5649
5671
5838
6234
6332
6397
6742
6823
7043
7099
7114
7580
7640
7925
8043
8181
9135
9137
9397
9470
9523
9555
9561
9686
9704
9735
9880
10260
10323
10607
10857
10974
11163
11267
11285
11310
11316
11958
11972
12176
12203
12220
12268
12603
13173
13220
13523
13592
13617
13870
14232
14232
14574
14719
14744
14877
14893
14914
15626
15634
16399
16562
16750
17350
17417
17924
18010
18205
18850
18993
19170
19204
19418
