105
195
235
282
405
446
634
685
757
896
1016
1182
1298
1299
1433
1449
1498
1500
1585
1601
1767
1787
2156
2202
2289
2311
2617
2684
2687
2776
2780
2831
3003
3080
3162
3393
3443
3557
3739
3772
3911
4005
4189
4247
4284
4316
4330
4392
4497
4501
4504
4656
4689
4745
4828
4941
4944
5063
5115
5148
5203
5233
5303
5336
5349
5539
5592
5680
5725
5818
5890
5913
6011
6014
6233
6263
6295
6379
6442
6532
6660
6793
6794
6938
6991
7197
7199
7336
7521
7861
8114
8596
8657
8686
8793
8796
8986
9033
9197
9378
9460
9696
10151
10259
10321
10322
10364
10491
10552
10714
10746
10789
10918
10994
11045
11054
11156
11191
11293
11324
11340
11495
11661
11756
11769
11811
11825
11846
11894
12275
12396
12434
12814
12899
12908
12917
12920
13186
13195
