280
496
648
1081
1218
1469
1550
1598
1616
1755
1759
1787
1930
1934
1976
2134
2162
2191
2317
2326
2552
2900
3005
3636
3725
3912
3927
4100
4739
4765
4995
5404
5585
5898
6024
6187
6281
6333
6380
6413
6441
6468
6501
6535
6601
7086
7105
7424
7488
7720
7858
7887
8026
8286
8308
8325
8405
8756
9100
9399
10218
10534
10539
10543
10622
10648
10714
10833
11141
11314
11576
11744
11769
11924
11972
11977
12231
12485
12791
12819
12852
12897
12924
13297
13490
13502
13680
13814
13883
13890
13916
13945
13988
14157
14287
14554
14854
14856
14896
14997
15023
15136
15197
15337
15368
15481
15490
15704
15840
16480
16648
16949
17118
17225
17459
17599
17613
17923
17941
17953
18048
18092
18148
18177
18340
18435
18839
18929
19147
19366
19477
19528
