66
73
136
436
440
502
528
554
603
719
752
812
818
837
1034
1075
1230
1231
1295
1988
2013
2065
2235
2279
2363
2524
2639
2870
3009
3098
3099
3106
3196
3240
3242
3247
3373
3451
3504
3557
3585
3875
3931
3997
4105
4167
4221
4339
4465
4502
4610
4786
4968
4991
5014
5055
5138
5141
5311
5451
5536
5557
5599
5679
5785
5818
5825
5954
6085
6098
6237
6243
6325
6688
6692
6734
6829
6839
6963
6986
6988
6999
7012
7134
7182
7203
7216
7257
7365
7590
7760
7784
7939
7959
8175
8226
8400
8433
8632
8649
8718
8747
8805
8891
8904
9048
9113
9125
9166
9438
9449
9698
9725
9783
9847
9879
9961
9982
10230
10272
10361
10457
10557
10574
10642
10686
10754
10989
11013
11168
11242
11297
11364
11377
11385
11493
11788
12000
12141
12184
12228
12311
12451
12604
12834
12839
12955
13001
13019
13022
13062
13152
13191
13522
13573
13653
13684
13711
14019
14052
14137
14165
14294
14305
14465
14523
14724
14760
14808
14911
14913
15018
15078
15116
15200
15220
15274
15290
15302
15312
15340
15459
15462
15472
15531
15550
15575
15692
15711
