28
57
119
130
159
197
346
362
877
1108
1128
1151
1295
1419
1519
1589
1603
1620
1646
1650
1659
1688
1775
2093
2225
2322
2327
2340
2368
2386
2440
2542
2603
2636
2697
2734
2752
2759
2852
2884
3037
3087
3098
3125
3163
3185
3191
3239
3394
3406
3621
3689
3942
3970
4040
4091
4246
4273
4473
4564
4803
4849
4863
5077
5153
5157
5233
5240
5442
5485
5489
5690
5783
5796
5811
5845
6147
6167
6260
6281
6351
6463
6481
6533
6630
6663
6921
6969
6985
7060
7138
7253
7258
7340
7497
7548
7581
7583
7721
7722
7794
8001
8011
8069
8073
8082
8115
8168
8522
8612
8680
8692
8870
8906
9097
9116
9205
9321
9334
9410
9455
9571
9617
9618
9655
9779
9817
9846
9883
10023
10080
10090
10192
10206
10216
10287
10382
10445
10553
10595
10612
10765
10780
10909
11003
11030
11096
11117
11196
11384
11407
11536
11536
11568
11760
11880
11898
11904
12034
12291
12352
12542
12636
12637
12776
12887
13078
13083
13141
13158
13182
13289
13329
13403
13645
13688
13780
13795
13809
13850
14024
14051
14249
14250
14289
14289
14469
14541
14576
14731
14734
14736
14785
14887
14969
15110
15134
15138
15312
15391
15465
15572
15581
15694
15729
15960
16029
16054
16117
16391
16491
16561
16565
16660
16669
16683
16712
16897
17002
17024
17039
