81
137
164
204
455
564
619
648
1094
1133
1285
1349
1451
1565
1641
1657
1681
1751
1926
1983
2285
2629
2795
2892
2989
3172
3233
3355
3391
3398
3418
3432
3463
3528
3534
3866
3903
4264
4334
4426
4571
4652
4743
4856
4948
4948
4959
4988
5086
5129
5424
5476
5513
5634
5744
5834
6043
6106
6120
6378
6607
6617
6693
6959
6968
7075
7079
7206
7333
7633
7750
7753
8042
8321
8389
8412
8466
8571
8698
8718
8799
8890
9057
9074
9172
9198
9216
9407
9480
9534
9722
9830
9877
10125
10146
10448
10538
10582
10609
10609
10626
10671
10705
10786
10954
10962
11068
11219
11262
11293
11390
11414
11444
11570
11684
11729
11801
11859
12025
12111
12441
12523
12746
12894
12918
12998
13022
13059
13070
13087
13098
13110
13295
