446
561
883
1053
1191
1313
1319
1349
1407
1465
1568
1742
1748
1984
2050
2141
2189
2245
2310
2360
2469
2962
3034
3155
3182
3207
3239
3242
3246
3340
3549
3564
3584
3615
3632
3769
4080
4484
4678
4886
4893
4897
4931
5014
5198
5389
5436
5560
5663
5717
5757
5849
5946
5962
6421
6433
6497
6513
6589
6880
6906
6918
6934
7592
7608
7713
7717
7952
8217
8594
8751
8781
9230
9450
9571
9595
9608
9804
10140
10406
10409
10572
10713
11377
11380
11688
11933
11934
12823
12997
13255
13526
13860
13870
13880
13889
14060
14182
14196
14209
14455
14776
14838
14859
14981
15178
15305
15339
15642
15895
15897
