35
36
220
264
359
713
808
977
990
1029
1181
1367
1551
1678
1689
1774
1850
1957
1998
2230
2424
2514
2571
2628
2750
2993
3231
3235
3313
3339
3462
3464
3503
3555
3659
3674
3721
4155
4212
4213
4220
4257
4286
4387
4408
4430
4461
4538
4570
4573
4596
4670
4676
4701
4707
4777
4841
5052
5089
5229
5317
5360
5381
5466
5640
5793
5812
5900
5907
5942
5945
6038
6041
6109
6112
6303
6320
6400
6408
6444
6532
6541
6594
6645
6657
6733
6745
6750
6784
6808
6853
6919
6955
7126
7142
7151
7153
7212
7256
7383
7392
7638
7779
7836
7913
7914
7915
7919
8078
8123
8148
8315
8486
8509
8565
8635
8643
8719
8784
8802
8808
8906
8949
8983
9115
9140
9154
9208
9423
9481
9541
9608
9770
9890
10090
10183
10256
10322
10388
10496
10674
10676
10749
10813
10823
10958
10975
11052
11060
11146
11226
11281
11336
11387
11420
11486
11642
11647
11656
11745
11812
11864
11967
11986
11989
12174
12233
12568
12676
12762
12772
12832
12857
12862
12892
13047
13061
13231
13354
13417
13530
13532
13727
13769
13793
13975
14044
14142
14222
14311
14473
14484
14706
14761
14861
14884
14933
14957
14972
15005
15031
15097
15137
15196
15198
15223
15226
15277
15456
15691
15806
