422
511
515
538
640
850
908
1007
1028
1174
1218
1413
1445
1467
1472
1669
1728
1880
2013
2106
2212
2351
2440
2491
2620
2621
2695
2700
2771
2836
2908
2973
3094
3358
3448
3467
3579
3594
3641
3784
3916
4149
4172
4267
4318
4402
4421
4699
4861
4971
5019
5115
5167
5190
5210
5213
5357
5411
5426
5440
5556
5573
5599
5599
5709
5947
6028
6035
6075
6219
6503
6783
6807
6839
6912
7005
7024
7224
7270
7370
7562
7697
7757
7862
7965
7993
8165
8300
8413
8436
8690
8793
8800
8895
9044
9102
9165
9209
9523
9576
9781
9990
10015
