210
233
288
406
415
454
480
542
560
646
646
693
694
801
840
1050
1183
1194
1281
1436
1528
1687
1806
2004
2050
2189
2245
2429
2734
2851
2932
3132
3269
3385
3437
3439
3535
3554
3660
3763
3841
4010
4046
4113
4313
4370
4445
4466
4588
4667
4694
4699
4739
4821
4843
4847
4924
4939
5314
5331
5533
5641
5692
5693
5795
5918
6028
6117
6237
6315
6346
6379
6634
6785
6801
7003
7160
7285
7351
7395
7495
7549
7826
8130
8200
8448
8486
8613
8873
8917
9007
9045
9198
9322
9467
9517
9530
9609
9610
9633
9839
9883
9941
9961
9968
10092
10121
10165
10171
10188
10200
10244
10368
10575
10647
10785
10838
10868
10975
11161
11236
11313
11593
11620
11689
11856
11919
12024
12069
12348
12369
12410
12685
12699
12827
12889
13041
13258
13436
13642
