7.0
1.0
16.0
2.0
10.0
5.0
1.0
19.0
15.0
4.0
4.0
9.0
9.0
13.0
6.0
15.0
8.0
2.0
5.0
32.0
36.0
34.0
37.0
29.0
21.0
33.0
25.0
24.0
30.0
32.0
35.0
27.0
34.0
32.0
27.0
25.0
32.0
31.0
46.0
46.0
50.0
55.0
54.0
56.0
56.0
55.0
41.0
60.0
66.0
63.0
71.0
87.0
96.0
85.0
85.0
89.0
90.0
99.0
97.0
88.0
112.0
111.0
112.0
102.0
122.0
132.0
130.0
131.0
131.0
131.0
131.0
130.0
122.0
143.0
147.0
149.0
142.0
179.0
168.0
177.0
176.0
169.0
177.0
170.0
170.0
167.0
181.0
194.0
187.0
187.0
182.0
191.0
199.0
185.0
186.0
201.0
215.0
212.0
206.0
202.0
204.0
210.0
208.0
203.0
239.0
237.0
229.0
230.0
242.0
249.0
261.0
267.0
267.0
279.0
278.0
269.0
267.0
279.0
262.0
298.0
282.0
281.0
296.0
312.0
309.0
308.0
303.0
324.0
320.0
327.0
330.0
337.0
324.0
324.0
323.0
330.0
343.0
346.0
351.0
355.0
365.0
364.0
376.0
361.0
377.0
370.0
362.0
373.0
361.0
397.0
385.0
396.0
382.0
392.0
393.0
385.0
386.0
397.0
404.0
414.0
410.0
419.0
432.0
427.0
420.0
435.0
440.0
452.0
440.0
452.0
461.0
466.0
473.0
474.0
472.0
460.0
461.0
471.0
472.0
492.0
497.0
486.0
483.0
490.0
487.0
489.0
483.0
483.0
511.0
502.0
510.0
511.0
535.0
534.0
538.0
525.0
525.0
520.0
523.0
520.0
530.0
543.0
550.0
548.0
554.0
556.0
555.0
554.0
540.0
558.0
567.0
575.0
570.0
578.0
576.0
578.0
560.0
573.0
570.0
581.0
592.0
584.0
598.0
605.0
614.0
614.0
618.0
629.0
630.0
623.0
630.0
622.0
639.0
635.0
637.0
627.0
657.0
652.0
654.0
642.0
658.0
659.0
655.0
656.0
649.0
673.0
667.0
666.0
667.0
665.0
660.0
674.0
660.0
679.0
684.0
682.0
681.0
687.0
695.0
699.0
699.0
683.0
697.0
707.0
707.0
714.0
706.0
718.0
717.0
705.0
719.0
708.0
715.0
719.0
703.0
709.0
713.0
719.0
708.0
711.0
719.0
709.0
708.0
703.0
713.0
708.0
707.0
711.0
716.0
709.0
711.0
713.0
736.0
739.0
736.0
738.0
732.0
726.0
729.0
739.0
726.0
743.0
743.0
740.0
742.0
755.0
758.0
758.0
750.0
744.0
766.0
760.0
772.0
767.0
773.0
764.0
760.0
768.0
768.0
762.0
771.0
775.0
765.0
775.0
779.0
763.0
762.0
774.0
766.0
793.0
782.0
781.0
792.0
794.0
792.0
793.0
780.0
798.0
781.0
789.0
797.0
795.0
791.0
790.0
794.0
794.0
798.0
796.0
814.0
805.0
809.0
807.0
810.0
818.0
804.0
814.0
817.0
812.0
807.0
810.0
817.0
811.0
811.0
815.0
814.0
816.0
813.0
836.0
834.0
837.0
834.0
839.0
832.0
832.0
839.0
837.0
830.0
824.0
839.0
832.0
821.0
829.0
826.0
820.0
838.0
825.0
849.0
857.0
840.0
857.0
852.0
847.0
856.0
859.0
845.0
846.0
844.0
859.0
854.0
845.0
857.0
852.0
843.0
843.0
856.0
855.0
858.0
855.0
842.0
850.0
854.0
844.0
840.0
843.0
848.0
849.0
850.0
850.0
842.0
854.0
851.0
848.0
850.0
854.0
841.0
853.0
858.0
842.0
842.0
858.0
847.0
843.0
858.0
855.0
840.0
876.0
873.0
866.0
874.0
872.0
873.0
869.0
875.0
864.0
876.0
864.0
870.0
869.0
862.0
877.0
870.0
861.0
867.0
870.0
896.0
882.0
894.0
886.0
890.0
881.0
899.0
899.0
885.0
899.0
893.0
889.0
888.0
880.0
893.0
899.0
884.0
886.0
899.0
909.0
905.0
907.0
911.0
907.0
909.0
901.0
919.0
901.0
906.0
908.0
904.0
915.0
910.0
901.0
905.0
912.0
904.0
903.0
934.0
938.0
920.0
926.0
920.0
938.0
924.0
927.0
937.0
927.0
921.0
928.0
920.0
938.0
936.0
936.0
928.0
932.0
938.0
929.0
928.0
935.0
929.0
921.0
930.0
929.0
932.0
922.0
934.0
937.0
933.0
923.0
937.0
923.0
921.0
930.0
926.0
939.0
925.0
934.0
926.0
935.0
939.0
925.0
938.0
930.0
920.0
931.0
934.0
952.0
942.0
958.0
956.0
940.0
945.0
949.0
948.0
949.0
942.0
959.0
941.0
952.0
952.0
952.0
947.0
958.0
955.0
954.0
966.0
977.0
977.0
972.0
960.0
961.0
972.0
971.0
967.0
978.0
961.0
969.0
973.0
975.0
967.0
973.0
968.0
961.0
962.0
965.0
968.0
966.0
977.0
978.0
973.0
960.0
970.0
973.0
973.0
964.0
961.0
967.0
962.0
978.0
966.0
978.0
961.0
970.0
970.0
982.0
993.0
991.0
993.0
989.0
983.0
983.0
987.0
985.0
988.0
985.0
999.0
981.0
996.0
991.0
994.0
996.0
983.0
988.0
1014.0
1016.0
1005.0
1000.0
1003.0
1016.0
1008.0
1009.0
1007.0
1015.0
1010.0
1001.0
1011.0
1000.0
1016.0
1003.0
1019.0
1013.0
1005.0
1005.0
1005.0
1004.0
1000.0
1012.0
1011.0
1007.0
1004.0
1003.0
1009.0
1008.0
1013.0
1015.0
1010.0
1013.0
1008.0
1018.0
1003.0
1004.0
1014.0
1019.0
1002.0
1009.0
1006.0
1011.0
1014.0
1017.0
1010.0
1008.0
1008.0
1012.0
1017.0
1013.0
1008.0
1011.0
1015.0
1019.0
1012.0
1004.0
1019.0
1001.0
1014.0
1000.0
1016.0
1018.0
1007.0
1009.0
1005.0
1010.0
1007.0
1020.0
1028.0
1037.0
1023.0
1027.0
1027.0
1034.0
1022.0
1032.0
1021.0
1023.0
1035.0
1027.0
1027.0
1026.0
1032.0
1025.0
1022.0
1037.0
1037.0
1032.0
1037.0
1021.0
1038.0
1028.0
1022.0
1026.0
1020.0
1027.0
1041.0
1047.0
1048.0
1047.0
1049.0
1045.0
1050.0
1043.0
1050.0
1042.0
1057.0
1050.0
1046.0
1041.0
1048.0
1051.0
1048.0
1044.0
1053.0
1059.0
1059.0
1049.0
1041.0
1044.0
1045.0
1057.0
1050.0
1049.0
1053.0
1073.0
1066.0
1071.0
1067.0
1066.0
1073.0
1068.0
1065.0
1077.0
1072.0
1071.0
1079.0
1075.0
1076.0
1074.0
1077.0
1071.0
1060.0
1070.0
1071.0
1070.0
1064.0
1065.0
1065.0
1069.0
1061.0
1078.0
1063.0
1077.0
1095.0
1093.0
1091.0
1085.0
1088.0
1086.0
1080.0
1088.0
1093.0
1083.0
1088.0
1087.0
1097.0
1086.0
1090.0
1097.0
1096.0
1092.0
1083.0
1112.0
1116.0
1118.0
1118.0
1119.0
1110.0
1100.0
1116.0
1110.0
1138.0
1124.0
1135.0
1124.0
1128.0
1130.0
1135.0
1122.0
1133.0
1150.0
1153.0
1144.0
1148.0
1154.0
1141.0
1144.0
1145.0
1142.0
1161.0
1161.0
1168.0
1177.0
1163.0
1175.0
1167.0
1166.0
1165.0
1186.0
1192.0
1187.0
1196.0
1189.0
1188.0
1186.0
1183.0
1194.0
1181.0
1186.0
1193.0
1190.0
1199.0
1188.0
1191.0
1197.0
1180.0
1197.0
1201.0
1216.0
1216.0
1205.0
1235.0
1232.0
1235.0
1220.0
1232.0
1238.0
1223.0
1237.0
1228.0
1236.0
1226.0
1229.0
1220.0
1232.0
1233.0
1239.0
1226.0
1228.0
1230.0
1259.0
1257.0
1249.0
1243.0
1252.0
1252.0
1255.0
1256.0
1240.0
1271.0
1277.0
1278.0
1270.0
1288.0
1284.0
1294.0
1295.0
1296.0
1293.0
1294.0
1291.0
1294.0
1315.0
1302.0
1308.0
1306.0
1325.0
1322.0
1326.0
1330.0
1358.0
1358.0
1349.0
1350.0
1378.0
1379.0
1368.0
1373.0
1398.0
1380.0
1397.0
1390.0
1384.0
1381.0
1399.0
1390.0
1399.0
1406.0
1405.0
1418.0
1402.0
1407.0
1427.0
1420.0
1435.0
1433.0
1430.0
1420.0
1438.0
1437.0
1428.0
1456.0
1450.0
1445.0
1450.0
1468.0
1467.0
1472.0
1478.0
1464.0
1474.0
1470.0
1460.0
1473.0
1488.0
1485.0
1482.0
1499.0
1491.0
1485.0
1487.0
1484.0
1480.0
1511.0
1505.0
1513.0
1506.0
1515.0
1510.0
1514.0
1512.0
1514.0
1527.0
1538.0
1528.0
1535.0
1544.0
1552.0
1579.0
1560.0
1564.0
1563.0
1575.0
1574.0
1567.0
1577.0
1578.0
1596.0
1580.0
1589.0
1588.0
1597.0
1595.0
1591.0
1599.0
1594.0
1618.0
1600.0
1618.0
1609.0
1631.0
1624.0
1634.0
1631.0
1651.0
1650.0
1656.0
1659.0
1667.0
1674.0
1670.0
1661.0
1685.0
1696.0
1697.0
1695.0
1681.0
1698.0
1686.0
1696.0
1696.0
1715.0
1713.0
1714.0
1702.0
1715.0
1705.0
1709.0
1715.0
1700.0
1730.0
1731.0
1727.0
1727.0
1720.0
1732.0
1722.0
1729.0
1722.0
1748.0
1752.0
1747.0
1758.0
1748.0
1749.0
1759.0
1753.0
1742.0
1761.0
1763.0
1764.0
1760.0
1787.0
1780.0
1788.0
1781.0
1810.0
1818.0
1822.0
1836.0
1834.0
1821.0
1824.0
1827.0
1835.0
1838.0
1833.0
1841.0
1846.0
1858.0
1842.0
1849.0
1855.0
1842.0
1847.0
1843.0
1867.0
1875.0
1863.0
1872.0
1878.0
1873.0
1872.0
1876.0
1875.0
1896.0
1886.0
1886.0
1888.0
1912.0
1916.0
1919.0
1918.0
1901.0
1910.0
1907.0
1907.0
1900.0
1932.0
1931.0
1933.0
1926.0
1953.0
1945.0
1977.0
1978.0
1973.0
1978.0
1969.0
1963.0
1971.0
1963.0
1979.0
1981.0
1983.0
1994.0
1980.0
1984.0
1983.0
1994.0
1984.0
1985.0
