3.0
14.0
7.0
6.0
11.0
2.0
0.0
5.0
14.0
19.0
6.0
19.0
5.0
11.0
2.0
8.0
7.0
5.0
5.0
28.0
38.0
21.0
20.0
25.0
28.0
24.0
21.0
30.0
50.0
52.0
40.0
49.0
51.0
49.0
53.0
51.0
46.0
74.0
78.0
77.0
60.0
78.0
78.0
69.0
65.0
62.0
81.0
90.0
90.0
94.0
110.0
110.0
118.0
104.0
135.0
128.0
134.0
131.0
142.0
157.0
152.0
153.0
144.0
159.0
140.0
148.0
152.0
148.0
153.0
159.0
145.0
147.0
145.0
159.0
141.0
153.0
147.0
162.0
167.0
172.0
160.0
166.0
162.0
171.0
176.0
178.0
193.0
196.0
188.0
193.0
185.0
187.0
198.0
186.0
185.0
214.0
208.0
202.0
207.0
219.0
216.0
202.0
207.0
202.0
224.0
230.0
231.0
232.0
245.0
254.0
255.0
251.0
254.0
248.0
241.0
254.0
245.0
264.0
261.0
277.0
265.0
272.0
266.0
267.0
267.0
272.0
298.0
289.0
285.0
291.0
307.0
312.0
301.0
306.0
313.0
305.0
305.0
306.0
309.0
322.0
324.0
323.0
323.0
336.0
332.0
334.0
336.0
321.0
344.0
344.0
353.0
354.0
348.0
358.0
353.0
344.0
356.0
374.0
372.0
378.0
377.0
391.0
388.0
387.0
385.0
390.0
398.0
394.0
382.0
382.0
402.0
427.0
420.0
420.0
436.0
427.0
424.0
438.0
434.0
420.0
448.0
444.0
451.0
447.0
469.0
478.0
473.0
461.0
487.0
499.0
481.0
497.0
509.0
504.0
519.0
512.0
507.0
519.0
519.0
507.0
519.0
523.0
531.0
539.0
524.0
527.0
532.0
527.0
530.0
531.0
559.0
542.0
554.0
550.0
540.0
554.0
555.0
559.0
542.0
560.0
578.0
596.0
593.0
598.0
593.0
588.0
591.0
581.0
582.0
584.0
600.0
614.0
604.0
611.0
617.0
605.0
608.0
607.0
601.0
627.0
627.0
634.0
639.0
622.0
632.0
625.0
637.0
623.0
642.0
651.0
656.0
644.0
660.0
678.0
667.0
668.0
671.0
679.0
660.0
664.0
665.0
695.0
689.0
692.0
686.0
688.0
693.0
699.0
682.0
698.0
706.0
704.0
719.0
718.0
700.0
701.0
710.0
712.0
700.0
724.0
737.0
732.0
721.0
737.0
738.0
739.0
730.0
729.0
753.0
751.0
757.0
755.0
751.0
759.0
757.0
748.0
757.0
762.0
767.0
778.0
764.0
765.0
771.0
767.0
773.0
768.0
766.0
761.0
774.0
768.0
771.0
769.0
778.0
768.0
763.0
778.0
792.0
782.0
794.0
781.0
786.0
780.0
790.0
783.0
795.0
795.0
797.0
781.0
799.0
789.0
790.0
784.0
793.0
785.0
781.0
785.0
780.0
784.0
789.0
787.0
799.0
783.0
785.0
796.0
785.0
790.0
795.0
798.0
794.0
780.0
798.0
799.0
789.0
791.0
786.0
792.0
784.0
783.0
797.0
798.0
795.0
787.0
791.0
798.0
793.0
804.0
808.0
814.0
811.0
806.0
815.0
803.0
806.0
809.0
810.0
810.0
803.0
807.0
810.0
811.0
805.0
815.0
815.0
808.0
814.0
816.0
804.0
817.0
802.0
818.0
812.0
805.0
810.0
808.0
816.0
804.0
815.0
804.0
807.0
818.0
803.0
812.0
810.0
807.0
805.0
810.0
815.0
801.0
806.0
802.0
818.0
812.0
804.0
810.0
827.0
833.0
836.0
837.0
838.0
836.0
822.0
826.0
823.0
827.0
837.0
837.0
838.0
822.0
827.0
836.0
835.0
822.0
821.0
854.0
859.0
851.0
851.0
849.0
852.0
852.0
849.0
848.0
853.0
846.0
856.0
846.0
855.0
858.0
853.0
853.0
858.0
855.0
847.0
857.0
843.0
856.0
844.0
850.0
852.0
846.0
841.0
857.0
856.0
840.0
843.0
854.0
852.0
848.0
857.0
856.0
857.0
856.0
858.0
858.0
849.0
856.0
858.0
854.0
849.0
858.0
848.0
844.0
842.0
846.0
857.0
856.0
854.0
852.0
859.0
858.0
842.0
845.0
867.0
867.0
875.0
862.0
873.0
867.0
869.0
872.0
868.0
860.0
865.0
862.0
863.0
870.0
876.0
875.0
867.0
867.0
874.0
863.0
867.0
866.0
867.0
865.0
865.0
870.0
870.0
865.0
865.0
877.0
875.0
872.0
873.0
879.0
860.0
864.0
872.0
879.0
865.0
877.0
863.0
879.0
864.0
861.0
877.0
860.0
868.0
875.0
862.0
882.0
887.0
897.0
889.0
899.0
880.0
881.0
886.0
888.0
889.0
883.0
898.0
898.0
895.0
887.0
897.0
893.0
882.0
888.0
883.0
882.0
888.0
880.0
894.0
891.0
881.0
889.0
889.0
896.0
914.0
914.0
901.0
918.0
914.0
908.0
906.0
919.0
919.0
905.0
916.0
900.0
908.0
914.0
912.0
902.0
904.0
912.0
900.0
922.0
938.0
920.0
936.0
926.0
921.0
933.0
931.0
933.0
928.0
927.0
927.0
923.0
934.0
933.0
936.0
931.0
939.0
929.0
941.0
958.0
949.0
940.0
954.0
943.0
949.0
947.0
946.0
960.0
975.0
978.0
961.0
975.0
986.0
988.0
988.0
991.0
992.0
990.0
981.0
990.0
992.0
997.0
998.0
996.0
980.0
987.0
992.0
988.0
982.0
995.0
988.0
997.0
989.0
986.0
995.0
992.0
980.0
998.0
990.0
992.0
987.0
1008.0
1018.0
1014.0
1002.0
1004.0
1001.0
1011.0
1019.0
1007.0
1016.0
1015.0
1009.0
1018.0
1002.0
1002.0
1000.0
1013.0
1006.0
1009.0
1017.0
1006.0
1010.0
1003.0
1004.0
1015.0
1012.0
1010.0
1012.0
1001.0
1035.0
1025.0
1039.0
1035.0
1028.0
1029.0
1034.0
1022.0
1035.0
1028.0
1020.0
1030.0
1037.0
1024.0
1033.0
1030.0
1037.0
1025.0
1028.0
1023.0
1030.0
1020.0
1034.0
1020.0
1031.0
1039.0
1037.0
1030.0
1026.0
1052.0
1052.0
1044.0
1057.0
1048.0
1041.0
1052.0
1056.0
1057.0
1051.0
1052.0
1049.0
1052.0
1057.0
1066.0
1061.0
1060.0
1075.0
1077.0
1078.0
1074.0
1067.0
1060.0
1095.0
1090.0
1080.0
1096.0
1099.0
1096.0
1088.0
1091.0
1096.0
1089.0
1094.0
1093.0
1081.0
1080.0
1083.0
1081.0
1091.0
1093.0
1082.0
1112.0
1111.0
1114.0
1107.0
1113.0
1111.0
1110.0
1119.0
1116.0
1110.0
1108.0
1105.0
1115.0
1112.0
1104.0
1107.0
1116.0
1105.0
1115.0
1100.0
1113.0
1112.0
1101.0
1111.0
1107.0
1117.0
1101.0
1103.0
1111.0
1134.0
1121.0
1134.0
1129.0
1127.0
1138.0
1129.0
1139.0
1137.0
1131.0
1124.0
1130.0
1120.0
1139.0
1127.0
1138.0
1123.0
1133.0
1124.0
1123.0
1125.0
1127.0
1122.0
1130.0
1135.0
1134.0
1139.0
1127.0
1125.0
1140.0
1141.0
1158.0
1144.0
1143.0
1146.0
1153.0
1159.0
1145.0
1164.0
1168.0
1177.0
1163.0
1169.0
1173.0
1174.0
1177.0
1164.0
1199.0
1194.0
1184.0
1182.0
1207.0
1205.0
1210.0
1219.0
1211.0
1213.0
1208.0
1204.0
1216.0
1228.0
1223.0
1220.0
1225.0
1223.0
1223.0
1227.0
1231.0
1232.0
1245.0
1250.0
1252.0
1248.0
1244.0
1243.0
1245.0
1244.0
1247.0
1245.0
1244.0
1251.0
1251.0
1246.0
1251.0
1245.0
1242.0
1248.0
1245.0
1271.0
1267.0
1278.0
1270.0
1263.0
1274.0
1269.0
1260.0
1260.0
1284.0
1285.0
1290.0
1285.0
1310.0
1318.0
1338.0
1322.0
1337.0
1330.0
1353.0
1343.0
1351.0
1353.0
1348.0
1349.0
1346.0
1357.0
1340.0
1360.0
1370.0
1369.0
1379.0
1386.0
1392.0
1392.0
1392.0
1384.0
1396.0
1389.0
1382.0
1399.0
1414.0
1405.0
1410.0
1416.0
1436.0
1433.0
1421.0
1436.0
1429.0
1436.0
1437.0
1423.0
1426.0
1458.0
1440.0
1442.0
1445.0
1455.0
1459.0
1457.0
1451.0
1450.0
1473.0
1476.0
1472.0
1464.0
1473.0
1461.0
1467.0
1472.0
1464.0
1482.0
1483.0
1493.0
1495.0
1489.0
1512.0
1507.0
1510.0
1510.0
1509.0
1516.0
1501.0
1517.0
1517.0
1533.0
1528.0
1536.0
1532.0
1533.0
1522.0
1527.0
1537.0
1529.0
1544.0
1555.0
1550.0
1545.0
1577.0
1576.0
1579.0
1563.0
1586.0
1594.0
1586.0
1599.0
1603.0
1609.0
1604.0
1609.0
1639.0
1633.0
1637.0
1635.0
1621.0
1627.0
1625.0
1639.0
1622.0
1647.0
1653.0
1658.0
1659.0
1649.0
1645.0
1659.0
1654.0
1655.0
1679.0
1664.0
1661.0
1666.0
1695.0
1683.0
1682.0
1685.0
1688.0
1689.0
1696.0
1693.0
1686.0
1719.0
1702.0
1702.0
1716.0
1715.0
1702.0
1704.0
1701.0
1714.0
1733.0
1722.0
1734.0
1729.0
1726.0
1738.0
1734.0
1735.0
1738.0
1751.0
1756.0
1754.0
1756.0
1768.0
1763.0
1773.0
1771.0
1794.0
1809.0
1807.0
1816.0
1802.0
1810.0
1817.0
1811.0
1808.0
1813.0
1837.0
1824.0
1838.0
1832.0
1835.0
1823.0
1829.0
1831.0
1829.0
1847.0
1848.0
1843.0
1853.0
1861.0
1873.0
1870.0
1865.0
1863.0
1861.0
1865.0
1876.0
1866.0
1887.0
1886.0
1897.0
1895.0
1911.0
1908.0
1936.0
1931.0
1927.0
1928.0
1926.0
1928.0
1933.0
1936.0
1923.0
1947.0
1954.0
1956.0
1947.0
1956.0
1940.0
1952.0
1957.0
1955.0
1962.0
1968.0
1976.0
1960.0
1980.0
1994.0
1990.0
1982.0
1999.0
1990.0
1984.0
1999.0
1994.0
