4.0
8.0
5.0
1.0
20.0
28.0
38.0
34.0
40.0
43.0
63.0
66.0
78.0
77.0
63.0
79.0
63.0
66.0
77.0
94.0
96.0
84.0
84.0
81.0
86.0
90.0
82.0
88.0
105.0
114.0
109.0
104.0
119.0
116.0
111.0
118.0
112.0
130.0
134.0
133.0
136.0
144.0
140.0
158.0
152.0
157.0
141.0
157.0
153.0
143.0
142.0
156.0
159.0
155.0
148.0
143.0
143.0
159.0
145.0
146.0
154.0
159.0
148.0
146.0
143.0
140.0
147.0
144.0
156.0
152.0
173.0
168.0
164.0
164.0
178.0
177.0
177.0
166.0
168.0
188.0
189.0
199.0
183.0
197.0
190.0
191.0
197.0
198.0
192.0
198.0
193.0
192.0
180.0
184.0
186.0
185.0
190.0
197.0
219.0
200.0
217.0
218.0
225.0
230.0
224.0
221.0
226.0
227.0
225.0
229.0
223.0
259.0
248.0
279.0
275.0
266.0
278.0
286.0
293.0
284.0
282.0
294.0
280.0
286.0
297.0
294.0
319.0
306.0
304.0
314.0
312.0
309.0
317.0
316.0
300.0
328.0
335.0
327.0
338.0
322.0
339.0
331.0
321.0
338.0
358.0
347.0
358.0
340.0
347.0
351.0
346.0
357.0
352.0
370.0
362.0
369.0
372.0
393.0
390.0
380.0
392.0
415.0
407.0
416.0
415.0
402.0
411.0
416.0
407.0
413.0
431.0
428.0
428.0
425.0
457.0
459.0
449.0
440.0
459.0
453.0
459.0
442.0
450.0
477.0
464.0
464.0
468.0
478.0
469.0
460.0
472.0
460.0
492.0
488.0
492.0
498.0
487.0
498.0
485.0
485.0
480.0
518.0
513.0
506.0
512.0
536.0
522.0
522.0
528.0
530.0
531.0
531.0
521.0
535.0
556.0
543.0
546.0
545.0
559.0
544.0
557.0
546.0
542.0
567.0
564.0
567.0
568.0
568.0
560.0
570.0
562.0
564.0
591.0
594.0
588.0
593.0
598.0
582.0
598.0
588.0
585.0
618.0
619.0
636.0
622.0
628.0
639.0
624.0
631.0
639.0
639.0
622.0
640.0
641.0
652.0
653.0
651.0
646.0
642.0
650.0
644.0
674.0
679.0
667.0
668.0
674.0
665.0
667.0
671.0
679.0
688.0
699.0
699.0
699.0
687.0
699.0
687.0
696.0
694.0
709.0
705.0
716.0
705.0
700.0
717.0
700.0
704.0
711.0
728.0
728.0
739.0
720.0
729.0
747.0
744.0
746.0
753.0
754.0
740.0
754.0
752.0
755.0
757.0
746.0
747.0
753.0
740.0
754.0
757.0
750.0
747.0
741.0
748.0
750.0
744.0
744.0
743.0
750.0
746.0
747.0
745.0
756.0
754.0
744.0
744.0
747.0
754.0
743.0
758.0
740.0
759.0
746.0
743.0
756.0
741.0
754.0
742.0
747.0
756.0
745.0
745.0
756.0
750.0
758.0
744.0
744.0
740.0
759.0
751.0
759.0
757.0
747.0
771.0
777.0
776.0
778.0
779.0
776.0
769.0
763.0
762.0
773.0
760.0
774.0
774.0
779.0
770.0
779.0
760.0
769.0
762.0
763.0
767.0
765.0
778.0
765.0
765.0
767.0
775.0
763.0
765.0
772.0
767.0
772.0
767.0
764.0
762.0
760.0
773.0
765.0
773.0
770.0
770.0
761.0
774.0
761.0
779.0
772.0
763.0
767.0
762.0
797.0
785.0
785.0
788.0
782.0
791.0
782.0
786.0
797.0
797.0
782.0
785.0
792.0
786.0
796.0
798.0
787.0
799.0
794.0
790.0
796.0
793.0
788.0
790.0
780.0
799.0
794.0
795.0
787.0
812.0
815.0
815.0
807.0
814.0
816.0
819.0
805.0
805.0
818.0
800.0
814.0
816.0
816.0
811.0
818.0
817.0
810.0
807.0
808.0
809.0
816.0
815.0
804.0
804.0
811.0
801.0
812.0
817.0
834.0
829.0
820.0
826.0
825.0
839.0
836.0
833.0
829.0
832.0
838.0
825.0
839.0
832.0
835.0
838.0
839.0
831.0
835.0
857.0
853.0
854.0
853.0
841.0
850.0
842.0
857.0
846.0
869.0
862.0
863.0
869.0
878.0
870.0
865.0
878.0
866.0
890.0
894.0
886.0
891.0
888.0
893.0
897.0
885.0
899.0
884.0
892.0
898.0
886.0
885.0
890.0
896.0
887.0
884.0
885.0
883.0
884.0
885.0
893.0
891.0
895.0
889.0
882.0
881.0
898.0
888.0
882.0
895.0
887.0
886.0
880.0
888.0
898.0
896.0
895.0
898.0
898.0
896.0
891.0
883.0
897.0
895.0
890.0
884.0
898.0
919.0
912.0
904.0
911.0
903.0
906.0
913.0
916.0
916.0
900.0
916.0
910.0
903.0
904.0
918.0
900.0
918.0
914.0
913.0
933.0
932.0
926.0
939.0
927.0
923.0
934.0
935.0
932.0
939.0
939.0
922.0
934.0
939.0
920.0
930.0
936.0
936.0
938.0
938.0
931.0
923.0
927.0
925.0
921.0
937.0
936.0
923.0
922.0
949.0
956.0
950.0
948.0
959.0
943.0
959.0
949.0
940.0
962.0
962.0
973.0
972.0
963.0
972.0
964.0
964.0
969.0
974.0
972.0
974.0
977.0
964.0
970.0
961.0
962.0
965.0
978.0
963.0
972.0
969.0
969.0
979.0
973.0
972.0
971.0
963.0
970.0
967.0
974.0
967.0
977.0
960.0
965.0
969.0
965.0
962.0
967.0
984.0
999.0
985.0
996.0
996.0
988.0
985.0
989.0
999.0
1009.0
1016.0
1009.0
1015.0
1012.0
1018.0
1004.0
1008.0
1010.0
1026.0
1025.0
1032.0
1025.0
1034.0
1032.0
1038.0
1023.0
1021.0
1039.0
1021.0
1032.0
1029.0
1032.0
1023.0
1036.0
1031.0
1030.0
1035.0
1034.0
1026.0
1035.0
1035.0
1036.0
1025.0
1033.0
1036.0
1027.0
1030.0
1049.0
1052.0
1050.0
1044.0
1049.0
1046.0
1041.0
1048.0
1046.0
1042.0
1053.0
1054.0
1040.0
1059.0
1054.0
1054.0
1043.0
1049.0
1047.0
1053.0
1042.0
1049.0
1042.0
1045.0
1041.0
1043.0
1057.0
1045.0
1053.0
1043.0
1048.0
1040.0
1050.0
1045.0
1046.0
1042.0
1057.0
1053.0
1058.0
1066.0
1078.0
1070.0
1072.0
1076.0
1060.0
1061.0
1069.0
1068.0
1070.0
1079.0
1077.0
1067.0
1062.0
1070.0
1073.0
1073.0
1067.0
1064.0
1075.0
1063.0
1065.0
1062.0
1063.0
1062.0
1079.0
1068.0
1067.0
1065.0
1092.0
1087.0
1090.0
1097.0
1087.0
1081.0
1091.0
1084.0
1099.0
1099.0
1093.0
1092.0
1092.0
1091.0
1085.0
1083.0
1094.0
1087.0
1097.0
1105.0
1119.0
1115.0
1114.0
1110.0
1101.0
1111.0
1109.0
1104.0
1104.0
1103.0
1119.0
1113.0
1110.0
1104.0
1119.0
1114.0
1108.0
1115.0
1112.0
1119.0
1111.0
1100.0
1112.0
1107.0
1114.0
1118.0
1118.0
1103.0
1125.0
1133.0
1122.0
1123.0
1134.0
1137.0
1138.0
1130.0
1126.0
1121.0
1122.0
1134.0
1136.0
1135.0
1128.0
1135.0
1129.0
1123.0
1134.0
1156.0
1144.0
1148.0
1153.0
1149.0
1150.0
1143.0
1149.0
1159.0
1154.0
1145.0
1147.0
1146.0
1140.0
1150.0
1158.0
1144.0
1140.0
1148.0
1174.0
1166.0
1162.0
1162.0
1168.0
1178.0
1160.0
1161.0
1160.0
1196.0
1191.0
1196.0
1194.0
1198.0
1195.0
1188.0
1186.0
1190.0
1199.0
1199.0
1199.0
1180.0
1181.0
1187.0
1187.0
1196.0
1194.0
1197.0
1214.0
1210.0
1208.0
1212.0
1209.0
1200.0
1217.0
1205.0
1216.0
1211.0
1207.0
1211.0
1207.0
1213.0
1214.0
1203.0
1212.0
1210.0
1211.0
1238.0
1228.0
1229.0
1236.0
1233.0
1224.0
1234.0
1230.0
1228.0
1245.0
1244.0
1244.0
1253.0
1261.0
1261.0
1262.0
1270.0
1277.0
1278.0
1263.0
1274.0
1271.0
1291.0
1293.0
1294.0
1282.0
1294.0
1282.0
1290.0
1292.0
1295.0
1311.0
1307.0
1312.0
1307.0
1335.0
1329.0
1324.0
1329.0
1339.0
1321.0
1328.0
1334.0
1337.0
1342.0
1341.0
1354.0
1351.0
1370.0
1378.0
1378.0
1361.0
1393.0
1392.0
1388.0
1380.0
1382.0
1395.0
1383.0
1398.0
1393.0
1416.0
1400.0
1416.0
1403.0
1414.0
1403.0
1416.0
1405.0
1411.0
1434.0
1422.0
1431.0
1421.0
1438.0
1425.0
1423.0
1439.0
1436.0
1451.0
1441.0
1456.0
1457.0
1459.0
1456.0
1456.0
1440.0
1443.0
1469.0
1468.0
1479.0
1474.0
1482.0
1488.0
1492.0
1484.0
1489.0
1489.0
1486.0
1496.0
1487.0
1515.0
1518.0
1532.0
1523.0
1536.0
1529.0
1554.0
1548.0
1552.0
1551.0
1568.0
1578.0
1570.0
1574.0
1588.0
1583.0
1594.0
1585.0
1605.0
1614.0
1610.0
1615.0
1612.0
1611.0
1618.0
1614.0
1603.0
1627.0
1639.0
1637.0
1635.0
1655.0
1644.0
1641.0
1641.0
1644.0
1640.0
1641.0
1655.0
1659.0
1668.0
1672.0
1667.0
1673.0
1679.0
1676.0
1673.0
1668.0
1673.0
1662.0
1667.0
1665.0
1679.0
1674.0
1673.0
1676.0
1677.0
1671.0
1670.0
1685.0
1687.0
1687.0
1695.0
1690.0
1696.0
1692.0
1688.0
1686.0
1694.0
1687.0
1688.0
1686.0
1688.0
1680.0
1686.0
1691.0
1686.0
1686.0
1707.0
1714.0
1728.0
1734.0
1727.0
1738.0
1746.0
1753.0
1751.0
1755.0
1778.0
1779.0
1779.0
1769.0
1798.0
1791.0
1786.0
1796.0
1794.0
1799.0
1780.0
1786.0
1798.0
1816.0
1808.0
1805.0
1812.0
1802.0
1818.0
1808.0
1810.0
1814.0
1836.0
1820.0
1822.0
1829.0
1839.0
1831.0
1837.0
1824.0
1832.0
1845.0
1861.0
1874.0
1868.0
1877.0
1867.0
1869.0
1869.0
1864.0
1863.0
1892.0
1894.0
1897.0
1888.0
1890.0
1895.0
1889.0
1894.0
1895.0
1884.0
1896.0
1898.0
1889.0
1896.0
1895.0
1891.0
1883.0
1892.0
1890.0
1904.0
1910.0
1911.0
1902.0
1906.0
1910.0
1915.0
1906.0
1905.0
1921.0
1931.0
1928.0
1930.0
1932.0
1935.0
1936.0
1938.0
1924.0
1948.0
1955.0
1951.0
1940.0
1954.0
1958.0
1945.0
1959.0
1949.0
1955.0
1957.0
1944.0
1946.0
1957.0
1952.0
1952.0
1954.0
1948.0
1942.0
1972.0
1967.0
1998.0
1993.0
1980.0
1993.0
1984.0
1997.0
1992.0
1992.0
1989.0
