30706
30968
32863
35936
38936
51665
51683
51748
51910
52077
52162
52399
52481
52661
52848
53087
53123
53301
53376
53753
53799
55176
55185
55258
55306
55518
55571
56273
56712
56848
57469
57562
58048
58055
58110
58540
58720
58844
58870
58944
58961
58998
59162
60007
60585
61554
61758
62223
202325
211786
243777
243856
243983
244015
244086
244336
244390
245280
245602
245725
245791
246014
246534
246566
246780
246815
246823
247370
247532
247639
247936
248491
249092
249139
249407
249877
250000
250411
250628
250807
251078
251171
251370
251595
251933
252527
252666
252733
253446
253833
253889
254370
254508
254597
254767
254786
254857
254888
254935
255026
255055
255135
255337
255852
255924
256267
256303
256745
292999
298714
312753
323485
323575
323655
324678
325229
325318
326047
326435
327255
327912
328519
329386
329673
330008
330849
332782
333101
333397
333790
334232
334319
334323
334564
334640
428802
430237
431927
433219
439393
442133
549977
567717
567828
567878
568124
568187
569474
569816
569873
571168
571714
572021
572787
573270
573383
573395
573451
574588
574690
574834
575561
575828
576597
576637
576689
576697
576830
577197
577380
577417
577446
577703
577772
577999
613233
623872
624159
625069
626440
627114
627170
627640
627823
628374
628911
628970
629846
630247
630248
631841
632125
632365
633929
634167
634478
635055
635518
758013
761300
770930
772408
774020
817345
819581
819920
821066
822442
822682
822701
822951
822985
823652
824148
824270
824367
824450
824665
824854
824991
825075
825254
825287
826587
826793
827266
827429
827692
828310
828616
828868
829985
830098
830317
830385
830612
830632
830841
831191
831547
831742
831881
832119
832159
832263
832419
833171
833578
834133
834160
834311
834497
835040
835778
836278
836438
836627
837230
837815
838464
838639
1036593
1037156
1038507
1039866
1042201
1046440
1049603
1050309
1106626
1107226
1108284
1108383
1110872
1111903
1111944
1112920
1113877
1115696
1116278
1129604
1187046
1187104
1188725
1189391
1191207
1192463
1196545
1197672
1197700
1197841
1199520
1200055
1201929
1232015
1499669
1499748
1500274
1500328
1500384
1500451
1501172
1501221
1501355
1501582
1501758
1501811
1501901
1502429
1502694
1502779
1502957
1502966
1503393
1504014
1504183
1504418
1504501
1504529
1504803
1504819
1505017
1505132
1506026
1506235
1506566
1507184
1507365
1507561
1507596
1507844
1508035
1508052
1508143
1508149
1508303
1508323
1508403
1508650
1508724
1509425
1509525
1509917
1510153
1510167
1510217
1510586
1511285
1511366
1511392
1511597
1511676
1511763
1511944
1512020
1512034
1518184
1626893
1652063
1652369
1652520
1652663
1653229
1653405
1654308
1654368
1654875
1655412
1656390
1656667
1656842
1656862
1657773
1658708
1660413
1661028
1661080
1661287
1661608
1661895
1662674
1662877
1663171
1663403
1664057
1664261
1664466
1664970
1665118
1665178
1665399
1666833
1667280
1667973
1668124
1668203
1670471
1670559
1670827
1729391
1735012
1872212
1873905
1882439
1956139
1962613
1966145
1966192
1992876
1992976
1993253
1993256
1993579
1994322
1994559
1994573
1995058
1995170
1995184
1995212
1995688
1995777
1996028
1996274
1996385
1996974
1997003
1997013
1997044
1997394
1997962
1998011
1998114
1998255
1998302
1998701
1999073
1999892
2001311
2002046
2002209
2002771
2002922
2003127
2003138
2003313
2003779
2004232
2004284
2004298
2004880
2004911
2004958
2005380
2005455
2005474
2019347
2024088
2034884
2037226
2037364
2040217
2040891
2041056
2041262
2042957
2042994
2043478
2043518
2044005
2044092
2044865
2045273
2046222
2047016
2047464
2047814
2090991
2174977
2182478
2183725
2184546
2188528
2189479
2189560
2203425
2204728
2207185
2207911
2208912
2209044
2209204
2209639
2209905
2210207
2210290
2211371
2211713
2211996
2212023
2217361
2217577
2219567
2219630
2219970
2238356
2238722
2238847
2238904
2238994
2239495
2239572
2240621
2241328
2241715
2242609
2243282
2243499
2243940
2243956
2243993
2244096
2244149
2244305
2244527
2244887
2244929
2244948
2245150
2245373
2245578
2245740
2245770
2246153
2246252
2246676
2247398
2248021
2248212
2248555
2248869
2249061
2249760
2250049
2250573
2251292
2251337
2251432
2251976
2252551
2252695
2252732
2252772
2252979
2253116
2253163
2253662
2253834
2253861
2254103
2254545
2254954
2255039
2255103
2255206
2255217
2255238
2255280
2255610
2256397
2256514
2256543
2257198
2274061
2278304
2335012
2340723
2344096
2367294
2367411
2368482
2369218
2369601
2370535
2370768
2371007
2371507
2371842
2372012
2372377
2372451
2372995
2373161
2373917
2374267
2374318
2374365
2374738
2374906
2375410
2375607
2375931
2376343
2376445
2376594
2376629
2376759
2376803
2376982
2377246
2378243
2379039
2379080
2379385
2447371
2448374
2449887
2449895
2451274
2451350
2451367
2451734
2451870
2451926
2451954
2452834
2453097
2454707
2454786
2455687
2455787
2455928
2456016
2456099
2456101
2456532
2456644
2457644
2457998
2458125
2458463
2458550
2459042
2459204
2459709
2460630
2461434
2461544
2461620
2461758
2461847
2461956
2461984
2462229
2462271
2462462
2462670
2462731
2463092
2463888
2464415
2464867
2465128
2497978
2515678
2516547
2585594
2586376
2586719
2586989
2587588
2587660
2588655
2589306
2591347
2593952
2594117
2594207
2594335
2594446
2594597
2594819
2604054
2604588
2632510
2632782
2633656
2634889
2635437
2635671
2635944
2636500
2636787
2637095
2637194
2637209
2637339
2637640
2637756
2638037
2638073
2638229
2639343
2639385
2639525
2640016
2640920
2641251
2641579
2641949
2642279
2642291
2642312
2642374
2642474
2642669
2642725
2653111
2742727
2742817
2743109
2746265
2746575
2746657
2746949
2747130
2747755
2748987
2749884
2750832
2751333
2752427
2752523
2752709
2753444
2753602
2753885
2754194
2754494
2755389
2756045
2756151
2756286
2756373
2756437
2756617
2780580
2792979
2811499
2826846
2835851
2837030
2837947
2837956
2838055
2839666
2839816
2840389
2840763
2841055
2841545
2841781
2842074
2842464
2842715
2843419
2843824
2843984
2844332
2844893
2845418
2845528
2845753
2846222
2846326
2846799
2846863
2847145
2848122
2848152
2848679
2848844
2848881
2851071
2851452
2851689
2851838
2851915
2852698
2853424
2854469
2854499
2855221
2855514
2855878
2856220
2856233
2856437
2856647
2856910
2857131
2858310
2859362
2859393
2860032
2860150
2860272
2860402
2860927
2861028
2861844
2862035
2862271
2862435
2862912
2862994
2864137
2864639
2864743
2865105
2883790
2883981
2883992
2884070
2884118
2884214
2884309
2884336
2884550
2885167
2885869
2885948
2886268
2886347
2886595
2886867
2887051
2887145
2887407
2887820
2888239
2888315
2889100
2889448
2889571
2890073
2890305
2890574
2891086
2891488
2891955
2892040
2892310
2892451
2892889
2892920
2893089
2893418
2893441
2894018
2894231
2894381
2894849
2895018
2895442
2895870
2895939
2896259
2896403
2896506
2896579
2896659
2896807
2896867
2896952
2897934
2897949
2897960
2898187
2898643
2899055
2899586
2900005
2900655
2900867
2901708
2902132
2902281
2902475
2902900
2902963
2903944
2904177
2904341
2904477
2904732
2905525
2905537
2905556
2905886
2906672
2907216
2907248
2907368
2907393
2907776
2907853
2907899
2908084
2909056
2909144
2909246
2909582
2909655
2910000
2910021
2910043
2910457
2910957
2911037
2911499
2911542
2912086
2912513
2912693
2940636
2941116
2945262
2945303
2950608
2951254
3020941
3030493
3049125
3051384
3051555
3052102
3052725
3053294
3053764
3053864
3055294
3055447
3055724
3055898
3057700
3058659
3059726
3090540
3092073
3092161
3093004
3093194
3093456
3093915
3093965
3094227
3094747
3095962
3096474
3097139
3097624
3097650
3097750
3097987
3098632
3099305
3099643
3099835
3101279
3101280
3101443
3101718
3101992
3102147
3102520
3103011
3103094
3104137
3105040
3105663
3106837
3108260
3108924
3109363
3109904
3110287
3110489
3110908
3111431
3112256
3112822
3112992
3113160
3113200
3113512
3113520
3113654
3114045
3114871
3114950
3115537
3116421
3117485
3118778
3119092
3138456
3138987
3139839
3140018
3140733
3141769
3142928
3143859
3146608
3147175
3176232
3177687
3177707
3178145
3179295
3179501
3180490
3182887
3183803
3185378
3185524
3186178
3186216
3187207
3187321
3189283
3189458
3189884
3190231
3191311
3191317
3191638
3192407
3192617
3192685
3192868
3193382
3193419
3193618
3193706
3193923
3193951
3193997
3194290
3194595
3194624
3194786
3194820
3194880
3194912
3195026
3195159
3195366
3196750
3196773
3197116
3197589
3197606
3197925
3198060
3198234
3198724
3199203
3199207
3199515
3199538
3199717
3199823
3200704
3200959
3201554
3201694
3202349
3203094
3203151
3203296
3203351
3203391
3203409
3203926
3203930
3203989
3203993
3204158
3204389
3204551
3204974
3205022
3323099
3323239
3323349
3323515
3323595
3323708
3323797
3324015
3324442
3324672
3324728
3325036
3325181
3325293
3325559
3325605
3325909
3326063
3326185
3326258
3326304
3326782
3326804
3327066
3327458
3327535
3327653
3327806
3327943
3328297
3328367
3328621
3328664
3329994
3330254
3330514
3330631
3330695
3331081
3331422
3331511
3331556
3331753
3332232
3332259
3332293
3332514
3332998
3333062
3333204
3333347
3333443
3333544
3333838
3333877
3333941
3334936
3334956
3354084
3357096
3359455
3359946
3361266
3361966
3362562
3366652
3368882
3382432
3382526
3382626
3382663
3382794
3382831
3382880
3383112
3383605
3384040
3384152
3384749
3385142
3385426
3386554
3387298
3387853
3387942
3388296
3388927
3389015
3389186
3389244
3389594
3389668
3389779
3389786
3390149
3390698
3390925
3390993
3391047
3392714
3393067
3393499
3394016
3394396
3396407
3399283
3400707
3405057
3405132
3405395
3405796
3406559
3421788
3422074
3422527
3423613
3424909
3425107
3426418
3426864
3427767
3429427
3429449
3430838
3430881
3431833
3432786
3434625
3436067
3436401
3437893
3438025
3439118
3439534
3440248
3447647
3492471
3492526
3492558
3493052
3493204
3493303
3493331
3493461
3494113
3494491
3494940
3495302
3495479
3495886
3495973
3496084
3496591
3497448
3497506
3498022
3498114
3498160
3498792
3498850
3499366
3499482
3499564
3499768
3499925
3499927
3500068
3500402
3500571
3500811
3501628
3501663
3501832
3501884
3502251
3504138
3504169
3504832
3505366
3518666
3518755
3535890
3552819
3553099
3553377
3553384
3553941
3554285
3554398
3554673
3554773
3554822
3555059
3555788
3556914
3557004
3557168
3557499
3557733
3558195
3558363
3558638
3558670
3558945
3559120
3559417
3559763
3560178
3560717
3560982
3561150
3561781
3561905
3561911
3562412
3563762
3563762
3564188
3564252
3564461
3565096
3565575
3565588
3565614
3565825
3566054
3566118
3566551
3566656
3566749
3566804
3567190
3567563
3568301
3568586
3568668
3568674
3569009
3569350
3570260
3570486
3571714
3572393
3572453
3572691
3573677
3573765
3574447
3574600
3575432
3576001
3576529
3576769
3576854
3577009
3578120
3578306
3578484
3578565
3578608
3578685
3578986
3578993
3579118
3579899
3580345
3580706
3581056
3581162
3581317
3581669
3582546
3582638
3583736
3583758
3584298
3584339
3584869
3584870
3585042
3585207
3585405
3585684
3586100
3586450
3586623
3586649
3586919
3587578
3587904
3587932
3588330
3588445
3588601
3588739
3589186
3589236
3589250
3589369
3589605
3589666
3589839
3590287
3590346
3590347
3590827
3590937
3591206
3591382
3591428
3592959
3593327
3599053
3602473
3637798
3637844
3638306
3638908
3639026
3639122
3639164
3639206
3639337
3639399
3639634
3639737
3639757
3639980
3640095
3640367
3640663
3640747
3640844
3640928
3641154
3641292
3641419
3641687
3641915
3642262
3642536
3643163
3643461
3643667
3643692
3643836
3644242
3645603
3646165
3646203
3646370
3646689
3646725
3646883
3647496
3647619
3648350
3648633
3648730
3648846
3649039
3649172
3650461
3650629
3651389
3652003
3652281
3652515
3652547
3653110
3653232
3653243
3653311
3653348
3653453
3653585
3653631
3653735
3653777
3654004
3668987
3669719
3670272
3670691
3670704
3671024
3671792
3673154
3673174
3673662
3673667
3674529
3676051
3676310
3676470
3676852
3677056
3677075
3677357
3677411
3678989
3679104
3679157
3679674
3679686
3680041
3680198
3680221
3680986
3681184
3681714
3681725
3681966
3682315
3682345
3682416
3682851
3683049
3683107
3683501
3684334
3684590
3700291
3700354
3700362
3700647
3701171
3702065
3702324
3702477
3702772
3702784
3702856
3702965
3703157
3703174
3703185
3703252
3703769
3703960
3704398
3704443
3704487
3705205
3705303
3705359
3705555
3705563
3706433
3706620
3706915
3707606
3707756
3707854
3708116
3708316
3708365
3708747
3709441
3709443
3709557
3710139
3710144
3710179
3710277
3710712
3711052
3711369
3711387
3711391
3711506
3711719
3711935
3711963
3711994
3713146
3713220
3713278
3713413
3713671
3713739
3714529
3714924
3714992
3715079
3715158
3715374
3715485
3715760
3716344
3716379
3716554
3716746
3716884
3716920
3716927
3717117
3717348
3717826
3717856
3754239
3754477
3754483
3755024
3755575
3755677
3756108
3756490
3756502
3756743
3757411
3757986
3758205
3758361
3758414
3759065
3759195
3760421
3760826
3761206
3762212
3762808
3762837
3763613
3764080
3764197
3765107
3765626
3765645
3765672
3765850
3766206
3766338
3835104
3836111
3836949
3837117
3837196
3837283
3837304
3837922
3838060
3838406
3839963
3840096
3840304
3840555
3840601
3840937
3841051
3841261
3841418
3841873
3842787
3843021
3843410
3843862
3844384
3844690
3844887
3848119
3850495
3853943
3868997
3869342
3869998
3871024
3873355
3874199
3874291
3874510
3874680
3876091
3876603
3876692
3877236
3878968
3879127
3880380
3880725
3881312
3881654
3882306
3882654
3882890
3883823
3883863
3915040
3915572
3915653
3915664
3915775
3915922
3916588
3916820
3917012
3917027
3917491
3918246
3918499
3918586
3918685
3918780
3919172
3919377
3919494
3919826
3919836
3919897
3920110
3920530
3920599
3920764
3920877
3921118
3921312
3921372
3921846
3922316
3922439
3922546
3922731
3922953
3923020
3923288
3923641
3923703
3923912
3924094
3924725
3925010
3925714
3926169
3926328
3926372
3926521
3927280
3928779
3928809
3928890
3929049
3929111
3929532
3953454
3955718
3956456
3956865
3956997
3957359
3957695
3958742
3958962
3959244
3959666
3959825
3960159
3960670
3960874
3960904
3961591
3962248
3962630
3963944
3963974
3964171
3964516
3964877
3965152
3965195
3965283
3966948
3967366
3967808
3968704
3969038
3969414
3970082
3970724
4021227
4022988
4023005
4023102
4023260
4023601
4023622
4023851
4023864
4024109
4024395
4024404
4024542
4024736
4024763
4024815
4024963
4025292
4026604
4026808
4026847
4027270
4027342
4027442
4027681
4028220
4028815
4029365
4029443
4029836
4030044
4030683
4030906
4031951
4032524
4032820
4033041
4033204
4033263
4033550
4033782
4034125
4034515
4034666
4034933
4049876
4050107
4050123
4050558
4051194
4051854
4051855
4052024
4052322
4052600
4053364
4053755
4053801
4054355
4054876
4054877
4055024
4055216
4055310
4055383
4056078
4056381
4056406
4056644
4057055
4058426
4058765
4059422
4059568
4060172
4060607
4061203
4061475
4062329
4062929
4063063
4063329
4063891
4064226
4064297
4064371
4064409
4064503
4065395
4065647
4065673
4065821
4065934
4065965
4066224
4066780
4066861
4066890
4067362
4067384
4067652
4067783
4067830
4068776
4068794
4068825
4068930
4069310
4069626
4069735
4069859
4069881
4070092
4070855
4071005
4071112
4071471
4071627
4072083
4072134
4072213
4072286
4072373
4072504
4072762
4072774
4072930
4072963
4072979
4073455
4073663
4074022
4074057
4074242
4074320
4074429
4074479
4074551
4074648
4074918
4075054
4075902
4076890
4077307
4077572
4077733
4077884
4078130
4078176
4078314
4078467
4078557
4078994
4079533
4079884
4080254
4080262
4080609
4080638
4080751
4081458
4081518
4081648
4081940
4082282
4082532
4082737
4082815
4082880
4083118
4083660
4083889
4083954
4084105
4084228
4084256
4084504
4085099
4085129
4085152
4085716
4085723
4085919
4086069
4086090
4087783
4087963
4089701
4089706
4091220
4091259
4094931
4096946
4097937
4098362
4098929
4099180
4099324
4100276
4100773
4101097
4101146
4101187
4101221
4101780
4101924
4102237
4102751
4103117
4103260
4103852
4103951
4104128
4104235
4104393
4105180
4105670
4105682
4105944
4106226
4106307
4107429
4108230
4108285
4108900
4108974
4109055
4109208
4109605
4110487
4110560
4111284
4111529
4111640
4111745
4111792
4111797
4111804
4112517
4112835
4113031
4113184
4113981
4114045
4114569
4114747
4114861
4114887
4136756
4137032
4137198
4137884
4138363
4138376
4138420
4139234
4139372
4139461
4139562
4139676
4139794
4139937
4140617
4140774
4141109
4141493
4141870
4141873
4142480
4142495
4142593
4142611
4142824
4143013
4143624
4143675
4143755
4144333
4144405
4144532
4144737
4144996
4145047
4145097
4145543
4145701
4146057
4146285
4146486
4147107
4147447
4147982
4148322
4148360
4148838
4148965
4149716
4150011
4150232
4150284
4150296
4150631
4151533
4151680
4151709
4151734
4180390
4180932
4181650
4183288
4187381
4187638
4188710
4189769
4195766
4198616
4198739
4199463
4201028
4201266
4201295
4201458
4202929
4202992
4203050
4203130
4204073
4204216
4205966
4206351
4208106
4208502
4208677
4209271
4211623
4211763
4212115
4212253
4212454
4212743
4213404
4213662
4213988
4214379
4216059
4216627
4217100
4218296
4219215
4219954
4220706
4220869
4221389
4222905
4224394
4224871
4225434
4225779
4225897
4226653
4226708
4226820
4230378
4230404
4234581
4238917
4242389
4243366
4243414
4243550
4243599
4243870
4244441
4245402
4246125
4246230
4246304
4246807
4247217
4247589
4249009
4249106
4250061
4250770
4250796
4251058
4251089
4251117
4251679
4251809
4252144
4252307
4252468
4252739
4253109
4253141
4253314
4253387
4253609
4253778
4254924
4255421
4255559
4255568
4255722
4255849
4256019
4256385
4256560
4256579
4256690
4256868
4257185
4257830
4258109
4258248
4258828
4261441
4263727
4265312
4265631
4269269
4270253
4301266
4312424
4312546
4312645
4312783
4314539
4314796
4314954
4314991
4315151
4315767
4316034
4316256
4316422
4316573
4316686
4316804
4316871
4317184
4317253
4317285
4317392
4317558
4317890
4317968
4318139
4318197
4318578
4318709
4318904
4319790
4320012
4320645
4320695
4321064
4322123
4322140
4322566
4323033
4323105
4323237
4323539
4324148
4324456
4324899
4324998
4325215
4325350
4325472
4325582
4325988
4326345
4326842
4327000
4327036
4328004
4328196
4329291
4329302
4329417
4329981
4330041
4330055
4344081
4344272
4345124
4346129
4347293
4347550
4349005
4351646
4353689
4354006
4354465
4355973
4356078
4356202
4358169
4358243
4358349
4358856
4359346
4360621
4361125
4361326
4361490
4361518
4362064
4362635
4362734
4363110
4363277
4363322
4363442
4363789
4363925
4364021
4364397
4364419
4364488
4364747
4364769
4365091
4365839
4366136
4366309
4366425
4366775
4366871
4366925
4367368
4367564
4367823
4368443
4368687
4369265
4369737
4369804
4370175
4370311
4370471
4370536
4370603
4371131
4371232
4371892
4372485
4372628
4372756
4372766
4373621
4373795
4374014
4374275
4374281
4374391
4377582
4377925
4380510
4380755
4381173
4381466
4382455
4383865
4384768
4387252
4388011
4388045
4388506
4391591
4393399
4393410
4413857
4413944
4414254
4414538
4414824
4415226
4415572
4416106
4416178
4417050
4417818
4418091
4418096
4418125
4418187
4419019
4419132
4419260
4419517
4419649
4420213
4420276
4420398
4420583
4421663
4421788
4421991
4422587
4422892
4422978
4422993
4423366
4423482
4423790
4423949
4424000
4424033
4424483
4424992
4425531
4425796
4425873
4426144
4426570
4426675
4426850
4427435
4427806
4427946
4428629
4428975
4429209
4429434
4429876
4429941
4430171
4430208
4430681
4430974
4431162
4431495
4431907
4431969
4432340
4433017
4433745
4433797
4433893
4434841
4434872
4434955
4435197
4435237
4435462
4435474
4435681
4435785
4435827
4436591
4436856
4436857
4436964
4437231
4438045
4438330
4438368
4438501
4438582
4438840
4438891
4439440
4439585
4439653
4440362
4440647
4441089
4441900
4442425
4442757
4442800
4442922
4442967
4442989
4443154
4444055
4444351
4444519
4444622
4444637
4444657
4444844
4445053
4445137
4445443
4446489
4446525
4447037
4447297
4447801
4448025
4448034
4448451
4448847
4449092
4449519
4449754
4449786
4465269
4465655
4465689
4466047
4467477
4467987
4468078
4468190
4468481
4468687
4468882
4469394
4469904
4469959
4470522
4471001
4472161
4472735
4473452
4473738
4474607
4475382
4475402
4475404
4475449
4476073
4476119
4476402
4477051
4477222
4478266
4478295
4478545
4480501
4480684
4481335
4481378
4481554
4481746
4482151
4482467
4482843
4483112
4483367
4485226
4485765
4485791
4485821
4485993
4486346
4486393
4486439
4486445
4486702
4486742
4487123
4487269
4487338
4487349
4487623
4487641
4487952
4488564
4488761
4488773
4488786
4488870
4489020
4489805
4489922
4490398
4490593
4491562
4491655
4491723
4491901
4492219
4492269
4492331
4493033
4493190
4493377
4493647
4494225
4494406
4494658
4494758
4494875
4494886
4495873
4496035
4496562
4496706
4496787
4496844
4498433
4498682
4498953
4498984
4499104
4500642
4500663
4501193
4501340
4502101
4502238
4502676
4503485
4504533
4504984
4505159
4505481
4505532
4505835
4506244
4506441
4506669
4508077
4509027
4509160
4509424
4509738
4510038
4510450
4510674
4510918
4511184
4511420
4511454
4511718
4511933
4512292
4512503
4513259
4513682
4513790
4514256
4514306
4515312
4515407
4515411
4515588
4515692
4515769
4515831
4515903
4516946
4517206
4517695
4517814
4518111
4518372
4519189
4519464
4519504
4521242
4521355
4521436
4522517
4523768
4524508
4524813
4525474
4526445
4526549
4526634
4526799
4526903
4527432
4528192
4528300
4528801
4528972
4529093
4529105
4529920
4530026
4530094
4535467
4542159
4542174
4542587
4542676
4542844
4543020
4543248
4543368
4543485
4543654
4544266
4544469
4544950
4545458
4545607
4546117
4546184
4546306
4546619
4547465
4547518
4547730
4548337
4548400
4548659
4548672
4549094
4549341
4549981
4550553
4550830
4551775
4551953
4551994
4552025
4553343
4553416
4554112
4554869
4555861
4556168
4556277
4557218
4557743
4557943
4558589
4558592
4559028
4559455
4560618
4560939
4562479
4563664
4564380
4564980
4565428
4565602
4566867
4566966
4568583
4569055
4571652
4571835
4572957
4573115
4573561
4575304
4575768
4592286
4592594
4592680
4593045
4593488
4594315
4594784
4595215
4595250
4595654
4595678
4595701
4595810
4595965
4596271
4596889
4596933
4597227
4597316
4597547
4597720
4597831
4597864
4598386
4598685
4598797
4599045
4599335
4599942
4600487
4600738
4601276
4601899
4601909
4602098
4602184
4602426
4603034
4603571
4604590
4604683
4605356
4605667
4605886
4606490
4607120
4607424
4608273
4608295
4608392
4608878
4610349
4610891
4610998
4611072
4611086
4611155
4611220
4612088
4613175
4614195
4614282
4615954
4617195
4618773
4619190
4619306
4619370
4619435
4619599
4619945
4620862
4621249
4621631
4622183
4622248
4623793
4624088
4624152
4624463
4624784
4624832
4625134
4625442
4627243
4627834
4629359
4630082
4630156
4630603
4631383
4631388
4631504
4631925
4632744
4632992
4633426
4633537
4633602
4633721
4634373
4634470
4634742
4634801
4634827
4634835
4635019
4635170
4635245
4635878
4635887
4635985
4636263
4636502
4636511
4636524
4636763
4637456
4637560
4637814
4639536
4639591
4639761
4639820
4640485
4640830
4640932
4640950
4641055
4641428
4641505
4641631
4641766
4641833
4642621
4642641
4642751
4642791
4642980
4643022
4643209
4643655
4643787
4643912
4644149
4644457
4644651
4645224
4645325
4645403
4645551
4645964
4645972
4645975
4646240
4646403
4646505
4646617
4648500
4648615
4648978
4649281
4650056
4650267
4650296
4650362
4652720
4653748
4653927
4654785
4655552
4656019
4656448
4657423
4658149
4658476
4658794
4659450
4661915
4662317
4663254
4666637
4667393
4669486
4669835
4669958
4674186
4676722
4679986
4680103
4680111
4680319
4680809
4680940
4681737
4681901
4682002
4682048
4682060
4682211
4682433
4682744
4682817
4682976
4683293
4683429
4683468
4683908
4683974
4684001
4684051
4684134
4684200
4684212
4684253
4685076
4685097
4685150
4685228
4685278
4685329
4685514
4685618
4685629
4686372
4686396
4686724
4686773
4687474
4687735
4688313
4688582
4688903
4689728
4690331
4690935
4690956
4692130
4692572
4693615
4694273
4695705
4697000
4697429
4699335
4700129
4700279
4721790
4722120
4722281
4722326
4722732
4723466
4723588
4723604
4724257
4724291
4725736
4725742
4726367
4726374
4726796
4727507
4727656
4727996
4728182
4728272
4728441
4728631
4728657
4729032
4729578
4730400
4730626
4730673
4730871
4731076
4731366
4731651
4732330
4732544
4733136
4734019
4734202
4734572
4734582
4734691
4735065
4735533
4735870
4736059
4736125
4736418
4736747
4737256
4738401
4738528
4738565
4738610
4738775
4739176
4739316
4739993
4740074
4740369
4740738
4741260
4741334
4741563
4741603
4742721
4743402
4743673
4745116
4745799
4745911
4746253
4746291
4746357
4746387
4746952
4747131
4747215
4747550
4747824
4747875
4747907
4747936
4748233
4748409
4748788
4748989
4749368
4749530
4749645
4749820
4750687
4750888
4750941
4751712
4752311
4752590
4753541
4753808
4754064
4754563
4754838
4754867
4755138
4755328
4755840
4756286
4756613
4756677
4756825
4757015
4757156
4758132
4758275
4758419
4758449
4758534
4758853
4758953
4759461
4759713
4759812
4760719
4761295
4761448
4761500
4761961
4762574
4762903
4763076
4763103
4763134
4763154
4763697
4763811
4763951
4764006
4764079
4764269
4764437
4764597
4765056
4765229
4766556
4766863
4767080
4767125
4767198
4767431
4767894
4767898
4768029
4768227
4768298
4768545
4768561
4768593
4768700
4768925
4769104
4769426
4769455
4769859
4769893
4770048
4770118
4770236
4770618
4770781
4770943
4771763
4772277
4772630
4773017
4773039
4773143
4773418
4773868
4773909
4774075
4774437
4774899
4775002
4775189
4789353
4789574
4792343
4795417
4795764
4797224
4799666
4799667
4800125
4800944
4801072
4801087
4801478
4801525
4801743
4801954
4802205
4802431
4802449
4802611
4802759
4803523
4804077
4804531
4805585
4806151
4806278
4806308
4806741
4806804
4807094
4807626
4808610
4808967
4809323
4809628
4810051
4810379
4811462
4811512
4811623
4811969
4812057
4812173
4813507
4813925
4814157
4815229
4815395
4816150
4816313
4816380
4816457
4816576
4816613
4816644
4816680
4817689
4817877
4818091
4818480
4818665
4819369
4819602
4819813
4820183
4820514
4820619
4821119
4821346
4821457
4821530
4821913
4822286
4822510
4822766
4822869
4823352
4823486
4823533
4823731
4824014
4824205
4824565
4824834
4825247
4825428
4825625
4825741
4826393
4827266
4827411
4827950
4828271
4828374
4828643
4829446
4829654
4829669
4829813
4830163
4832051
4832908
4833149
4834936
4835449
4835686
4835909
4838118
4838656
4838849
4839145
4842034
4842119
4842425
4842508
4843736
4843829
4843967
4844442
4845581
4845674
4846291
4847769
4848463
4849774
4850757
4851681
4852836
4853220
4853436
4853939
4854397
4854520
4854676
4854928
4855042
4855128
4855722
4856630
4857063
4857574
4857791
4857963
4858359
4858503
4859272
4859361
4859493
4859565
4859636
4860255
4860350
4860350
4860492
4860906
4861420
4861521
4862379
4862445
4862642
4863082
4863214
4864393
4865084
4866635
4867173
4867992
4868984
4870230
4870467
4872010
4872974
4873042
4873741
4873826
4874143
4875234
4876309
4876548
4877283
4877320
4878350
4908655
4909973
4910194
4910198
4911179
4911439
4911792
4911893
4911904
4912255
4912420
4912453
4912936
4913145
4913252
4913501
4913648
4914099
4914449
4914473
4914572
4914733
4915117
4915454
4915608
4915754
4915868
4916052
4916185
4917117
4917122
4917377
4917431
4917813
4917975
4918237
4918561
4918595
4918810
4918882
4918978
4919125
4919317
4919502
4919556
4919828
4919923
4920012
4920221
4920285
4920508
4920702
4920874
4921141
4921229
4921441
4921624
4922191
4922297
4922618
4922795
4922943
4923287
4923316
4923662
4923744
4923978
4924198
4924335
4924476
4924636
4924763
4924791
4924940
4925287
4925317
4926403
4927208
4927518
4927788
4928091
4928931
4928991
4929094
4929274
4929512
4929654
4929704
4929961
4930361
4930656
4931300
4931339
4932069
4932502
4932717
4932952
4933268
4933367
4933784
4934060
4934220
4934274
4934581
4935261
4935705
4935873
4936009
4936045
4936407
4936722
4936808
4937220
4937224
4937330
4937491
4937780
4937929
4938110
4938135
4938212
4938215
4938506
4939106
4939179
4939311
4939343
4939653
4940384
4940746
4941065
4941955
4941977
4942165
4942173
4942709
4943003
4943122
4943300
4943963
4944038
4944054
4944287
4944315
4945093
4945129
4945601
4946230
4946461
4946558
4946678
4946807
4946980
4947113
4947124
4947399
4947433
4948024
4948094
4948332
4948547
4948912
4949370
4950021
4950486
4950546
4950548
4950735
4951008
4951176
4951280
4951452
4951704
4951803
4952939
4952990
4953093
4953233
4953742
4953988
4954258
4954347
4954378
4955008
4955016
4955146
4955200
4955719
4956462
4956549
4956579
4956657
4956721
4956740
4956775
4957387
4957682
4957893
4957983
4958303
4958493
4958643
4958803
4959061
4959118
4959615
4959863
4960118
4960140
4960176
4960209
4960313
4960577
4961423
4961509
4961830
4962126
4962664
4962824
4963161
4963601
4963736
4964504
4965693
4966011
4966599
4966628
4966706
4967541
4967978
4968392
4969276
4969413
4969630
4969805
4969900
4970275
4970521
4970627
4971208
4971506
4971904
4972232
4972625
4972879
4973142
4973248
4973720
4973913
4974027
4974552
4974700
4975191
4975332
4975592
4975911
4976593
4976632
4976644
4976672
4976697
4977117
4977496
4977845
4978081
4978134
4978430
4979309
4979594
4979659
4979944
4979972
4980257
4980576
4980614
4980621
4980798
4980962
4981260
4981619
4982134
4982442
4982500
4983957
4984042
4984460
4984496
4984575
4984732
4984851
4984941
4985456
4985722
4986049
4986159
4986171
4986535
4987375
4987446
4987514
4987590
4987602
4988282
4988431
4988536
4989251
4989486
4989616
4989671
4989679
4990279
4990598
4991153
4991197
4991585
4991838
4992087
4992237
4992528
4992552
4993015
4993265
4994098
4994236
4994382
4994487
4994533
4994980
4995258
4995548
4995851
4995907
4995941
4996015
4996558
4997154
5001631
5002076
5002668
5006808
5007270
5007760
5007908
5013890
5016982
5017163
5017217
5017247
5017373
5017473
5017525
5017541
5017968
5018698
5020032
5020076
5020101
5020938
5020976
5021022
5021440
5022169
5022191
5022546
5023068
5023097
5023152
5024683
5024788
5024928
5025306
5025952
5026170
5026485
5026564
5027044
5040140
5040362
5041547
5042383
5042464
5042968
5043045
5043160
5043188
5043429
5043568
5043605
5043658
5043705
5044008
5044232
5044465
5044830
5045206
5045367
5045815
5046020
5046398
5046861
5047125
5047270
5047443
5047683
5047888
5047964
5048085
5048319
5048404
5048594
5048664
5049153
5049313
5049607
5049866
5050030
5050091
5050508
5080250
5080827
5081468
5081900
5081906
5084148
5084492
5085210
5085545
5085903
5086081
5087083
5087443
5087764
5087835
5087921
5088255
5088420
5089873
5089950
5090906
5091404
5091597
5092010
5092353
5092505
5092610
5092651
5092965
5108448
5108456
5108566
5108872
5109160
5109513
5109596
5109788
5109882
5110210
5110224
5110561
5110962
5111345
5112095
5112535
5112710
5113059
5113135
5113198
5113262
5113436
5113520
5113591
5113902
5114188
5114508
5114523
5114746
5114846
5114872
5115188
5115523
5115709
5116198
5116212
5116697
5116912
5117202
5117416
5117547
5117584
5117801
5118315
5118807
5119238
5119269
5144679
5146353
5146906
5148266
5148368
5148506
5148527
5149066
5149690
5149902
5150782
5150791
5151259
5151474
5151523
5151871
5152025
5152858
5152938
5152945
5153152
5153738
5155503
5155858
5156430
5156792
5157251
5157433
5157903
5158011
5158393
5158557
5158614
5158677
5158957
5158975
5159098
5159558
5159658
5159730
5160080
5160390
5160829
5160942
5161109
5161295
5161635
5161825
5163449
5163484
5163638
5164229
5164454
5164879
5164922
5164947
5165234
5165590
5165841
5165890
5165943
5165945
5165985
5166192
5167019
5167614
5167637
5167776
5168152
5168162
5168167
5169276
5169533
5169539
5169695
5170594
5170800
5170825
5171184
5171228
5171587
5171906
5172576
5172588
5172616
5172649
5172657
5172842
5172998
5173094
5173557
5173563
5173996
5174243
5174782
5175130
5175304
5175475
5175592
5175608
5175761
5176122
5176966
5177002
5177664
5177837
5177856
5178020
5178144
5178845
5178899
5179059
5179079
5179081
5179309
5179469
5179568
5179663
5180012
5180162
5180522
5180726
5180815
5181064
5181410
5181977
5182369
5183530
5183766
5184020
5184394
5185116
5185374
5185576
5185590
5186047
5186311
5186363
5186701
5186917
5187268
5187373
5187965
5188061
5188095
5188325
5188432
5188997
5189161
5189555
5189976
5190012
5190718
5190942
5191106
5191333
5191350
5191589
5191877
5192067
5192082
5192320
5192456
5192643
5192666
5192994
5193349
5193376
5193577
5193985
5194124
5194925
5195311
5195733
5195889
5195930
5196048
5196155
5196179
5196186
5196832
5197845
5197969
5198068
5198080
5198254
5198821
5198938
5198960
5199234
5199318
5199653
5199673
5200196
5200541
5200939
5200986
5201189
5201743
5202249
5202475
5202704
5202726
5202770
5202903
5203603
5204130
5204342
5204527
5204647
5204692
5204843
5205457
5206468
5206545
5207211
5207631
5207654
5207897
5208039
5208062
5208113
5208131
5208175
5208335
5208580
5208851
5209139
5209265
5209393
5210176
5210179
5230764
5232003
5232864
5234217
5237717
5242370
5243760
5246099
5246609
5249233
5253284
5253870
5254748
5254842
5255056
5255266
5256379
5256892
5257659
5257860
5258140
5258327
5258453
5258992
5259241
5259357
5259919
5259948
5260826
5261212
5261393
5262720
5262731
5262985
5264602
5264961
5265111
5265390
5265504
5266174
5267076
5267493
5267657
5267700
5267806
5267991
5270428
5270584
5271783
5272091
5273251
5273904
5274230
5274983
5275707
5275797
5275844
5276097
5276618
5277229
5277321
5277452
5278022
5278028
5278140
5279066
5279620
5279706
5280076
5280098
5280581
5281449
5281477
5281533
5281603
5282429
5282850
5283279
5284184
5284310
5285104
5285107
5285445
5285493
5285734
5285845
5286931
5287017
5287219
5287367
5287425
5287468
5287790
5288588
5289000
5289199
5289351
5289372
5289382
5289408
5289927
5290386
5290387
5290427
5290632
5290976
5291211
5291841
5293253
5293256
5293461
5293641
5293904
5294673
5294773
5295212
5295835
5296719
5297057
5297366
5297398
5297745
5297820
5297854
5298168
5298627
5298630
5298705
5299100
5300661
5301154
5301907
5303754
5305053
5306906
5307566
5307669
5308025
5311951
5312213
5313275
5315541
5315917
5316538
5316580
5327551
5327722
5327888
5327940
5328347
5328443
5328820
5329356
5329404
5329579
5330561
5330697
5330888
5331220
5331480
5331679
5332097
5332755
5333088
5333364
5333776
5334809
5334839
5336526
5336585
5336703
5336870
5337233
5337318
5337429
5337995
5338249
5338352
5338381
5338384
5338519
5338812
5339072
5339137
5339305
5339335
5339743
5340689
5341140
5341225
5341354
5341453
5341612
5341762
5341776
5342216
5342720
5344505
5344526
5344685
5346531
5346580
5346829
5347048
5347844
5348683
5348752
5348921
5349066
5349658
5350381
5351623
5351726
5351903
5353063
5354645
5354894
5355044
5357762
5358567
5358889
5359656
5359693
5361275
5362473
5362621
5363226
5363584
5364060
5364345
5364368
5365537
5365922
5366141
5378514
5378566
5378702
5378847
5379044
5379489
5379732
5379857
5380515
5380650
5381066
5381206
5381443
5382354
5382375
5382413
5382527
5382729
5382941
5383061
5383094
5384130
5384643
5384666
5384921
5384930
5384959
5384998
5385312
5385427
5385537
5385574
5385910
5386071
5386376
5386742
5386824
5387162
5387792
5388436
5388591
5388595
5388802
5389283
5389508
5389512
5389914
5389987
5390252
5390382
5390786
5390820
5391052
5391814
5391996
5392045
5392447
5392584
5392598
5392862
5393154
5393210
5393413
5393752
5394139
5394269
5394382
5394608
5394632
5394928
5395343
5395384
5395618
5396400
5397464
5397502
5397554
5397586
5397832
5398207
5398321
5399539
5400009
5400041
5400073
5400403
5400542
5400748
5400812
5400983
5401008
5401469
5401604
5402608
5402990
5403247
5403640
5403764
5404654
5404761
5404825
5405565
5405624
5405728
5405771
5405775
5405916
5406682
5406852
5406915
5406929
5407191
5407192
5407598
5408152
5408162
5408176
5408292
5408456
5408609
5409029
5409588
5409844
5410050
5410190
5410345
5410635
5410677
5410815
5411147
5411285
5412129
5412148
5412547
5413075
5413152
5413240
5413395
5413456
5413505
5413923
5462832
5462849
5462989
5463342
5463690
5464001
5464531
5464879
5464886
5465089
5465389
5465544
5466135
5466349
5466799
5467247
5467412
5467508
5468056
5468367
5468566
5469454
5469486
5469522
5470130
5470710
5470724
5471338
5471360
5471457
5471463
5471474
5471792
5472163
5472224
5472872
5473084
5473248
5473499
5473568
5473672
5473706
5473737
5473986
5474027
5474142
5474249
5474653
5474967
5476317
5476642
5476909
5477032
5477088
5477133
5477204
5477596
5477700
5477712
5477794
5478055
5489708
5492221
5510616
5510888
5511223
5511649
5511668
5512081
5512099
5513547
5514160
5514498
5514575
5514815
5515436
5515779
5515924
5516048
5516363
5516446
5516638
5516734
5516784
5517339
5517976
5518094
5518100
5518220
5518589
5518675
5518742
5519683
5519817
5519822
5519876
5520879
5521274
5521406
5521584
5522140
5522285
5522608
5522838
5522883
5523791
5524564
5524698
5525158
5525329
5525497
5525518
5525540
5525548
5525648
5526029
5526077
5526241
5526326
5526486
5527180
5528008
5528140
5528401
5528634
5528694
5528713
5529172
5529410
5529961
5530191
5530331
5530976
5531212
5532079
5532096
5532236
5532525
5532602
5532958
5532965
5534336
5534814
5535431
5535932
5536240
5536923
5537000
5537257
5537386
5537946
5538587
5538611
5539564
5539678
5539940
5539953
5540005
5540162
5540863
5541231
5541388
5541410
5541519
5541590
5541769
5541989
5542377
5542597
5543307
5543337
5543362
5543969
5544917
5545142
5545205
5545339
5545853
5546557
5546599
5547083
5548386
5548747
5549944
5550240
5550403
5550978
5551288
5551349
5551729
5552885
5552938
5553087
5553230
5554031
5555196
5555478
5556749
5557000
5557524
5557698
5558005
5558910
5558929
5558949
5559343
5559576
5560225
5560889
5562326
5562651
5562911
5563330
5563421
5563886
5564242
5565092
5565898
5567003
5567853
5568075
5569226
5570788
5570880
5571381
5571625
5572275
5572317
5573229
5573955
5574050
5574857
5575195
5576335
5576529
5577343
5577751
5577833
5578994
5579086
5580195
5582105
5582492
5582691
5583431
5584529
5584564
5584800
5584875
5586177
5586279
5586522
5586607
5587155
5588373
5588482
5588528
5588851
5589361
5590391
5590545
5590706
5592133
5592447
5592678
5592823
5613165
5614728
5615553
5616253
5617154
5618033
5621451
5621714
5623837
5623930
5624380
5625308
5625454
5625543
5626065
5626136
5626299
5626696
5627180
5627287
5627668
5627811
5627857
5628312
5628604
5628612
5629432
5629506
5629549
5629933
5630130
5630526
5630769
5630798
5631462
5631592
5631867
5632193
5632356
5632735
5632871
5633161
5633521
5633651
5634036
5634085
5634145
5634336
5634523
5635052
5635058
5635219
5635541
5636174
5636238
5636652
5637241
5637664
5638017
5638782
5658521
5659757
5660781
5661034
5661202
5661461
5661689
5661696
5661925
5661995
5662396
5663159
5664700
5665085
5665286
5666192
5666237
5666620
5666660
5668087
5668104
5668769
5669021
5669410
5669509
5669629
5669730
5670196
5670294
5670498
5672090
5672324
5672788
5672899
5672948
5672954
5673167
5673590
5673601
5673845
5674380
5674445
5675226
5676252
5676328
5676447
5678446
5679079
5679269
5679413
5679475
5679542
5679576
5679907
5680324
5680349
5680688
5682120
5682879
5682882
5683100
5683225
5683332
5683694
5683776
5683829
5684137
5684402
5686969
5687048
5687068
5687353
5687539
5688443
5688474
5688708
5691593
5692778
5692881
5732816
5732904
5732955
5732974
5733199
5733550
5733690
5733749
5734562
5734909
5735053
5735363
5735793
5735828
5735901
5735916
5737280
5737598
5737703
5738094
5738884
5739060
5739598
5741208
5741320
5742224
5742607
5743091
5743597
5744066
5777296
5778186
5778696
5779420
5780504
5780538
5780556
5780675
5781503
5782157
5782587
5782672
5783004
5784139
5784659
5785263
5786469
5786632
5786740
5788557
5788843
5788859
5791432
5791986
5792015
5792186
5792683
5793466
5794273
5795316
5851316
5852468
5858773
5865982
5875213
5883024
5916744
5917786
5926314
5927701
5945000
5945283
5945366
5945498
5945581
5945645
5945912
5946115
5946247
5946801
5947134
5947794
5947923
5948159
5948197
5948344
5948657
5948896
5948998
5949267
5949287
5949625
5949695
5949723
5949769
5950632
5950672
5950709
5950904
5951073
5951346
5951467
5951473
5951575
5951589
5951593
5951708
5951779
5951821
5951926
5952150
5952267
5952397
5952548
5952719
5952929
5953646
5954833
5955241
5955350
5955554
5956227
5956597
5956599
5956674
5957168
5958104
5958769
5959612
5959628
5960250
5960369
5960441
5961233
5961373
5961439
5961468
5961496
5961879
5962135
5962725
5962749
5963583
5963818
5964598
5964762
5964888
5964913
5965146
5965169
5965374
5965552
5966210
5966214
5966336
5966387
5966444
5966914
5966926
5967104
5967733
5967792
5967865
5968450
5968667
5968837
5969682
5969919
5970000
5970460
5970549
5970757
5970798
5971371
5971474
5993719
5993830
6001247
6001855
6006021
6013587
6015287
6016104
6016510
6018172
6018199
6018582
6020099
6021429
6024288
6024548
6060022
6060040
6060109
6061034
6061332
6061436
6061527
6062304
6063163
6064133
6064328
6065089
6065157
6065792
6065824
6066025
6066208
6066240
6066432
6067101
6067111
6067261
6067672
6067803
6068597
6069002
6069172
6069315
6069762
6071097
6071454
6071580
6072455
6072511
6073162
6073958
6074036
6074060
6074465
6074741
6075325
6076011
6076085
6076275
6076560
6077231
6077531
6078591
6078781
6078876
6078988
6079012
6079299
6079766
6079848
6080040
6080081
6080169
6080676
6081050
6081174
6081801
6081943
6082176
6083022
6083095
6083404
6084194
6084477
6084659
6085009
6085041
6085493
6086127
6086526
6086880
6087136
6087709
6088014
6088350
6088712
6089040
6089473
6089498
6089908
6089965
6090295
6090598
6090926
6091275
6092346
6092447
6092666
6092828
6094118
6094898
6095564
6095774
6095860
6096133
6096137
6096562
6097622
6098100
6098456
6098571
6098584
6098584
6098680
6098974
6101304
6116321
6116473
6116554
6117182
6117293
6117725
6117766
6117910
6117951
6118016
6118255
6118564
6118575
6118989
6119109
6119501
6119803
6119995
6120174
6120703
6121108
6121202
6121685
6121730
6121808
6122960
6122975
6123204
6123874
6123976
6125366
6125540
6125686
6126253
6126471
6126553
6126964
6127282
6127356
6127626
6127714
6128417
6128912
6129046
6129212
6129259
6129338
6129384
6129630
6130090
6130114
6130272
6130332
6130636
6130776
6130784
6131106
6131716
6131904
6132212
6132259
6132855
6133383
6133406
6133692
6133797
6133829
6133934
6134079
6134754
6135062
6135091
6135265
6150997
6151478
6151629
6151709
6151797
6152720
6153852
6154903
6155005
6155352
6155683
6155755
6155851
6155893
6155979
6156273
6156637
6156813
6157441
6157962
6157997
6158048
6158469
6158538
6158876
6158919
6159737
6160259
6160289
6161633
6162208
6162256
6163324
6164091
6164102
6164124
6164259
6164917
6165222
6165280
6166302
6167003
6167438
6167614
6168016
6168326
6168778
6169760
6169908
6169999
6170658
6170883
6172064
6172252
6172311
6172672
6174544
6174626
6174664
6174795
6175017
6175537
6175962
6176043
6176602
6176719
6177438
6179030
6179264
6179483
6179497
6179754
6180040
6180258
6180626
6180912
6180942
6181363
6181463
6181506
6181628
6181746
6185153
6192951
6195774
6197386
6205562
6212078
6357489
6379367
6380204
6381692
6381992
6382352
6382536
6382831
6383136
6384078
6385142
6389287
6389838
6390207
6390416
6391997
6393848
6395301
6395654
6396124
6396569
6397243
6399380
6400716
6400756
6400919
6401131
6401871
6401912
6402162
6402319
6402696
6404304
6404403
6404559
6404579
6404764
6406157
6407260
6408239
6408498
6409245
6409642
6410669
6410757
6410954
6411158
6411382
6411402
6411632
6412678
6412959
6413338
6413856
6413961
6414000
6414191
6414645
6415401
6415511
6415921
6415924
6416022
6416166
6416175
6416475
6417177
6424019
6443409
6445124
6447304
6447583
6454657
6455771
6457134
6492576
6492780
6493492
6494120
6494410
6494452
6494690
6495245
6495499
6496240
6496482
6497144
6497294
6497586
6497673
6498329
6498423
6500162
6500781
6500933
6501105
6501229
6501447
6501966
6501968
6502123
6502346
6502431
6503615
6503792
6504461
6504734
6504974
6505215
6505296
6505666
6506082
6506495
6506615
6506969
6507945
6507978
6508122
6508715
6509684
6510063
6515402
6526399
6528371
6528753
6530141
6530472
6530601
6530876
6531089
6532016
6532428
6536275
6536382
6538334
6538517
6539695
6541038
6541128
6541533
6590012
6609650
6609860
6611008
6611075
6611220
6611346
6611877
6611910
6612408
6612723
6612728
6613276
6614145
6614393
6614497
6614826
6614867
6614996
6615176
6616181
6616476
6617156
6617187
6617199
6617342
6617417
6617624
6617756
6618082
6618155
6618577
6618581
6619172
6619569
6619629
6619905
6620207
6620774
6621086
6621381
6621760
6622504
6622566
6623063
6623654
6623676
6624047
6624671
6624860
6625383
6625693
6625815
6626147
6626246
6626560
6626653
6627356
6627762
6628011
6628579
6628723
6661689
6663724
6663889
6664765
6665637
6666154
6666201
6666709
6669798
6670564
6672125
6673330
6676265
6676326
6677730
6703359
6712487
6858220
6861023
6861568
6866211
6869819
6870033
6872478
6872520
6873699
6874244
6874300
6875523
6879034
6894688
6895198
6895730
6896072
6897551
6897756
6898393
6898465
6898710
6899427
6900339
6902182
6903445
6904306
6905492
6908305
6908486
6909283
6909575
6909597
6909891
6944954
6946128
6950165
6951515
6957116
6961098
6961252
6961376
6962953
6963003
6963214
6963606
6964245
6964331
6964525
6964560
6964930
6965043
6965349
6965484
6965516
6965651
6965654
6965766
6966075
6966488
6966884
6967002
6967137
6967482
6967705
6967895
6967947
6968070
6968150
6968524
6968650
6969066
6969173
6969184
6969988
6970753
6970854
6971330
6971484
6971541
6971678
6972512
6972527
6973188
6973340
6973384
6973702
6973801
6985389
6985596
6985600
6986039
6986204
6986467
6986668
6987792
6987985
6990074
6990377
6991001
6991362
6991455
6992142
6992609
6992777
6995012
6995125
6995713
6996294
6998120
6998952
6999648
7000183
7029516
7030197
7030369
7031020
7031127
7031608
7033930
7034489
7034992
7035042
7035264
7035996
7036570
7036808
7037374
7038762
7039642
7039769
7039902
7040529
7040821
7040847
7041186
7041241
7041331
7041971
7111976
7113852
7114229
7114451
7119947
7120582
7122358
7122991
7124334
7126139
7181370
7181697
7181766
7181997
7184771
7185214
7185369
7185990
7186065
7186420
7189128
7189249
7189654
7190573
7206543
7213208
7213658
7215048
7215979
7292234
7293397
7295400
7295484
7298093
7299747
7300677
7301112
7302460
7302461
7303124
7303702
7304471
7304960
7305912
7306040
7306699
7307437
7307602
7308169
7308241
7373255
7373416
7376035
7376076
7378305
7380548
7382955
7386932
7386999
7405934
7409489
7409772
7416419
7419081
7419520
7445410
7446448
7447441
7447467
7447719
7447789
7447963
7448242
7449243
7449267
7449554
7449795
7449911
7450045
7450086
7450286
7450749
7451274
7451775
7451846
7451965
7452161
7452340
7452642
7452724
7452823
7452894
7452903
7453488
7453870
7454379
7454492
7454558
7454559
7454607
7454641
7455289
7455494
7455700
7455716
7455964
7456186
7456759
7457011
7457510
7457843
7457851
7458942
7459635
7459861
7459883
7460391
7461174
7461324
7461327
7475385
7475851
7475854
7476084
7478589
7482073
7482387
7482505
7483273
7483948
7484235
7485667
7486096
7486563
7582095
7582580
7583257
7584526
7587316
7588804
7589430
7591176
7593393
7593979
7596002
7649672
7649754
7649793
7650216
7650222
7650483
7650491
7651532
7651579
7651593
7651915
7651927
7652112
7652597
7652840
7652872
7652914
7653527
7653556
7653658
7653756
7653993
7654071
7654217
7654808
7654908
7655065
7655078
7655167
7655558
7655790
7656688
7656815
7657487
7657757
7658115
7658166
7658427
7658851
7661021
7662845
7663837
7669999
7671626
7676870
7676972
7677070
7677416
7677701
7678004
7678178
7679052
7679112
7679145
7679365
7679523
7679541
7679580
7680739
7680963
7681050
7681484
7681609
7681738
7682274
7682607
7682725
7682769
7683403
7683541
7683790
7683978
7684050
7684181
7684292
7684366
7684437
7684445
7685098
7685193
7685445
7685491
7685926
7687905
7688342
7688550
7689046
7689654
7689701
7689769
7690966
7691849
7691986
7692000
7692151
7692200
7692247
7692303
7692381
7693796
7694338
7694414
7694430
7695333
7695414
7695705
7695803
7696204
7696764
7697285
7697651
7697659
7697800
7697929
7697930
7698225
7698281
7700303
7700330
7700399
7700469
7700516
7701108
7701181
7701230
7701395
7701753
7701816
7701876
7701954
7703004
7703079
7703196
7703375
7703469
7703817
7704299
7704462
7704980
7705029
7705258
7705476
7705505
7705532
7705850
7706101
7706278
7706493
7706548
7707434
7707660
7708385
7708481
7708556
7708849
7709182
7709209
7709981
7710244
7710652
7711396
7711616
7711726
7711902
7711927
7712162
7712438
7712449
7723850
7724567
7724656
7725092
7726529
7726625
7726725
7727981
7728068
7729458
7729887
7730082
7730451
7731893
7731934
7732053
7732836
7733133
7734006
7734037
7734179
7734498
7734980
7735246
7735256
7735317
7735613
7735675
7735858
7735911
7737237
7737470
7738509
7738637
7738928
7738969
7739044
7739371
7739466
7739720
7739757
7739804
7740260
7740827
7741119
7741343
7741360
7741442
7741501
7741733
7741867
7741903
7742164
7742464
7742555
7742760
7743159
7743507
7743808
7744459
7744594
7744961
7745303
7745393
7745443
7745506
7746824
7746879
7746920
7746956
7746963
7747280
7747944
7747985
7748131
7748285
7748406
7748438
7748598
7749832
7749859
7750103
7750651
7750938
7750996
7751184
7751252
7751465
7751589
7751764
7752452
7752679
7753103
7753423
7753654
7753953
7754109
7754138
7754148
7754219
7770027
7770104
7770750
7771143
7771605
7771702
7771776
7772864
7773374
7773475
7773542
7773555
7774037
7774355
7774891
7774932
7775532
7775838
7776024
7776104
7776432
7776531
7776929
7777175
7777704
7777821
7778224
7778347
7778462
7778676
7778880
7779109
7779245
7779358
7779701
7780489
7780491
7780804
7780945
7798323
7804291
7804949
7805917
7806996
7807544
7812712
7812804
7813941
7814036
7814161
7814844
7815148
7815302
7815943
7817517
7817936
7819981
7820132
7820471
7820727
7820886
7820952
7821030
7821358
7821967
7823659
7823728
7823996
7823999
7824134
7824271
7824291
7824336
7824651
7825299
7825317
7826453
7826581
7826712
7826880
7828513
7828892
7829349
7829627
7832413
7832649
7833934
7834099
7834525
7835941
7836389
7839815
7840126
7862871
7863260
7864520
7865273
7865312
7865573
7865810
7866122
7866585
7867036
7867289
7867442
7867531
7867716
7868068
7868245
7868287
7868512
7868574
7868997
7869436
7869675
7869817
7869822
7870182
7870708
7870861
7871213
7871464
7872093
7872111
7872175
7872672
7872782
7872844
7873081
7873188
7873210
7873218
7873240
7873414
7873709
7874233
7874280
7874641
7874654
7874826
7874977
7875302
7875849
7875938
7876425
7876808
7876882
7876883
7877048
7877083
7877163
7877619
7877942
7878021
7878288
7878624
7878679
7878874
7879368
7879452
7879597
7879935
7880211
7880567
7881316
7882798
7883606
7884231
7885410
7885477
7885733
7885752
7886380
7886826
7889056
7889248
7889407
7889674
7890716
7890779
7891410
7891780
7892693
7892844
7893481
7894462
7894922
7895196
7895542
7896346
7896857
7896935
7897001
7916186
7916222
7916285
7916720
7918624
7919095
7919098
7919966
7920621
7920664
7921166
7921439
7923046
7923056
7923513
7923656
7924056
7924109
7925539
7927395
7928223
7928901
7948060
7948550
7948811
7949158
7949295
7950064
7951085
7951556
7951575
7952003
7952150
7952197
7952200
7952277
7952644
7952961
7952979
7954322
7954961
7955005
7955318
7955331
7955517
7955689
7955771
7956181
7956306
7956495
7956676
7956676
7957041
7957047
7957460
7957498
7957594
7958002
7958367
7958540
7959011
7959305
7959773
7960163
7961358
7961795
7962300
7962479
7962785
7963139
7964050
7964235
7964339
7964539
7964671
7964956
7965415
7966462
7966520
7966862
7967151
7967241
7967339
7984540
7985228
7987228
7987360
7987419
7987810
7987978
7988043
7988315
7988344
7988973
7989138
7989298
7989879
7990048
7990568
7990593
7990885
7992631
7993218
7993714
7993879
7997740
7997810
7998229
7998275
8042044
8042513
8043205
8043336
8044849
8045958
8046051
8046334
8049496
8050367
8051264
8051563
8052008
8053459
8053928
8054015
8054125
8054288
8054389
8054491
8054527
8054750
8054936
8054981
8055192
8055311
8055441
8055726
8055786
8055893
8055945
8056202
8056273
8057086
8057380
8058035
8058039
8058056
8058251
8058920
8058959
8059313
8059330
8060174
8060472
8060531
8060600
8060755
8060925
8060931
8060968
8061234
8061502
8061632
8062122
8062515
8062738
8062887
8063459
8063593
8063642
8064068
8064093
8064295
8065356
8065528
8065889
8066073
8066266
8066359
8066439
8066834
8067007
8067218
8067277
8067362
8067393
8067705
8067998
8068246
8068480
8068580
8069439
8069784
8070047
8070148
8070158
8070329
8070422
8070589
8070616
8071109
8071137
8071153
8071292
8071318
8071358
8071565
8071979
8072042
8072104
8072658
8103779
8104121
8104317
8104669
8104951
8105305
8106097
8106923
8107871
8108578
8108649
8109474
8109940
8112040
8112606
8112735
8113138
8113435
8114472
8114503
8115141
8116668
8116709
8117213
8117615
8118712
8118752
8119180
8120961
8122830
8129867
8129973
8132229
8133342
8134025
8136024
8136243
8137552
8138750
8139063
8139878
8140501
8140744
8141328
8141548
8142018
8143274
8144144
8145032
8229112
8229524
8231600
8232038
8233940
8303799
8304510
8307939
8308693
8310482
8313410
8314354
8315060
8315280
8316087
8316508
8317791
8318626
8320732
8321942
8322720
8323120
8323704
8325528
8381536
8454070
8454285
8455726
8456416
8457068
8457160
8457520
8458603
8458617
8458776
8459294
8459914
8459966
8460291
8460412
8460541
8460835
8460904
8461727
8461856
8462108
8462878
8463240
8463292
8463545
8463709
8507422
8507754
8508063
8508124
8508267
8508886
8509031
8509390
8509778
8509852
8510201
8510230
8510311
8510319
8511146
8511377
8513191
8513567
8513645
8514492
8514592
8514637
8515433
8515887
8516060
8516164
8517333
8518120
8518747
8519030
8519168
8575851
8575873
8576397
8576676
8576889
8576970
8578387
8578570
8578771
8578861
8579376
8580653
8581841
8581947
8582173
8582305
8582555
8582595
8582731
8582849
8582872
8583355
8583454
8583593
8583646
8584687
8584781
8585306
8585388
8585428
8585481
8585776
8586020
8586130
8586443
8586508
8586609
8587070
8587168
8587672
8587852
8587857
8587927
8587990
8588087
8588656
8589472
8590044
8591440
8592696
8594055
8595483
8599605
8601099
8692944
8693048
8695762
8697322
8698483
8708371
8708683
8711419
8744625
8752484
8775513
8775556
8775728
8775914
8776639
8776761
8778424
8779260
8781278
8781416
8782265
8782884
8783745
8784057
8784063
8784853
8784992
8785096
8785139
8785211
8785517
8785536
8785940
8786494
8786869
8787004
8787446
8787739
8787913
8789068
8789482
8791395
8792547
8792669
8792692
8793204
8793224
8793391
8793587
8794455
8806862
8807374
8808181
8808227
8808904
8809215
8809215
8809235
8810357
8810554
8811262
8811618
8811676
8811869
8812150
8813965
8814010
8814234
8814606
8814988
8815069
8815158
8815340
8815380
8836207
8837648
8838339
8839111
8840576
8840600
8841309
8841419
8841864
8843106
8843421
8859690
8862774
8864289
8864760
8872772
8873228
8875436
8876407
8876952
8877610
8877960
8957267
8957587
8957951
8958155
8958416
8958588
8958639
8958686
8958694
8959134
8959827
8960067
8960240
8960260
8960511
8960587
8960740
8961196
8961353
8961359
8961529
8962929
8962955
8963157
8963286
8963440
8963496
8964020
8964457
8964534
8964806
8964938
8965224
8965245
8965380
8965994
8966003
8966098
8966242
8966904
8967034
8968044
8968704
8968791
8968846
8969115
8969340
8970459
8971029
8971595
8971616
8971699
8971924
8971931
8972038
8972055
8972120
8972262
8972681
8972896
8973433
8973606
8974256
8974277
8974405
8974645
8974929
8974950
8975063
8975448
8975852
8976327
8976340
8976732
8976910
8977073
8977425
8977861
8977976
8978070
8978204
8978841
8979218
8979345
8979742
8980085
8981655
8981810
8982216
8982388
8982535
8982719
8983108
8983236
8983353
8983831
8983843
8983983
8984515
8984679
8984683
8984749
8984886
8984904
8984905
8986320
8986401
8986704
8986735
8987149
8987161
8987337
8987728
8988143
8988186
8988617
8989184
8989467
8989917
8990597
8990977
8991096
8991140
8991399
8991431
8991663
8991719
8992700
8996977
8997014
8998354
9004850
9005293
9006411
9028850
9029038
9029214
9029407
9029491
9029653
9030130
9030383
9030484
9031383
9031419
9031477
9031570
9031776
9031912
9031926
9032512
9032580
9032901
9033227
9033316
9033955
9034444
9035145
9035405
9035545
9036186
9036236
9036529
9037051
9037872
9038091
9038149
9038418
9038617
9038797
9039030
9039167
9039227
9039538
9039805
9040161
9040879
9041005
9041056
9041467
9041869
9042362
9042413
9044187
9044847
9045306
9047650
9048741
9049994
9090753
9090923
9091018
9091241
9091424
9092398
9092857
9092859
9092871
9093070
9093313
9093600
9094101
9094167
9094200
9094242
9094355
9094558
9094711
9094716
9094754
9095407
9095875
9096325
9096357
9096759
9097181
9097484
9097655
9097978
9098527
9098799
9099000
9099706
9100465
9100502
9100842
9101269
9101582
9101763
9102005
9102172
9102450
9102919
9102998
9103562
9103773
9103943
9104298
9104638
9105198
9105368
9105726
9105990
9106226
9106379
9106600
9106762
9106861
9124590
9124624
9125433
9125671
9126116
9126207
9128635
9128695
9128742
9129343
9129356
9129650
9130073
9130123
9130431
9130809
9131636
9132607
9132734
9132780
9133123
9133450
9133572
9133924
9134043
9134625
9134726
9134931
9135474
9136841
9136976
9203408
9207505
9266705
9297294
9297355
9297971
9297988
9298279
9298466
9298736
9299262
9299270
9300601
9300620
9301075
9301081
9301234
9301393
9302115
9302400
9302791
9302962
9303235
9303249
9304066
9304099
9304277
9304281
9304282
9305336
9306362
9306635
9307657
9307916
9308709
9310253
9310329
9311119
9311214
9311279
9311731
9311937
9312490
9312525
9312526
9312902
9312911
9312927
9313054
9313072
9457773
9457864
9457985
9458243
9458424
9458556
9458705
9458743
9458991
9459035
9459146
9459351
9459550
9459634
9460246
9460615
9461314
9461649
9461925
9462025
9462109
9462615
9462897
9463322
9463474
9463537
9464393
9464414
9464491
9464578
9464711
9464791
9464935
9464972
9465336
9465787
9466625
9467041
9467159
9467177
9467435
9467718
9468201
9468615
9468839
9468942
9469188
9469441
9469584
9469858
9470104
9488815
9488860
9488920
9488928
9489046
9489115
9489164
9489503
9489850
9490025
9490086
9490097
9490334
9490593
9490846
9490996
9491430
9491464
9491518
9491899
9491947
9492099
9492524
9492790
9493169
9493231
9493329
9493701
9494363
9494502
9494733
9495038
9495818
9496053
9496514
9497203
9497219
9497806
9498564
9498623
9498856
9499204
9499243
9499247
9499295
9499951
9500276
9500919
9501177
9501459
9501812
9501976
9502259
9502595
9502854
9503634
9504399
9504832
9504885
9505036
9505207
9506198
9506303
9506395
9506443
9506525
9506573
9507037
9507469
9507749
9508097
9508440
9508564
9508762
9508921
9509204
9509276
9509602
9509636
9509979
9510038
9510223
9510300
9511105
9511431
9512368
9512479
9512483
9513765
9514509
9514520
9515157
9515350
9515952
9515990
9516506
9517462
9517494
9517514
9517554
9517809
9517853
9518056
9518149
9518425
9518662
9518701
9518917
9518943
9519829
9519889
9520491
9520577
9520633
9521315
9521384
9521401
9521540
9521631
9521652
9521739
9521813
9521962
9522559
9522677
9523314
9523423
9523464
9523913
9524006
9524025
9524181
9524964
9525010
9525069
9525794
9526060
9526396
9526651
9526738
9527783
9527812
9528051
9528204
9528402
9528621
9528720
9529105
9529208
9529843
9529969
9530055
9530208
9530378
9530473
9530599
9530629
9531016
9531212
9531628
9531664
9532080
9532459
9532748
9533013
9533043
9533111
9533575
9533799
9533936
9534063
9534162
9534276
9534338
9535000
9535094
9535300
9535303
9536216
9536311
9536319
9536383
9536493
9536675
9536726
9536966
9537018
9537041
9537191
9537228
9537595
9537732
9537852
9538052
9538428
9538557
9538708
9539087
9539272
9539722
9539747
9539834
9539862
9539925
9539961
9540415
9540494
9540727
9540848
9541167
9541236
9541368
9541403
9541423
9542111
9542455
9542490
9542858
9542889
9543497
9543605
9543655
9544127
9544348
9544567
9544751
9544772
9544966
9545074
9546212
9546248
9546891
9546926
9547167
9547175
9547724
9547821
9547900
9547956
9548099
9548127
9548167
9549025
9549153
9549205
9549468
9549576
9549583
9549653
9549761
9549831
9550327
9550690
9580148
9582043
9586019
9586394
9587752
9587993
9588956
9590070
9592924
9593040
9596724
9597753
9621584
9625651
9625782
9625865
9626373
9626421
9627663
9627697
9627760
9627980
9628423
9629008
9629098
9629101
9629134
9629168
9629828
9630944
9631343
9631857
9632256
9632511
9633619
9633765
9633967
9634143
9634580
9634645
9635415
9700005
9700556
9700751
9701198
9701826
9702357
9702455
9702859
9702928
9702957
9702997
9703488
9703812
9704054
9704138
9704162
9704784
9705109
9705115
9705349
9705717
9705798
9705870
9706052
9706095
9706186
9706189
9706585
9706652
9706669
9706738
9706996
9707233
9707737
9707843
9707853
9708142
9708346
9708490
9708616
9708689
9709057
9709362
9709463
9709528
9710091
9710726
9710763
9710914
9712142
9713957
9714537
9714649
9714786
9714828
9714994
9715641
9715833
9716093
9716478
9716575
9716683
9716779
9716823
9717038
9717415
9717439
9717597
9718116
9718318
9720327
9720784
9720861
9721015
9721321
9721531
9721626
9721844
9721861
9722620
9723191
9723628
9723719
9724258
9724408
9724411
9724539
9724817
9724899
9725056
9725268
9725287
9725844
9726307
9726647
9726655
9726864
9727257
9727353
9727826
9728674
9728857
9729004
9729065
9729122
9729438
9729670
9729888
9730073
9730378
9730963
9731257
9731606
9732298
9732402
9732505
9733248
9733846
9733902
9734569
9735555
9735999
9736256
9736693
9737241
9737673
9737703
9737743
9738323
9740450
9741046
9742461
9743263
9743479
9745618
9745758
9746987
9747562
9748073
9749045
9749266
9749333
9750996
9751023
9752728
9816360
9816790
9816937
9817741
9818320
9818348
9818493
9818872
9819032
9819242
9819844
9819992
9819993
9820061
9820284
9820446
9820564
9820920
9821258
9821780
9822877
9823253
9823840
9824174
9825080
9825193
9825763
9826156
9827603
9828827
9829511
9830094
9830133
9830936
9831012
9831513
9834686
9835077
9836017
9836151
9836424
9836565
9837767
9840153
9840495
9840566
9843268
9843890
9845379
9846997
9847075
9847724
9847760
9847837
9848130
9848174
9848416
9849215
9849825
9849837
9850221
9851001
9851570
9852484
9852864
9854712
9855428
9855938
9855980
9856175
9858143
9859179
9859549
9859792
9859949
9861020
9977384
9980753
9980959
9982549
9982823
9984042
9984052
9985046
9985381
9985398
9985715
9986485
9987202
9989601
9991538
9994163
9994636
9995049
9995966
10012374
10026002
10026653
10031536
10036926
10077126
10077418
10077756
10078159
10079430
10080298
10081229
10081840
10084393
10085109
10085519
10086021
10086930
10087702
10087974
10089326
10131767
10132582
10133418
10133839
10133942
10135769
10135954
10135977
10136686
10137444
10138862
10139321
10139362
10142481
10142975
10144113
10144828
10146248
10196236
10196310
10196355
10196359
10196420
10196843
10196936
10197062
10197896
10198020
10198234
10198253
10198267
10198445
10198615
10198768
10199489
10199534
10199607
10200202
10200248
10200505
10200680
10200850
10201198
10201228
10201463
10201636
10201916
10202522
10202633
10202721
10202802
10203062
10203571
10204183
10204643
10205016
10205024
10205026
10205205
10205591
10206011
10206051
10206309
10206806
10207185
10207299
10207397
10207785
10208379
10208522
10208789
10208825
10208903
10208976
10209079
10209313
10209346
10209658
10209783
10209833
10209934
10210001
10210121
10210198
10210967
10211551
10211731
10211948
10212119
10245726
10247522
10247732
10270541
10270910
10271353
10272079
10272161
10272809
10273120
10273193
10274123
10274565
10275305
10275368
10275960
10275969
10276635
10277292
10278038
10278745
10279461
10280498
10280770
10280810
10281552
10282300
10282339
10282354
10283640
10284542
10284655
10286083
10286913
10318022
10326195
10359594
10359770
10359773
10360295
10360555
10361353
10361397
10361515
10361662
10361905
10362753
10362859
10363005
10363393
10363739
10363826
10364239
10364288
10364370
10365363
10365664
10366441
10366642
10367189
10367810
10368523
10368687
10368905
10368916
10369156
10369573
10369585
10369766
10369841
10369867
10369879
10370070
10370375
10370656
10370855
10370921
10371356
10372060
10372632
10372901
10373173
10396600
10457824
10484418
10484423
10484826
10484911
10486834
10490337
10491256
10493480
10496076
10496896
10498156
10648989
10649334
10699574
10700691
10721283
10795158
10796737
10807419
10809023
10809054
10809752
10810025
10810330
10810343
10810510
10811398
10811410
10811701
10812219
10812442
10812885
10813952
10813993
10851376
10852286
10852295
10852443
10852485
10852938
10853337
10853536
10853605
10854232
10855257
10855264
10856637
10857295
10861289
10862624
10863373
10863948
10865077
10866039
10915697
10918426
10920537
10920619
10920851
10922558
10922934
10922966
10926010
10926680
10928143
10929515
10929630
10933162
10933430
11004409
11004809
11005531
11005599
11007233
11007408
11007936
11008097
11008200
11008211
11008926
11009169
11009200
11009621
11011120
11011272
11011626
11011996
11012071
11012595
11012982
11013316
11013957
11014064
11014069
11014152
11014169
11014404
11014750
11014760
11015333
11015481
11015678
11015852
11015993
11016096
11016246
11016268
11016674
11017928
11017947
11018019
11018252
11018770
11019062
11019066
11019192
11019441
11019574
11019742
11019922
11020836
11051981
11055699
11057575
11061590
11064907
11066988
11067642
11086655
11086846
11089554
11090595
11090664
11093926
11094850
11096877
11101371
11101853
11102446
11102829
11103870
11104489
11104855
11105418
11105454
11106868
11106890
11107416
11107705
11107848
11107851
11107952
11108027
11108112
11109051
11109597
11109624
11110196
11110525
11110652
11110936
11110939
11111084
11111556
11112924
11113131
11113720
11113805
11114268
11114402
11115450
11115549
11116148
11157061
11170733
11171396
11291049
11291917
11292267
11293486
11295035
11295241
11296820
11297960
11298600
11299343
11301869
11302559
11302927
11303523
11303972
11304224
11304537
11304641
11316951
11317039
11317811
11318009
11319632
11319789
11320264
11320840
11320952
11320983
11321667
11322010
11323635
11324202
11325611
11327440
11328825
11328928
11330728
11331004
11334175
11540450
11540581
11540840
11541579
11542348
11545224
11545457
11546011
11546055
11546676
11546845
11546871
11547070
11549634
11550246
11550302
11550954
11551184
11551207
11552005
11552597
11553456
11597817
11597891
11597996
11600402
11600536
11600583
11600594
11601275
11602628
11602644
11602698
11603117
11603590
11604176
11604788
11604805
11605214
11605760
11605846
11606592
11606602
11606645
11606827
11606927
11607068
11607196
11607615
11608008
11608133
11608182
11650617
11650697
11650861
11651065
11652049
11652423
11653391
11653425
11653693
11654073
11654714
11655050
11655382
11655930
11656069
11656396
11656553
11656937
11657164
11657413
11657709
11657874
11658295
11658911
11659836
11659853
11660018
11660077
11660092
11660601
11662081
11662188
11662315
11662802
11663289
11663353
11663601
11663930
11664085
11664702
11664800
11874033
11874079
11874285
11875091
11875337
11875454
11876687
11876867
11877478
11877894
11878164
11879270
11879342
11879785
11879801
11879834
11880440
11880980
11881236
11881635
11881957
11882371
11882522
11883462
11883675
11884038
11884247
11885157
11885522
11887082
11887596
11887604
11888107
11888278
11888311
11888838
11889108
11889789
11889809
11890652
11905188
11932973
11933308
11934635
11936100
11937106
11940480
11940606
11940803
11942601
11943263
11943863
11944013
11949974
12006832
12007838
12008025
12008193
12008810
12009216
12009241
12009430
12010286
12011028
12011033
12011534
12011637
12011732
12011962
12011986
12012663
12012961
12013197
12013705
12013916
12014394
12014770
12015265
12015594
12015807
12015829
12015845
12016070
12016244
12017856
12018128
12030311
12031150
12032436
12032462
12032785
12034312
12034692
12034761
12035075
12035683
12035762
12035994
12037089
12037769
12038063
12100758
12101132
12101382
12101594
12101679
12101694
12102194
12102329
12102370
12102424
12102523
12102780
12102906
12102925
12103004
12103052
12103078
12103254
12104107
12104130
12104161
12104245
12104293
12104324
12104768
12104901
12105414
12105781
12106531
12106944
12107271
12107315
12107502
12107929
12108142
12108595
12108900
12109038
12109197
12109922
12110484
12110949
12111277
12112053
12112253
12112509
12112579
12113368
12113534
12113624
12114512
12115132
12115970
12117495
12118561
12120245
12122078
12127098
12128250
12128250
12130919
12131309
12159103
12178565
12182872
12182920
12184141
12184162
12184750
12185433
12185561
12186188
12187089
12187100
12187158
12187781
12187803
12188290
12188388
12188900
12189791
12190323
12190722
12191339
12191505
12192289
12192544
12193039
12194519
12194707
12195843
12196483
12196551
12197228
12197318
12197504
12197817
12197873
12198033
12198227
12198237
12198324
12212687
12212758
12212865
12212940
12213031
12213497
12213695
12214061
12214237
12214356
12215466
12215943
12216255
12216486
12216676
12217114
12217296
12217351
12217813
12218136
12218486
12218715
12218844
12219375
12219471
12219489
12219914
12220056
12220804
12220951
12220961
12221065
12221303
12222138
12222245
12222295
12222367
12222425
12302940
12304472
12306993
12309242
12312346
12312711
12315596
12319764
12320430
12320880
12320898
12321159
12321613
12321755
12321765
12321843
12321989
12322050
12322278
12322325
12322407
12322521
12322565
12323585
12323671
12323757
12323819
12323945
12324096
12324184
12324212
12324429
12325320
12325708
12326341
12326409
12326914
12326967
12326993
12327156
12327445
12328346
12328511
12328772
12329025
12329205
12329220
12329468
12329490
12330070
12330278
12330815
12330817
12330948
12330974
12331015
12331072
12331616
12331721
12331937
12332438
12332545
12333461
12333466
12333904
12334268
12335217
12335329
12335607
12335775
12336085
12336498
12337020
12337161
12337365
12337479
12356172
12356910
12356997
12357240
12358815
12358942
12359887
12359898
12360080
12360207
12360496
12360638
12361526
12361771
12361847
12362456
12362507
12362688
12363066
12364412
12364614
12364855
12365064
12365323
12365978
12366230
12366243
12366863
12367419
12367657
12368118
12368734
12368769
12368817
12368845
12369410
12369704
12369838
12370061
12370128
12370244
12371015
12371874
12384911
12385763
12386764
12388527
12389369
12389988
12390557
12390758
12391564
12392375
12392713
12392715
12393031
12393871
12394554
12396967
12397100
12397346
12397802
12409208
12421715
12421883
12421899
12421998
12422330
12423911
12423968
12424667
12425168
12427750
12428210
12429768
12429878
12430007
12431415
12431826
12432559
12453614
12456547
12457219
12459550
12460632
12462569
12464867
12464987
12496544
12500342
12502704
12504074
12506084
12507374
12508687
12509673
12510484
12510511
12573143
12646056
12646935
12647374
12647600
12648059
12648622
12650034
12650213
12652465
12652533
12653051
12653206
12653482
12653559
12653579
12653866
12653924
12654205
12655116
12655952
12656994
12657587
12658413
12659192
12659795
12660196
12660745
12661053
12661256
12661283
12661868
12662932
12670407
12671946
12673959
12674903
12677402
12677707
12678911
12679552
12695034
12695145
12698617
12698777
12698834
12699433
12702844
12703331
12704246
12705158
12802523
12802988
12804850
12805386
12806248
12806468
12807674
12808197
12808621
12808653
12809781
12811037
12813325
12814315
12814519
12814977
12817952
12845240
12845360
12845434
12848249
12848365
12850279
12851436
12852267
12854398
12855756
12859183
12860833
12861505
12862720
12862769
12863958
12865753
12865825
12865879
12866660
12867156
12867251
12867516
12869300
12869683
12870096
12870287
12871140
12872056
12872692
12873570
12873631
12966572
12969401
12971039
12973490
12974122
12974179
12975702
12977270
12978178
13195701
13196090
13196424
13196893
13198081
13198151
13198995
13200297
13200473
13200526
13200955
13201066
13201231
13201816
13201906
13201929
13202045
13202690
13202830
13202944
13203872
13204232
13205622
13205900
13206087
13206440
13206613
13207242
13207743
13207766
13207816
13208105
13208243
13208445
13208481
13208546
13208935
13209209
13209550
13209730
13209944
13210047
13210070
13211315
13211680
13212698
13213344
13213991
13214156
13214177
13214524
13214669
13214701
13214759
13214996
13215295
13215865
13216019
13216205
13218618
13264554
13266028
13266912
13266953
13267405
13267533
13267655
13267762
13268049
13268532
13268794
13269676
13269752
13270956
13271996
13272597
13273087
13273520
13275628
13275638
13275823
13276269
13276571
13276852
13277407
13277747
13277978
13278532
13279092
13279884
13280388
13281261
13281359
13282049
13282482
13282897
13283321
13283648
13283939
13284167
13284202
13288114
13289386
13290889
13302128
13340404
13340894
13341032
13341284
13341317
13341507
13341639
13341640
13342199
13342317
13342428
13342471
13342715
13342744
13342814
13343011
13343012
13343517
13344230
13344495
13344983
13345047
13345108
13345334
13345341
13345375
13345404
13345599
13345630
13345841
13345875
13347063
13347282
13347381
13347915
13348153
13348257
13348280
13348648
13348911
13348985
13349666
13349868
13350050
13350125
13350705
13363802
13364628
13365227
13365694
13365819
13365859
13366016
13366232
13366277
13366505
13366768
13366786
13366914
13366973
13367025
13367780
13368138
13368406
13368828
13369951
13369970
13370492
13371032
13371232
13371670
13372108
13372705
13373704
13373724
13373947
13374075
13374141
13374176
13374358
13374502
13374524
13374579
13374700
13374921
13375352
13375356
13375386
13375528
13375581
13376531
13376749
13376907
13377046
13377097
13378086
13378891
13378908
13379313
13379801
13380124
13380598
13380741
13381228
13381469
13381922
13381975
13382283
13382580
13382702
13382773
13383370
13383546
13383761
13383900
13383959
13384062
13384349
13384763
13384766
13384780
13384837
13385231
13385646
13385664
13385853
13385926
13386984
13387074
13387749
13387800
13388073
13388458
13388563
13388643
13389030
13389046
13389732
13390088
13390147
13390607
13390935
13391202
13391518
13391595
13391652
13392044
13392426
13392631
13392909
13393301
13393457
13393516
13393746
13393756
13393773
13394775
13447048
13448789
13452138
13452781
13452789
13452915
13453281
13455117
13456143
13458080
13458819
13459239
13461639
13464301
13466113
13466119
13472101
13488528
13488712
13488934
13489069
13489481
13489621
13489685
13490036
13490082
13490399
13490828
13491005
13491224
13491336
13491512
13492286
13492623
13493005
13494167
13494218
13494482
13495414
13495415
13495742
13496019
13496185
13496488
13496606
13497717
13498384
13498511
13498539
13499039
13499543
13500350
13500402
13500780
13500877
13501355
13501821
13502993
13503238
13504219
13504346
13504476
13505129
13505282
13508002
13510487
13510788
13511064
13511313
13511349
13511462
13513393
13516295
13516626
13517752
13521010
13521215
13523546
13523677
13524616
13526370
13529817
13530729
13530899
13530938
13531717
13531925
13532112
13532320
13532332
13532390
13532773
13532977
13532992
13533205
13533573
13533719
13533856
13534025
13534159
13534678
13535012
13535487
13535702
13536012
13536020
13536036
13536041
13536063
13536395
13536408
13536493
13536674
13536723
13537175
13537451
13537948
13538039
13538043
13538258
13538553
13540322
13540371
13540989
13541237
13541730
13542107
13626992
13627242
13627263
13627700
13627777
13627992
13628229
13628452
13628917
13629129
13629760
13629859
13630006
13630086
13630227
13630286
13630709
13631003
13631257
13631714
13631748
13632142
13632249
13632877
13632930
13632995
13633356
13633362
13633473
13633842
13634418
13634884
13635790
13636094
13636664
13637614
13637778
13637963
13637993
13638632
13642462
13644517
13646702
13647405
13648272
13650001
13650077
13651665
13651804
13688360
13693256
13693450
13695736
13696382
13701049
13701341
13705046
13705060
13705294
13707901
13709065
13709093
13709148
13709193
13709204
13709271
13710432
13710487
13710659
13711011
13711114
13711133
13711293
13712847
13713059
13713227
13713289
13713725
13713757
13713919
13714083
13714485
13714509
13714663
13714990
13715079
13715095
13715468
13715531
13715642
13716189
13717279
13717316
13717644
13717875
13718044
13718164
13738460
13738517
13738720
13738782
13739107
13739317
13739412
13739799
13739946
13740090
13740570
13740601
13740710
13740784
13741756
13741881
13741971
13742012
13742419
13742527
13742811
13742857
13742922
13743145
13743276
13743285
13743814
13743998
13744297
13744316
13744632
13744689
13744992
13745103
13745326
13745567
13745772
13745821
13746017
13746198
13746201
13746518
13746679
13746719
13746992
13747108
13747278
13747393
13747401
13747457
13747506
13748175
13748225
13748580
13748640
13748651
13748659
13749720
13749729
13749965
13750332
13750814
13751047
13751508
13751677
13752632
13772140
13772729
13774751
13774852
13774987
13774993
13776616
13776950
13777558
13778783
13780472
13780765
13780982
13781626
13781821
13781827
13782908
13783462
13783603
13784104
13784849
13817450
13817451
13817503
13818109
13818581
13818976
13819710
13820270
13821079
13821204
13821642
13821787
13822142
13822813
13822834
13823452
13823685
13823856
13824217
13824613
13824836
13825766
13825877
13825993
13826117
13826331
13826774
13827148
13827364
13827960
13828032
13828799
13829037
13829860
13830845
14050257
14054938
14060557
14062438
14062688
14063462
14065899
14072411
14086226
14115878
14116136
14116466
14117331
14118326
14118769
14118839
14119190
14119278
14119293
14119345
14119394
14120067
14120148
14120427
14121759
14122502
14122949
14123204
14123378
14123542
14123834
14124274
14124422
14124513
14124719
14125000
14125540
14125750
14126240
14126359
14126970
14127190
14127615
14127641
14127719
14128363
14128535
14128703
14129253
14129833
14129979
14130101
14163631
14164208
14164563
14166323
14167559
14167988
14168101
14170044
14170106
14170392
14171221
14171230
14171232
14171624
14171781
14171844
14171854
14172295
14172686
14173178
14220928
14222144
14222227
14222418
14224580
14226161
14227196
14231061
14232029
14232237
14232453
14266065
14327912
14328801
14331200
14332354
14332960
14335820
14335944
14336011
14337251
14337402
14405558
14405627
14406502
14406890
14406942
14407135
14407339
14407373
14407660
14407888
14408095
14408358
14408368
14408527
14408692
14408796
14408981
14409020
14409587
14409836
14409905
14409934
14409939
14409939
14410049
14410103
14410561
14410709
14410822
14410876
14410967
14411237
14413998
14414050
14414067
14414317
14414458
14414546
14414990
14415432
14415491
14415569
14415863
14416275
14416574
14416782
14417529
14417568
14417999
14697162
14697816
14698529
14698756
14699302
14700575
14700689
14704421
14704653
14704910
14705368
14707125
14707333
14737456
14751672
14761785
14881522
14881703
14882116
14882625
14883581
14884066
14885739
14885806
14891024
14894097
14894214
14895129
14896328
14914759
14917864
14918760
14971243
14971440
14971871
14972160
14972377
14972716
14972868
14973168
14973233
14973348
14973571
14973764
14973884
14973912
14973949
14974326
14974487
14974561
14974606
14974988
14975114
14975353
14975554
14975635
14975690
14976000
14976065
14976069
14976178
14976226
14976254
14977023
14978064
14978193
14978199
14978584
14978792
14978891
14979377
14979502
14979541
14979716
14979791
14979966
14980208
14980951
14980986
14981308
14981310
14981322
14981344
14981553
14981828
14981881
14983547
14984100
14984169
14984447
14984830
14985427
14985978
14986209
14986291
14986318
14986680
14986880
14986881
15099350
15099527
15100109
15100128
15100505
15101042
15101141
15102556
15102744
15103732
15104506
15104635
15104936
15105059
15105147
15105604
15106029
15106031
15107220
15108653
15108807
15108952
15110463
15111327
15111387
15111808
15111876
15125369
15125536
15125774
15127085
15127129
15127493
15127795
15129536
15131208
15132650
15132698
15133068
15133576
15134908
15135731
15135800
15136877
15137359
15237591
15238396
15242094
15242095
15243772
15249129
15249537
15300605
15301187
15301341
15301354
15301386
15301441
15301493
15301620
15301935
15302517
15302517
15302723
15304042
15304316
15304461
15304616
15304828
15304915
15305591
15306607
15306807
15306960
15307517
15307833
15308040
15308819
15308884
15309121
15309399
15309433
15309452
15309868
15309871
15310149
15311470
15311763
15312091
15312454
15313552
15313671
15314122
15314754
15314757
15314924
15314959
15315104
15540905
15541614
15542388
15546130
15787585
15788275
15790587
15792966
15797274
15807935
15844110
16011594
16012692
16013293
16013680
16013828
16016020
16017045
16017654
16018718
16018907
16019175
16020115
16021576
16021713
16022794
16023215
16023405
16023410
16225702
16227241
16382221
16383976
16387872
16419084
16429110
16432601
16517089
16613548
16618317
16621359
16621483
16621992
16625704
16629012
16629182
16629997
16631008
16631340
16631595
16631930
16632356
16632380
16632472
16632588
16632719
16632980
16633318
16633576
16634136
16634290
16634764
16635087
16635485
16636144
16636374
16636486
16636682
16637608
16637750
16637926
16638110
16638305
16873560
16875183
16887414
16893248
16897912
16898466
16898628
16898883
16899406
16899613
16900773
16901687
16901938
16903829
16905386
16968968
16969016
16969273
16969662
16970211
16970561
16970645
16970752
16970916
16971179
16971792
16972033
16972534
16972718
16972979
16973295
16973317
16973442
16973503
16974244
16974489
16974686
16974748
16974867
16974943
16975053
16975221
16975359
16975417
16975589
16975695
16975775
16975869
16976080
16976193
16976428
16976470
16976610
16977031
16977548
16978109
16978130
16979123
16979233
16979414
16979846
16979879
16980716
16980967
16981544
16982027
16982639
16982682
16983150
16983372
16983411
16983541
16983938
16984036
17169565
17415874
17416438
17420853
17420919
17421194
17422824
17428451
17429165
17557792
17558775
17561884
17664938
17665323
17773220
17773347
17773500
17774032
17774052
17774870
17775427
17775873
17776136
17776477
17777227
17777245
17777361
17777828
17780384
17780447
17780466
17781247
17781771
17781960
17783648
17783764
17784030
17784323
17785130
17785403
17785517
17786825
17787665
17808872
17809175
17810309
17810576
17811447
17812242
17812297
17812423
17812571
17814592
17817669
17817752
17818046
17818566
17820498
17820616
17822113
17822384
17822437
17823005
17823313
17824307
17861268
17991558
17992886
17993669
17993788
17994122
17997268
17997440
18000296
18000837
18001356
18002792
18003580
18006226
18006832
18027892
18038055
18042211
18043880
18267329
18268826
18270165
18270702
18271660
18273670
18275585
18278555
18348236
18349172
18353039
18353244
18354008
18354248
18354500
18355735
18355792
18356458
18358306
18358736
18358759
18358795
18359038
18359143
18359557
18359848
18359967
18360082
18360710
18361364
18361444
18361562
18361624
18361766
18361880
18362102
18362362
18362669
18362780
18363698
18363727
18364102
18364183
18364253
18364394
18364419
18364924
18365014
18365439
18365558
18366042
18366682
18366684
18367203
18367397
18367436
18367765
18367957
18367998
18368157
18368424
18369095
18369829
18370008
18370304
18370388
18370488
18370645
18371480
18371713
18372617
18372664
18372787
18373420
18373451
18373572
18373796
18374125
18374879
18377943
18380040
18380093
18391451
18392025
18392921
18393082
18393734
18394914
18395087
18396064
18397142
18398205
18402482
18403508
18403624
18404379
18405087
18405818
18406352
18406595
18407852
18408500
18409001
18409455
18410214
18455003
18456766
18457589
18458995
18460925
18461386
18469508
18472406
18480795
18481798
18483225
18484699
18487790
18488231
