28547
30580
31207
31234
37629
38114
38515
38598
38951
39067
39092
39636
40412
41738
42277
42320
43385
43854
43878
44121
44847
45173
46151
46170
46294
46514
47012
48754
49224
49270
49418
49676
50730
51446
51879
83689
83798
84643
84663
85362
85572
86123
86410
86682
86813
87105
87327
87474
87669
87883
88264
88563
88920
89306
89554
90956
92838
93843
94180
94333
94356
94962
97185
97332
99016
99561
99825
101378
101795
101934
102277
102414
102657
102883
103426
103798
104353
104482
105142
105923
106082
106292
107997
108219
108322
109035
110067
110112
110267
110610
112483
112864
113623
114103
115051
115613
116389
117068
201151
202630
204662
204765
205872
206177
206326
206623
207147
208120
208141
209118
241435
242296
242489
245766
246059
246229
247523
247607
248479
250858
251405
253431
253917
255193
255282
258216
262896
263335
263489
265035
385748
386913
387016
387619
388983
394005
394140
394588
395382
396691
397003
397104
399067
399550
401714
414666
414728
415419
415999
416523
416549
416639
417161
417208
417230
417407
419176
419826
420189
420519
420798
421305
421702
421777
422705
424784
424857
424972
425227
425303
425744
425956
426370
426568
426747
426821
426839
427331
427368
427591
427695
427985
428179
428262
428514
428612
428804
430007
430099
430314
430440
430953
449980
454419
460206
460502
461657
461777
461862
461982
462416
462787
463420
463652
463729
464326
464461
465388
465747
466221
466656
466793
466942
467938
468152
468453
468623
468758
469458
470076
470386
470844
471223
471439
471953
472160
472214
472642
473070
473319
488220
488477
489968
490201
493236
493585
494952
495560
584842
585100
585199
585879
585904
586255
586366
588342
589729
589980
590105
590510
590638
590700
590794
591393
591494
591576
592269
592973
593193
593587
593643
593801
594000
594379
594483
594887
594941
595263
595272
596144
663436
664194
685600
689880
689935
693321
694358
695370
697264
754881
757361
758263
759296
760548
760990
761653
761998
763119
764006
764180
765014
765322
765617
766298
766882
767424
767643
767856
769215
769338
769813
771447
771465
806191
815908
845647
845731
846073
846081
846114
846390
847398
847566
848066
849674
850391
851195
851427
851516
851764
852665
852999
853122
853297
854294
854305
854370
854441
854469
855034
855088
855102
856105
856187
856374
856643
895811
901229
943882
965416
970316
973626
1041288
1045035
1048190
1048434
1053360
1054018
1054291
1056697
1062804
1070015
1071402
1071555
1071952
1072699
1073336
1073614
1074404
1074437
1074716
1074879
1074884
1075547
1075867
1076693
1076798
1076879
1077119
1077173
1077264
1077353
1078531
1079515
1079708
1080132
1080763
1080869
1081818
1081914
1081924
1082094
1082510
1082559
1083659
1084038
1084073
1124482
1124695
1124955
1125069
1125416
1126012
1126097
1126971
1127294
1127568
1127760
1128155
1129016
1129102
1129648
1130061
1130589
1130648
1130977
1131160
1131628
1131880
1132118
1132297
1132420
1132565
1132604
1133102
1133137
1133408
1133489
1133768
1133839
1133884
1134267
1134275
1134298
1134386
1134526
1135247
1135966
1136845
1136854
1137289
1137525
1137987
1138132
1188750
1195894
1250923
1251050
1251379
1254405
1255170
1256081
1257613
1259465
1259831
1259856
1260181
1261011
1262639
1262746
1282773
1283926
1288337
1292832
1293251
1294636
1295745
1299873
1304308
1309976
1310261
1394832
1402354
1403052
1427572
1427590
1427727
1427845
1427954
1428014
1428404
1428412
1428601
1429104
1429166
1429244
1429735
1429803
1429851
1430480
1430895
1431638
1432377
1432486
1432781
1433321
1433526
1433742
1434107
1434189
1434616
1434705
1435152
1435201
1435248
1435321
1435632
1436056
1436537
1436561
1436732
1436761
1436932
1437392
1437785
1438006
1438986
1439422
1439924
1439999
1441395
1441652
1442151
1442250
1442637
1442774
1443096
1443148
1443170
1443298
1443654
1444173
1444205
1444781
1444978
1445215
1445840
1445864
1446436
1446502
1447212
1447234
1447292
1447383
1447391
1447937
1448380
1449318
1450208
1451040
1451338
1451725
1452058
1452357
1452447
1452535
1454300
1454514
1455209
1455543
1455756
1456105
1456204
1457797
1458441
1459236
1459316
1459461
1459834
1460141
1460473
1460986
1462003
1462177
1462308
1462702
1463263
1463542
1463961
1464139
1464329
1464598
1464641
1465189
1465249
1465258
1465322
1465360
1465478
1511897
1558160
1597874
1598895
1599234
1600289
1605249
1609714
1610259
1610474
1611185
1612551
1613491
1775278
1775404
1776257
1778083
1778586
1778961
1779415
1779866
1780858
1780892
1781370
1783702
1783895
1784483
1785144
1785196
1785199
1785519
1786161
1786523
1787086
1829699
1836293
1843099
1844667
1871070
1871213
1871324
1871984
1872023
1872058
1872349
1872616
1872702
1873634
1875003
1875297
1875500
1875502
1876039
1876070
1876303
1876344
1876350
1876500
1876524
1876682
1877102
1877793
1877928
1878162
1878235
1878281
1878583
1878705
1878723
1878727
1879130
1879253
1879327
1879396
1879847
1879864
1880216
1880381
1881097
1881220
1881537
1882025
1882057
1882416
1882910
1882981
1883273
1883365
1883529
1883590
1883985
1884520
1884523
1884695
1885031
1885150
1885197
1886679
1886947
1887347
1887405
1921530
1925426
1927332
1933408
1933427
1933622
1933773
1933917
1934709
1935050
1936062
1936646
1936916
1936948
1936953
1939138
1939367
1939439
1941118
1941492
1941738
1941993
1942886
1948031
1949892
1950343
1951685
1953560
1954026
1956287
1956439
1956649
1956680
1956906
1956915
1957547
1957867
1958150
1958498
1958544
1958743
1958940
1959527
1959671
1959844
1960121
1960404
1960416
1960606
1961321
1962004
1962101
1962150
1962395
1962475
1962805
1963412
1964299
1964733
1965064
1965807
1965904
1965935
1966045
1966417
1966935
1967293
1967427
1967505
1987102
1987197
1987282
1987308
1987429
1987437
1987867
1988121
1988483
1989281
1989367
1989709
1990398
1991014
1991110
1991438
1992166
1992286
1992446
1992665
1992716
1993043
1993107
1993508
1993955
1994140
1994160
1994246
1994417
1994762
1994999
1995104
1995976
1996018
1996474
1996515
1996648
1996664
1996816
1998242
1998445
1998449
1998670
1998809
1998949
1999463
1999493
1999653
1999671
1999841
2000089
2000147
2000158
2000849
2001090
2001412
2001689
2001986
2002055
2002344
2002477
2003382
2006157
2006986
2063723
2116076
2116964
2117024
2117300
2117991
2119567
2119955
2120652
2120828
2121816
2122578
2122678
2122947
2123382
2123648
2124749
2125037
2125458
2199009
2201924
2207053
2207996
2216395
2325850
2326560
2327060
2327649
2328856
2328932
2329096
2329373
2329829
2330232
2330333
2330434
2331524
2331560
2331715
2331798
2331974
2332127
2332858
2333624
2333792
2334121
2334397
2334559
2334757
2334947
2335194
2336049
2336331
2336585
2337333
2337336
2337676
2338040
2338240
2338476
2338612
2338735
2338838
2338872
2339595
2340778
2380465
2380889
2388761
2391001
2535069
2535118
2535875
2536915
2537446
2537791
2538160
2538310
2538354
2539641
2539846
2539861
2540047
2540413
2540430
2540636
2540820
2541118
2541265
2541407
2541742
2541861
2542169
2542245
2542399
2542473
2542770
2543405
2543430
2543786
2543981
2544005
2544128
2544236
2544524
2544773
2545191
2545227
2545344
2545568
2545771
2545929
2547274
2547378
2547695
2549525
2549539
2549548
2566021
2574913
2576745
2576830
2577844
2579173
2580192
2597692
2597945
2598454
2598476
2599707
2600620
2600764
2601497
2601684
2603710
2611935
2620076
2766414
2772340
2773265
2773277
2774201
2774469
2775337
2776308
2776715
2777094
2777943
2778123
2778216
2778238
2778480
2779137
2781143
2865194
2921108
2995602
3004313
3004369
3065407
3067815
3069353
3069976
3070034
3070119
3074922
3075499
3076442
3080462
3081233
3081486
3081866
3082058
3082177
3154111
3154451
3155875
3156067
3157228
3157323
3157497
3157519
3158191
3158254
3158403
3158421
3158493
3158575
3158691
3158710
3158765
3158854
3158894
3159153
3159718
3160052
3160444
3160677
3160922
3160991
3161072
3161121
3161133
3161264
3161562
3161973
3162189
3162496
3162507
3162544
3162566
3162779
3163949
3164137
3164508
3164973
3166353
3166432
3167522
3168080
3168289
3249334
3249510
3249886
3250018
3250229
3250844
3251007
3251304
3251492
3251875
3251911
3252386
3254207
3254212
3254913
3255380
3255389
3255650
3255773
3255982
3256117
3256424
3256483
3256510
3256779
3257544
3257567
3257938
3258263
3258437
3258527
3259030
3259183
3259267
3259660
3260184
3260556
3260841
3263848
3264085
3265342
3266500
3267028
3270469
3270756
3276218
3279670
3360670
3388454
3393362
3513806
3513993
3514845
3517517
3517619
3517995
3518700
3520138
3521784
3522738
3523124
3523206
3523534
3523764
3525047
3525115
3525482
3525638
3525808
3525919
3525945
3526043
3526601
3526655
3527266
3527274
3527387
3527698
3527701
3527755
3527978
3528071
3529407
3529498
3529510
3529684
3529741
3530434
3530528
3530640
3531494
3531675
3532151
3532389
3532822
3533208
3533440
3533496
3533567
3533642
3533679
3533735
3533792
3534194
3534256
3534953
3535007
3535011
3535016
3535069
3629568
3635750
3636814
3646192
3647190
3647226
3647237
3647340
3647654
3647660
3648179
3649013
3649247
3649658
3649726
3650139
3650212
3650243
3650418
3650567
3650627
3650663
3650972
3651108
3651761
3651889
3651966
3651971
3651994
3652128
3652140
3652172
3652205
3652298
3652423
3652433
3652702
3652960
3653054
3653175
3653751
3653755
3653964
3654586
3654755
3655053
3656027
3656175
3656603
3656727
3657356
3657417
3657890
3657916
3657956
3658170
3658611
3658635
3659105
3659493
3659506
3659589
3659654
3659931
3660153
3660371
3660914
3661107
3661795
3662278
3662768
3662778
3662928
3663354
3663798
3663818
3663922
3663947
3664052
3664056
3664065
3664066
3664098
3664653
3664890
3665065
3665182
3665772
3665791
3665854
3666165
3666307
3666709
3666771
3667360
3667375
3668012
3668514
3668770
3669227
3669325
3669652
3669682
3669766
3669824
3670503
3670600
3670654
3670760
3671176
3671270
3671429
3671477
3671629
3671991
3672010
3672268
3672440
3673048
3673399
3673422
3673555
3673640
3673670
3674885
3674900
3674944
3675010
3675018
3675708
3676017
3676285
3676522
3676720
3677348
3677547
3677600
3678057
3678724
3678963
3679107
3679320
3679480
3679498
3679555
3680438
3680522
3680615
3680811
3681033
3681076
3681220
3681794
3682021
3682237
3682778
3682854
3682990
3683142
3683628
3683715
3684136
3684398
3684405
3684442
3684671
3684729
3685040
3685057
3685252
3685459
3685520
3685534
3697704
3785841
3786141
3786244
3786260
3786526
3786946
3787125
3787130
3787184
3787221
3787371
3787645
3787877
3787920
3788358
3788753
3789480
3790071
3790399
3790546
3790824
3791189
3792008
3792101
3792243
3792728
3792867
3793208
3793269
3793283
3793397
3793428
3793454
3793596
3793759
3794168
3794706
3794794
3795078
3795994
3796033
3796063
3796411
3796494
3796630
3796750
3796863
3818330
3820664
3826957
3925879
3927397
3927697
3928885
3931093
3931560
3931576
3934219
3934400
3934534
3939548
3939869
3940968
3960775
3961691
3967297
3969082
3992739
3999936
4005648
4006115
4006294
4007190
4008375
4008531
4009567
4011305
4011446
4013083
4013627
4014294
4014529
4014839
4015918
4015991
4016559
4017130
4017403
4017462
4018094
4019313
4020606
4020959
4021053
4033634
4034025
4034148
4034216
4034347
4034409
4034888
4035080
4035717
4035876
4035903
4035950
4036054
4036280
4036478
4036559
4036748
4036827
4036907
4036923
4038233
4038400
4038867
4039066
4039092
4039249
4039298
4039882
4040564
4040812
4040943
4040959
4042119
4042210
4042253
4042318
4042887
4042995
4043432
4043634
4043669
4043990
4044124
4044188
4044201
4044268
4044283
4044290
4044587
4044983
4045153
4045207
4045241
4045256
4045394
4045841
4046115
4046982
4047064
4047283
4047439
4047599
4047646
4047673
4048542
4048831
4049227
4049352
4049446
4049448
4049689
4051291
4051778
4051795
4051941
4051980
4053035
4053240
4053358
4053573
4053810
4053933
4054130
4054188
4054713
4054777
4055361
4055404
4055476
4055702
4055731
4056093
4056421
4056561
4056791
4057040
4057058
4057719
4057984
4058147
4058194
4058212
4058250
4058569
4058850
4059184
4059377
4059957
4091574
4091580
4109035
4111811
4111958
4115239
4116734
4118023
4136918
4137936
4141200
4141782
4154328
4176462
4179897
4183805
4215081
4217424
4222767
4223743
4225281
4225743
4268928
4268936
4269284
4269422
4270377
4270494
4271125
4272601
4272912
4273756
4274687
4275887
4276023
4276522
4277836
4278541
4278594
4278976
4279871
4280104
4281025
4281913
4282899
4283653
4284038
4284532
4284672
4285273
4287167
4288709
4293225
4297712
4298963
4300238
4300427
4303804
4303956
4308246
4308704
4311129
4311195
4313574
4314163
4314647
4315091
4315813
4316644
4317931
4318003
4335192
4335361
4335518
4335525
4335676
4336032
4336161
4336196
4336241
4336784
4336798
4336801
4337160
4337340
4337342
4337803
4337845
4337901
4337965
4338008
4338674
4338830
4339077
4339119
4339271
4339329
4339459
4339537
4339669
4339835
4339997
4340031
4340473
4340582
4340643
4340717
4341364
4341707
4341963
4341969
4342094
4343094
4343230
4343282
4343305
4343403
4343605
4343619
4343924
4343943
4343944
4344413
4344738
4345213
4345372
4345500
4345831
4346153
4346334
4346494
4346710
4346858
4346938
4347171
4347464
4347891
4347900
4348000
4348074
4348582
4348729
4348754
4348763
4348832
4348901
4348940
4348984
4349195
4349392
4349716
4349980
4434658
4434926
4435272
4435297
4435591
4436031
4436649
4437322
4437491
4437510
4437706
4437819
4438489
4438564
4438609
4438711
4438984
4439037
4439707
4439764
4439777
4439833
4439914
4440049
4440118
4440493
4440582
4440870
4441079
4441803
4441850
4441879
4442071
4442609
4442860
4443354
4443431
4443453
4443510
4443581
4443815
4443990
4444724
4444834
4445354
4445386
4445431
4445687
4446026
4446038
4446822
4446946
4447183
4447312
4447360
4447577
4448074
4448131
4448313
4448411
4448442
4448579
4448582
4448837
4462361
4463723
4463863
4463911
4464260
4464473
4464502
4464816
4464980
4464981
4465273
4465365
4465636
4466016
4466096
4466206
4466260
4466656
4467549
4467562
4468231
4468525
4468679
4469071
4469231
4469399
4469885
4469937
4470421
4471190
4471387
4471586
4471757
4471842
4471943
4472187
4472620
4472628
4472927
4473056
4473271
4473714
4530670
4532360
4567974
4568930
4569040
4569188
4570159
4570188
4570493
4571112
4571868
4572810
4573111
4575533
4575742
4576490
4577488
4578359
4578988
4579211
4580857
4581273
4583128
4583272
4583303
4584368
4586486
4588936
4593062
4596153
4597824
4599437
4639053
4640043
4640260
4641388
4641451
4641763
4642183
4642700
4644044
4644544
4645553
4646674
4648233
4648922
4651106
4670616
4670955
4671524
4671904
4672338
4672855
4673339
4673411
4673515
4673915
4676381
4676518
4676740
4677151
4680577
4681059
4681067
4682098
4682610
4682996
4683410
4683980
4684277
4790652
4796818
4802328
4802446
4806115
4808179
4813483
4819294
4819810
4819954
4820191
4821360
4822200
4822430
4822559
4822620
4822918
4823647
4823745
4823917
4824067
4824105
4824769
4824883
4825063
4825105
4825155
4825156
4825384
4825741
4826492
4826718
4827293
4828606
4829062
4829513
4829850
4829854
4830359
4830661
4902033
4902475
4903107
4903627
4903657
4903885
4904004
4904258
4904280
4904395
4905324
4906100
4906219
4906389
4907010
4907458
4907549
4908406
4909573
4909575
4910144
4911589
4912237
4912258
4912362
4912434
4915879
4916737
4917285
4918528
4918661
4918759
4918834
4918842
4919235
4919497
4919842
4919918
4920156
4920184
4920219
4920479
4920677
4921049
4921325
4921560
4921748
4922423
4922454
4922640
4922692
4922719
4924129
4924494
4924546
4924981
4924988
4925111
4925145
4925197
4925598
4925781
4925916
4926010
4926038
4926660
4927010
4927015
4927759
4927996
4928183
4928634
4929037
4929146
4929349
4929701
4929958
4930807
4930835
4931048
4931226
4931504
4931539
4931881
4932083
4932103
4932137
4932209
4932385
4932418
4932909
4933229
4933482
4933554
4933904
4934859
4935111
4935121
4935182
4936268
4978745
4981851
4982296
4988658
4990234
4991972
4992779
5013761
5014181
5014904
5014968
5015445
5015586
5018210
5019646
5020882
5022248
5022454
5023019
5025254
5042997
5043693
5061834
5064785
5064865
5069564
5071771
5133019
5136619
5144935
5145743
5149457
5151966
5152893
5166673
5167580
5167776
5168061
5169481
5170172
5172311
5174103
5175782
5176472
5176505
5176584
5177720
5178475
5178811
5180040
5302605
5303229
5303624
5303731
5304396
5304832
5305840
5306117
5307693
5310190
5310621
5310908
5310973
5311235
5311491
5311579
5311841
5312077
5312418
5312903
5313345
5313418
5313953
5314198
5314576
5327867
5511429
5514168
5520275
5520919
5522184
5523279
5523996
5524281
5527452
5530063
5530814
5531191
5531400
5532369
5532820
5533697
5535306
5554950
5556428
5558901
5560235
5560453
5562808
5564828
5700036
5701503
5701610
5702587
5707566
5708124
5708564
5709397
5712397
5712677
5714442
5714456
5714526
5714692
5716049
5716056
5716275
5717164
5717698
5718151
5718694
5719377
5786159
5787576
5788133
5792360
5792726
5797033
5798634
5852942
5853087
5853594
5853970
5854394
5854631
5854730
5854816
5855339
5855683
5855899
5856071
5856301
5856548
5856713
5856779
5856835
5856846
5857614
5857733
5857821
5858304
5859032
5860031
5860082
5860314
5861141
5861313
5862316
5862609
5862751
5862943
5863939
5864366
5864491
5864674
5865449
5866561
5866986
5867806
5868127
5868227
5869156
5869301
5869340
5869435
5869693
5869916
5870014
5870205
5870495
5870619
5870723
5900763
5901070
5901294
5901527
5901988
5902351
5902505
5902725
5902741
5903771
5904426
5904941
5905402
5906364
5906760
5906886
5907173
5907191
5907219
5907599
5907609
5908850
5908858
5909051
5909652
5909871
5910052
5910154
5910177
5910391
5910562
5911106
5911514
5911850
5912182
5912344
5912376
5912471
5913203
5913856
5914036
5914213
5914237
5915156
5915171
5915564
5916948
5917400
5917783
5917785
5920007
5924334
5926336
5931291
5936208
5936438
5936962
5937146
5937844
5937872
5938593
5939247
5939607
5939625
5939692
5940314
5940874
5941632
5942300
5942926
5943353
5943532
5943572
5943810
5943894
5944007
5944286
5944562
5945329
5945544
5946453
5946578
5946694
5947776
5947841
5948744
5948792
5949310
5949387
5950057
5950674
5950691
5950959
5950995
5951185
5951406
5951485
5951775
5952196
5952622
5953162
5953230
5953366
5954121
5954408
5954471
5955117
5955129
5955288
5955398
5955503
5955904
5956144
5956231
5956990
5957097
5957143
5957299
5957479
5957632
5957744
5957747
5958152
5959063
6002363
6007082
6039906
6040817
6041613
6041798
6041831
6041856
6042001
6042173
6042729
6043742
6044128
6044159
6044197
6044430
6045551
6045766
6046125
6046243
6046278
6046645
6047123
6047896
6048014
6048092
6049023
6049094
6050108
6050223
6051283
6051341
6051434
6051453
6051568
6052235
6052284
6052766
6053176
6053407
6054380
6054676
6055528
6059091
6061302
6062705
6063411
6065639
6066139
6070058
6070221
6072163
6073680
6074032
6075226
6075816
6076198
6076232
6076574
6076794
6077197
6077373
6077504
6077864
6078789
6078818
6079685
6080379
6080400
6080520
6080637
6080686
6080740
6080832
6081640
6081920
6082330
6082638
6082880
6083019
6083184
6083221
6083389
6083437
6083871
6084034
6084046
6084281
6084676
6085208
6085316
6085562
6122959
6123501
6123923
6123993
6124051
6124284
6125092
6125695
6126093
6126240
6126746
6127110
6127500
6127745
6128095
6128751
6128873
6128926
6129019
6129287
6129475
6129667
6130012
6130326
6130429
6130532
6130567
6130575
6130694
6131131
6131204
6131458
6131473
6131549
6131701
6131733
6132380
6132395
6132870
6133085
6133716
6134259
6134613
6134815
6134906
6135544
6135638
6136005
6136038
6136078
6136252
6137278
6137437
6138008
6138409
6138508
6241745
6241792
6242202
6242480
6242511
6242519
6242590
6243118
6243122
6243517
6243643
6243734
6244372
6244573
6244612
6245167
6245292
6245507
6245797
6245852
6246016
6246076
6246434
6246477
6246534
6246630
6246766
6246859
6247040
6247047
6247339
6247488
6247551
6247649
6248726
6248794
6248960
6249095
6249167
6249752
6249956
6250684
6251276
6251384
6254266
6268819
6269040
6269462
6269493
6269817
6269864
6270072
6270187
6270648
6270852
6271131
6271312
6271539
6271604
6271772
6271822
6272007
6272205
6272566
6273080
6273220
6273241
6273400
6273445
6273447
6273865
6274287
6274696
6275023
6275781
6276004
6276350
6276590
6276729
6276948
6277559
6277968
6278439
6278447
6280090
6280106
6280289
6280612
6280880
6281008
6281057
6281396
6281588
6281681
6281795
6281962
6282153
6282213
6282420
6282515
6282803
6282839
6283891
6284455
6284604
6284647
6284664
6284852
6285033
6285284
6285897
6285935
6286135
6286702
6288990
6317477
6324454
6325356
6325455
6325998
6326075
6326294
6327352
6327486
6327496
6327890
6327911
6328709
6329795
6330487
6330613
6331040
6331236
6331386
6332562
6332960
6333149
6333228
6333595
6333630
6333901
6333903
6334378
6334550
6334973
6335116
6335213
6335405
6335560
6335818
6336347
6336385
6336648
6336728
6337047
6337114
6337442
6337507
6337533
6338559
6338656
6338742
6338910
6339964
6340779
6340815
6341158
6341330
6341879
6343952
6347840
6349167
6351325
6356524
6357372
6358063
6358471
6358532
6358890
6358909
6359532
6359602
6359823
6359965
6360746
6362712
6362815
6363571
6363602
6364766
6365909
6365981
6366150
6368958
6369102
6369325
6369814
6370199
6371432
6372139
6372252
6372270
6372396
6372819
6373153
6373788
6374088
6374552
6374685
6375174
6376788
6376999
6378421
6444756
6444804
6445091
6445134
6445191
6445650
6445816
6445862
6445885
6446105
6446201
6447086
6447320
6447512
6447526
6447886
6448170
6448985
6448986
6449710
6450129
6450139
6450387
6451073
6451165
6451573
6451608
6451727
6451817
6452058
6452134
6452446
6452615
6453019
6453193
6453630
6453736
6453836
6453942
6454038
6454239
6454352
6454519
6455819
6456107
6456815
6456872
6457082
6457124
6457273
6457576
6457591
6457827
6457925
6458136
6458171
6458318
6458479
6458517
6459764
6460057
6460108
6460409
6460495
6460948
6461045
6461058
6461098
6461411
6461738
6461878
6462420
6462500
6462600
6463241
6463432
6463608
6463766
6464309
6464624
6465571
6466774
6467241
6467513
6467844
6467934
6468060
6468336
6468604
6468983
6469070
6470679
6470680
6470710
6470758
6470791
6470836
6470960
6471291
6471464
6471726
6471870
6472333
6472579
6473268
6473306
6473406
6477386
6528346
6530651
6531328
6531344
6533036
6534029
6534779
6534987
6535325
6537097
6540930
6605355
6606351
6606566
6606740
6606800
6607015
6607151
6607722
6608484
6608550
6609964
6610125
6610577
6610765
6611316
6611880
6612109
6612630
6612758
6614239
6614646
6614977
6615076
6615593
6616137
6619382
6649217
6684710
6685464
6686226
6686285
6686346
6686616
6687110
6687575
6687621
6688298
6688766
6688827
6688949
6689286
6690667
6692032
6692497
6693197
6694544
6694823
6695064
6695274
6695569
6695640
6696212
6696403
6696843
6697539
6697583
6698228
6719680
6719794
6719801
6719962
6720085
6720194
6720287
6720470
6720481
6720549
6721047
6721939
6721958
6722039
6722327
6722435
6722936
6723453
6723643
6723980
6724691
6725138
6725589
6726121
6726731
6726832
6726936
6727209
6727673
6727684
6728051
6763423
6766998
6772001
6777334
6777620
6779745
6813757
6813884
6815095
6815119
6815355
6815392
6815496
6815573
6816061
6816258
6816309
6816565
6816686
6816708
6816726
6816873
6817120
6817169
6817500
6817653
6818305
6818421
6818456
6819035
6819355
6819417
6819736
6820328
6820355
6820706
6820944
6821003
6821544
6821983
6822196
6822239
6822776
6822885
6823205
6823625
6824814
6824928
6825174
6825754
6825809
6825962
6825982
6826511
6827040
6827063
6827268
6827300
6827311
6827832
6828398
6828974
6829008
6829090
6829179
6829937
6831052
6835670
6972333
6972471
6973041
6973933
6974465
6975304
6975368
6975431
6975565
6976042
6977062
6977240
6977413
6977769
6977988
6978050
6978281
6978488
6978538
6978539
6979620
6979756
6980055
6980144
6980203
6980258
6980353
6980546
6980591
6980833
6981164
6981224
6981292
6981394
6981783
6982151
6983120
6983354
6983504
6984425
6984742
6985324
6985419
6986194
6986304
6986541
6986567
6987515
6987855
6987952
6988035
6988183
6988252
6988549
6988760
6988961
6989052
6990146
6990403
6992611
7066134
7069539
7173317
7173382
7173416
7174081
7174697
7174846
7175351
7176179
7176357
7176697
7176975
7177518
7178314
7178416
7178578
7179075
7179090
7179922
7180582
7182674
7182875
7183862
7184022
7184032
7184769
7185243
7186349
7186967
7212460
7214258
7216235
7216917
7218582
7220628
7221011
7222859
7222905
7224225
7226686
7227235
7227435
7228524
7228545
7230526
7232724
7232726
7232738
7232884
7233360
7233943
7235074
7236613
7238945
7278903
7281278
7281737
7282148
7282546
7283483
7284608
7287307
7289001
7303273
7304083
7304155
7304991
7305274
7305953
7306585
7307704
7307977
7311365
7311537
7312130
7312953
7313571
7314648
7316939
7317795
7317846
7318921
7319604
7320340
7321184
7321773
7322338
7322453
7322994
7323164
7323178
7323237
7324275
7324392
7324512
7325104
7325796
7326350
7326683
7327071
7329670
7329691
7329827
7330533
7330725
7331331
7331968
7347657
7347910
7348082
7348361
7348853
7349104
7349309
7349355
7349369
7349943
7350650
7351001
7351298
7351665
7351677
7352498
7353792
7353794
7354444
7355141
7356023
7356134
7356930
7357698
7357814
7358054
7358317
7358337
7359175
7359673
7360315
7360404
7360480
7360799
7362588
7363685
7364909
7365147
7365158
7365268
7366027
7366971
7368105
7400648
7401416
7403265
7406341
7408888
7409153
7431692
7431918
7431975
7432222
7432410
7432806
7433270
7433901
7434105
7434438
7435239
7435888
7436027
7436041
7436045
7436093
7436206
7436334
7437111
7437460
7437601
7438066
7438488
7438662
7439008
7439307
7439677
7439716
7439902
7440090
7440100
7440197
7440587
7440659
7440940
7441886
7442312
7442621
7442875
7443007
7443263
7443349
7443503
7443606
7444304
7444470
7445194
7445586
7445873
7445979
7446315
7446342
7446654
7447206
7447296
7447486
7447520
7447532
7448086
7448140
7448476
7448828
7449117
7449152
7449910
7449972
7450407
7456409
7463130
7486324
7633459
7634475
7712922
7713419
7718084
7720338
7720774
7723761
7724459
7727331
7730211
7744723
7753702
7791426
7791833
7792978
7794048
7795113
7797022
7797268
7797784
7797909
7798197
7798437
7799140
7800460
7801697
7801708
7810102
7886114
7886471
7886503
7887106
7887130
7887484
7887549
7887838
7888353
7888368
7888478
7889287
7889641
7890692
7890927
7893185
7893694
7895700
7896003
7896808
7897333
7897490
7897696
7898893
7899463
7899778
7900337
7900528
7901361
7904521
7921654
7928664
7928864
8016117
8019953
8026012
8042984
8043408
8043447
8043672
8043800
8044084
8044409
8044607
8044690
8044880
8045027
8045080
8045186
8045694
8045795
8045986
8046008
8046066
8046579
8046701
8047080
8047452
8047565
8047855
8047914
8048045
8048490
8049430
8049530
8050220
8050275
8050409
8050627
8050968
8051204
8051381
8051520
8051528
8051665
8051991
8052859
8053374
8053846
8054478
8054540
8054742
8054988
8055005
8055224
8055289
8056003
8056058
8056922
8057692
8057952
8058216
8058476
8058667
8058715
8059097
8059190
8059581
8060299
8060434
8060698
8060906
8110603
8110758
8110906
8111092
8111186
8111373
8111541
8111544
8111759
8112548
8112564
8112788
8112791
8112798
8112933
8113090
8113304
8113431
8113578
8113734
8113847
8113853
8114531
8114710
8114869
8115265
8115364
8115457
8115821
8116511
8116632
8117309
8117723
8118151
8118215
8118730
8119129
8119681
8120693
8120822
8120947
8121222
8121398
8121627
8121772
8121795
8121851
8122056
8122399
8122486
8123503
8123810
8123889
8123891
8124457
8124926
8125087
8125100
8125116
8125367
8125771
8126186
8126620
8126628
8126743
8126753
8126754
8128204
8142054
8148780
8157197
8157906
8157956
8158284
8158348
8158681
8159231
8159298
8159846
8159876
8160167
8160304
8160399
8160644
8161001
8161378
8161505
8162672
8162850
8164227
8164277
8164410
8164633
8164801
8165063
8165174
8166397
8167516
8167807
8167868
8167877
8168502
8168812
8170003
8170382
8170837
8171458
8171654
8171726
8172007
8172059
8172326
8172630
8172634
8173120
8173359
8205581
8206465
8207182
8207336
8207472
8207608
8208048
8208540
8208718
8208892
8209131
8210169
8210283
8210329
8211279
8211991
8213243
8213473
8213732
8215264
8215682
8216043
8216285
8217136
8217575
8217678
8218361
8218894
8219109
8219727
8219962
8220093
8221139
8221148
8226835
8340898
8340944
8341076
8341214
8341265
8341273
8341595
8341596
8341647
8341659
8341697
8341819
8341949
8341988
8342236
8342475
8342683
8342905
8343203
8343256
8343529
8344201
8344417
8344497
8344768
8345098
8345710
8346102
8346157
8346305
8346389
8346950
8347109
8347491
8347611
8347712
8348077
8348123
8348269
8348412
8348866
8348876
8349279
8349424
8350227
8350415
8350543
8350778
8350854
8351194
8351221
8351463
8351638
8351641
8351713
8351764
8351806
8351916
8351945
8352143
8352313
8352935
8353020
8353122
8353149
8353278
8353448
8354091
8354441
8354504
8354567
8354614
8355301
8355649
8355653
8355715
8355833
8356027
8356747
8356894
8357737
8357749
8358464
8358486
8358756
8358790
8360589
8412142
8452725
8452856
8452928
8453100
8453252
8453728
8454147
8454229
8454733
8454832
8454978
8455231
8456858
8457139
8457534
8457666
8458034
8458803
8459285
8459700
8460271
8461663
8461684
8461977
8462426
8462607
8463039
8463456
8463722
8464080
8464146
8464389
8464467
8464945
8466153
8467243
8467451
8467682
8469175
8469971
8470208
8470413
8471820
8472024
8473084
8473435
8473505
8474605
8475566
8475689
8476905
8477532
8477785
8479064
8479776
8480370
8480748
8481351
8482200
8483144
8483799
8483926
8484825
8485624
8485922
8487669
8488691
8488707
8489463
8489724
8490291
8490442
8491263
8491903
8492125
8492602
8492691
8492776
8492928
8493410
8493974
8494084
8494177
8494178
8494245
8494375
8494578
8495062
8495063
8495574
8495732
8495878
8496148
8496491
8496541
8496970
8498084
8498122
8498139
8498183
8498211
8498236
8498444
8499003
8501186
8501271
8503084
8503464
8504173
8504334
8504401
8504749
8505176
8506337
8506486
8506861
8507382
8507689
8508778
8509132
8509135
8509160
8509322
8509392
8509516
8509628
8510027
8510212
8510481
8511287
8511673
8511904
8513120
8513134
8513185
8514058
8514313
8514539
8514608
8514733
8514751
8514808
8515015
8515251
8515303
8515505
8516394
8516583
8517046
8517170
8517317
8517622
8517769
8518355
8518516
8518786
8518958
8519122
8519576
8519588
8519744
8524563
8562140
8563836
8563893
8564990
8566292
8567360
8568385
8569695
8570408
8571044
8573265
8574721
8587900
8588517
8589586
8589994
8590290
8590831
8591095
8591288
8591342
8591546
8592089
8592121
8592135
8592165
8592701
8594025
8595552
8595631
8595905
8595982
8596078
8596137
8596144
8596365
8596418
8596679
8596715
8597158
8597437
8598532
8598547
8598653
8598840
8599289
8599471
8599785
8600213
8601380
8601672
8602563
8602765
8602887
8603128
8603637
8603832
8604544
8604653
8604855
8604895
8605166
8605364
8605503
8605567
8606005
8606090
8606257
8606670
8606673
8607077
8607515
8607658
8607858
8607894
8608351
8608489
8608608
8609393
8609597
8609620
8612007
8644478
8644525
8646875
8646958
8647607
8648920
8649378
8649442
8653071
8653642
8657155
8657595
8658949
8660476
8660937
8661512
8665934
8668231
8681506
8682444
8689581
8693264
8703594
8704391
8705187
8705850
8706788
8709201
8710094
8710387
8710680
8712062
8712624
8713866
8715072
8715369
8715830
8733229
8733245
8733538
8734011
8735610
8738534
8739212
8769541
8769780
8769789
8770204
8770215
8770253
8770409
8770434
8770474
8770777
8770852
8770891
8771087
8771276
8771312
8771599
8771806
8771807
8772480
8772648
8772839
8773009
8773163
8774919
8774920
8774964
8774991
8775471
8775821
8775856
8775974
8776528
8776606
8776699
8777281
8777338
8777752
8777823
8777984
8777992
8778113
8778230
8778975
8779127
8779619
8779685
8779740
8781117
8781148
8781395
8782059
8782212
8782277
8782648
8782934
8783083
8783164
8783186
8783190
8783211
8783536
8783715
8784097
8784456
8784990
8785267
8785323
8785511
8786384
8787197
8787469
8787685
8787967
8788023
8788170
8788205
8789081
8840534
8957477
8965462
8966048
8967262
8967420
8972557
8974758
8976344
8977194
8977616
8978173
8978818
8997240
8997405
8997675
8997786
8997814
8997925
8998096
8998116
8998434
8999622
8999927
9000043
9000507
9000751
9001044
9001769
9001836
9002554
9002582
9002689
9002997
9003043
9003314
9003350
9003795
9003921
9004141
9004282
9005142
9005639
9005644
9006075
9006090
9006180
9006541
9006622
9006652
9006656
9006715
9006898
9006952
9007010
9007052
9007375
9007837
9007936
9008113
9009208
9009312
9010228
9010449
9010684
9011024
9011268
9011369
9011639
9011829
9011966
9013724
9014754
9014875
9014925
9016781
9017581
9026669
9027560
9030974
9034275
9034758
9035617
9039266
9039569
9041376
9076327
9076594
9078078
9079110
9079466
9079468
9079974
9081030
9081831
9082573
9083618
9084191
9084456
9084734
9084818
9085354
9086148
9086451
9128826
9129040
9129324
9129423
9129537
9129610
9129670
9130158
9131195
9131493
9132406
9132542
9132615
9133087
9133126
9133431
9134028
9134224
9135467
9135580
9135653
9136422
9136692
9136717
9136770
9136790
9137106
9137635
9138354
9138506
9138515
9138517
9138525
9138731
9138865
9138942
9139091
9139178
9139397
9139530
9139732
9140036
9140386
9140476
9140507
9141549
9141830
9142501
9142557
9143540
9143962
9144082
9144206
9144282
9144421
9145400
9145957
9146054
9146171
9146997
9147481
9147680
9147897
9148162
9148756
9148989
9149234
9149470
9149521
9150101
9150166
9150376
9150585
9150597
9150880
9150888
9150905
9150933
9151383
9152284
9152507
9153044
9153135
9153326
9153329
9153526
9153614
9153676
9154062
9154597
9155005
9155274
9155355
9155469
9155536
9155646
9156059
9156433
9156668
9156877
9156927
9156947
9157367
9157524
9157931
9158734
9159664
9159712
9159879
9160138
9160222
9160620
9160799
9161128
9161176
9161533
9161617
9161719
9162416
9162662
9162887
9163566
9163568
9163841
9163887
9164169
9164646
9164735
9165216
9165237
9165677
9165686
9165715
9165828
9165914
9166069
9166645
9166658
9167186
9167262
9167638
9167656
9167660
9167731
9167967
9168441
9168736
9169380
9169591
9169644
9169694
9170097
9170169
9171789
9171922
9172000
9172559
9172626
9172997
9173126
9173431
9173695
9173751
9173843
9173938
9173955
9174337
9174603
9176830
9240100
9251530
9266704
9266989
9267702
9267892
9268303
9268658
9268704
9268824
9268912
9269397
9269673
9269781
9269986
9270412
9270454
9270854
9271118
9271656
9271767
9272113
9272416
9273139
9273300
9273766
9274559
9274692
9275640
9276106
9276311
9276422
9277372
9277379
9277628
9278161
9278239
9278310
9278513
9278552
9278555
9278675
9280140
9293697
9294150
9294245
9294609
9294772
9294852
9295259
9295993
9296246
9296261
9296329
9296579
9297013
9297110
9297332
9297756
9298239
9298694
9298696
9298836
9299217
9299236
9299559
9299678
9300234
9300436
9300988
9301618
9301648
9302144
9302152
9302531
9302920
9303119
9303143
9304473
9304524
9304657
9304772
9304897
9304904
9305000
9310729
9326820
9326869
9326980
9327023
9327066
9328864
9329029
9329648
9329743
9330015
9330162
9330550
9331346
9331569
9331821
9332078
9332119
9332611
9332911
9333201
9333221
9333547
9333954
9334274
9334429
9335270
9335540
9335615
9336126
9336491
9336764
9338152
9338563
9338648
9338717
9338929
9339192
9339301
9339315
9340370
9340854
9340988
9341676
9342040
9342107
9342339
9343257
9343721
9343829
9344171
9345140
9346322
9347222
9347363
9348790
9349302
9368710
9368996
9368999
9369505
9369596
9369790
9370120
9370354
9370455
9370501
9370777
9371314
9372238
9372292
9372376
9372466
9372894
9372988
9373165
9373262
9373868
9374148
9374175
9374397
9374740
9375243
9375360
9375587
9375710
9375946
9376157
9376427
9376462
9376864
9376879
9377102
9377281
9377600
9377651
9377861
9378391
9378458
9378566
9378786
9379393
9379760
9379913
9379924
9379958
9379977
9380109
9380796
9380965
9381419
9382102
9382164
9382375
9383487
9383525
9383618
9383635
9384848
9385356
9385810
9387607
9388121
9389572
9390633
9391027
9391753
9391878
9392027
9393256
9393680
9395143
9396793
9398255
9398345
9398600
9398957
9399125
9399519
9399539
9400739
9401517
9402869
9402909
9403007
9403595
9404951
9405054
9405295
9405417
9405627
9406617
9408007
9408365
9408556
9409080
9409973
9410768
9410776
9411574
9411834
9412511
9413075
9414051
9414065
9414637
9414947
9415247
9415580
9415594
9416711
9419796
9444967
9444981
9445077
9445152
9445510
9445576
9445610
9446225
9446737
9446795
9446841
9447035
9448486
9449453
9449500
9449799
9450869
9451109
9451503
9451871
9452492
9453423
9453435
9453923
9454816
9455358
9455639
9455944
9455999
9456155
9456844
9457230
9457389
9458961
9459317
9460074
9460076
9460486
9462261
9462714
9463165
9463536
9464038
9464201
9464300
9464895
9465493
9465714
9466198
9466316
9466406
9467066
9467961
9469613
9469731
9470053
9470909
9471163
9471165
9471402
9471618
9471676
9472065
9472273
9472333
9472561
9472633
9473435
9473557
9473765
9474682
9475648
9476002
9476246
9476347
9476730
9476802
9476934
9476985
9477274
9478317
9478508
9479051
9479446
9479814
9480036
9480414
9482040
9482161
9482350
9482674
9483169
9483261
9483512
9483513
9484799
9484851
9486415
9486574
9486646
9487697
9488033
9488606
9489332
9491668
9492379
9492407
9492716
9494529
9494545
9495033
9496100
9558253
9558327
9558343
9559068
9559322
9559360
9560014
9560319
9560410
9560851
9560883
9560890
9561135
9561249
9561741
9561885
9562217
9562381
9562511
9563282
9563574
9563643
9563742
9563755
9563880
9563886
9564347
9564390
9564544
9565060
9565106
9565227
9565550
9565627
9565796
9565883
9565972
9566142
9566651
9566980
9568388
9568836
9568992
9569328
9569596
9569637
9569642
9570938
9571045
9571328
9571467
9571580
9571703
9571736
9572135
9572426
9572687
9572927
9572998
9573195
9573700
9577780
9602560
9604483
9604528
9604601
9605656
9605852
9605882
9606257
9606747
9606819
9607008
9607124
9607368
9607585
9607891
9608314
9608415
9608432
9608910
9609170
9609187
9609305
9609333
9609396
9609455
9609530
9610655
9610850
9611206
9611509
9611566
9611947
9612194
9612533
9612697
9612813
9612939
9613149
9613193
9613278
9613401
9613436
9613510
9613835
9614344
9614444
9614703
9615124
9615369
9615647
9615827
9615888
9616155
9616304
9616643
9616663
9616779
9616819
9616903
9617024
9617467
9618029
9618101
9618573
9618703
9618705
9619121
9619405
9619599
9620657
9620756
9621162
9621424
9621579
9621766
9621956
9621993
9622302
9622342
9623264
9640926
9641055
9641266
9641282
9641470
9641937
9642036
9642512
9642578
9642876
9642912
9642957
9643164
9643630
9643723
9644178
9644515
9644578
9644707
9644897
9644952
9645007
9645172
9645396
9645459
9645857
9646666
9646784
9647679
9647899
9648392
9648515
9648751
9649157
9649598
9649781
9685371
9685597
9686436
9686908
9686911
9686962
9688046
9689057
9689545
9689749
9690466
9690738
9692251
9692509
9692536
9693843
9694983
9695269
9695588
9695877
9695970
9699637
9716452
9716495
9716609
9716825
9717104
9717214
9717420
9718090
9718092
9718325
9718346
9718859
9719344
9719617
9719852
9720959
9721792
9721817
9722125
9722800
9723074
9723103
9723122
9723542
9723636
9723731
9723932
9724006
9724984
9725410
9725543
9725767
9726139
9726863
9727633
9728032
9728176
9728724
9728941
9729116
9788373
9788601
9788602
9789632
9790432
9790509
9790536
9791182
9792715
9793793
9794678
9795209
9795269
9795303
9868367
9868737
9870362
9872987
9874741
9876654
9876907
9881623
9947729
9949987
9951834
9952688
9953455
9954466
9954481
9954584
9955078
9956465
9957383
9958053
9958397
9960408
9960946
9961156
9961961
9962886
9967365
9996082
9996196
9996355
9997039
9997239
9997751
9997816
9997884
9998019
9998667
9998715
9999139
9999663
9999804
9999849
10000664
10001009
10001195
10001567
10002280
10002583
10002649
10002972
10003171
10003235
10003378
10003404
10003890
10004051
10004101
10004359
10004650
10004859
10004928
10005194
10005487
10005767
10006063
10006107
10006501
10006644
10006855
10006866
10007401
10007827
10009049
10009777
10009802
10010982
10011298
10011661
10012141
10013108
10015608
10015643
10015965
10016320
10016455
10016569
10017275
10017384
10017893
10018555
10018759
10020603
10021112
10021216
10021300
10022327
10022342
10023641
10024500
10025527
10026435
10028268
10029987
10030615
10030764
10030860
10031235
10032556
10032580
10034907
10035453
10037653
10040377
10102290
10102457
10102627
10102672
10102820
10102894
10103030
10103169
10103465
10103565
10103680
10105050
10105257
10105308
10105394
10105487
10106861
10106986
10107056
10107262
10107611
10107843
10107889
10108065
10108102
10108103
10108136
10108439
10108538
10109347
10109372
10109577
10109959
10110132
10110412
10110461
10110627
10110862
10111030
10111061
10111129
10111752
10111957
10111992
10111996
10112002
10112035
10112166
10112218
10112330
10112456
10112561
10113035
10114297
10114756
10115143
10115732
10115897
10116015
10116318
10116402
10116557
10118015
10232715
10235507
10240223
10240862
10241035
10241049
10241623
10241936
10243307
10243982
10245240
10265390
10267039
10267196
10271095
10271655
10272153
10274588
10292153
10293693
10293839
10294001
10294127
10294922
10295031
10295438
10296076
10296220
10296745
10296943
10297854
10297901
10298073
10298320
10298502
10298626
10299207
10299307
10299694
10300057
10300531
10300706
10300942
10301738
10302030
10302032
10302115
10302833
10303036
10303754
10303803
10303849
10305153
10306011
10306574
10306961
10307125
10307947
10312775
10342138
10342168
10342274
10342388
10342519
10342541
10342682
10343247
10343539
10343890
10344050
10344448
10344500
10344509
10344714
10344908
10344948
10345254
10345550
10345628
10345700
10345780
10345783
10346229
10346230
10346349
10346374
10346684
10346796
10346835
10346863
10347146
10347234
10347880
10347916
10347977
10348358
10348952
10349272
10349529
10349588
10349642
10349975
10350484
10350569
10351667
10351850
10352278
10352297
10352344
10352587
10352647
10353123
10353127
10353230
10353791
10353977
10353987
10353991
10354109
10354174
10354183
10354211
10354262
10354985
10356137
10356412
10356518
10356642
10356836
10356847
10356922
10357926
10358389
10358908
10359648
10359895
10360015
10360032
10360078
10360309
10360482
10360784
10360902
10361280
10361316
10361361
10361738
10361882
10361967
10362419
10363084
10363649
10364165
10364186
10365209
10365264
10365408
10365431
10366673
10366778
10367499
10367611
10368206
10368672
10369016
10369078
10369607
10369925
10370101
10370111
10370760
10370939
10371031
10371114
10371619
10371625
10371754
10371761
10372449
10373034
10373072
10373285
10373917
10374003
10374024
10374087
10374659
10374912
10375766
10375960
10379100
10478840
10480063
10480363
10485167
10490168
10491665
10492216
10492866
10495044
10495198
10495376
10495721
10497264
10498181
10498283
10498883
10499073
10499150
10500027
10500580
10500733
10500917
10500933
10501132
10501640
10502359
10503145
10504713
10504949
10518208
10518280
10518849
10519131
10519317
10519358
10519774
10519959
10520422
10520432
10521401
10521404
10521609
10521897
10522153
10522383
10522930
10523200
10523434
10523655
10523796
10523944
10524102
10524225
10524253
10524820
10525040
10525120
10525479
10525579
10526073
10526330
10526777
10527004
10527252
10527913
10527962
10528267
10528653
10528690
10528720
10528999
10529044
10529370
10529426
10529734
10530152
10530379
10530485
10531063
10531240
10531582
10532218
10532383
10532553
10532699
10533169
10535371
10563751
10566746
10611557
10611993
10612437
10612589
10613482
10613634
10613832
10613844
10614120
10614140
10614408
10614735
10615410
10615722
10616015
10616431
10617256
10618327
10619467
10619536
10620240
10620457
10620877
10621051
10622479
10622700
10622712
10624014
10637528
10638482
10639786
10639793
10641052
10641328
10641507
10641828
10642527
10647813
10648247
10648997
10649862
10650361
10650363
10650439
10650764
10652587
10673257
10673588
10673742
10674087
10674157
10674164
10674405
10674678
10674800
10675047
10675350
10675499
10675801
10676244
10676262
10676319
10676544
10676681
10676713
10676867
10677207
10677586
10677997
10678116
10678258
10678292
10678434
10678482
10678671
10678753
10678814
10678862
10679492
10679501
10679608
10680026
10680067
10680306
10680531
10680764
10680912
10681020
10681441
10681442
10681889
10682817
10683509
10684078
10684409
10684663
10685269
10685875
10686039
10686203
10686227
10686294
10686463
10686640
10686670
10686972
10687011
10687396
10687762
10687862
10688012
10688115
10688120
10688125
10688266
10688517
10689177
10689984
10690029
10690176
10690271
10690519
10690531
10690762
10691146
10691637
10691648
10691847
10692196
10692345
10692523
10692853
10692900
10692968
10693064
10693231
10693233
10693707
10694125
10694364
10694687
10694900
10695042
10695065
10695335
10695427
10695613
10696066
10696444
10696499
10696527
10696955
10697023
10697111
10697117
10697143
10697220
10697243
10697450
10698073
10698738
10698904
10699165
10699638
10699780
10700104
10700220
10701132
10703408
10713639
10713669
10713910
10714079
10714145
10714524
10714626
10715342
10715957
10716131
10716212
10717405
10717468
10717795
10717833
10717901
10718612
10718699
10718822
10719156
10719533
10719782
10720120
10720165
10720520
10720523
10720528
10721108
10721222
10721318
10721626
10721967
10722155
10722212
10722497
10722549
10722712
10723230
10723260
10724033
10724358
10724615
10724630
10724657
10724744
10724755
10724930
10725703
10725949
10726219
10726492
10726790
10727115
10727148
10727291
10727359
10727486
10727596
10728341
10728813
10728992
10729353
10729432
10729649
10730118
10730301
10730591
10730649
10732322
10736302
10748889
10765189
10766951
10768010
10768151
10768441
10768749
10769751
10770102
10770207
10770403
10770432
10770864
10770888
10771550
10771917
10772085
10772202
10772967
10772989
10773198
10773396
10773429
10774724
10774793
10774935
10775623
10775693
10776304
10776860
10777391
10777614
10779146
10779317
10779453
10780029
10780067
10780959
10781588
10781722
10782354
10782382
10782432
10782507
10784064
10784598
10785789
10792099
10795203
10804716
10805385
10805594
10806325
10807297
10807368
10810124
10810354
10810462
10810749
10811387
10811618
10812009
10812483
10812699
10812707
10814620
10814675
10816814
10816916
10817496
10819432
10820079
10820811
10821276
10822206
10822694
10822819
10822940
10823093
10823208
10823217
10823237
10823343
10823524
10823574
10823785
10823934
10824476
10824509
10824566
10824681
10824754
10824850
10824927
10824938
10825027
10825383
10825447
10825525
10825907
10825924
10826016
10826218
10827377
10827538
10827896
10828122
10828520
10828849
10829024
10829639
10830024
10830112
10830122
10830795
10831435
10831503
10832242
10832354
10832530
10832623
10832687
10832707
10833019
10833237
10833385
10833439
10833580
10834209
10834583
10834752
10834767
10834831
10835252
10835588
10835628
10836608
10836790
10837265
10837497
10837903
10838472
10838575
10838894
10838930
10839022
10839390
10839517
10839595
10839686
10839693
10839752
10840045
10840191
10840472
10840773
10840879
10841353
10842027
10842325
10877412
10877547
10877907
10878084
10878491
10878596
10878901
10879179
10879281
10879304
10879651
10880079
10880920
10881119
10881401
10881572
10881662
10881721
10882932
10882984
10883837
10884926
10885607
10885714
10886190
10886739
10887277
10887861
10888035
10888724
10888923
10889504
10890075
10890906
10891667
10892045
10892115
10893172
10893657
10893765
10893886
10894872
10895066
10896101
10897219
10897561
10897782
10898005
10898011
10899610
10900575
10900756
10900865
10901641
10901652
10902599
10903459
10905335
10905381
10905755
10906158
10910489
10925953
10970832
10970895
10972198
10972224
10972741
10973985
10974132
10974182
10974221
10975246
10975699
10975953
10976070
10976345
10977254
10977535
10978270
10978423
10978899
10979028
10979364
10979684
10980241
10980623
10980736
10980798
10981699
10982175
10983040
10983846
10983978
10984288
10984589
10985082
10985451
10985603
10986394
10986878
11059913
11060214
11060376
11061025
11061138
11061417
11062152
11062267
11063162
11063236
11063621
11064538
11064752
11065265
11065446
11065632
11065805
11066547
11066781
11066802
11067383
11067406
11067482
11067518
11067942
11068894
11069002
11069713
11069843
11071210
11071332
11072121
11072334
11072460
11072818
11072900
11072928
11073007
11073381
11073634
11073799
11073952
11074004
11074223
11074696
11074736
11074956
11075075
11075246
11075651
11075949
11076739
11077000
11077479
11077602
11077608
11078436
11078438
11078701
11078982
11146429
11157214
11191596
11192079
11192394
11193421
11193571
11194023
11194194
11194357
11194634
11195002
11195550
11195667
11195715
11197865
11198764
11198849
11199917
11200029
11200254
11200480
11201040
11201113
11201421
11201647
11201776
11202394
11202897
11202995
11203025
11203636
11205679
11205839
11206009
11207757
11208437
11208976
11215094
11219222
11285799
11286278
11286954
11286966
11287016
11287027
11287856
11288085
11288302
11288318
11288344
11288405
11288514
11288652
11288963
11289452
11289454
11289728
11290058
11290710
11290972
11291268
11291663
11291669
11291758
11291825
11291981
11292186
11292276
11292927
11292946
11292970
11292976
11293257
11293611
11293737
11294330
11294419
11294483
11294496
11294832
11295806
11295915
11296877
11297114
11297186
11297411
11297795
11297872
11298169
11298231
11300070
11330249
11331491
11336137
11336553
11339748
11339844
11342768
11343563
11344080
11346190
11351366
11351421
11352529
11353917
11355448
11361840
11362643
11363237
11364109
11365052
11366789
11366999
11368487
11370574
11372147
11373967
11374225
11375443
11376216
11376281
11376854
11377458
11379585
11380324
11380357
11380417
11381777
11382847
11382885
11383564
11383584
11383812
11384357
11384630
11384661
11384677
11420858
11422073
11422109
11422156
11422327
11422394
11422455
11422564
11422570
11422805
11422926
11423021
11423088
11423130
11423358
11423654
11423999
11424090
11424486
11424658
11424774
11424789
11425719
11425837
11426016
11426198
11426241
11426961
11426971
11427133
11427475
11428626
11428669
11428870
11429715
11429812
11430118
11430322
11430385
11430593
11430675
11431331
11431401
11431650
11432183
11432571
11432895
11433732
11433925
11434356
11434371
11434493
11435032
11435379
11435542
11435845
11436142
11436224
11437148
11448577
11491845
11491850
11492749
11492754
11493410
11493753
11493813
11494329
11494557
11495001
11495381
11495551
11495730
11496086
11496128
11496422
11496449
11496719
11497106
11497130
11497328
11498151
11498338
11498629
11498676
11499189
11499250
11499295
11499668
11499956
11500021
11500069
11500231
11500368
11500496
11500961
11500981
11501339
11502286
11502460
11502908
11502930
11502996
11503059
11503126
11504869
11567315
11568129
11569036
11570802
11571646
11572726
11573327
11576022
11577171
11578768
11582277
11582477
11617572
11617733
11617782
11618128
11618438
11619894
11619999
11620847
11621167
11622320
11622372
11623368
11623907
11624219
11624299
11624457
11624619
11624643
11625148
11625238
11625401
11625809
11625813
11625899
11626344
11626366
11627609
11627738
11627841
11630056
11636026
11711109
11711196
11711251
11711421
11711429
11711495
11711715
11711729
11711731
11712018
11712743
11712900
11712913
11713775
11713840
11714555
11714736
11714764
11716467
11716529
11716591
11716730
11717011
11717061
11717413
11717816
11717891
11717997
11718028
11718092
11718265
11718550
11718896
11719158
11719162
11719198
11719405
11719563
11719624
11719788
11720286
11720699
11720819
11720921
11721284
11721874
11722173
11722231
11722288
11722568
11722783
11723065
11723112
11723303
11723428
11723465
11723486
11723630
11724142
11724246
11724858
11725230
11725371
11725525
11725693
11725769
11726479
11726997
11727235
11727262
11727907
11728092
11728094
11728993
11729141
11729253
11729700
11729727
11730029
11730291
11730704
11730854
11730875
11731022
11731772
11732002
11732257
11732385
11732399
11732441
11732504
11732687
11732700
11732793
11733133
11733250
11733412
11733554
11733741
11733855
11734027
11734086
11734100
11734246
11734690
11735254
11735528
11735660
11735924
11735951
11736637
11736930
11737037
11737178
11737273
11737327
11737595
11737767
11737856
11737990
11738103
11738329
11738953
11739975
11740131
11740327
11740392
11740754
11740771
11740920
11740950
11741595
11741768
11741983
11742161
11742781
11743154
11743561
11743753
11743835
11743997
11744031
11744448
11744803
11745899
11746249
11748051
11759961
11760003
11760443
11760628
11760671
11762499
11762971
11762998
11763536
11763912
11764135
11765250
11765795
11766490
11767023
11767050
11767273
11767490
11767758
11767962
11768319
11768558
11768705
11768799
11768932
11769070
11769600
11770087
11770090
11770156
11770171
11770751
11770773
11770859
11770886
11771096
11771347
11771538
11771946
11772475
11772486
11772769
11772852
11773845
11774364
11774650
11774725
11775149
11775791
11776365
11776388
11776661
11777064
11777409
11777537
11777962
11778452
11778515
11778706
11778974
11779179
11779257
11779448
11779613
11779622
11779826
11780543
11780789
11781577
11781770
11781832
11782080
11782284
11782892
11783668
11783799
11783858
11783880
11784415
11785035
11785924
11785966
11786100
11786482
11786924
11787189
11787415
11787481
11787571
11787645
11787843
11787846
11788125
11788474
11788506
11788702
11789342
11789475
11789949
11790424
11790592
11790834
11790971
11791554
11791949
11792119
11793070
11793329
11793394
11793632
11794024
11794214
11794544
11794859
11797203
11814940
11815497
11815703
11816316
11816457
11816487
11819546
11819690
11819901
11819966
11820484
11820651
11820705
11821849
11822593
11822868
11823029
11823652
11824587
11824721
11825152
11825451
11826075
11826535
11831153
11831615
11834556
11834697
11842699
11868319
11868435
11868952
11869555
11870267
11870448
11871125
11871328
11871742
11872557
11872971
11873213
11873885
11875891
11876645
11877241
11877464
11877560
11877648
11877755
11877858
11877945
11878441
11878709
11878900
11878950
11879403
11879552
11880046
11882397
11882561
11882986
11883209
11884238
11902464
11915629
11915720
11916010
11916042
11916108
11916271
11916369
11916976
11917075
11917359
11917494
11918062
11918910
11918956
11919112
11919687
11919954
11920803
11921264
11921929
11922350
11923939
11923987
11924143
11924559
11925494
11926141
11927715
11928874
11929814
11931859
11932471
11932665
11932738
11933956
11934405
11934719
11934988
11935022
11935071
11935192
11935805
11936038
11936126
11936893
11936968
11937025
11937526
11938046
11938361
11938877
11939368
11939634
11939749
11940066
11940522
11940862
11941377
11941741
11942275
11942321
11942396
11943609
11943622
11943900
11944305
11944529
11944887
11945011
11945038
11945592
11945648
11945753
11945795
11946117
11946138
11946310
11946328
11946952
11947131
11947230
11947236
11948276
11948985
11948999
11949166
11952203
11966075
11966289
11966547
11966641
11967133
11967672
11967692
11967969
11968496
11968920
11969989
11970424
11970455
11970956
11971061
11971453
11971525
11971669
11971687
11971770
11972036
11972135
11972610
11972667
11972761
11972981
11973371
11973817
11973938
11974371
11974407
11974825
11975416
11975580
11976045
11976205
11976421
11977215
11977323
11977695
11977711
11977960
11979054
11979416
11979746
11979747
11979780
11980088
11981229
11982379
11982725
11984428
11986429
11987201
11988614
11988665
11990267
11991071
11992254
11994795
11994826
11995786
11996867
11996936
11997273
12003327
12004447
12027566
12030746
12035297
12036069
12037007
12152042
12154971
12181195
12181435
12181743
12181807
12182222
12183435
12184188
12186245
12186315
12186771
12187333
12188689
12189826
12190599
12191891
12192699
12192953
12193705
12193812
12195289
12196191
12196639
12196867
12197668
12197752
12198916
12199105
12200477
12200481
12200846
12200993
12201095
12201258
12201879
12202026
12202249
12202308
12203099
12203240
12203605
12203680
12204237
12204540
12204811
12204901
12205631
12205667
12205822
12205980
12206851
12207131
12207452
12208187
12214555
12227700
12227777
12227934
12228383
12228601
12228621
12228790
12228868
12229456
12230012
12230090
12230186
12230444
12230753
12230765
12230901
12231551
12231784
12232350
12232388
12232639
12232646
12232833
12234196
12234335
12234985
12235071
12235450
12235515
12236004
12236144
12236833
12237119
12237276
12237932
12238032
12238149
12239347
12239354
12239386
12239864
12239917
12240295
12240516
12240674
12241014
12241618
12242086
12242254
12242261
12242510
12243922
12244206
12244264
12244413
12244563
12245190
12245221
12245442
12245602
12248077
12248284
12411565
12412051
12412241
12412426
12412596
12413908
12414233
12414577
12415942
12416041
12417595
12418250
12418382
12418949
12419197
12419338
12419900
12420104
12422098
12422236
12422256
12423976
12424303
12424902
12425640
12427299
12428904
12432387
12432501
12521349
12521604
12521792
12521994
12522250
12522333
12522655
12523054
12523070
12523246
12523251
12523656
12523900
12523953
12524023
12524103
12524159
12524174
12524707
12524839
12524978
12524988
12525779
12525885
12526215
12526305
12526815
12526838
12527115
12527494
12527510
12527686
12527691
12528003
12528199
12528476
12528522
12528596
12529211
12529488
12529677
12529827
12529877
12530452
12530527
12530589
12531198
12531724
12531903
12531939
12532338
12532457
12532574
12532816
12532820
12532968
12533252
12533286
12533559
12533791
12533962
12534028
12534187
12534220
12535059
12535276
12535664
12535878
12535964
12536173
12536399
12537002
12537013
12537168
12537277
12537658
12537721
12538440
12538580
12538617
12539005
12539610
12539941
12540165
12540192
12540195
12541589
12541769
12542926
12542994
12543487
12543564
12543821
12544431
12544716
12544977
12544986
12545104
12545416
12545498
12545597
12545934
12545984
12546266
12546388
12546442
12547023
12547422
12547519
12547779
12547876
12548173
12548331
12548942
12549131
12549159
12549725
12549900
12550128
12550168
12550604
12550656
12550733
12550815
12551294
12551372
12551866
12552213
12552452
12552650
12552776
12552906
12553280
12553368
12553451
12553549
12554983
12555045
12555567
12555608
12555850
12556100
12556353
12556484
12556676
12557300
12557590
12558183
12558382
12558393
12558463
12558467
12559325
12559417
12562968
12566065
12568018
12611040
12611399
12611686
12612329
12612628
12612655
12613308
12613776
12615237
12615414
12615857
12616366
12617286
12618605
12619048
12619520
12620277
12620322
12620980
12622429
12622694
12675464
12681394
12681784
12681817
12682288
12682955
12682976
12683089
12683134
12683532
12683628
12683782
12684114
12684219
12684359
12684697
12685265
12685751
12685996
12686239
12686398
12686525
12686668
12686683
12687172
12687681
12687768
12688135
12688309
12688393
12688419
12688991
12689059
12689128
12689528
12689667
12690017
12690020
12690228
12690271
12690362
12690450
12690552
12690626
12691708
12691845
12691935
12691973
12692200
12692412
12693054
12693286
12693316
12693380
12693517
12693731
12700846
12702959
12703922
12728352
12729701
12729958
12732832
12732908
12733186
12733450
12737779
12737868
12764851
12764997
12765205
12765227
12765375
12765697
12765738
12766103
12766119
12766196
12766204
12766513
12766533
12766765
12767774
12767903
12768191
12768237
12768452
12768638
12769378
12769386
12769467
12769634
12769661
12770450
12770887
12771310
12771484
12771557
12771572
12771837
12772008
12772254
12772363
12773079
12773747
12774177
12774562
12774622
12775113
12775433
12775856
12776302
12776328
12777467
12777800
12777816
12777906
12778495
12778586
12778812
12778898
12778900
12779493
12779925
12780356
12780369
12780932
12781452
12782844
12784345
12788251
12799252
12799727
12801328
12802020
12802187
12802343
12803349
12804518
12804670
12805450
12808608
12809740
12810250
12810866
12812682
12814286
12900819
12902301
12902479
12902872
12903381
12903846
12904090
12904416
12904698
12905178
12905506
12905519
12905569
12905891
12906146
12906222
12906389
12906464
12906636
12906691
12906757
12906846
12907024
12907089
12907315
12907360
12907430
12907530
12907777
12907805
12908205
12908993
12909062
12909394
12909439
12909924
12910144
12910713
12910783
12910808
12911469
12912008
12912391
12912741
12912744
12912970
12913763
12913862
12913909
12913948
12914140
12914362
12914623
12915114
12917089
12917389
12917407
12918173
12918820
12919085
12919205
12920978
12921622
12921726
12922329
12922396
12924271
12924410
12924555
12925312
12925644
12925845
12926507
12927023
12927105
12927483
12927537
12927761
12928749
12928979
12929022
12930096
12930491
12930579
12933110
12934562
12934600
13180131
13180166
13180255
13180668
13180868
13180963
13181004
13181040
13181100
13181255
13181344
13181733
13181914
13182383
13182497
13182679
13182688
13183116
13183368
13183572
13183719
13183751
13183897
13183972
13184067
13184095
13184562
13184811
13185172
13185178
13185833
13187049
13187587
13187734
13187858
13187945
13188132
13189066
13189074
13189226
13189375
13189541
13189897
13190350
13190927
13191550
13191616
13191932
13192622
13194106
13196642
13205842
13206080
13207128
13207216
13207403
13207429
13207640
13207693
13208337
13208940
13209072
13209541
13209830
13209950
13210374
13210390
13210920
13210938
13211223
13211467
13211864
13211950
13211972
13212288
13213513
13213559
13213796
13214563
13214656
13214760
13215045
13215128
13215154
13215454
13215799
13216031
13216067
13216398
13218199
13218425
13218760
13218802
13218900
13219713
13222963
13224535
13289167
13326889
13327012
13327630
13328607
13328639
13329098
13329121
13329201
13329504
13331251
13331827
13334099
13334116
13335030
13336104
13336940
13337001
13337461
13337683
13337734
13338943
13339249
13339361
13339514
13340077
13341450
13342058
13348867
13363334
13363873
13364416
13364547
13366548
13368666
13369133
13369339
13369407
13369555
13370146
13372202
13375114
13387280
13387361
13387524
13388668
13391230
13391633
13393367
13393427
13395407
13395891
13396416
13400020
13402492
13402695
13402964
13404139
13482505
13482877
13483404
13484211
13485187
13485758
13486125
13487975
13489091
13489330
13489547
13489718
13491342
13491483
13492732
13494429
13496435
13497372
13498150
13500719
13500749
13501658
13502316
13502387
13502464
13502848
13502935
13502959
13503000
13503121
13503273
13503421
13504007
13504239
13504712
13505086
13505210
13505255
13505498
13505631
13506036
13506328
13506523
13507147
13507254
13507656
13507740
13507869
13507992
13508185
13508870
13509555
13509847
13510009
13510273
13510958
13511489
13511735
13511757
13511761
13511959
13512004
13512263
13512515
13512740
13512820
13513015
13513057
13513062
13513102
13513574
13513898
13514569
13514711
13514827
13514877
13515812
13516343
13516840
13517106
13517697
13517786
13518513
13518859
13519252
13519478
13519632
13520005
13520136
13523336
13526925
13538420
13538533
13538562
13538564
13539259
13539388
13540102
13540542
13540764
13541142
13541176
13541521
13541696
13541711
13541822
13542063
13542383
13542790
13542821
13543185
13543215
13543385
13544084
13544327
13545411
13545428
13545463
13545753
13545817
13546055
13546234
13546255
13546560
13546991
13547169
13547362
13547417
13547496
13547735
13547947
13548222
13548293
13548589
13548656
13549007
13549239
13549299
13549628
13549705
13549823
13550053
13550065
13550299
13550556
13550603
13550636
13550726
13550851
13551204
13551666
13551782
13551880
13552018
13552068
13552364
13552901
13552957
13553518
13553750
13553777
13554039
13554611
13555070
13555218
13555245
13555541
13555672
13555930
13556169
13556201
13560343
13560644
13561058
13561414
13562847
13564164
13564640
13567076
13568960
13571830
13571942
13617351
13617625
13617975
13618121
13618176
13618197
13618282
13618344
13618347
13618443
13618900
13619093
13619242
13619247
13619461
13619464
13619753
13620090
13620620
13620699
13621001
13621207
13621460
13621809
13621900
13622042
13622068
13623140
13624180
13625285
13625313
13625376
13625640
13626228
13627410
13627588
13628238
13628303
13629359
13629621
13629936
13630128
13630504
13630866
13631047
13631065
13631121
13631152
13631177
13634539
13668027
13668592
13668762
13674396
13674592
13676762
13677042
13678134
13678140
13678678
13680856
13683459
13684210
13685192
13685309
13685324
13686714
13686718
13686841
13686929
13687251
13688563
13688658
13689038
13689147
13690206
13690754
13690845
13691695
13692192
13692477
13692983
13693001
13693127
13693499
13693906
13694250
13695365
13696514
13699969
13731917
13781313
13781522
13782266
13782267
13782830
13782877
13782979
13783537
13783660
13784316
13784343
13784394
13784404
13784456
13784625
13784793
13785133
13785232
13785362
13786431
13786716
13786806
13786865
13787069
13787159
13787788
13787794
13787896
13788006
13788267
13788307
13788315
13788576
13788620
13789134
13789420
13789443
13789829
13789986
13790197
13790204
13790224
13790465
13791014
13791694
13791784
13792278
13792295
13792393
13792655
13792857
13792907
13792951
13793167
13793463
13793732
13793752
13794060
13794148
13794573
13794812
13794858
13795237
13795457
13795487
13795499
13795672
13796061
13796100
13796317
13796318
13796362
13796394
13796627
13796661
13796759
13796769
13796822
13797050
13797108
13797121
13797141
13797742
13797793
13798352
13798499
13799041
13799548
13799617
13799922
13800270
13800825
13800900
13801449
13801854
13801882
13802735
13803497
13803731
13804076
13804175
13804301
13805069
13805994
13806139
13806208
13806293
13806321
13807354
13807364
13807453
13807736
13808301
13808523
13808571
13808579
13808989
13809000
13809019
13809062
13809582
13810118
13810520
13812321
13812744
13813534
13813706
13813709
13813713
13813762
13813970
13814152
13814180
13814274
13814483
13814574
13814728
13814954
13815061
13815175
13820239
13853450
13886491
13887089
13887903
13891608
13892749
13896687
13898381
13903865
13903934
13905705
13908162
13908787
13912702
13912923
13913949
13914269
13918935
13962218
14002200
14007637
14010809
14029716
14029763
14029767
14030566
14030888
14030903
14031056
14031497
14031511
14031613
14031698
14031720
14031755
14031931
14032284
14032858
14032890
14032891
14033134
14033233
14033897
14034167
14034171
14034475
14034550
14034738
14035000
14035045
14035164
14035287
14035510
14035836
14036151
14036226
14036455
14036628
14036832
14037073
14037108
14038105
14038270
14038592
14038817
14039213
14040176
14040197
14050535
14050547
14050621
14050711
14050810
14051136
14051502
14051705
14051925
14052280
14052296
14052436
14054267
14054489
14055137
14055476
14055849
14056008
14056307
14056489
14058288
14059076
14059362
14059409
14059919
14060394
14060482
14060640
14060720
14061094
14061257
14061303
14061792
14062066
14062856
14062956
14064057
14064378
14064580
14064691
14064745
14065426
14065574
14065621
14065736
14065935
14066179
14066450
14066885
14067458
14067463
14067678
14068005
14068082
14068096
14068313
14070253
14070601
14071782
14072952
14073177
14073293
14073819
14074045
14074845
14075248
14075355
14075418
14075703
14076607
14077177
14077225
14077286
14077302
14077364
14077406
14077712
14077762
14077776
14077864
14078409
14078533
14078647
14079305
14079377
14079387
14079561
14080089
14080362
14080428
14081524
14081976
14084453
14100743
14104604
14142202
14143764
14144400
14144410
14144474
14145214
14145266
14145733
14145744
14146223
14146470
14146620
14146771
14146813
14147000
14147334
14147345
14147699
14148405
14148836
14148933
14149865
14150194
14150529
14150556
14150956
14151534
14151758
14153323
14172953
14267843
14271751
14275430
14275994
14290586
14384241
14384720
14386003
14386314
14386436
14387187
14388677
14389044
14389890
14390238
14390558
14391015
14391260
14391782
14392332
14393172
14393528
14394301
14394666
14394833
14394881
14394980
14395509
14395518
14395715
14395818
14395900
14396467
14396879
14399460
14399675
14399686
14399972
14400544
14400943
14401253
14401844
14402262
14402601
14402677
14407870
14409457
14410558
14418510
14418514
14418976
14419267
14420135
14421285
14421292
14421586
14422442
14422797
14422804
14424004
14426488
14426577
14426744
14427133
14427484
14428453
14429049
14429374
14432380
14432758
14434207
14476532
14504846
14505726
14531607
14532832
14536583
14551625
14551923
14552302
14552575
14552829
14554819
14555289
14555461
14555627
14555811
14556032
14556353
14556519
14556880
14556893
14557345
14557874
14557954
14558154
14558616
14558868
14558934
14558970
14559276
14559943
14560305
14560559
14561229
14561248
14561461
14561558
14561744
14562988
14563213
14563867
14564010
14564498
14564676
14564973
14567584
14570224
14571723
14601225
14620437
14620811
14621022
14621144
14621602
14622075
14622125
14622546
14623090
14624070
14624160
14624456
14625161
14625747
14626818
14628233
14628251
14629130
14629447
14630289
14631316
14631486
14632479
14632658
14633487
14634182
14634718
14634973
14634977
14636570
14637194
14637587
14637626
14638008
14638522
14638559
14638586
14638726
14640485
14641082
14641633
14642393
14643179
14643862
14644406
14647504
14648898
14649299
14649623
14649870
14649964
14650627
14651190
14651331
14651417
14652443
14652980
14654529
14655181
14884488
14884590
14884824
14884976
14885320
14885809
14885898
14888195
14888464
14890487
14890786
14890889
14891690
14891969
14892014
14892206
14892887
14892939
14893991
14894606
14895140
14895351
14895453
14897421
14898049
14898742
14898846
14898852
14899075
14904980
15033156
15033192
15033327
15034556
15035066
15035191
15036229
15036429
15037331
15037614
15038655
15039330
15041647
15042242
15042332
15043050
15043251
15043727
15044187
15045123
15048197
15048782
15049240
15049607
15049871
15050049
15050685
15050932
15051271
15051602
15052267
15052606
15053227
15053263
15053383
15053454
15053575
15053619
15053822
15054941
15056150
15056219
15056686
15056729
15056988
15057366
15057717
15058099
15058327
15058917
15059088
15059477
15059501
15060268
15061629
15061987
15062884
15063132
15063157
15063248
15063886
15064625
15064711
15065181
15070123
15071857
15072360
15074401
15076175
15082908
15083731
15164126
15164142
15164624
15165089
15165422
15166086
15166244
15166458
15166982
15167875
15168017
15168022
15168066
15168068
15168299
15168493
15168895
15169001
15169099
15169178
15169363
15169499
15169546
15170362
15170436
15170547
15170599
15170953
15171160
15171439
15171917
15172190
15172443
15173114
15173584
15173834
15174419
15174480
15174805
15174832
15174863
15174885
15175313
15175345
15176523
15179008
15182769
15208042
15208432
15208523
15209122
15209280
15209497
15210716
15211217
15211596
15212610
15212914
15213369
15214097
15215185
15215581
15215685
15215850
15216183
15216990
15218211
15219229
15219347
15219505
15220097
15221130
15221195
15222563
15222606
15222670
15223503
15223611
15223992
15224031
15224552
15225014
15225069
15225249
15225469
15225501
15225730
15226157
15226503
15226907
15226916
15229058
15229398
15229466
15230005
15231145
15232261
15232331
15232722
15233285
15233302
15233374
15233746
15233802
15234415
15234456
15235576
15235979
15236167
15236366
15236379
15236700
15237201
15237630
15238165
15238500
15238979
15239187
15239800
15248239
15249251
15299633
15299783
15300071
15301153
15301799
15302756
15304988
15305027
15305372
15308665
15309452
15310962
15316508
15354796
15355189
15358957
15360995
15363802
15363886
15364721
15367976
15387183
15430226
15444156
15448491
15450515
15453319
15454246
15455141
15455487
15502121
15538636
15571646
15627331
15631999
15640424
15753402
15754123
15754874
15754955
15755394
15755547
15756713
15756935
15758324
15758448
15759357
15760043
15760957
15761025
15762234
15763333
15764366
15764928
15765744
15766210
15769109
15771963
15772956
15782082
15782431
15782747
15783650
15784674
15784685
15784782
15785028
15785691
15785820
15785906
15787429
15787453
15787857
15787860
15787870
15788271
15788726
15789006
15789032
15789489
15789689
15790253
15790309
15790652
15790904
15791548
15791651
15791848
15791919
15794288
15794680
15794939
15794955
15795336
15795344
15795532
15796562
15800623
15800789
15866642
15868309
15869376
15870805
15871891
15878505
15879205
15879246
15879689
15881570
15900335
15900344
15900781
15900818
15901212
15901285
15901346
15901554
15901580
15901714
15902279
15902473
15902722
15902737
15902840
15902947
15903159
15903273
15904019
15904421
15904442
15904494
15904881
15904902
15905337
15905706
15905768
15906148
15906163
15906476
15906555
15906650
15907294
15907853
15908057
15908202
15908473
15909733
15909786
15910222
15910434
15910491
15910683
15911257
15912217
15912332
15912386
15916135
15917089
15917405
15920303
15926385
15935416
15935707
15936881
15937644
15940955
15941330
15950533
16011352
16011356
16011644
16012218
16012497
16012841
16013535
16013655
16014301
16014898
16015903
16016223
16016313
16016445
16016777
16017126
16017360
16019128
16019343
16019474
16020745
16020917
16021369
16022131
16023406
16023848
16024053
16024316
16024626
16025438
16025909
16028351
16028624
16028700
16029089
16029344
16031226
16031316
16033022
16035875
16036325
16036471
16036575
16038545
16039715
16039721
16039831
16041617
16042817
16042879
16042998
16043601
16043628
16043978
16044364
16044489
16044607
16045118
16045464
16046133
16046294
16046401
16047212
16047304
16047399
16047731
16049135
16049376
16049636
16049744
16049792
16050273
16050613
16050742
16050862
16050936
16051283
16051913
16052245
16052278
16053768
16053805
16054743
16054984
16061536
16063302
16066152
16166201
16166403
16166777
16167310
16167438
16168497
16168613
16168789
16169273
16169317
16169489
16169603
16169623
16169895
16169918
16170117
16170340
16170560
16171422
16171748
16171828
16172102
16172326
16173066
16173158
16173379
16173427
16173488
16173670
16173913
16174356
16174928
16175496
16175832
16175853
16175986
16176080
16176755
16176774
16176778
16177087
16177196
16177544
16177624
16177745
16178000
16178114
16178190
16178505
16178624
16178951
16179010
16180092
16182525
16182674
16350088
16351515
16351679
16352206
16352647
16353185
16354137
16354163
16354493
16354828
16354866
16355086
16355322
16355914
16355949
16356157
16357063
16357077
16357267
16357770
16357871
16358147
16358475
16358546
16358576
16358802
16359019
16359077
16359464
16359673
16359803
16359911
16360068
16360334
16360513
16360550
16361742
16361835
16362026
16362053
16362185
16362389
16362869
16363057
16363089
16363106
16363699
16363801
16363947
16364424
16367405
16369740
16370456
16392059
16392224
16395896
16396350
16402193
16403571
16455948
16456034
16456160
16456437
16457013
16457018
16457668
16457670
16457880
16458471
16458733
16458981
16459059
16459275
16459552
16459959
16459965
16460577
16460910
16461063
16461218
16461220
16461241
16461380
16462058
16462210
16462329
16462357
16462384
16462466
16462678
16463234
16463991
16464118
16464266
16464353
16464403
16464586
16464637
16465202
16465275
16465347
16465378
16465783
16465865
16465873
16466111
16466185
16466696
16467017
16467046
16467482
16467507
16467645
16467838
16467939
16468150
16468485
16468702
16468996
16469067
16469264
16469371
16469445
16469478
16471120
16477974
16488186
16490056
16490163
16490343
16490523
16490770
16490901
16491254
16491988
16493382
16493613
16494138
16494297
16494310
16494775
16494896
16495066
16496381
16496441
16496670
16496734
16497244
16497372
16497472
16497537
16497767
16498015
16498300
16498461
16498466
16499287
16499313
16499730
16499799
16499987
16500761
16501131
16501260
16501579
16501763
16502188
16502432
16502641
16502995
16503426
16503913
16504029
16504038
16504128
16506199
16507662
16507749
16548175
16548299
16548626
16548745
16549377
16550263
16550580
16550890
16550896
16550903
16551317
16552112
16552448
16553261
16554546
16554997
16555110
16555434
16555914
16556584
16556973
16557191
16557743
16559504
16560078
16561026
16562485
16562981
16563385
16564130
16564210
16564537
16564786
16565465
16565518
16567089
16571972
16572802
16595037
16595164
16595325
16595643
16596316
16596862
16597069
16597414
16598072
16598346
16599042
16599374
16599517
16599754
16599903
16599950
16600414
16600678
16601283
16601433
16601779
16601955
16602297
16602299
16602373
16602391
16602796
16602870
16603009
16603094
16603118
16603302
16603306
16603325
16603418
16604003
16604377
16604583
16605792
16605820
16605966
16606304
16606327
16606413
16606426
16606436
16606450
16606518
16606649
16606828
16606929
16607162
16607224
16607237
16607328
16607366
16607804
16607829
16608134
16608517
16608958
16608994
16609163
16609282
16609523
16609622
16609774
16609865
16609980
16610025
16610223
16610227
16610368
16610479
16610849
16610870
16611154
16611454
16611461
16612217
16612226
16612274
16612396
16612544
16613017
16613294
16613554
16614741
16614936
16616442
16617253
16617281
16617904
16618207
16618391
16619012
16619019
16619169
16619280
16619469
16619530
16619908
16620310
16620407
16620436
16620445
16620952
16621076
16621095
16621123
16621147
16622500
16622668
16622730
16623196
16623816
16624090
16624322
16624469
16624536
16624647
16624876
16624943
16625031
16625654
16626264
16626490
16627034
16627925
16627993
16631529
16631658
16643916
16695450
16695640
16696099
16697646
16698493
16698613
16699248
16699929
16700591
16702164
16702189
16704078
16704329
16704436
16704722
16707196
16707598
16709439
16713315
16713406
16713709
16714298
16798470
16799360
16800279
16801299
16801682
16801719
16803263
16804434
16804807
16805092
16806150
16806280
16806958
16807379
16807593
16807836
16808513
16808527
16809036
16809366
16809498
16809586
16810868
16810910
16811582
16811589
16811671
16811952
16812381
16812482
16812917
16813055
16813241
16814864
16815707
16817337
16819276
16819331
16819810
16819902
16820203
16820457
16820579
16822200
16826489
16828777
16829639
16830565
16834326
16837066
16947381
16977149
17036950
17046691
17047083
17047098
17047544
17048111
17048330
17048421
17048954
17049451
17049595
17049846
17050095
17050556
17050940
17050999
17051006
17051026
17051121
17051183
17051461
17051553
17051647
17052261
17052545
17052711
17053237
17053376
17053424
17053439
17053758
17054066
17054295
17055011
17055203
17055330
17056045
17056387
17056451
17056539
17057139
17057280
17057715
17057811
17057986
17057997
17058191
17058474
17058812
17059192
17059503
17059548
17059615
17060128
17060239
17060329
17060825
17061443
17061446
17061635
17061683
17061722
17062212
17062267
17062484
17064223
17064671
17075377
17076455
17076577
17076763
17076932
17077223
17077296
17077572
17077908
17078264
17079168
17079233
17079285
17079635
17079638
17079768
17080213
17080702
17080905
17081187
17081804
17081974
17081997
17082003
17083033
17083042
17083079
17084089
17084226
17084404
17085584
17085617
17085637
17086035
17086308
17086503
17086512
17086811
17086907
17087585
17087768
17088413
17088892
17089953
17089972
17090801
17091381
17091607
17091768
17092116
17092540
17093382
17093399
17094909
17094974
17095061
17096385
17096558
17096573
17097229
17097594
17097630
17098024
17098275
17098434
17098523
17099010
17099013
17099556
17099841
17100215
17100602
17100634
17100729
17100739
17100918
17101216
17102379
17102467
17102806
17102916
17103589
17103724
17104442
17104485
17105160
17105569
17105803
17105894
17106307
17106330
17106500
17106941
17107143
17107257
17107322
17109701
17118727
17198892
17199455
17204529
17205423
17206609
17206742
17208122
17208546
17212585
17215005
17256143
17256189
17258528
17259464
17260975
17261071
17261295
17262048
17262714
17263506
17263938
17264242
17264696
17264734
17265023
17265285
17265714
17265869
17265884
17266800
17267422
17267993
17268359
17268528
17268547
17269092
17269856
17270039
17270826
17271894
17271969
17272764
17272968
17273031
17273123
17276695
17277732
17278662
17279070
17279498
17279521
17279572
17280096
17280689
17281005
17281044
17281141
17282172
17282604
17282630
17283754
17283873
17283971
17295401
17295604
17296485
17296817
17296929
17297949
17298375
17298566
17298572
17299390
17300918
17301115
17303904
17303993
17304412
17305471
17306076
17306732
17308443
17309875
17311242
17414141
17420655
17421236
17426765
17430127
17432830
17435098
17535939
17541510
17543063
17543813
17544061
17544366
17544468
17545461
17545854
17546088
17546091
17546380
17546624
17546890
17547473
17547611
17547783
17547959
17548251
17548448
17548867
17548892
17548965
17549191
17549338
17550797
17551717
17551779
17551822
17551863
17552102
17552343
17552680
17552960
17553097
17553564
17553915
17554092
17554235
17554541
17555494
17555497
17555536
17555730
17556384
17556833
17557190
17557410
17557982
17557999
17558072
17558139
17559128
17559279
17559336
17559461
17559463
17559495
17560448
17560719
17561754
17561904
17562486
17562648
17563069
17563454
17563663
17563696
17563829
17564539
17564570
17564612
17564646
17564657
17564736
17564750
17564813
17564815
17564890
17565144
17565473
17565834
17566103
17566789
17567260
17567390
17567395
17567806
17568070
17568219
17568245
17568418
17568469
17568968
17569141
17569204
17569364
17569555
17569687
17569778
17569971
17570968
17571337
17571774
17571917
17572339
17572364
17572528
17572581
17573231
17573303
17573481
17574147
17574620
17574919
17575751
17575934
17576190
17576632
17577056
17577062
17577139
17577182
17577292
17577359
17577589
17577645
17577899
17578025
17578122
17579486
17585430
17586442
17717979
17721564
17721987
17790339
17792078
17792802
17793385
17793499
17794859
17795284
17795848
17797219
17797288
17797920
17800155
17800945
17801087
17801402
17802013
17803001
17804598
17806124
17806298
17806321
17806436
17820190
17905945
17906504
17906747
17906920
17907114
17908939
17909137
17909364
17909409
17909643
17910507
17910557
17910792
17912074
17912884
17912885
17912944
17913671
17913676
17914135
17914358
17914597
17914747
17915958
17916068
17917826
17917977
17918031
17918285
17918991
17919026
17919680
17920029
17920446
17922967
17927943
17928030
17930633
17930846
18002166
18002746
18003267
18004054
18004637
18005073
18005128
18005626
18005977
18006125
18006238
18006266
18006411
18006816
18006972
18006987
18007377
18007505
18007558
18007595
18007686
18007826
18008299
18008746
18008943
18008987
18009193
18009680
18009874
18009897
18010135
18010287
18010465
18010887
18010987
18010998
18011518
18011611
18011720
18012025
18012136
18012168
18012183
18012277
18012745
18013016
18013225
18013917
18014099
18014237
18014323
18014502
18014503
18014560
18014610
18014806
18015293
18015533
18015569
18015910
18015960
18016036
18016037
18016195
18017003
18017322
18020876
18021129
18093751
18093766
18094186
18094398
18094876
18095545
18096407
18096515
18097006
18097362
18097370
18097416
18097497
18098059
18098100
18098672
18098680
18098911
18099549
18099785
18099818
18099854
18100362
18100465
18101280
18101620
18101662
18102019
18102166
18102602
18103019
18103153
18103620
18103666
18103723
18103808
18104244
18104307
18104467
18104599
18104775
18105001
18105062
18105142
18105295
18105576
18105589
18105599
18105800
18106179
18106696
18109669
18113025
18113879
18141486
18141865
18143306
18143958
18144460
18144980
18145124
18145383
18146529
18147392
18148609
18148767
18149281
18151356
18152201
18152942
18153951
18154158
18155429
18155459
18155487
18155781
18160763
18162450
18163532
18172874
18173734
18174396
18174755
18175561
18178000
18178276
18179936
18181350
18181360
18181481
18182957
18184050
18184251
18185078
18185083
18185807
18185867
18185894
18185930
18186599
18186611
18186653
18186686
18186781
18186800
18186854
18186922
18187020
18187024
18187114
18187245
18187577
18187737
18187822
18187834
18188331
18188868
18188956
18189175
18189810
18190133
18190774
18190916
18191024
18191191
18191326
18191343
18191741
18192332
18192600
18193259
18193806
18194114
18194126
18194204
18194275
18194815
18194942
18195165
18196025
18196362
18196740
18197235
18197577
18197609
18198017
18198265
18198481
18198737
18199031
18199046
18199129
18199962
18200420
18200708
18206163
18208956
18221199
18221737
18221897
18222067
18222154
18222187
18222549
18222619
18222668
18223057
18223887
18224924
18225179
18225512
18226322
18226993
18227002
18227105
18227310
18227611
18228145
18228198
18229142
18229320
18229514
18229664
18229805
18230591
18230676
18231807
18232449
18232622
18232789
18233359
18233622
18233710
18233719
18234157
18234318
18234598
18235181
18235730
18236143
18236466
18237186
18237433
18237471
18237511
18237650
18237962
18238059
18238379
18240025
18240185
18240711
18241129
18241181
18241779
18242748
18242919
18243053
18244070
18245086
18245424
18246125
18246226
18246289
18246355
18247984
18248002
18248309
18248414
18248618
18249342
18249613
18250375
18250842
18251166
18251227
18251362
18252763
18254419
18254769
18256474
18339046
18339428
18339815
18340139
18340427
18342119
18343053
18343462
18344608
18345493
18346172
18346288
18346867
18347038
18347292
18347367
18348002
18348653
18349919
18350145
18350862
18352068
18353451
18353661
18353720
18353886
18353899
18354175
18354299
18354774
18354871
18355767
18355939
18412470
18412677
18414388
18414753
18415229
18415584
18417223
18419294
18419384
18420588
18420635
18421775
18423264
18424047
18424082
18424466
18425316
18425468
18427097
18429711
18440786
18441340
18441657
18442933
18444470
18444627
18444878
18445636
18447080
18447329
18448194
18451158
18451418
18451874
18451945
18452158
18452449
18452616
18452619
18452663
18452843
18453223
18453436
18454254
18454837
18455370
18455505
18455515
18455562
18455890
18456250
18456401
18456689
18457050
18457158
18457169
18457179
18457183
18457381
18457723
18457737
18459226
18459765
18459844
18459905
18460239
18460256
18460336
18461074
18461279
18461366
18461667
18461988
18462008
18462126
18463085
18463112
18463367
18463944
18464521
18464890
18464891
18466193
18527144
18527256
18527777
18528024
18529490
18529505
18531327
18533393
18533838
18535840
18535876
18539004
18544143
18548031
18551544
18552086
18553859
18553974
18559996
