229
263
265
343
349
355
412
474
492
492
528
546
600
634
803
1113
1122
1135
1141
1235
1267
1689
1737
1807
1826
1890
1937
1975
2010
2056
2256
2350
2408
2478
2533
2643
2668
2838
2977
3008
3128
3542
3583
3588
3637
3967
4011
4058
4078
4152
4186
4203
4308
4338
4364
4419
4454
4505
4511
4530
4561
4624
4729
4797
4974
5036
5159
5286
5454
5456
5476
5476
5547
5570
5623
5671
5674
5776
5800
5814
5911
6017
6046
6071
6144
6158
6190
6226
6229
6301
6382
6387
6400
6451
6504
6608
6625
6649
6889
6890
6951
6968
6993
7007
7014
7033
7058
7077
7142
7172
7193
7211
7238
7325
7346
7389
7430
7484
7655
7727
7819
7874
7884
7908
7940
7947
8194
8257
8262
8278
8507
8555
8699
8717
8719
8726
8867
8893
8990
8997
8999
9019
9123
9132
9174
9372
9449
9657
9854
9888
9918
9989
10023
10262
10400
10434
10497
10506
10681
10704
10771
10869
10972
10997
11061
11099
11175
11691
11816
11824
11968
11993
12010
12012
12135
12186
12187
12233
12238
12258
12304
12376
12444
12456
12464
12500
12549
12563
12573
12619
12711
12774
13072
13193
13355
13355
13503
13504
13516
13589
13594
13619
13621
13660
13862
13881
13884
13977
14091
14099
14135
14160
14203
14311
14464
14598
14609
14750
15085
15122
15222
15259
15321
15360
15378
15425
15457
15504
15585
15605
15728
15775
15834
16186
16203
16313
16314
16339
16362
16387
16405
16458
16535
16575
16585
16821
