53
97
215
299
339
392
603
608
893
915
924
1087
1267
1345
1350
1512
1542
1664
1678
1702
1703
1775
1781
1797
1825
1980
2011
2148
2208
2241
2440
2590
2623
2642
2908
2935
3036
3051
3162
3183
3208
3219
3225
3410
3587
3741
3810
3840
3918
3978
4035
4340
4497
4657
4686
4799
5076
5358
5451
5461
5491
5754
5774
5914
6336
6378
6391
6399
6890
6902
6945
7194
7260
7261
7298
7340
7404
7510
7522
7543
7597
7622
7726
7741
7920
7923
7961
8005
8049
8073
8078
8139
8318
8388
8427
8434
8490
8512
8560
8617
8879
9082
9101
9112
9242
9419
9477
9491
9492
9607
9697
9704
9766
9772
9782
9882
9992
10083
10124
10153
10167
10191
10201
10286
10508
10564
10591
10627
10703
10793
10806
10888
10947
10956
11026
11111
11138
11178
11342
11352
11359
11440
11555
11633
11638
11699
11821
12125
12459
12643
12762
12816
12896
13004
13147
13235
13437
13524
13538
13722
13738
13845
14260
14397
14517
14626
14652
14803
14869
14881
14949
14957
15100
15174
15229
