7
31
153
196
253
254
310
335
369
444
541
616
678
844
845
886
978
1025
1035
1066
1067
1143
1160
1250
1307
1415
1415
1474
1503
1576
1662
1673
1679
1706
1980
1983
2000
2040
2043
2050
2075
2524
2578
2599
2767
2819
2825
2828
2850
2986
3040
3044
3100
3115
3275
3424
3462
3566
3588
3592
3723
3733
3746
3790
3806
3859
3936
3943
3944
3957
4258
4288
4380
4431
4505
4704
4715
4781
4832
4942
5083
5094
5113
5183
5196
5232
5315
5351
5456
5487
5571
5572
5704
5767
5917
5946
6014
6062
6153
6197
6210
6274
6274
6398
6415
6468
6542
6625
6631
6650
6744
6783
7020
7066
7175
7199
7254
7377
7668
7724
8039
8051
8224
8244
8266
8279
8426
8433
8446
8458
8504
8526
8535
8680
8699
8937
8979
9124
9174
9270
9284
9332
9340
9389
9445
9449
9471
9493
9506
9518
9609
9918
10011
10244
10268
10282
10323
10453
10468
10594
10648
10654
10781
10798
10984
11132
11258
11288
11338
11339
11406
11445
11470
11520
11523
11615
