13
89
175
211
233
236
256
261
396
418
537
544
692
977
1123
1151
1421
1479
1544
1553
1684
1866
1976
1986
2011
2294
2325
2521
2721
2974
3041
3537
3674
3983
3991
4062
4292
4642
4787
4866
4871
5104
5109
5196
5230
5380
5646
5672
5875
5889
5988
6005
6143
6152
6200
6264
6342
6583
6589
6623
6683
6895
7457
7564
7685
7754
7817
7845
7854
7964
7984
8027
8076
8144
8420
8925
8937
8946
9239
9239
9345
9367
9405
9489
9551
9697
9726
9734
9738
9818
9882
9885
9975
10164
10201
10595
10613
10952
10972
11008
11038
11106
11158
11161
11199
11290
11326
11549
11645
11766
11924
12297
12561
12591
12646
12701
12756
12826
12856
13259
13348
13611
13754
13768
13984
14396
14446
14699
14853
14861
15046
15070
15121
15143
15149
15198
15344
15491
