232
586
817
866
866
882
1040
1057
1278
1337
1619
1774
1895
2102
2435
2685
2811
3027
3032
3143
3199
3492
3819
3916
3938
4000
4052
4646
4928
5300
5919
6005
6042
7026
7150
7210
7325
7519
7534
7916
8009
8060
8070
8078
8117
8427
8929
9222
9235
9345
9651
9932
10219
10439
10500
10597
10608
10652
10666
10954
10957
11000
11278
11487
11495
11506
11517
11664
12133
12397
12427
12620
12640
12755
12932
13017
13329
13383
13424
13529
13865
14037
14260
14721
14865
14936
15776
15925
15938
16024
16037
16069
16131
16213
16344
16384
16409
16688
16821
17114
17196
17201
17248
17449
17537
17541
17691
18137
18350
18427
18524
