172
186
461
593
605
614
959
986
1114
1236
1390
1393
1495
1548
1746
1866
2024
2077
2171
2430
2442
2457
2459
2473
2578
2615
2885
2935
2939
3096
3159
3267
3292
3444
3461
3466
3547
3728
3789
3955
4043
4047
4131
4286
4475
4517
4524
4574
4827
5525
5665
5734
5755
5848
5995
6072
6362
6365
6368
6414
6568
6586
6635
6656
6706
6726
6730
6935
6982
7007
7177
7195
7361
7446
7500
7543
7572
7806
7825
7934
7960
8294
8368
8402
8427
8545
8661
8668
8749
8749
8813
8815
8893
8931
8963
9050
9221
9222
9224
9278
9344
9363
9468
9664
9694
9874
9878
10088
10154
10297
10485
10621
10690
10773
10848
11113
11245
11313
11427
11488
11507
11518
11786
11802
11888
11891
11896
11954
11982
11990
12043
12083
12146
12184
12279
12292
12295
12371
12386
12401
12421
12456
12515
12519
12609
13002
13009
13031
13043
13056
13090
13125
13296
13306
13336
13517
13677
13796
13896
13984
13988
14238
14316
14349
14467
14501
14503
14558
14580
14785
14838
14928
14999
15055
15189
15263
15276
15336
15339
15356
15483
15509
15906
15923
16090
16379
16653
16659
16860
16996
17127
17145
17165
17168
17197
17257
17394
17397
17540
17605
17647
17842
17972
18018
18082
18391
18474
18484
18498
18531
18582
18807
18846
18867
18907
18934
18986
19029
19033
19097
19146
19434
19464
19503
