61
126
130
350
351
481
484
521
562
603
633
739
742
901
959
961
1167
1300
1534
1731
1784
1864
1949
2064
2162
2201
2345
2355
2394
2419
2476
2547
2604
2678
2726
2833
2918
2952
3032
3043
3068
3135
3224
3439
3490
3633
3803
3857
3885
4008
4064
4247
4290
4429
4474
4528
4784
4938
4941
5001
5041
5077
5273
5322
5347
5382
5486
5722
5840
5863
5894
5955
6024
6101
6537
6544
6554
6906
7060
7320
7430
7539
7685
7714
7720
7739
7818
7893
7900
7917
8046
8051
8455
8777
8778
9160
9558
9595
9645
9648
9731
9793
9870
9971
10189
10239
10401
10490
10506
10597
10685
10709
10744
10761
10832
10836
