326
422
433
621
779
812
936
1012
1032
1139
1156
1175
1313
1467
1505
1658
1671
1956
1978
2049
2265
2349
2503
2554
2607
2781
2817
2866
2943
3247
3387
3798
3874
3918
3974
4245
4350
4492
4814
4851
4868
4917
4942
5044
5085
5198
5242
5302
5326
5337
5362
5407
5446
5479
5598
5638
5708
5728
5796
5908
5921
5935
5956
6252
6288
6308
6404
6485
6680
6798
6968
7020
7159
7250
7265
7360
7460
7651
7726
7733
7823
7849
7890
8080
8313
8326
8343
8421
8481
8604
8623
8839
8911
8930
8934
8970
9029
9169
9339
9350
9601
9659
9667
10000
10174
10228
10235
10241
10274
10276
10337
10361
10394
10488
10841
10878
10940
11032
11085
11151
11299
11302
11447
11594
11686
11818
11845
11977
12065
12228
12371
12593
12646
12670
12705
12821
12858
12918
12930
12966
13112
13133
13160
13258
13521
13573
13582
13744
14001
14224
14437
14476
14490
14757
14867
14892
15168
15208
15217
15393
