49
61
197
229
233
395
463
720
793
828
919
1012
1124
1172
1214
1266
1315
1428
1570
1861
1900
2036
2579
2582
2585
2608
2859
2927
2965
2997
3034
3333
3462
3511
3862
4192
4300
4316
4340
4459
4500
4644
4671
4975
5032
5047
5060
5226
5230
5292
5299
5387
5418
5511
5654
5739
5953
6026
6078
6134
6174
6360
6493
6737
6786
6819
6822
6875
6943
7030
7120
7260
7418
7761
7846
7853
7911
7954
7978
8052
8071
8192
8319
8365
8472
8551
8553
8611
8759
8856
9188
9288
9324
9367
9390
9560
9947
10052
10105
10368
10477
10488
10702
10958
10989
11104
11260
11282
11420
11431
11682
11836
11903
11999
12143
12188
12353
12441
12508
12595
12813
12907
12930
13028
13089
13144
13283
13299
13320
13377
13574
13908
13921
14146
14149
14179
14268
14495
14556
14622
14698
15113
15188
15254
15307
15366
15416
15483
15557
15807
15808
15867
15867
15975
16085
16275
16415
16467
16496
16608
16869
16876
16914
17067
17091
17371
17549
17582
17670
17846
17896
17961
17982
18077
18275
18368
18412
18434
