1311
6237
7964
9020
9616
9640
12228
12270
12489
13278
15091
17287
17998
18462
23004
24837
33428
33859
35852
37390
41463
42390
42576
44716
47480
48576
50228
50985
51768
53835
55309
56767
63761
68149
72359
73334
73504
76120
79880
85322
85388
87124
87380
88183
89585
91182
92273
95214
99106
100053
104953
105571
105815
112603
113267
115843
115949
116902
117796
118548
118585
120195
121280
126641
128964
132220
132982
136164
138489
139164
139189
140287
140929
141266
141565
144315
146770
150322
154491
156001
156694
157039
158338
159673
159821
159891
160594
161288
162255
162271
162340
163544
166232
167461
168828
169010
169420
170330
171298
174674
177473
179067
179879
180656
190629
190764
193522
194475
196846
202928
203243
203419
204094
209184
210493
210546
212073
213912
218810
219250
220785
222246
224346
225278
228069
228843
230133
230520
232318
233992
234003
236798
237975
239238
239846
242091
246616
247641
251758
253769
253816
254296
258578
261553
262720
266003
266922
268115
270789
271606
281270
283238
287741
290620
294498
294884
295083
298246
301215
308084
308445
308615
310997
312581
316735
322509
325685
326035
328701
328829
331692
333688
333798
335079
336883
337562
342366
343415
343433
345067
347142
347207
347843
350511
352659
353551
354841
356984
359006
359803
360950
361466
361593
367815
371063
374835
375078
376597
378546
378776
380954
383901
387539
389181
390406
390620
392904
394271
394513
398856
400252
402537
403078
406754
406948
407467
408813
411066
411523
411900
412165
413620
413640
413878
416823
417871
419316
421781
422178
422402
423768
428364
429476
431015
433243
434156
439386
439516
441652
443943
451053
453500
454369
456208
458233
463625
464143
464525
464806
473463
474065
474184
475265
478166
482239
483592
485999
486453
487151
488371
489292
491602
497223
497922
499238
502076
508654
509255
509797
513128
514426
516301
517462
519943
520535
523456
523613
531236
533542
535728
538915
540535
543798
544591
544852
545406
550812
551029
552766
555350
556795
561009
564653
566174
568297
572689
572855
576902
577971
581254
584214
584847
585960
588294
588621
594107
594124
595029
599879
600039
600747
602561
606946
607103
610146
613042
613227
613815
616325
618462
619974
620385
624270
624784
625427
626270
627375
630603
631960
634161
635259
638102
638948
639755
641901
642480
649459
653727
655318
658036
661829
663089
663837
664780
665847
667561
668383
668656
670540
671165
674064
674735
675330
679964
685357
688374
690846
692189
694879
700437
700568
703348
706114
706710
707062
707254
709588
713851
718747
718962
720105
720788
725247
726755
727474
730794
732554
734632
735413
737593
737687
745650
747210
748939
749198
752928
757682
759211
759496
764959
767685
768971
772952
776397
782957
783548
784012
784663
785370
787447
788519
790953
791835
791879
792254
793072
795620
796242
796990
803066
803204
806417
806650
809462
810495
810860
811106
814250
815014
818819
821269
825299
830814
831161
833279
834691
838200
843622
846488
847888
849557
850389
851138
851288
851449
851830
853021
856924
862263
862485
863346
863528
865540
865568
865995
866359
869257
870531
871457
874575
875541
877660
880144
883850
886813
886876
887091
887338
887760
893303
893579
902617
904239
906064
906991
907001
907513
913425
913756
914207
919372
920212
921255
922785
926290
927792
929805
931477
931958
933634
933999
934548
940074
940445
940474
947879
948321
949091
949639
952370
953284
954399
955833
958470
958767
960327
963891
966407
967334
968100
968844
972682
973049
974052
975292
976078
980718
980882
981080
987357
988338
988453
988873
989542
990816
994398
995457
999491
1000537
1003352
1005743
1006466
1006647
1007374
1007386
1014454
1015573
1016242
1022452
1023532
1023653
1027270
1029229
1031376
1032183
1032279
1036269
1036659
1037645
1037978
1038531
1040487
1040523
1042674
1045830
1049694
1051135
1051218
1052300
1054194
1057225
1061407
1062533
1063006
1063634
1065290
1066728
1067002
1068629
1068927
1074924
1077926
1078015
1078354
1078846
1079677
1082305
1082603
1082699
1087780
1090645
1091912
1093894
1094980
1096828
1101762
1104260
1105636
1106265
1107165
1110641
1111753
1111810
1112072
1113870
1115724
1127302
1128020
1128191
1128823
1130736
1131059
1132285
1139578
1141718
1144731
1145419
1145488
1153262
1157080
1157499
1159720
1164575
1165118
1177226
1179865
1179991
1181592
1181649
1182235
1183273
1189480
1189845
1193824
1193829
1194874
1198577
1200360
1200405
1200657
1201770
1202838
1203746
1204362
1207012
1207571
1209201
1212223
1212890
1213603
1214811
1219696
1219779
1220002
1220033
1220652
1220912
1231687
1232366
1234881
1235439
1235713
1238767
1242858
1245167
1246571
1251105
1252954
1254103
1255214
1255750
1255896
1256947
1257660
1261793
1271431
1274302
1276910
1284762
1285440
1285848
1289107
1295132
1296136
1297217
1297725
1297789
1297989
1300873
1300947
1301230
1302208
1302562
1303336
1305125
1307834
1308272
1317502
1319937
1322304
1323477
1325088
1325323
1327334
1331455
1331939
1334126
1334908
1339048
1341760
1346687
1349511
1351461
1352005
1354034
1355312
1355323
1355733
1356062
1356068
1356623
1356725
1358897
1361990
1377226
1378715
1379083
1381990
1382955
1385129
1386966
1389355
1391658
1391866
1392532
1395542
1398107
1403317
1404090
1406126
1407496
1407727
1408582
1409306
1409857
1410882
1410928
1412405
1413107
1417107
1419459
1424907
1426729
1427872
1428415
1430300
1430850
1431280
1431761
1432009
1432052
1432266
1434479
1439469
1441442
1442233
1443637
1446135
1448839
1449978
1450193
1457289
1458996
1464773
1466333
1472457
1475895
1476576
1477422
1477451
1478204
1479299
1480814
1483085
1484022
1489430
1492257
1494145
1502262
1506648
1509530
1510521
1512583
1514027
1516321
1516902
1518748
1519412
1520292
1520756
1524157
1525502
1525976
1526621
1527226
1529362
1529981
1534242
1536830
1537666
1538016
1539062
1540073
1542006
1544741
1546146
1546813
1547605
1550008
1550393
1550616
1551659
1554174
1554510
1554970
1555817
1560014
1561084
1566413
1569104
1569204
1571031
1573543
1575366
1575499
1578114
1579292
1579978
1580578
1581236
1581956
1585179
1586341
1590163
1590425
1591814
1596916
1597108
1598627
1599498
1603761
1606434
1607294
1608790
1610146
1610585
1619753
1622545
1622784
1629152
1631015
1633237
1636694
1638550
1639897
1640846
1640869
1640872
1646418
1646844
1647531
1649028
1654396
1657136
1657491
1659248
1661396
1664923
1664999
1667225
1668672
1675570
1676324
1676435
1676658
1679772
1680546
1683394
1684663
1684968
1686352
1687569
1692145
1693857
1695188
1697280
1698126
1698484
1698661
1701360
1703662
1705233
1705725
1705875
1706549
1710718
1711716
1713551
1713599
1714514
1714955
1716962
1719472
1720425
1720960
1722246
1722295
1723313
1726439
1727322
1727904
1730572
1732726
1733131
1735266
1735829
1738089
1739529
1741617
1742520
1743293
1744360
1748592
1749418
1751297
1752557
1757320
1758007
1761486
1761530
1763954
1766999
1768183
1768605
1770256
1771285
1771820
1773473
1773637
1775024
1779206
1781134
1782613
1783003
1783160
1784112
1785581
1786318
1786868
1788773
1789049
1789765
1790063
1790672
1795916
1796587
1798192
1800255
1800317
1800809
1802261
1802589
1808179
1809031
1809692
1812644
1812785
1813064
1816071
1816374
1818062
1819070
1819834
1821946
1824066
1824749
1827868
1827984
1830487
1832090
1832806
1833671
1839723
1839813
1842562
1842807
1843944
1846531
1854364
1857387
1863317
1867033
1867175
1867176
1868034
1868362
1868978
1869619
1872294
1875186
1876623
1877132
1878011
1879885
1880345
1885025
1885535
1889862
1891104
1891530
1891555
1896122
1896839
1904265
1906406
1909022
1909781
1910791
1913149
1918540
1919917
1920023
1921010
1922250
1923631
1926796
1928599
1929141
1931710
1931756
1933150
1933572
1938577
1939398
1940434
1940571
1942514
1942978
1948126
1949709
1953093
1955256
1963779
1965989
1967399
1968744
1972129
1972768
1973682
1974752
1979557
1983188
1983936
1984614
1985295
1986755
1987169
1987828
1988676
1989191
1989958
1992228
1992361
1992374
1993387
1993414
1994651
1995045
1996115
1999742
2000243
2001096
2001722
2002367
2004148
2007009
2008851
2011686
2012169
2013240
2013891
2016454
2020994
2021148
2021450
2021764
2022896
2022970
2024574
2027078
2027352
2030964
2035923
2046701
2048999
2051062
2051303
2054704
2054767
2055211
2056791
2057756
2058108
2061468
2062424
2067868
2070604
2070978
2071288
2072472
2073141
2073865
2074193
2077688
2082178
2083420
2083790
2084579
2084915
2086516
2087155
2088089
2088110
2088465
2088915
2090923
2091696
2092063
2096308
2096779
2097585
2099118
2100043
2104922
2104953
2105892
2106963
2112355
2121761
2121952
2123285
2127541
2132036
2132535
2137876
2140089
2142378
2142876
2146144
2148163
2151229
2151851
2151999
2152414
2153357
2153783
2157227
2158585
2159641
2160201
2160540
2161118
2162955
2163308
2163491
2164626
2165365
2170176
2170644
2170654
2172395
2173293
2173747
2178343
2178682
2178788
2179545
2181147
2182025
2184531
2186673
2190698
2193242
2194610
2194928
2196743
2197810
2200262
2200531
2201892
2205956
2206493
2206765
2212740
2214856
2215630
2215641
2218177
2218968
2219366
2219408
2222469
2222841
2225703
2229900
2230466
2231076
2232247
2235145
2238194
2238927
2242585
2243223
2247700
2248183
2248521
2248550
2248676
2249423
2252682
2254969
2261757
2264552
2265460
2266539
2267853
2273748
2275626
2276094
2281476
2283398
2283476
2284234
2286791
2287740
2289235
2291069
2291603
2292066
2293743
2298789
2299202
2299299
2301157
2302821
2303318
2303965
2306959
2307561
2308612
2308724
2308852
2309964
2311038
2317278
2318392
2320043
2323397
2333197
2333564
2334802
2336769
2336892
2337109
2339066
2339508
2343847
2344973
2345642
2346085
2347997
2352404
2355858
2357432
2358629
2359710
2360423
2362204
2362810
2365881
2369513
2370821
2374547
2376191
2380168
2381055
2381651
2381662
2381904
2382726
2383069
2383169
2384463
2388028
2389232
2389683
2390773
2392016
2392472
2392977
2395265
2401017
2402461
2402782
2402900
2403861
2403966
2403980
2408829
2410077
2416461
2418509
2418547
2421774
2422223
2425729
2426617
2429599
2429760
2430411
2434253
2434404
2434640
2436702
2438425
2439033
2439170
2439710
2440909
2441022
2442702
2443592
2449272
2450211
2450704
2450812
2450937
2451844
2452615
2454746
2455270
2455450
2459067
2459145
2459874
2462437
2463036
2463784
2465924
2466611
2467559
2467612
2469034
2469342
2470637
2474318
2484926
2487500
2487786
2490608
2494241
2497624
2498058
2504833
2505110
2505621
2505740
2506346
2509649
2512119
2513493
2514776
2515723
2516683
2517597
2520719
2521732
2523693
2524687
2532828
2540173
2544302
2544650
2551187
2551370
2557107
2559874
2560604
2560975
2561347
2563316
2568654
2568957
2570168
2570502
2571075
2572674
2575879
2576935
2576960
2576970
2582128
2583059
2583732
2585412
2589744
2592164
2594192
2594585
2598833
2600660
2604841
2611019
2611055
2611546
2613967
2615073
2616476
2616593
2617626
2617647
2619338
2620643
2620843
2621408
2624153
2624322
2625443
2631863
2631912
2632586
2633349
2635323
2636068
2640081
2640417
2640771
2641472
2641563
2643060
2644915
2645417
2646220
2647863
2657298
2658072
2659635
2660675
2665374
2669184
2670276
2670407
2671298
2671934
2674189
2676244
2677121
2678129
2679785
2680248
2684702
2685634
2686847
2687863
2687864
2689682
2692713
2693613
2694912
2695509
2695918
2696551
2706940
2712747
2714315
2717335
2718267
2723422
2725182
2726090
2728364
2728916
2729116
2729229
2732236
2734339
2736296
2736978
2738037
2738145
2739139
2739213
2740514
2741086
2747018
2747741
2752564
2752592
2752954
2754841
2757432
2757943
2759100
2766138
2769530
2769989
2770348
2773100
2774933
2775094
2775785
2776754
2778930
2781228
2781478
2782265
2782370
2782780
2782937
2784589
2784996
2786920
2791150
2792214
2794119
2799682
2802129
2803124
2804439
2808734
2809455
2809844
2811346
2812817
2816034
2821831
2822400
2824175
2830906
2830951
2832337
2837049
2837484
2838088
2838789
2840732
2851965
2852434
2854222
2857329
2858676
2860707
2861433
2864433
2866263
2866810
2867040
2868891
2875642
2877266
2877752
2882793
2883064
2893481
2895874
2896334
2904054
2906752
2908188
2910597
2911339
2911919
2916072
2917072
2918956
2919206
2919756
2922896
2925445
2926388
2927521
2928846
2929827
2932484
2933637
2934427
2935615
2937128
2940725
2941417
2941517
2943110
2946023
2946130
2946857
2948427
2949119
2950076
2950655
2953970
2954639
2957990
2961310
2961588
2961978
2963827
2965180
2965265
2965955
2966832
2968521
2975348
2975605
2977050
2978071
2979489
2983805
2984115
2984558
2985205
2989582
2990058
2996165
2996624
2997704
2998636
3001816
3002075
3005385
3013722
3014208
3014490
3016749
3017312
3017484
3019768
3020136
3021120
3021211
3022417
3022499
3022588
3025073
3025078
3033404
3035869
3037732
3038463
3038793
3040995
3043743
3043946
3046744
3047446
3048480
3054801
3055517
3060216
3061234
3064325
3066146
3066932
3069130
3069803
3070988
3072390
3072867
3075260
3076922
3077496
3078631
3078865
3080161
3082050
3083519
3085873
3088205
3088527
3090465
3095665
3097989
3100433
3101025
3103136
3107116
3110747
3112126
3112347
3112832
3112882
3113247
3118818
3118953
3119950
3122115
3122348
3122768
3124296
3125160
3126376
3128035
3128920
3135918
3140071
3141807
3141938
3146801
3148486
3148725
3151657
3152440
3152954
3153973
3154345
3154648
3156380
3159594
3162684
3163932
3165595
3166016
3168850
3169209
3169765
3173780
3176606
3177161
3185226
3185766
3186203
3190968
3192189
3192872
3194025
3194487
3194790
3195370
3197482
3205843
3205988
3207643
3207996
3209464
3212196
3212625
3213364
3213929
3216080
3217023
3220043
3220313
3220603
3221553
3221935
3223414
3225575
3226367
3230600
3230682
3231375
3232363
3233706
3235169
3237697
3237955
3239583
3240504
3241838
3242964
3245809
3246435
3246474
3247741
3248021
3251707
3252159
3252806
3253665
3257345
3259148
3260005
3261882
3262548
3262593
3262953
3265825
3266686
3266994
3269441
3271465
3272238
3272319
3274017
3275337
3277541
3277878
3277963
3278085
3279322
3282736
3282816
3287105
3287337
3288607
3294253
3299409
3301269
3305626
3309191
3312164
3316024
3319831
3320144
3322055
3325131
3325334
3329711
3331018
3331530
3332548
3334330
3339009
3339925
3340676
3345322
3345875
3346646
3348200
3359305
3359976
3360268
3360602
3361751
3368910
3369670
3369883
3375639
3376413
3380765
3381492
3388536
3390412
3394062
3396109
3397296
3398454
3399915
3401889
3405827
3406650
3408047
3408469
3408973
3411100
3412132
3418578
3419701
3422559
3423110
3423389
3424468
3424955
3428286
3428759
3429340
3431127
3432274
3432715
3433285
3434349
3439567
3439731
3440691
3443974
3445354
3447358
3448285
3453999
3454784
3454994
3455131
3457517
3457913
3458877
3459488
3461190
3464225
3464683
3465647
3467497
3468126
3472366
3473044
3483288
3485747
3486456
3487691
3490626
3490742
3491819
3494177
3494584
3498330
3498553
3500764
3503648
3506333
3506704
3507967
3509649
3514813
3516331
3517211
3518804
3520084
3520621
3521903
3522647
3525193
3530000
3531295
3531416
3534650
3535149
3538179
3544594
3548053
3549680
3550539
3551901
3554416
3554637
3555012
3556978
3561478
3562756
3563626
3566255
3568101
3572546
3572941
3578353
3579032
3580530
3580660
3581013
3581650
3585454
3585482
3587761
3589052
3590259
3595544
3595710
3597350
3597685
3598834
3603321
3604299
3606311
3607076
3607095
3611434
3613028
3613526
3615197
3619600
3622274
3624009
3627703
3627728
3629290
3633506
3635375
3635425
3635529
3636414
3637343
3637964
3639073
3640601
3643201
3644230
3645526
3646357
3647004
3648525
3650828
3652662
3654046
3657337
3658967
3659064
3661403
3661613
3663251
3670759
3671800
3674361
3675461
3678525
3679420
3680436
3681485
3681996
3685858
3686031
3686327
3688827
3688939
3690161
3690683
3691572
3692238
3695346
3695857
3696705
3698007
3700678
3701840
3702351
3702365
3705332
3708279
3712657
3719481
3719737
3721113
3722775
3723392
3723738
3724787
3725288
3727512
3727925
3728905
3729363
3729517
3729733
3729751
3738397
3739813
3744733
3745518
3746653
3749054
3750296
3759796
3760684
3766503
3766785
3767121
3767882
3767962
3771339
3774637
3775052
3775254
3775571
3775887
3777619
3778660
3782752
3783208
3786269
3786385
3788678
3789470
3790355
3797276
3797291
3798069
3799821
3801966
3802312
3808386
3814600
3815671
3817776
3821259
3822254
3822924
3823647
3826116
3830748
3831745
3833651
3833939
3834860
3838268
3839506
3844298
3847081
3849091
3855342
3856593
3856649
3857867
3860645
3864702
3865090
3865618
3869096
3870303
3872210
3873737
3875104
3876919
3879057
3879704
3884761
3891081
3891642
3892033
3892574
3893617
3898462
3901197
3901328
3907299
3909769
3912841
3915687
3920407
3921013
3922157
3924030
3924063
3924095
3924249
3925396
3925470
3925578
3928135
3929186
3930959
3932089
3938018
3940995
3941806
3942705
3944578
3945046
3946346
3948292
3950073
3951654
3953921
3954051
3954826
3955505
3955738
3957159
3958754
3960812
3963596
3965628
3967183
3969351
3969905
3970558
3971433
3975851
3977903
3979930
3982110
3983967
3985658
3985895
3988640
3990437
3990602
3995761
3996726
3999241
4004807
4005265
4008681
4011852
4011947
4015123
4016072
4017838
4017873
4022073
4024593
4029850
4033435
4035353
4035421
4036567
4037660
4038984
4042116
4047612
4048352
4049815
4050352
4050966
4051190
4052219
4053333
4054204
4054336
4054440
4054479
4057393
4057522
4057977
4063494
4063500
4067065
4069443
4074004
4074368
4075629
4076689
4076723
4078787
4086781
4087012
4087069
4089110
4090046
4092004
4092036
4093232
4093361
4094028
4096630
4097067
4100767
4103256
4105281
4107349
4108992
4109099
4112856
4113135
4113515
4114089
4120633
4124149
4127467
4131764
4131864
4132581
4133980
4134180
4137777
4140092
4149795
4150904
4153165
4153335
4155573
4156630
4156665
4157006
4164637
4167442
4169663
4172482
4172914
4173340
4175065
4175764
4177769
4179771
4180905
4181730
4182434
4186861
4187791
4188410
4190166
4191811
4194482
4195600
4205648
4209160
4210227
4215261
4216734
4218546
4219384
4219534
4219740
4220914
4223969
4225219
4227967
4229434
4230829
4237240
4239034
4242103
4243692
4244349
4244621
4244960
4246644
4248325
4254060
4258606
4260639
4261299
4262171
4269686
4271951
4274261
4275100
4276596
4278052
4280927
4281493
4281904
4282656
4285160
4287396
4292364
4293160
4295875
4298579
4299890
4300170
4301488
4304030
4304955
4305257
4305749
4307179
4308115
4308620
4311774
4312084
4312616
4313554
4314281
4316269
4316378
4319846
4320760
4321410
4322916
4323749
4325930
4326688
4326952
4331782
4332694
4333209
4337658
4338201
4338545
4339800
4341286
4342067
4344196
4344817
4347051
4347961
4352259
4356280
4358188
4359793
4359997
4363963
4366562
4366933
4367782
4369381
4374516
4375327
4375991
4377148
4378106
4382449
4383394
4384697
4385151
4388565
4391909
4392376
4392559
4393967
4394499
4395099
4395767
4401404
4402149
4408018
4411121
4413049
4414425
4415790
4418760
4419762
4420809
4421297
4421742
4424824
4427571
4429062
4430004
4433946
4434146
4439664
4443363
4444424
4446133
4451004
4451866
4453667
4458261
4458609
4460484
4462446
4462466
4466072
4469719
4473138
4473839
4473878
4474582
4475007
4478888
4478962
4479126
4480001
4481722
4482272
4482287
4483099
4484790
4486702
4487355
4490730
4491256
4492614
4494368
4500714
4503405
4507773
4507944
4510511
4511075
4511772
4521708
4521758
4523640
4523890
4526612
4532802
4537713
4541789
4543152
4543540
4543882
4544365
4544810
4548316
4548917
4550565
4550799
4552505
4555325
4555952
4559307
4561636
4562071
4563140
4565365
4565513
4566600
4567688
4571313
4576342
4581208
4582964
4583400
4584178
4587090
4590010
4591271
4594767
4598639
4598730
4603434
4605458
4607870
4614981
4615109
4617031
4618680
4621788
4625467
4628881
4629120
4630795
4631330
4632042
4637473
4637765
4641611
4642096
4644472
4644578
4646241
4646848
4649530
4649697
4651503
4652911
4653314
4654478
4655262
4658142
4660271
4660372
4661808
4663152
4663449
4677470
4679871
4690022
4693621
4698453
4699700
4703062
4705676
4707221
4708895
4709243
4710366
4710670
4713450
4714057
4715176
4717917
4720358
4722074
4724530
4724621
4728919
4731610
4731882
4731884
4732784
4733083
4734482
4734893
4736701
4737472
4740594
4746378
4747580
4749155
4751538
4753327
4754583
4755337
4755902
4763675
4765859
4769980
4772567
4772886
4775273
4775628
4777053
4779003
4780629
4784871
4785914
4791936
4792569
4792649
4793065
4797148
4797736
4799097
4801980
4802975
4805440
4807600
4812745
4812866
4815293
4816906
4818697
4819744
4819923
4820063
4822940
4823421
4823984
4824803
4825163
4828273
4828931
4829198
4829248
4834757
4835668
4841166
4843587
4844088
4851118
4851153
4851934
4853744
4853753
4854220
4854794
4855745
4857045
4857072
4858137
4858966
4859661
4860860
4862119
4864246
4864485
4865950
4866090
4867744
4868574
4868758
4869922
4876839
4877101
4879653
4881690
4885048
4885466
4887093
4889951
4890704
4891427
4891431
4891558
4892736
4895789
4896611
4897107
4897573
4898789
4899697
4901786
4903014
4903239
4904440
4904721
4905201
4905736
4906450
4910146
4916298
4921889
4922449
4923655
4925792
4926096
4926858
4927214
4928426
4929208
4930991
4933618
4935625
4935966
4936095
4936797
4937220
4941591
4943730
4945174
4945966
4946554
4947149
4949517
4949698
4951138
4952236
4953292
4953814
4955210
4955933
4956958
4957360
4958180
4959942
4961177
4961270
4964106
4969233
4969483
4971786
4972612
4975306
4977077
4977244
4978138
4978576
4982673
4983912
4984590
4987075
4989172
4989395
4992139
4995756
4996256
4996902
4999192
5002438
5003050
5003230
5004863
5008756
5010989
5011550
5015669
5016547
5018066
5018867
5019812
5020956
5025126
5027379
5027470
5028028
5028282
5036238
5036274
5036415
5037686
5039853
5042353
5043778
5044848
5044929
5044970
5045383
5048916
5049539
5049781
5050174
5050371
5050423
5050708
5054717
5055724
5057194
5058737
5058792
5059111
5059707
5062329
5067011
5067125
5067748
5068152
5069347
5071170
5072630
5072795
5075865
5077410
5077884
5079603
5082239
5085927
5087005
5087621
5088317
5091047
5091242
5093611
5095627
5099949
5101499
5101643
5104454
5109367
5114629
5114975
5129445
5135046
5135586
5135880
5137277
5140958
5142229
5142390
5147226
5148610
5155046
5155092
5156182
5157767
5158869
5160673
5162958
5163194
5164179
5165127
5165390
5173695
5175542
5178096
5178987
5180631
5181554
5184363
5193754
5197087
5201296
5206096
5209591
5212717
5214215
5215270
5216490
5216650
5218361
5219079
5221433
5222666
5224688
5224816
5226011
5226220
5226790
5227641
5229630
5232480
5237526
5243252
5243436
5243934
5244162
5245833
5247035
5247514
5248310
5251884
5254082
5255762
5265102
5266355
5267696
5271735
5277107
5279718
5280396
5281962
5282884
5284221
5287197
5287556
5290219
5290330
5293105
5295340
5296902
5299358
5300460
5300513
5300594
5302469
5305353
5306245
5308494
5312483
5313006
5313420
5313710
5314270
5316120
5316760
5318618
5318998
5321111
5321232
5321801
5322844
5322966
5328869
5331602
5334951
5338083
5341479
5342209
5343270
5352786
5354499
5354701
5354723
5355721
5358206
5359168
5359682
5361474
5368957
5372731
5375126
5376153
5376508
5381683
5386239
5391113
5391849
5394134
5394160
5396046
5396478
5397258
5397523
5401948
5402026
5409684
5413676
5414641
5416509
5418638
5418859
5418956
5419132
5420622
5422044
5424793
5424867
5432575
5435649
5437320
5438274
5438341
5438593
5439773
5439985
5440041
5442363
5444371
5450829
5451412
5451517
5453612
5454270
5454992
5455009
5457877
5460122
5462307
5465733
5469156
5471530
5472252
5481091
5481386
5485434
5489724
5489728
5489871
5490347
5492008
5493155
5494618
5496525
5496688
5502179
5502314
5505665
5505887
5508877
5511633
5512637
5513342
5516737
5517305
5518091
5519752
5525747
5526134
5530269
5536272
5538027
5540435
5540582
5540764
5544051
5551238
5554539
5555576
5555767
5564890
5567831
5574303
5575001
5579780
5579947
5581122
5585258
5588032
5590056
5590374
5594546
5597973
5600410
5600560
5602633
5604372
5605080
5606274
5610047
5610844
5610978
5612284
5616413
5618490
5622802
5625228
5625737
5626184
5628186
5630139
5634902
5636844
5638194
5644091
5648709
5648765
5648963
5650508
5654459
5655390
5655813
5657200
5658592
5659677
5661398
5662083
5663182
5663241
5664132
5664771
5668095
5668246
5668651
5671865
5674218
5676729
5678320
5680051
5681813
5682167
5687072
5688003
5688609
5689543
5690331
5692857
5694199
5694387
5696470
5696561
5697332
5698043
5698444
5699281
5704280
5705920
5706559
5709034
5709223
5712657
5714118
5714249
5718484
5723051
5725126
5726603
5728345
5729472
5730706
5732133
5733002
5735828
5736356
5736426
5736794
5737517
5738775
5739941
5743195
5744796
5744880
5744950
5746228
5747191
5747501
5749387
5749719
5752201
5753338
5753442
5756405
5757985
5758533
5758916
5759447
5760260
5761258
5761544
5761862
5765053
5767924
5768119
5775453
5776156
5778199
5779187
5780922
5781495
5783249
5785548
5785983
5787270
5795608
5796536
5796743
5797232
5797612
5798155
5798447
5802436
5802628
5802869
5808042
5808275
5809838
5813054
5813433
5814674
5815963
5819253
5819396
5820963
5820969
5827105
5832034
5837609
5840352
5842007
5843847
5846292
5847208
5848241
5850323
5852481
5853664
5854289
5854491
5860813
5861307
5861479
5862487
5863503
5865717
5867362
5868812
5869910
5874240
5874528
5874533
5874743
5876221
5876595
5882128
5884389
5887587
5888524
5889963
5890716
5891206
5891368
5891715
5892294
5895050
5897014
5897587
5900310
5901927
5902513
5903824
5904928
5906459
5908163
5910732
5912980
5921583
5922028
5923091
5923208
5923777
5925900
5927706
5928510
5935464
5936633
5936748
5937112
5940041
5940460
5941008
5946374
5950501
5953260
5954530
5957302
5958367
5964696
5967112
5969760
5971757
5980899
5983284
5983777
5986653
5988714
5992125
5994747
5995202
5996257
5996262
5998826
6001570
6003305
6003585
6003875
6009501
6009911
6010424
6011622
6012933
6019144
6020076
6020157
6020472
6021336
6021957
6022631
6025373
6027725
6029949
6030065
6036879
6038371
6045209
6049357
6050228
6052095
6052420
6053081
6056628
6056866
6057807
6061291
6062012
6062390
6067119
6071910
6072052
6073656
6074965
6075491
6076421
6076927
6077149
6081066
6082063
6082735
6085900
6088375
6091922
6094308
6095673
6098144
6098348
6100271
6102534
6105321
6107849
6112305
6115167
6115742
6117896
6118744
6119314
6122505
6129602
6130246
6139129
6139527
6139927
6144038
6158092
6158952
6165422
6170082
6171940
6173951
6177619
6178650
6181313
6182420
6182936
6183179
6183453
6183981
6185898
6188163
6190068
6192671
6194429
6195503
6204291
6204984
6205850
6206615
6207271
6208031
6209782
6211056
6211113
6212805
6222406
6223421
6224431
6228588
6229795
6233940
6234232
6242708
6243155
6246044
6246736
6247530
6251638
6253024
6254807
6254873
6255655
6256919
6258166
6258585
6259954
6260809
6261152
6262069
6263703
6265311
6270619
6271241
6271889
6274043
6274210
6274723
6274938
6276908
6276961
6277179
6280119
6281042
6291094
6292059
6292548
6292631
6296182
6297670
6303602
6305438
6307113
6307287
6307452
6310946
6311150
6312661
6316827
6317035
6321050
6323858
6323872
6326060
6328362
6328441
6329865
6331055
6332310
6336676
6338951
6339339
6341323
6341803
6342875
6345186
6345888
6347119
6349386
6350514
6350564
6355620
6355993
6357023
6358613
6359618
6361007
6361263
6363185
6363394
6363925
6364130
6366458
6366642
6366658
6366991
6368632
6368705
6370405
6373182
6374012
6374092
6374191
6374321
6379126
6379478
6380701
6381336
6384206
6384815
6384963
6387776
6388117
6389943
6392844
6392987
6396442
6399605
6399925
6402875
6406048
6406613
6407191
6413714
6421318
6430679
6437060
6439962
6440122
6440226
6443133
6445013
6445635
6452705
6452887
6456226
6456953
6459226
6460508
6463481
6464338
6467373
6467798
6469708
6470839
6471082
6474715
6476604
6478880
6479932
6484791
6484896
6488498
6489761
6490685
6491525
6492838
6499489
6502821
6504524
6509014
6514184
6517829
6518919
6523422
6526717
6531334
6535105
6536571
6539762
6540651
6543603
6545847
6552539
6552754
6552772
6554112
6554656
6558504
6561232
6562409
6563321
6563774
6564311
6565736
6567225
6568334
6568362
6572382
6572863
6579457
6579780
6579890
6583333
6583767
6584848
6585518
6587205
6587298
6588665
6588957
6591424
6591920
6592403
6593264
6593875
6594777
6594787
6596041
6601669
6602905
6603649
6603861
6604984
6605954
6609621
6611386
6616166
6619285
6619491
6619967
6620011
6621608
6625682
6631493
6635505
6635550
6635881
6636754
6636767
6639126
6640053
6642540
6647485
6649832
6650147
6652923
6653338
6654236
6654405
6655424
6657936
6658885
6661423
6661584
6662940
6664556
6664842
6665165
6669697
6673762
6675572
6676095
6678044
6679371
6680724
6681165
6684449
6689014
6689306
6690984
6691245
6691621
6692219
6692815
6693814
6694214
6697446
6697817
6702279
6703973
6706446
6714001
6715044
6716191
6720892
6722491
6724435
6726103
6726336
6727446
6727550
6729607
6731466
6739390
6739714
6743526
6745310
6747854
6749415
6749420
6750263
6751867
6752503
6755229
6755397
6756853
6757391
6759929
6761518
6762299
6762742
6762816
6763667
6767426
6768012
6768057
6768265
6768407
6768415
6768532
6772287
6772797
6776453
6777610
6779009
6780421
6783803
6785114
6787147
6787231
6787449
6788017
6788099
6788346
6790439
6792011
6794507
6798795
6801875
6805475
6807129
6807417
6808481
6809260
6810360
6812634
6814867
6814970
6816837
6817261
6817619
6819587
6823306
6825168
6826932
6829417
6837636
6840898
6842165
6843425
6843979
6844013
6844322
6845217
6845448
6845723
6845782
6845948
6847142
6848145
6848422
6849744
6851071
6851983
6853647
6854148
6858015
6860850
6861743
6862372
6865067
6866875
6869702
6870064
6872163
6875749
6876050
6876535
6879276
6880687
6883947
6887445
6887952
6890479
6891087
6891901
6892406
6893098
6893483
6894167
6895431
6895474
6895507
6896506
6898041
6900333
6900381
6901048
6903503
6904050
6907062
6908139
6908783
6916185
6916272
6916505
6916932
6918670
6921169
6922070
6932879
6937399
6937934
6938251
6938307
6941404
6945418
6946362
6946786
6947065
6947976
6948559
6948632
6948711
6948767
6948852
6949457
6951851
6956960
6957861
6961084
6964347
6965394
6966358
6966522
6968179
6970095
6970761
6972093
6973378
6977872
6979026
6981447
6981482
6982817
6984322
6984550
6987404
6987596
6990350
6991371
6993474
6994767
6994814
6998049
6999310
6999843
7001516
7003130
7006138
7006587
7007116
7010242
7011896
7016268
7017296
7017486
7019289
7020146
7020367
7024463
7025208
7028997
7033457
7033905
7034575
7036577
7036986
7037394
7037667
7039125
7040893
7041622
7045547
7046983
7050076
7053107
7054846
7055330
7056817
7057734
7063473
7068211
7069205
7072162
7073264
7075546
7076038
7082730
7084757
7086655
7089680
7091853
7094803
7097954
7098389
7099020
7101831
7102460
7105234
7105296
7108709
7109732
7110333
7120491
7121954
7125249
7125585
7125841
7127738
7129161
7134050
7134840
7135460
7136040
7138266
7138930
7139021
7140107
7141213
7143160
7144245
7146017
7148384
7150835
7152033
7152388
7157743
7164550
7164580
7164667
7165485
7166159
7166330
7172660
7173384
7174027
7174441
7178087
7182261
7183951
7184138
7184950
7186087
7188521
7190462
7199935
7200240
7202240
7203069
7206351
7207491
7207786
7208631
7211203
7213179
7213269
7213668
7215414
7215686
7217149
7219330
7219590
7220654
7222681
7223402
7223756
7224433
7224964
7226748
7226931
7231520
7231812
7232508
7233179
7238521
7241134
7244349
7246291
7246430
7248806
7252129
7253525
7257386
7258007
7258546
7259156
7259250
7260040
7260151
7261692
7267281
7267622
7267686
7268632
7269664
7271841
7271844
7273628
7277371
7282355
7282996
7283161
7286196
7289640
7291487
7294499
7295725
7297099
7297852
7298856
7303297
7303792
7305296
7305751
7306615
7309231
7314682
7319204
7323474
7324053
7324847
7325237
7326283
7327900
7328004
7328558
7334221
7337020
7337135
7337774
7342226
7343224
7344197
7350674
7352229
7364503
7365168
7370199
7376295
7376305
7376697
7378077
7384619
7389008
7389021
7389223
7390028
7393451
7393713
7395079
7396124
7397118
7398633
7398933
7400591
7403496
7405638
7406928
7408740
7410351
7414954
7417129
7418012
7422006
7424652
7429045
7430564
7431656
7432207
7433976
7434507
7435432
7439314
7439428
7439611
7440908
7442405
7445408
7448093
7448135
7450265
7451329
7452504
7452508
7455597
7455994
7459371
7459380
7460571
7462219
7464879
7465380
7465988
7468623
7470142
7473625
7474552
7475599
7476819
7477664
7480614
7480736
7481801
7484050
7484851
7485873
7488423
7490860
7492478
7496317
7497101
7498930
7501497
7502135
7502471
7504709
7507632
7509936
7513343
7515159
7516217
7516528
7518269
7519241
7523198
7523421
7525194
7525269
7525895
7526009
7528966
7531422
7532933
7534409
7536405
7536826
7540989
7543848
7546594
7547983
7548359
7548739
7550405
7550473
7554278
7555025
7555389
7555913
7557748
7558939
7559331
7559452
7562155
7562504
7563218
7564343
7567451
7570952
7574750
7575505
7578777
7580054
7583539
7587612
7587846
7590359
7591980
7593830
7594949
7595367
7599061
7602257
7603909
7604844
7606552
7606635
7609653
7609792
7610674
7612307
7612388
7612859
7617022
7617237
7618985
7619428
7620191
7624904
7628684
7633133
7644563
7645116
7647798
7648417
7650189
7650949
7660377
7660434
7665122
7665600
7666415
7666443
7666513
7669235
7669445
7669564
7671963
7673302
7675982
7678773
7678802
7681526
7684038
7684085
7684151
7684339
7684360
7684600
7690149
7690747
7691830
7692346
7695340
7695745
7698561
7699686
7700185
7701385
7701646
7702260
7703752
7705355
7707184
7708030
7715920
7717221
7719615
7725322
7726965
7732549
7734058
7735940
7736978
7737155
7738306
7740451
7743439
7744828
7747246
7750223
7750311
7756161
7764095
7765654
7767713
7767812
7767951
7771043
7774806
7776152
7776351
7777083
7778768
7783693
7784727
7784956
7785188
7786080
7789587
7789996
7791465
7793552
7796221
7797885
7800678
7800696
7801721
7803020
7806044
7807244
7817537
7818329
7819276
7819705
7820521
7821046
7824360
7824551
7825388
7833839
7836135
7839371
7839997
7841557
7842821
7843939
7844598
7852410
7854824
7857239
7858494
7860349
7863067
7864034
7866357
7867086
7869624
7871032
7872776
7875707
7876709
7876712
7878962
7882405
7883220
7883239
7883606
7883959
7887994
7888066
7889837
7893409
7895689
7899312
7901620
7902517
7902652
7902954
7905845
7906643
7907264
7909645
7910505
7916001
7916541
7925462
7928982
7932165
7932928
7934451
7935712
7938728
7940773
7943981
7944949
7946880
7948842
7950263
7951481
7951896
7953142
7954933
7954981
7956424
7956442
7958447
7961381
7963101
7963620
7966313
7967456
7968456
7968945
7969524
7970785
7970937
7971187
7971687
7972320
7977664
7981401
7981757
7982911
7983019
7983762
7987469
7990842
7991298
7993576
7998710
8000289
8001477
8002664
8005037
8009297
8011186
8014109
8015381
8016398
8016700
8018329
8022666
8024131
8025583
8026982
8032399
8034617
8036457
8036710
8036719
8037068
8041419
8042965
8043004
8044028
8044762
8050116
8051925
8053919
8055330
8056959
8058181
8061037
8063595
8063954
8065189
8065637
8068218
8068758
8071794
8074953
8075386
8077408
8078394
8078786
8080787
8083734
8085547
8087387
8088092
8088442
8089101
8089569
8091336
8094251
8096492
8097232
8102058
8103489
8103570
8108294
8108336
8112574
8113420
8118692
8118878
8123190
8123968
8125169
8127509
8127722
8127863
8128157
8130465
8131329
8131534
8135017
8135468
8135842
8136389
8138347
8139275
8141714
8143461
8145731
8145804
8146234
8148207
8149435
8149481
8151655
8152880
8155516
8155695
8157273
8157925
8158659
8159468
8163780
8167343
8169443
8171171
8175203
8175336
8178045
8179157
8181180
8182021
8184820
8187887
8190369
8190488
8193495
8194906
8197332
8197465
8198439
8199197
8199476
8200585
8200996
8202750
8203655
8211307
8215790
8216557
8216576
8216595
8217205
8218294
8218764
8219209
8219875
8220299
8225544
8227541
8228602
8229212
8231811
8232499
8234178
8236278
8240489
8241531
8243447
8244296
8248312
8249691
8251021
8251326
8251513
8252989
8254033
8254779
8255180
8256237
8258201
8258451
8260407
8260642
8272667
8272729
8274116
8274533
8277520
8279921
8286952
8287007
8287136
8289242
8292772
8297379
8297629
8297763
8303125
8304021
8304288
8307422
8310737
8314286
8314842
8317334
8317835
8319436
8319834
8323574
8323702
8323706
8324305
8326821
8327584
8327953
8331251
8332648
8335593
8337005
8337181
8340460
8342230
8343350
8345398
8346577
8347983
8350260
8350743
8353312
8353881
8354870
8355603
8356671
8358009
8362534
8364035
8364112
8365463
8371872
8371884
8372824
8373263
8375107
8376254
8377488
8377637
8383891
8386729
8388493
8388640
8388976
8391125
8393002
8402086
8402977
8403072
8405183
8406015
8407269
8410531
8411015
8412689
8423772
8423818
8424079
8425670
8428428
8429265
8430912
8433608
8434561
8434643
8438431
8440410
8441525
8444155
8447828
8447931
8448108
8448652
8450353
8452299
8453517
8456366
8456801
8459120
8461782
8463078
8464231
8471542
8474361
8475403
8475916
8480265
8480462
8481438
8483030
8483964
8484298
8486002
8486213
8487465
8493225
8495156
8497991
8498662
8499105
8499641
8500352
8500868
8501261
8501995
8503516
8503745
8504543
8505700
8507239
8507810
8508273
8512129
8512501
8513930
8514667
8515312
8516005
8516983
8520995
8521760
8522065
8526840
8527075
8530753
8532408
8533746
8539159
8540760
8540890
8541896
8543854
8548152
8548744
8550376
8550722
8553428
8554443
8555090
8556347
8557012
8558193
8561355
8564175
8568902
8569429
8569555
8571034
8571106
8571969
8572272
8573854
8575915
8577098
8579621
8585876
8591854
8596756
8598934
8600443
8601112
8603753
8605506
8605772
8612175
8612879
8613503
8617426
8617480
8625004
8626084
8627800
8631231
8631698
8632754
8633624
8634961
8635165
8635938
8638921
8638937
8641470
8644632
8647926
8648146
8648233
8650181
8652573
8654289
8655385
8657588
8662239
8666439
8671306
8675742
8676628
8678429
8679716
8680507
8682432
8682735
8683994
8686197
8687047
8688632
8692332
8693023
8693042
8693097
8693302
8696973
8697661
8701162
8702251
8707029
8710619
8714727
8718825
8720683
8720844
8721507
8722771
8723453
8727745
8729533
8731867
8732872
8733407
8734575
8734580
8738208
8740331
8740752
8742407
8743545
8743842
8747617
8748172
8749631
8750475
8750672
8751639
8758043
8759680
8760824
8763977
8768614
8768901
8769142
8771459
8771932
8774938
8776197
8776655
8779494
8779910
8782745
8784154
8785438
8786807
8787216
8791301
8792728
8793407
8794747
8795320
8796305
8797147
8797673
8798729
8801708
8805591
8811484
8812360
8813115
8814156
8814893
8817169
8818257
8818278
8819067
8819156
8819965
8824541
8824639
8827893
8829256
8829567
8832774
8835341
8836301
8837344
8837486
8838251
8838406
8840775
8840955
8842124
8842818
8847479
8847522
8853320
8854981
8859773
8860056
8865035
8865454
8865652
8869898
8871078
8872317
8875842
8876526
8877522
8877814
8880608
8881429
8886133
8886162
8886284
8887696
8887766
8890795
8890830
8891002
8891063
8892259
8892576
8893447
8893975
8894740
8894788
8895859
8897524
8898166
8900571
8902531
8902746
8902778
8904459
8905955
8906436
8908450
8911852
8912069
8913497
8916146
8916293
8917043
8917130
8918377
8919683
8920338
8920777
8920965
8921873
8922337
8925640
8927113
8927224
8930315
8932721
8933726
8934574
8935622
8939966
8943113
8944682
8949494
8953178
8954264
8956563
8957859
8960943
8961319
8961913
8963272
8965471
8967133
8967341
8971760
8971947
8972707
8976744
8977501
8982747
8984760
8988300
8988825
8989666
8990577
8991082
8991703
8992731
8993054
8994534
8995945
8997320
8997598
8998290
9002662
9003551
9003862
9007684
9010821
9014629
9014928
9016950
9018256
9025959
9029657
9030018
9031527
9032853
9034070
9034371
9035705
9035729
9036958
9047866
9055373
9057282
9057557
9058227
9059193
9062291
9062905
9063429
9065965
9067161
9071513
9079635
9082638
9084807
9085344
9086427
9089121
9089540
9090694
9092338
9092973
9093201
9096289
9099830
9101146
9104239
9106946
9108881
9110262
9114214
9114607
9119486
9119869
9120376
9120908
9128007
9131210
9131979
9134344
9135951
9137911
9139759
9141436
9141810
9146067
9147676
9149953
9150750
9150815
9151126
9153220
9153292
9155503
9156404
9156515
9159034
9164041
9164492
9165395
9168666
9170830
9178964
9180926
9181427
9181837
9185892
9188702
9189920
9189974
9190067
9191242
9192179
9192828
9193310
9194024
9194749
9197222
9197502
9198408
9198475
9200060
9200096
9201483
9202403
9205571
9212879
9219947
9220197
9221013
9221948
9225765
9226661
9226980
9230404
9232540
9232895
9235558
9238042
9238212
9241805
9244070
9245108
9247238
9247981
9248051
9248750
9250403
9250468
9252769
9254122
9257415
9258195
9261161
9261332
9261473
9261957
9262168
9262231
9262918
9263931
9264195
9264967
9268031
9269400
9269515
9269520
9271327
9271719
9271784
9272433
9273356
9274586
9275716
9278001
9281695
9281968
9282023
9289301
9293184
9300523
9303621
9305451
9308044
9308367
9319785
9320251
9321935
9324701
9327096
9328271
9328575
9329574
9336186
9337223
9338638
9344762
9345700
9346647
9348304
9349170
9350794
9350945
9350950
9351254
9359427
9360974
9362319
9367243
9369479
9370451
9374339
9376442
9379045
9381489
9385837
9388132
9389881
9390119
9390751
9394499
9402120
9404633
9408038
9409233
9412478
9414117
9416735
9417700
9417931
9418127
9418878
9420417
9422096
9424145
9425703
9427224
9427312
9427942
9428838
9429217
9429765
9430009
9430673
9434452
9435098
9438050
9443238
9448441
9448984
9452517
9459275
9461653
9461869
9462009
9462014
9462842
9468242
9470512
9470719
9471960
9476074
9478784
9479884
9481673
9483215
9484246
9485261
9485874
9487363
9487825
9488166
9488943
9496198
9498448
9499818
9506980
9507578
9511562
9512533
9514218
9514767
9516609
9517829
9517888
9518318
9523662
9525374
9530538
9531392
9533422
9533580
9534231
9534296
9535076
9536842
9536893
9538682
9541638
9542339
9543543
9544861
9546102
9548830
9551685
9554913
9559042
9559570
9560823
9562001
9563071
9563288
9564104
9565054
9565232
9569418
9569877
9570106
9574220
9578030
9579602
9580082
9582467
9586454
9586944
9587383
9588215
9589005
9592500
9593006
9593424
9594565
9599106
9600397
9601475
9604307
9605466
9606306
9606622
9606651
9610837
9613060
9614757
9615677
9617284
9617994
9620926
9625189
9625592
9627194
9629590
9630224
9630263
9630305
9631350
9631779
9635896
9636109
9638156
9639506
9639562
9639785
9642777
9655026
9655358
9657909
9659067
9659405
9659709
9660678
9661496
9663682
9664879
9668512
9668807
9671954
9673215
9675839
9676130
9677326
9677728
9678790
9679453
9679798
9682298
9687255
9690309
9695527
9696147
9698278
9698907
9699554
9704336
9704369
9704375
9707323
9711679
9712650
9716756
9719160
9721442
9723622
9723990
9725124
9728467
9728605
9731784
9732539
9733844
9734563
9735567
9736268
9740009
9743853
9746401
9748901
9750712
9753050
9755602
9757364
9761303
9762262
9765432
9765707
9766323
9767497
9768547
9768763
9770564
9771783
9774861
9775625
9775993
9777960
9779334
9779459
9782902
9782933
9784040
9797510
9798542
9803459
9805679
9807134
9807722
9810356
9810668
9811003
9814316
9819520
9822321
9822612
9826796
9827289
9828983
9829083
9830275
9831816
9831878
9832958
9833188
9835522
9836893
9837480
9837583
9839679
9839913
9839918
9848126
9850060
9852151
9854234
9856389
9856391
9858049
9864040
9865746
9868198
9869035
9869449
9869841
9871260
9873748
9873832
9876133
9877193
9878727
9878769
9879063
9882406
9882709
9883434
9884636
9885120
9887985
9890665
9891207
9891316
9893622
9895229
9895970
9898102
9903796
9903893
9909080
9909252
9910926
9912171
9912443
9913604
9922524
9922525
9923190
9925851
9926910
9927368
9928284
9929676
9932270
9934609
9935981
9936349
9938168
9938915
9942340
9943100
9944038
9946281
9946884
9947862
9950664
9951878
9956665
9960328
9965398
9965814
9969061
9969703
9971017
9973400
9973636
9978298
9981206
9985531
9988330
9988939
9990191
9996939
9997876
9998327
10000080
10000774
10000948
10001443
10001907
10010211
10014227
10017422
10019880
10019925
10022078
10022681
10027214
10028193
10028369
10030241
10030374
10031339
10035321
10037045
10037237
10039891
10041069
10041843
10042628
10044898
10045075
10047112
10051594
10053023
10053763
10059218
10059722
10061097
10061663
10062883
10064444
10069207
10070343
10070376
10070750
10071294
10074107
10076888
10077465
10077646
10081088
10082952
10084514
10086803
10086869
10089419
10089968
10093086
10093482
10102314
10103654
10105560
10106606
10107234
10111026
10112353
10115660
10116313
10117616
10123722
10124306
10125877
10130445
10135164
10136508
10141159
10142576
10146717
10154484
10154999
10155523
10157050
10160399
10164368
10164437
10164993
10169379
10171315
10174611
10175959
10179444
10187220
10191673
10191680
10194290
10196733
10198355
10202338
10202553
10206862
10208233
10210484
10212661
10213118
10221190
10221629
10222043
10222157
10222455
10222665
10224522
10224743
10226455
10226536
10226578
10227282
10233194
10237278
10237701
10238746
10241478
10241882
10243197
10244173
10248716
10249016
10253102
10258084
10264068
10264724
10267025
10268985
10269195
10269791
10272095
10276447
10280471
10280504
10280787
10289011
10289497
10293789
10295252
10295660
10295902
10301905
10302339
10310416
10311000
10311753
10313435
10315079
10318544
10325320
10325386
10325387
10326233
10326442
10328808
10330366
10333900
10339015
10341778
10346220
10346348
10346854
10347121
10347411
10349313
10350065
10354982
10355761
10356940
10357964
10358408
10360399
10361311
10361785
10369379
10376475
10377638
10379446
10379491
10380328
10380741
10381747
10383618
10384430
10388420
10389637
10392832
10392982
10394677
10395009
10396218
10402988
10403322
10404759
10408141
10409073
10411979
10414337
10415939
10415998
10418597
10419400
10423423
10423785
10424286
10426338
10427097
10427241
10427543
10430770
10431152
10431981
10434705
10435203
10438260
10439840
10439977
10439996
10443021
10443795
10444969
10447468
10448856
10452237
10452923
10456822
10458930
10460145
10464180
10465421
10466366
10467262
10467946
10470700
10471034
10471240
10471867
10474402
10474594
10475742
10476237
10479519
10479890
10480723
10482654
10484221
10489595
10490623
10491742
10493022
10499134
10500279
10504228
10508416
10510017
10510207
10511422
10511759
10512583
10513714
10514199
10515380
10516509
10519560
10524617
10526091
10527114
10531495
10532188
10538480
10540387
10545520
10545810
10545924
10547879
10550583
10551889
10552443
10557546
10558783
10559879
10559957
10562185
10564344
10565224
10565365
10567918
10568186
10570915
10574200
10577000
10578466
10579888
10580492
10581382
10584357
10587132
10587253
10588072
10588219
10588648
10591716
10591857
10592693
10593219
10593550
10596947
10598857
10600234
10600678
10601670
10601844
10601976
10605523
10606313
10609118
10611630
10612624
10613732
10617301
10618019
10619886
10622653
10624449
10625340
10627104
10629547
10634906
10635059
10635126
10635761
10637160
10638225
10638558
10643191
10643859
10646969
10647803
10654100
10658686
10660610
10661058
10668184
10668356
10669271
10669765
10670360
10671279
10674084
10674639
10675621
10677709
10678156
10678900
10684260
10684895
10685852
10686877
10687405
10688549
10688767
10690633
10691898
10693473
10693949
10694233
10697803
10698305
10698623
10698843
10699315
10699421
10700718
10703024
10703320
10704887
10706693
10707706
10708449
10708884
10709070
10710746
10714434
10714906
10715297
10717655
10722990
10724032
10725687
10725882
10727055
10728375
10731477
10732506
10734194
10740017
10740826
10747154
10747481
10747971
10749400
10750591
10753460
10753670
10753719
10755993
10757321
10759472
10759757
10761114
10761959
10763391
10763639
10765963
10768393
10772458
10773732
10775357
10779780
10781697
10790710
10792621
10793075
10794469
10794798
10796057
10797007
10797724
10798801
10800009
10801307
10807056
10808773
10810455
10811127
10813929
10817214
10820744
10822158
10822254
10825703
10826006
10826532
10828284
10832870
10832893
10837853
10839091
10839480
10841769
10842667
10842734
10846688
10847780
10847985
10849269
10850381
10852384
10852854
10854275
10854897
10855729
10857122
10859087
10860724
10861874
10862131
10864605
10864666
10866015
10875334
10877334
10878649
10880675
10883673
10885839
10886233
10887467
10887655
10899076
10900927
10902352
10904958
10906655
10907327
10908618
10915174
10915418
10917511
10917905
10920201
10921229
10926572
10931218
10932495
10933626
10935030
10936902
10937125
10937263
10938074
10938597
10941581
10942505
10942973
10944579
10948739
10950880
10953619
10953800
10957499
10958510
10959053
10961685
10962217
10962415
10962444
10963918
10964977
10966134
10968528
10969195
10976471
10978008
10978513
10978638
10981044
10981729
10987849
10988022
10988417
10988676
10993081
10993994
10996126
10996326
10996987
11000291
11001599
11006281
11006967
11009982
11015529
11019200
11020205
11020296
11021980
11022766
11026536
11027059
11034930
11037569
11038269
11040870
11041398
11047671
11048720
11050919
11051215
11052409
11053883
11056673
11058432
11060083
11062527
11062574
11062897
11062949
11063519
11063715
11065247
11065793
11066509
11067650
11069285
11069368
11070104
11070586
11073348
11073820
11075458
11075766
11078205
11078466
11081633
11084489
11089432
11090051
11091347
11093505
11095250
11096108
11096785
11097777
11098741
11099568
11099680
11099923
11101815
11102071
11102395
11103541
11105261
11106187
11106732
11106861
11107188
11109518
11109532
11112636
11113882
11114887
11115941
11116148
11117692
11118122
11120895
11122187
11127330
11127573
11130642
11133606
11134913
11137590
11137643
11138802
11142621
11147423
11147525
11147617
11149822
11149951
11152335
11152696
11156611
11156718
11157329
11158294
11158650
11161028
11161379
11167397
11167485
11170662
11171834
11172191
11180012
11182308
11182310
11182669
11184838
11185954
11191758
11194540
11196405
11199033
11200406
11202721
11203983
11206324
11210200
11210802
11211522
11216695
11218155
11219918
11223306
11223481
11224121
11225000
11226321
11226980
11229952
11231966
11235382
11237014
11239072
11240876
11241852
11241944
11244442
11245747
11251809
11258367
11260821
11261565
11262975
11263450
11269391
11271590
11278156
11280324
11281161
11282352
11284059
11284230
11290142
11291909
11293550
11295642
11297718
11298599
11299084
11302325
11304399
11307089
11307377
11309790
11310493
11316710
11317072
11318966
11319339
11321270
11322296
11324542
11326318
11329432
11329689
11332488
11332515
11333822
11333826
11336202
11337055
11340686
11345809
11346340
11353250
11356977
11361203
11364335
11367606
11369180
11371650
11372469
11373785
11375432
11375867
11376381
11379679
11381050
11382092
11383110
11383271
11385833
11388809
11389058
11389474
11391817
11392614
11392898
11395511
11398313
11399506
11404510
11405467
11405673
11407132
11408109
11409776
11409962
11411946
11413359
11413888
11424083
11426847
11427183
11427824
11429700
11431149
11434149
11434342
11435113
11435158
11435985
11439970
11441705
11443917
11444547
11448769
11449730
11451116
11458782
11459117
11461267
11462269
11465881
11466001
11473010
11480906
11481096
11482079
11486765
11487640
11490180
11492165
11492461
11493279
11493771
11493889
11494974
11496583
11497986
11500526
11500609
11503913
11504969
11510140
11512065
11513526
11514083
11514233
11516067
11516682
11516946
11517748
11517971
11519614
11522053
11523373
11523870
11524301
11525467
11526066
11526337
11527974
11535920
11538316
11540560
11541219
11543188
11544434
11544740
11545207
11548210
11548454
11549822
11550228
11551445
11554380
11556027
11558944
11559176
11560903
11562494
11562599
11563796
11564767
11566135
11566511
11567845
11570315
11572358
11574713
11576151
11577767
11580273
11582207
11584094
11585344
11587251
11588148
11588717
11594340
11595046
11596604
11598886
11599046
11603640
11608174
11610416
11612016
11617580
11619276
11622845
11623034
11623621
11625401
11626839
11626986
11627082
11627883
11630076
11630435
11632084
11632121
11633833
11634362
11634433
11639417
11639501
11641997
11644102
11647067
11647688
11651363
11651604
11652564
11656688
11658261
11662286
11663444
11665067
11666929
11667080
11667616
11668592
11669554
11669808
11670306
11670681
11672086
11676056
11678648
11682540
11682817
11685092
11685309
11686457
11688728
11689631
11689995
11692531
11694035
11695254
11696700
11701097
11701278
11701435
11707184
11709475
11710021
11714368
11716711
11721999
11722615
11722648
11722672
11723503
11727158
11727520
11736124
11737179
11737448
11737790
11738588
11740899
11742321
11743788
11743794
11744677
11746386
11746742
11748251
11749786
11750904
11752722
11753084
11753790
11754239
11755859
11755877
11760158
11760897
11764227
11767400
11774923
11784173
11788970
11791004
11792349
11793930
11796070
11796659
11799665
11800503
11800517
11802096
11802962
11803174
11810621
11810872
11813105
11815772
11815898
11817419
11821878
11822001
11823940
11825745
11825930
11829990
11830391
11830716
11833676
11834555
11836902
11838806
11839724
11839787
11840789
11842158
11842561
11843807
11849374
11850201
11853104
11855368
11855957
11858791
11859087
11860768
11863595
11863814
11867785
11868098
11872500
11872915
11875645
11876010
11878313
11879184
11879667
11879730
11881507
11882867
11883295
11886307
11887268
11887457
11887512
11887923
11888651
11890169
11892814
11897754
11898304
11900264
11902659
11903336
11904788
11909653
11912888
11914041
11916751
11917542
11918428
11920616
11924575
11924704
11926709
11926805
11927580
11928539
11928783
11930178
11931778
11932891
11935724
11935914
11940049
11945834
11954217
11954756
11955571
11957358
11960810
11962354
11964871
11976171
11976812
11977549
11984388
11984993
11985876
11985916
11987073
11988829
11991804
11993174
11994414
11995395
11998031
11999538
12002511
12006641
12008636
12009054
12009441
12011683
12016080
12017061
12017897
12019483
12023954
12026648
12028912
12030403
12035885
12036341
12037118
12039305
12040148
12040710
12040986
12042262
12042893
12044237
12045577
12045751
12049715
12049885
12050295
12050821
12052833
12054432
12055756
12060180
12060350
12062696
12064513
12064965
12065216
12065800
12071727
12072536
12077075
12077744
12079343
12079981
12079988
12080232
12080380
12081082
12081921
12083201
12084253
12088414
12090166
12094746
12100155
12101071
12105128
12105178
12107370
12108117
12110569
12111243
12115346
12116510
12117119
12119001
12124331
12125592
12128726
12130372
12131709
12133610
12134403
12143009
12143093
12147695
12148623
12148955
12153330
12155195
12155688
12156608
12158720
12158995
12164972
12165581
12166656
12168317
12169553
12169610
12170175
12170976
12172308
12175703
12177042
12177924
12178473
12181188
12182321
12184402
12185228
12185445
12190542
12190546
12192106
12195783
12200513
12202000
12211338
12212146
12212344
12214153
12215180
12215522
12216300
12217171
12218126
12221174
12224919
12225108
12227649
12232004
12233454
12234786
12236111
12236715
12238025
12240613
12240882
12244761
12250041
12255001
12255313
12258994
12259423
12263109
12266256
12267541
12272622
12272984
12273882
12275958
12279209
12279256
12282293
12282437
12286373
12298571
12298777
12302239
12304268
12305292
12310268
12314095
12315872
12319450
12322566
12322594
12322922
12330279
12334083
12334650
12335318
12335456
12336719
12337260
12339416
12339829
12341443
12341693
12342546
12343486
12343671
12345443
12345794
12347582
12358193
12359077
12359212
12360081
12365285
12368765
12370897
12371960
12372357
12372703
12374447
12378450
12379369
12379718
12382420
12384795
12384944
12385090
12386076
12386329
12387436
12390414
12395397
12397546
12397620
12398285
12399546
12399855
12401671
12403499
12404985
12409332
12409489
12414055
12414590
12416314
12417537
12421726
12422098
12422931
12424992
12429936
12435870
12438694
12440707
12440732
12441070
12442749
12443033
12444774
12445510
12447138
12449362
12450621
12451276
12452428
12452974
12457640
12457751
12461721
12462764
12466753
12467410
12468929
12469146
12470603
12470920
12471352
12471792
12479704
12480238
12481757
12482719
12485172
12486310
12488017
12488493
12489688
12490411
12493094
12495650
12495731
12497782
12498082
12498970
12501666
12505143
12507035
12511486
12513660
12514077
12514267
12514856
12522790
12522962
12523677
12524363
12524722
12525576
12526338
12528287
12528294
12531984
12533571
12534662
12537016
12537403
12537517
12542088
12543222
12543613
12546351
12547029
12552131
12554266
12555312
12555452
12555599
12557080
12559746
12560689
12561240
12561776
12566156
12566240
12567501
12567827
12568060
12568682
12574697
12574770
12577532
12578056
12580471
12581821
12581919
12582777
12589453
12590009
12591378
12594310
12597970
12598464
12598631
12599750
12600037
12602729
12604677
12608877
12612296
12615659
12616304
12617603
12619481
12619691
12620368
12621198
12625990
12626949
12630324
12631284
12635133
12636108
12639932
12642163
12642381
12649465
12651139
12653988
12659052
12660757
12663085
12664725
12666710
12666890
12668092
12668222
12672168
12672217
12674126
12674752
12676838
12677520
12678031
12684304
12685223
12685348
12685987
12686210
12689742
12695060
12696015
12697169
12697495
12697995
12698343
12699877
12706779
12706881
12712377
12712481
12713260
12717968
12718928
12719056
12721437
12723406
12724462
12726003
12726293
12727633
12730296
12732466
12732641
12734723
12734988
12736491
12739406
12742649
12746306
12748916
12749406
12749681
12751970
12754041
12754583
12756060
12758567
12761132
12761194
12765416
12766531
12767614
12767618
12767694
12768000
12772676
12773897
12779349
12779499
12783342
12784617
12784874
12785310
12785633
12790222
12790887
12792312
12793265
12793350
12794505
12795403
12797321
12798739
12799378
12799512
12801755
12802262
12803101
12804348
12807204
12808183
12811542
12814952
12815308
12817325
12821244
12821811
12824056
12824065
12826137
12831709
12833863
12834977
12835353
12835471
12835674
12837508
12837942
12838120
12838923
12839459
12841581
12842369
12843647
12844333
12845917
12846846
12847179
12849325
12851401
12853537
12854811
12855351
12858605
12859145
12859459
12863657
12865955
12870017
12870686
12871525
12877003
12879767
12879977
12881550
12885221
12887303
12889082
12890926
12890989
12891362
12892412
12892692
12893576
12894672
12895061
12897422
12900464
12900988
12903431
12905011
12906278
12910521
12910795
12912088
12914185
12914876
12916185
12916222
12916996
12917698
12919171
12920248
12925425
12925873
12931616
12934397
12936339
12936416
12936623
12937379
12937547
12938314
12939027
12939416
12939916
12940375
12941617
12943801
12946294
12947596
12950657
12953290
12954633
12955179
12955823
12963485
12964333
12965989
12970010
12974454
12974970
12976144
12977985
12979723
12985330
12985860
12990943
12997028
12998136
12998714
12999392
13000154
13002961
13004081
13004789
13006983
13013599
13014557
13015087
13018960
13019017
13020360
13026962
13027875
13029627
13032249
13032741
13034512
13037040
13046328
13047099
13049452
13054395
13061322
13063439
13063472
13068463
13069244
13073812
13074297
13075022
13076415
13081468
13084432
13085101
13087865
13092165
13103163
13108128
13109018
13109407
13111048
13111321
13112344
13113106
13115312
13115900
13120721
13120914
13121362
13124901
13128375
13130253
13132199
13134568
13135402
13139613
13141708
13142649
13143160
13145744
13146910
13148937
13152871
13156979
13157012
13157998
13158467
13158672
13160760
13162743
13169207
13172559
13172879
13173247
13175111
13175224
13176844
13189331
13193964
13194472
13195865
13198529
13201406
13204107
13205732
13205921
13211859
13219252
13221143
13222256
13225408
13226857
13231053
13231210
13231486
13233423
13234038
13238454
13240686
13246062
13247803
13247904
13248724
13250546
13257814
13260848
13263534
13266249
13267381
13270309
13270703
13270715
13271634
13278989
13279055
13279296
13281025
13282788
13283548
13286488
13289631
13291342
13297992
13298431
13299010
13304425
13307664
13308423
13314334
13318179
13319060
13320760
13321141
13322472
13323336
13324057
13326258
13328716
13329891
13331929
13333471
13334260
13334343
13334895
13338952
13339703
13340015
13340118
13341695
13342921
13346839
13346847
13348177
13348788
13350657
13351795
13355677
13357523
13358477
13359728
13359772
13359811
13361347
13362145
13368927
13370183
13370295
13370736
13371950
13373022
13381601
13383845
13387216
13387570
13388618
13391376
13392272
13393407
13396195
13396710
13398500
13400035
13401454
13402299
13402522
13404447
13405134
13409514
13411788
13413954
13418160
13418368
13420418
13420689
13420936
13421467
13421816
13423340
13425093
13425529
13428562
13428657
13428661
13435368
13435576
13440486
13440802
13444667
13445530
13448397
13450649
13453521
13454061
13456592
13456910
13459859
13460745
13462048
13464278
13464311
13469369
13469490
13471290
13472225
13473960
13474644
13478830
13478834
13478892
13480963
13483991
13484461
13489730
13489974
13490327
13490921
13491485
13493452
13494796
13496976
13500782
13501329
13503782
13503794
13510350
13513623
13513857
13515078
13515821
13517917
13523883
13528868
13529293
13529874
13530710
13532417
13534960
13537613
13540638
13546724
13546987
13547428
13549161
13551754
13553899
13554065
13556899
13558498
13558919
13559747
13560698
13561686
13562895
13563357
13563849
13569357
13570617
13572380
13580278
13580609
13581353
13581632
13583435
13586471
13587706
13587802
13593038
13593909
13595877
13597651
13600446
13604160
13604344
13607411
13609486
13609632
13610740
13619544
13620960
13623034
13623067
13624876
13624899
13627694
13627755
13627944
13628038
13632773
13634367
13634433
13638559
13641523
13646642
13647732
13649264
13649591
13651081
13652847
13655008
13655796
13656474
13665250
13669446
13669698
13670012
13670394
13671747
13672689
13672711
13675610
13678083
13678586
13680463
13680967
13683740
13685803
13686853
13688124
13688208
13688360
13688947
13689239
13689569
13691325
13692144
13693194
13693425
13693927
13697560
13700035
13701968
13702743
13705814
13706212
13707195
13712036
13712231
13712958
13713421
13713639
13716317
13721323
13722107
13724208
13728855
13729568
13731541
13731959
13732374
13732835
13734496
13736502
13736728
13736962
13737402
13738097
13738343
13740066
13740347
13740550
13743235
13745365
13745929
13751370
13753854
13754454
13756132
13756517
13756726
13757893
13764580
13766265
13766726
13768355
13772989
13774406
13774983
13777048
13778838
13779267
13784315
13784480
13784656
13792000
13794458
13798147
13798486
13799961
13801175
13801659
13802254
13807721
13808182
13808262
13809700
13810982
13814446
13814779
13815662
13817759
13817760
13818974
13819579
13820027
13820132
13822813
13822858
13824322
13826469
13827336
13829789
13834013
13841238
13843390
13844311
13844642
13845256
13848306
13848362
13849411
13851310
13852607
13853022
13857613
13861062
13861903
13863286
13863457
13865172
13866671
13869833
13871434
13876428
13877887
13881556
13889903
13893042
13893053
13897017
13898681
13898744
13899007
13900226
13900353
13900785
13907467
13907516
13907566
13908277
13909957
13911226
13914683
13914948
13915271
13915588
13916953
13918939
13922760
13925539
13929655
13931894
13932535
13932606
13935742
13937709
13940369
13943587
13944183
13944213
13952685
13953759
13957971
13959248
13959592
13961223
13963804
13963923
13967364
13967377
13968253
13970351
13971975
13976337
13977082
13983822
13986246
13989296
13989878
13990132
13990263
13993553
13994196
13996327
14000139
14001461
14002211
14003169
14004933
14006834
14007463
14009879
14015788
14016240
14018672
14019269
14023237
14024487
14025609
14029069
14029070
14029132
14031744
14032952
14033028
14033103
14033636
14033674
14034688
14039889
14040793
14041063
14043336
14045126
14045677
14046910
14047689
14049221
14052790
14052968
14054621
14060165
14063448
14065333
14066371
14066770
14070565
14072526
14074865
14074909
14075346
14075703
14081618
14082587
14084128
14091425
14094118
14094880
14098019
14106550
14107668
14109063
14113472
14115589
14120389
14121569
14125323
14128302
14131538
14131769
14132356
14134699
14136928
14142361
14145657
14148466
14149018
14153265
14156580
14156815
14158416
14159245
14160302
14160471
14162508
14163553
14165808
14169777
14172925
14173744
14174304
14174531
14175138
14178069
14179013
14179547
14180194
14181529
14182781
14182783
14187611
14187754
14188992
14189441
14190449
14190620
14192869
14198955
14201763
14201789
14204815
14206285
14207211
14208753
14211693
14213254
14213272
14214998
14218879
14218972
14220741
14221415
14227688
14227695
14233120
14234905
14236231
14237131
14239082
14245543
14246394
14246821
14248111
14253288
14255749
14258323
14259059
14259081
14259688
14259841
14273495
14273518
14277061
14278014
14279480
14283855
14284660
14287202
14287379
14287381
14288827
14290776
14295071
14296827
14297024
14298601
14298646
14301070
14303098
14309214
14312895
14319199
14322824
14323007
14323389
14323625
14325357
14325392
14325460
14326936
14328722
14337167
14339614
14340725
14341234
14343683
14346583
14349423
14349540
14352064
14354069
14355702
14358861
14361096
14361591
14361742
14363189
14366950
14369134
14369641
14374612
14374892
14374941
14375183
14377457
14382305
14382970
14385155
14391041
14391764
14393376
14394239
14395123
14395407
14399269
14399825
14401429
14402169
14404034
14406856
14407757
14410154
14412569
14413415
14413679
14415075
14416267
14417185
14419391
14425807
14426705
14429660
14431497
14433980
14435408
14437434
14438259
14442348
14442643
14443502
14444853
14446027
14447417
14451110
14451169
14455188
14455970
14456518
14456895
14460087
14467958
14469239
14470222
14471135
14472705
14478615
14481591
14482198
14482768
14483792
14484746
14486215
14488411
14488575
14492058
14496606
14501225
14502449
14502732
14505132
14505390
14506669
14509285
14510236
14512978
14514141
14514711
14515731
14517233
14517549
14519409
14521305
14523747
14526498
14529087
14529576
14531711
14536816
14538232
14539623
14541404
14543929
14544165
14544380
14548124
14552407
14552693
14553545
14556591
14557002
14558917
14559706
14560167
14562123
14563584
14571049
14572569
14572949
14573538
14579759
14585268
14585279
14586094
14586722
14587151
14590861
14591667
14593064
14594511
14596105
14598901
14602500
14603436
14605265
14605736
14606725
14610034
14613371
14613499
14615197
14615899
14617359
14617888
14618712
14618719
14618735
14619638
14619907
14621394
14622035
14625554
14627181
14632422
14635592
14635748
14637895
14638370
14638829
14640593
14647627
14650033
14651543
14654269
14654834
14655876
14656733
14657004
14658623
14658797
14659314
14659519
14661749
14665132
14665880
14669220
14669370
14669762
14671847
14672509
14675957
14681405
14682143
14685056
14689399
14690511
14691018
14693350
14693382
14694528
14696628
14698115
14698235
14701554
14702712
14702938
14703255
14706352
14707040
14707172
14708672
14710588
14712922
14714073
14714698
14716150
14716742
14718460
14718881
14719509
14719565
14721684
14726744
14727522
14729596
14731759
14733151
14734824
14735374
14736023
14736633
14741721
14742159
14747295
14747618
14752246
14755231
14757687
14763986
14765390
14766428
14767003
14778046
14780097
14786414
14788252
14789746
14791743
14793745
14797522
14802215
14802989
14804165
14804981
14807369
14807544
14815660
14816428
14818492
14819023
14820249
14820854
14821824
14823040
14823732
14825777
14828218
14828649
14828959
14830259
14830314
14830819
14834557
14835220
14835803
14843065
14845118
14847420
14848407
14850036
14850245
14852122
14853189
14856547
14858900
14859283
14860344
14862338
14863383
14864478
14864585
14866349
14866932
14869319
14871675
14872079
14872990
14875440
14875845
14877696
14879968
14881112
14885671
14886434
14886896
14887746
14888209
14889375
14889559
14890705
14890902
14891334
14893058
14893969
14899339
14900616
14901134
14901614
14910344
14911121
14912379
14912922
14920870
14921453
14923261
14923924
14927621
14927848
14932247
14933578
14933613
14933633
14937179
14939744
14939905
14940263
14942873
14943306
14943423
14946946
14947079
14948939
14950059
14950167
14954178
14957547
14958517
14958814
14959472
14961712
14963811
14965824
14966850
14973455
14974331
14979371
14982314
14982353
14983386
14985079
14987486
14988360
14988451
14989987
14993526
14995166
14996035
14996986
14997565
14999477
15000626
15000784
15001155
15003903
15004666
15005275
15005553
15008486
15009433
15012807
15014319
15017398
15019471
15020561
15022247
15023010
15023988
15030107
15031847
15033945
15037620
15037944
15038836
15041346
15041963
15044416
15044522
15045966
15046081
15047482
15050740
15056240
15058693
15059024
15060085
15060156
15060452
15061355
15062209
15066895
15067693
15069733
15072364
15072667
15074147
15076857
15078869
15090522
15095873
15096849
15097495
15097780
15098892
15102089
15102269
15104342
15104645
15107543
15113409
15113413
15113868
15114748
15121290
15122532
15124797
15127685
15131447
15132658
15134711
15135656
15138637
15140281
15140321
15144959
15151802
15153193
15155116
15159594
15162908
15163354
15163499
15164836
15164953
15166383
15168983
15169787
15170107
15173242
15176771
15177636
15181303
15184153
15185323
15190235
15193267
15199701
15200616
15203751
15207199
15209121
15209564
15214362
15222161
15224698
15225570
15230483
15237287
15237346
15239346
15239830
15242224
15242460
15245356
15245536
15246278
15246984
15247031
15249519
15250587
15253044
15254618
15258498
15258651
15261885
15262925
15263553
15263965
15264237
15264898
15267122
15267319
15267607
15273057
15273148
15273243
15274492
15278066
15278392
15279148
15280835
15281799
15285011
15286598
15289820
15292033
15294676
15297468
15298091
15298537
15302853
15304025
15305111
15313374
15313394
15314250
15315763
15320192
15322033
15323711
15326177
15330105
15331032
15332286
15333412
15334473
15337296
15338581
15342321
15343159
15344843
15346280
15349546
15351020
15354207
15357772
15358217
15359769
15359834
15360967
15363319
15364950
15366115
15367524
15369867
15371130
15374953
15379016
15381411
15383525
15385772
15386250
15386430
15388925
15390309
15393677
15397343
15397988
15398589
15407933
15411775
15415261
15416796
15418667
15420149
15421771
15422386
15424573
15424702
15426909
15428620
15430633
15432753
15433285
15437431
15438871
15439768
15441513
15441627
15443402
15446405
15449049
15450862
15453295
15454011
15456330
15457774
15459988
15461651
15464233
15466160
15466486
15477935
15492279
15494723
15495458
15495590
15495605
15498324
15499865
15502147
15503723
15504991
15506244
15507302
15514338
15516036
15517713
15518228
15519723
15521017
15529389
15530433
15535680
15535862
15538870
15542809
15543017
15543601
15544436
15544829
15545108
15545913
15548290
15552289
15552393
15554381
15555160
15562073
15565024
15565851
15565915
15567921
15571358
15572891
15575214
15577042
15577994
15578176
15581863
15582245
15583369
15592384
15594903
15598406
15599031
15599939
15601529
15602448
15602833
15605921
15608169
15608713
15611496
15613007
15613490
15614311
15614312
15616509
15617726
15623352
15623436
15625072
15625392
15626819
15630326
15632387
15632630
15633101
15635797
15636065
15636741
15638943
15642282
15644227
15646084
15646225
15647752
15648300
15649560
15649896
15655880
15663333
15663734
15665670
15665998
15666628
15669563
15669728
15670314
15676220
15678214
15682113
15682834
15685147
15685421
15688893
15689095
15689624
15692466
15696948
15699354
15701064
15702999
15706643
15707040
15708937
15709110
15711489
15712959
15713113
15714279
15714886
15715444
15722297
15722422
15723531
15728305
15730937
15730960
15731849
15733871
15734436
15735789
15735911
15740757
15741170
15747330
15748031
15748204
15750069
15751173
15751372
15752346
15752770
15756710
15757225
15757881
15758863
15759944
15762695
15767939
15768454
15768867
15770177
15770929
15771899
15774180
15777489
15781416
15781764
15781898
15782480
15783130
15785367
15788492
15790378
15790966
15790991
15795899
15796965
15797394
15800096
15800140
15800470
15803611
15803980
15804426
15804531
15808809
15810509
15813953
15814261
15818344
15820922
15823016
15829138
15829771
15830001
15831303
15831727
15835896
15836175
15841975
15844714
15844721
15844862
15847943
15848180
15848936
15855050
15860598
15860613
15861658
15861942
15861958
15862953
15863149
15863303
15863460
15864976
15865378
15866369
15870289
15871389
15872364
15873057
15873862
15875095
15875477
15876376
15877719
15877969
15880074
15880094
15880797
15883608
15888499
15890839
15892031
15893180
15895956
15896319
15896482
15896832
15897715
15897886
15898613
15900777
15901927
15904402
15907460
15912064
15913283
15915918
15916880
15918408
15920422
15923774
15924398
15926999
15927117
15929688
15930654
15931099
15931506
15932123
15934180
15934791
15936249
15937412
15937863
15941241
15941613
15941874
15946194
15946929
15950241
15950338
15950854
15954006
15958224
15958645
15959116
15962106
15963594
15963881
15965061
15968273
15970875
15972683
15972923
15974677
15974952
15977397
15978024
15980149
15981492
15984134
15987564
15989977
15991505
15994156
15996197
15999788
16002741
16004434
16004722
16009765
16010583
16012927
16013507
16013520
16013613
16017345
16018079
16019262
16020014
16020412
16021521
16028761
16028863
16030279
16031482
16032794
16036031
16037893
16038995
16039406
16042217
16044452
16044573
16044985
16046732
16051038
16052030
16052644
16054409
16055383
16056376
16056391
16058196
16067376
16070129
16070191
16071236
16073924
16075628
16079232
16085634
16089286
16094228
16096256
16097621
16101910
16107863
16115187
16117154
16117420
16119326
16120393
16122026
16122112
16124206
16129425
16130863
16138679
16138798
16139087
16141417
16143008
16143776
16144259
16147522
16149735
16152816
16155206
16158459
16164877
16168389
16168601
16170116
16170375
16170921
16171051
16173259
16175083
16175632
16177717
16179775
16182215
16187310
16188874
16189068
16191646
16193838
16194788
16195598
16196967
16197424
16202006
16202948
16210654
16211942
16212575
16214370
16217780
16217829
16218839
16220551
16225703
16225961
16227293
16228052
16231534
16237826
16238234
16240453
16240501
16241731
16242387
16244467
16245481
16247180
16247700
16247903
16249503
16249795
16250492
16250968
16251015
16251135
16251216
16254580
16254676
16254740
16255897
16256065
16256711
16257044
16262478
16263276
16263747
16263898
16265471
16267335
16269389
16272908
16274968
16275941
16276959
16277406
16277726
16278062
16278378
16279555
16280624
16283880
16285120
16291713
16292440
16293324
16293811
16294330
16295204
16295331
16301157
16303129
16305256
16306630
16307144
16309926
16312197
16313056
16314025
16317158
16320670
16321655
16323016
16326677
16327412
16328608
16334878
16336175
16337367
16338270
16341364
16344182
16347816
16348661
16350809
16351405
16352221
16352977
16353224
16356403
16357998
16361236
16361693
16362176
16363702
16365877
16366913
16373197
16375789
16378047
16383077
16385354
16387128
16389090
16394036
16395933
16401495
16402974
16403193
16407139
16407604
16407846
16408618
16410607
16411454
16411805
16415893
16416859
16419397
16419850
16425055
16427100
16427215
16427728
16430555
16433480
16435191
16435615
16436109
16442820
16446180
16446494
16446548
16447743
16448635
16451119
16451480
16454928
16455415
16456965
16459490
16459828
16462305
16464508
16465899
16469645
16472807
16474595
16476022
16477747
16482796
16485861
16486486
16487339
16491238
16494030
16495831
16497084
16500960
16501969
16502361
16505717
16510410
16511340
16511484
16515870
16517221
16519647
16519800
16521459
16522128
16522407
16523390
16523517
16530939
16531995
16532308
16534030
16535517
16537955
16538035
16541221
16542778
16543761
16545805
16553803
16555353
16555543
16562109
16562784
16564570
16564924
16568804
16570151
16570496
16572107
16574410
16574580
16575280
16575690
16576369
16576932
16577662
16580216
16582291
16584762
16584987
16585259
16586411
16588945
16589022
16589859
16592158
16592496
16593366
16594644
16600737
16600816
16602814
16602855
16603258
16604543
16607275
16611307
16613009
16614383
16614574
16615605
16615743
16617369
16618934
16622245
16625829
16625904
16634618
16634745
16635406
16638904
16639277
16640084
16642729
16642994
16651418
16652287
16652363
16653758
16654023
16654900
16655078
16656097
16657335
16658037
16660557
16660896
16662637
16662832
16663009
16666160
16666983
16669285
16673731
16676013
16677212
16685484
16686116
16686684
16692582
16693206
16693280
16696333
16696796
16698534
16701536
16707982
16709087
16712473
16712680
16715037
16724669
16730821
16738677
16740080
16740391
16742151
16747693
16748113
16749682
16753277
16755885
16756144
16758185
16758949
16760890
16761306
16761794
16762097
16762301
16763983
16766792
16770600
16772969
16773949
16774069
16775447
16778708
16782016
16782025
16782965
16788718
16790578
16796833
16799503
16800728
16802330
16802483
16802613
16803311
16803692
16807354
16807572
16807730
16812558
16813477
16816426
16819356
16825866
16830981
16833428
16833895
16834459
16838826
16840708
16845132
16850003
16855313
16856890
16856934
16857930
16858799
16859143
16864281
16866128
16866585
16867715
16870644
16871060
16874725
16876037
16881604
16881863
16881902
16885925
16887466
16888048
16889727
16892990
16893664
16897279
16900749
16900785
16902081
16902563
16903282
16906541
16907083
16909415
16909499
16911889
16912253
16913082
16920647
16920927
16923443
16924002
16925602
16928268
16928886
16929753
16940444
16942210
16945030
16946994
16948536
16949663
16950558
16950724
16951408
16952265
16954525
16956015
16962606
16964651
16966133
16971466
16972391
16976087
16979436
16979659
16988464
16990253
16994812
16994816
16995328
16995669
16995685
16997713
16997850
16998182
17003694
17005731
17007289
17008715
17009372
17010075
17011935
17012734
17014822
17020175
17021044
17021190
17024909
17027087
17028127
17032257
17035257
17037535
17040612
17043420
17047428
17048141
17048642
17049208
17049804
17050899
17051949
17054567
17055615
17059790
17060679
17061452
17061705
17061898
17063324
17064182
17064699
17065397
17075000
17075491
17076910
17083949
17085330
17089755
17092806
17092940
17095595
17095988
17096235
17097951
17102955
17104438
17105261
17107346
17113021
17113240
17114234
17114888
17115274
17116992
17118759
17121690
17123901
17125114
17127511
17130299
17133536
17134858
17136946
17141653
17141888
17144081
17147755
17149299
17149543
17161313
17162595
17163780
17163886
17164667
17166903
17167418
17169218
17170781
17170893
17172397
17175081
17175427
17176893
17177303
17178998
17180169
17182061
17184369
17184753
17189526
17191835
17192382
17195583
17196026
17196826
17198651
17202715
17203351
17205634
17207213
17208205
17211740
17212812
17215689
17220458
17221588
17221960
17222787
17229159
17232107
17232400
17233928
17234365
17235958
17238265
17238587
17238794
17239060
17240015
17242824
17244984
17246333
17247417
17250076
17251342
17251871
17253232
17255767
17256239
17258683
17261735
17261762
17262451
17267801
17269171
17270122
17270281
17273078
17273506
17274937
17279223
17280408
17281473
17281832
17283708
17284236
17287068
17287299
17289813
17291314
17291443
17292822
17293313
17294900
17295291
17297829
17306439
17306789
17309189
17311489
17313288
17315077
17315350
17316193
17316213
17316815
17320826
17324068
17326181
17328586
17331281
17331288
17331329
17334226
17337071
17338324
17340935
17341097
17341099
17341377
17343265
17344684
17345812
17347683
17347925
17349145
17349187
17351847
17356142
17361719
17361804
17362381
17364355
17368347
17369374
17370164
17371799
17372061
17375685
17376457
17376725
17378810
17383873
17384063
17395570
17396934
17399777
17400244
17400488
17401063
17401309
17401907
17403791
17405539
17407120
17416989
17419492
17422190
17422560
17422830
17426922
17427687
17429319
17431008
17431891
17433982
17436619
17437795
17439332
17439729
17439833
17441977
17442390
17445516
17447883
17448323
17449043
17457314
17460113
17460758
17460861
17463640
17464805
17469625
17471453
17474979
17477002
17478029
17483717
17485058
17485299
17489670
17490508
17491296
17492100
17494414
17496222
17500142
17503240
17504597
17504840
17506326
17507595
17510933
17513478
17516605
17517335
17518512
17520294
17520756
17522077
17522292
17522842
17524294
17527805
17528649
17528874
17531084
17531909
17531936
17532652
17532965
17533224
17535893
17538735
17541253
17542346
17544620
17544853
17545220
17547012
17548621
17548743
17554806
17555464
17557576
17562466
17563414
17564511
17565659
17575669
17583490
17586041
17587227
17588337
17589068
17590289
17592192
17596803
17597649
17598824
17599736
17601543
17601565
17607270
17609296
17609880
17610923
17611800
17614570
17615906
17618001
17618155
17619924
17626718
17630141
17633038
17635789
17635919
17642852
17643701
17644187
17647245
17651244
17656014
17656054
17657342
17657509
17662812
17665516
17667540
17670349
17671423
17673264
17675576
17683286
17684883
17690372
17691706
17693899
17695043
17696540
17697828
17698614
17700188
17702611
17705462
17706849
17709545
17710092
17711021
17711614
17712225
17713242
17714023
17714269
17719598
17720416
17723059
17729245
17730474
17731225
17731510
17733488
17734556
17735664
17736680
17737187
17737482
17742073
17745748
17745923
17749974
17753710
17754162
17755235
17759589
17761284
17765060
17766977
17767566
17767607
17768372
17768642
17771305
17772210
17772229
17773899
17776216
17780171
17781361
17782138
17787733
17788303
17788360
17792768
17793300
17793358
17793782
17795645
17797852
17797926
17800110
17800514
17802394
17802529
17803901
17805153
17812585
17812799
17817290
17818724
17819460
17820661
17823052
17827669
17828275
17828712
17829203
17829674
17832217
17833431
17836273
17836523
17836605
17839133
17839160
17839853
17840769
17843588
17844962
17848423
17850635
17851348
17852728
17855430
17857629
17860562
17860789
17861902
17865242
17866531
17866746
17867958
17871310
17875935
17882293
17884211
17884997
17887118
17897835
17900331
17901347
17901697
17903634
17904463
17904856
17906253
17906339
17907132
17909678
17911573
17911644
17915181
17915972
17922444
17924361
17925597
17927598
17928227
17928725
17928843
17930992
17931955
17934754
17939021
17939228
17941212
17942227
17942581
17942647
17943356
17946036
17947562
17949299
17951455
17955218
17955451
17956812
17959213
17960277
17961006
17961797
17964265
17965385
17974994
17975485
17975590
17976593
17976895
17978952
17979695
17980601
17981380
17982151
17988033
17988206
17991142
17996772
17997630
18000518
18001934
18001940
18003744
18004771
18008731
18009982
18010899
18015280
18015597
18016667
18018680
18019035
18019900
18023228
18024559
18027342
18028360
18029255
18029401
18030205
18030413
18030643
18030815
18037884
18038381
18038581
18044389
18044680
18047083
18047174
18047650
18050234
18051005
18051303
18051680
18052149
18057317
18060340
18060614
18061150
18062052
18065835
18066007
18067695
18069861
18070869
18071485
18071783
18073442
18074692
18076987
18079814
18086297
18089636
18091340
18094830
18096241
18099655
18101214
18101887
18103367
18108602
18109230
18110287
18111201
18112527
18113339
18115209
18116297
18117866
18118214
18125312
18127320
18127537
18130484
18130791
18132017
18132744
18137789
18138803
18139444
18140253
18140293
18140626
18146303
18150157
18153072
18153226
18153767
18154981
18158541
18160435
18163141
18165454
18166094
18167514
18171955
18172049
18177660
18178206
18179047
18182221
18182729
18184460
18189717
18198694
18199725
18200362
18201776
18203327
18211515
18214092
18215163
18216220
18216624
18217179
18219435
18219732
18220273
18221350
18221357
18221365
18225304
18226149
18226437
18228384
18229278
18231647
18231999
18232132
18233037
18234220
18234319
18236030
18236166
18239387
18239597
18240997
18243233
18246934
18249570
18251622
18254277
18254611
18256802
18258115
18259578
18261907
18261919
18262038
18262517
18263973
18269215
18272200
18273310
18273709
18277403
18281217
18284555
18288752
18289969
18290288
18291021
18291230
18292557
18292766
18296038
18296933
18297238
18299286
18301291
18302529
18304492
18305441
18309470
18312587
18313219
18316807
18319802
18321127
18325322
18326098
18326814
18332116
18332135
18336133
18336286
18341331
18342123
18343821
18344568
18346688
18350158
18352732
18353737
18355299
18355708
18357187
18357237
18358309
18360109
18361393
18363612
18364271
18368487
18371123
18380275
18384064
18387165
18387233
18391867
18392118
18393021
18393807
18394909
18395488
18396693
18397845
18398120
18398373
18398620
18398806
18398874
18399934
18400872
18401428
18402547
18406212
18407442
18407929
18410052
18410065
18414448
18415732
18418688
18421325
18422712
18423709
18424791
18425202
18427147
18427690
18430237
18432089
18433015
18434342
18434945
18435483
18435542
18435842
18435909
18436442
18436966
18437987
18440220
18441204
18442042
18443018
18443861
18448047
18451971
18455598
18463986
18464674
18465954
18468814
18469288
18471444
18472573
18472847
18473422
18473598
18477340
18479715
18484384
18484786
18485217
18490653
18490966
18491561
18492375
18493238
18496739
18506468
18512568
18514127
18515130
18517514
18519460
18521274
18524104
18524817
18527689
18528890
18529927
18529987
18531592
18531657
18538901
18540336
18542317
18546648
18549534
18552312
18554160
18554571
18557423
18562785
18564003
18566988
18569058
18573339
18575349
18576597
18581938
18582948
18584599
