4.0
5.0
0.0
18.0
12.0
14.0
2.0
18.0
2.0
17.0
0.0
15.0
15.0
19.0
7.0
10.0
19.0
19.0
2.0
38.0
21.0
33.0
35.0
27.0
26.0
24.0
39.0
31.0
38.0
32.0
21.0
23.0
31.0
36.0
26.0
26.0
33.0
37.0
57.0
46.0
53.0
47.0
48.0
41.0
52.0
52.0
54.0
67.0
65.0
74.0
61.0
90.0
90.0
99.0
88.0
89.0
91.0
90.0
84.0
91.0
107.0
108.0
101.0
113.0
139.0
134.0
129.0
128.0
135.0
137.0
124.0
133.0
124.0
143.0
147.0
159.0
140.0
171.0
160.0
161.0
166.0
169.0
163.0
169.0
165.0
163.0
185.0
194.0
183.0
192.0
189.0
198.0
180.0
194.0
191.0
202.0
210.0
204.0
216.0
214.0
207.0
217.0
201.0
206.0
225.0
228.0
232.0
235.0
250.0
256.0
270.0
278.0
276.0
275.0
294.0
281.0
288.0
292.0
280.0
285.0
290.0
294.0
287.0
300.0
311.0
307.0
301.0
326.0
332.0
338.0
324.0
327.0
330.0
339.0
326.0
336.0
347.0
359.0
358.0
348.0
372.0
377.0
372.0
361.0
367.0
364.0
371.0
369.0
368.0
382.0
392.0
387.0
395.0
399.0
399.0
393.0
398.0
384.0
412.0
417.0
418.0
411.0
431.0
427.0
421.0
426.0
453.0
440.0
440.0
450.0
443.0
441.0
458.0
458.0
445.0
466.0
471.0
467.0
464.0
491.0
496.0
494.0
484.0
483.0
480.0
481.0
485.0
489.0
502.0
506.0
507.0
514.0
508.0
518.0
518.0
512.0
502.0
539.0
524.0
523.0
533.0
558.0
548.0
555.0
548.0
547.0
552.0
559.0
541.0
551.0
576.0
577.0
570.0
566.0
568.0
561.0
572.0
568.0
574.0
598.0
581.0
589.0
587.0
610.0
607.0
604.0
617.0
631.0
628.0
624.0
637.0
627.0
636.0
627.0
639.0
623.0
646.0
641.0
659.0
642.0
649.0
657.0
645.0
647.0
650.0
664.0
672.0
666.0
677.0
666.0
677.0
667.0
678.0
679.0
689.0
680.0
683.0
689.0
716.0
719.0
715.0
703.0
703.0
718.0
714.0
708.0
707.0
702.0
716.0
703.0
717.0
716.0
714.0
713.0
700.0
711.0
709.0
715.0
716.0
705.0
712.0
715.0
711.0
715.0
704.0
716.0
714.0
735.0
738.0
735.0
725.0
740.0
741.0
745.0
741.0
749.0
745.0
746.0
758.0
754.0
762.0
778.0
770.0
777.0
776.0
777.0
779.0
772.0
760.0
766.0
765.0
779.0
775.0
760.0
775.0
763.0
772.0
767.0
769.0
787.0
799.0
797.0
788.0
797.0
786.0
786.0
795.0
789.0
785.0
784.0
780.0
782.0
789.0
790.0
784.0
792.0
797.0
789.0
798.0
780.0
797.0
780.0
799.0
792.0
784.0
787.0
780.0
792.0
819.0
817.0
804.0
809.0
802.0
814.0
808.0
814.0
818.0
829.0
820.0
836.0
837.0
824.0
834.0
836.0
820.0
825.0
829.0
822.0
820.0
836.0
821.0
820.0
826.0
824.0
821.0
828.0
827.0
824.0
830.0
839.0
820.0
838.0
839.0
827.0
823.0
836.0
830.0
825.0
821.0
830.0
820.0
833.0
827.0
833.0
833.0
832.0
825.0
828.0
838.0
828.0
836.0
832.0
836.0
826.0
837.0
839.0
848.0
842.0
840.0
855.0
846.0
856.0
848.0
859.0
848.0
851.0
845.0
841.0
841.0
845.0
856.0
849.0
852.0
851.0
853.0
878.0
871.0
860.0
876.0
876.0
872.0
872.0
877.0
865.0
860.0
863.0
875.0
871.0
865.0
872.0
860.0
874.0
871.0
862.0
865.0
874.0
877.0
869.0
873.0
860.0
868.0
863.0
862.0
863.0
891.0
897.0
893.0
897.0
886.0
890.0
880.0
887.0
891.0
902.0
919.0
908.0
917.0
910.0
909.0
908.0
918.0
916.0
900.0
904.0
910.0
918.0
906.0
916.0
914.0
911.0
916.0
904.0
912.0
907.0
900.0
902.0
911.0
908.0
914.0
904.0
908.0
913.0
902.0
901.0
911.0
904.0
908.0
908.0
911.0
903.0
918.0
902.0
900.0
917.0
917.0
904.0
903.0
913.0
919.0
903.0
916.0
919.0
933.0
933.0
925.0
928.0
921.0
927.0
937.0
923.0
922.0
930.0
934.0
933.0
921.0
933.0
924.0
923.0
925.0
934.0
930.0
949.0
943.0
945.0
951.0
941.0
957.0
947.0
944.0
949.0
956.0
952.0
959.0
948.0
958.0
958.0
945.0
953.0
942.0
956.0
942.0
959.0
945.0
958.0
951.0
949.0
945.0
942.0
950.0
957.0
968.0
961.0
963.0
977.0
968.0
969.0
962.0
963.0
979.0
962.0
977.0
965.0
964.0
960.0
967.0
960.0
972.0
969.0
973.0
977.0
975.0
975.0
973.0
961.0
964.0
979.0
978.0
978.0
977.0
999.0
994.0
988.0
993.0
995.0
989.0
987.0
983.0
982.0
995.0
985.0
995.0
989.0
985.0
991.0
987.0
989.0
984.0
997.0
986.0
991.0
985.0
987.0
998.0
1019.0
1011.0
1012.0
1010.0
1005.0
1012.0
1017.0
1017.0
1000.0
1016.0
1017.0
1006.0
1011.0
1016.0
1004.0
1012.0
1010.0
1009.0
1001.0
1002.0
1018.0
1019.0
1001.0
1019.0
1001.0
1002.0
1012.0
1007.0
1016.0
1017.0
1006.0
1006.0
1015.0
1000.0
1000.0
1007.0
1008.0
1017.0
1000.0
1009.0
1007.0
1013.0
1018.0
1007.0
1013.0
1008.0
1007.0
1015.0
1008.0
1001.0
1005.0
1001.0
1000.0
1013.0
1006.0
1011.0
1004.0
1015.0
1012.0
1002.0
1008.0
1011.0
1016.0
1005.0
1013.0
1017.0
1002.0
1000.0
1005.0
1036.0
1033.0
1031.0
1037.0
1021.0
1022.0
1023.0
1034.0
1030.0
1025.0
1033.0
1036.0
1025.0
1027.0
1037.0
1025.0
1035.0
1037.0
1035.0
1032.0
1032.0
1035.0
1020.0
1030.0
1026.0
1026.0
1035.0
1039.0
1023.0
1040.0
1049.0
1055.0
1050.0
1052.0
1049.0
1057.0
1057.0
1054.0
1051.0
1041.0
1056.0
1056.0
1046.0
1055.0
1055.0
1054.0
1054.0
1056.0
1041.0
1052.0
1048.0
1043.0
1055.0
1044.0
1055.0
1049.0
1040.0
1057.0
1067.0
1064.0
1069.0
1072.0
1078.0
1070.0
1072.0
1078.0
1061.0
1060.0
1078.0
1078.0
1071.0
1072.0
1063.0
1070.0
1063.0
1072.0
1062.0
1093.0
1099.0
1087.0
1098.0
1082.0
1085.0
1089.0
1089.0
1098.0
1095.0
1086.0
1081.0
1099.0
1092.0
1080.0
1099.0
1082.0
1088.0
1091.0
1096.0
1086.0
1096.0
1099.0
1091.0
1086.0
1097.0
1083.0
1098.0
1080.0
1118.0
1104.0
1106.0
1118.0
1122.0
1121.0
1136.0
1122.0
1137.0
1138.0
1124.0
1132.0
1122.0
1141.0
1157.0
1147.0
1141.0
1159.0
1155.0
1153.0
1156.0
1153.0
1161.0
1172.0
1170.0
1179.0
1177.0
1167.0
1175.0
1169.0
1177.0
1173.0
1162.0
1177.0
1161.0
1169.0
1166.0
1166.0
1175.0
1175.0
1176.0
1184.0
1189.0
1199.0
1187.0
1199.0
1189.0
1184.0
1194.0
1192.0
1201.0
1216.0
1218.0
1201.0
1202.0
1204.0
1207.0
1210.0
1211.0
1208.0
1202.0
1208.0
1215.0
1202.0
1201.0
1211.0
1208.0
1212.0
1201.0
1239.0
1227.0
1224.0
1237.0
1228.0
1223.0
1231.0
1231.0
1220.0
1244.0
1244.0
1258.0
1246.0
1253.0
1257.0
1243.0
1257.0
1253.0
1240.0
1250.0
1255.0
1246.0
1240.0
1268.0
1271.0
1267.0
1273.0
1299.0
1296.0
1288.0
1282.0
1282.0
1286.0
1295.0
1280.0
1282.0
1305.0
1313.0
1318.0
1310.0
1331.0
1324.0
1331.0
1325.0
1353.0
1359.0
1342.0
1348.0
1378.0
1375.0
1377.0
1363.0
1399.0
1395.0
1393.0
1385.0
1387.0
1381.0
1384.0
1397.0
1382.0
1407.0
1404.0
1413.0
1412.0
1404.0
1433.0
1432.0
1431.0
1431.0
1421.0
1436.0
1423.0
1422.0
1435.0
1455.0
1454.0
1452.0
1441.0
1463.0
1473.0
1470.0
1476.0
1479.0
1468.0
1475.0
1469.0
1466.0
1493.0
1493.0
1491.0
1488.0
1499.0
1482.0
1482.0
1482.0
1487.0
1510.0
1518.0
1502.0
1518.0
1507.0
1508.0
1515.0
1518.0
1500.0
1528.0
1535.0
1529.0
1537.0
1546.0
1540.0
1570.0
1569.0
1565.0
1565.0
1577.0
1567.0
1562.0
1569.0
1569.0
1581.0
1587.0
1583.0
1590.0
1596.0
1590.0
1597.0
1599.0
1587.0
1606.0
1609.0
1614.0
1619.0
1632.0
1620.0
1633.0
1630.0
1653.0
1658.0
1651.0
1643.0
1671.0
1665.0
1673.0
1678.0
1690.0
1686.0
1686.0
1681.0
1680.0
1682.0
1692.0
1681.0
1690.0
1703.0
1709.0
1711.0
1715.0
1705.0
1708.0
1703.0
1704.0
1711.0
1735.0
1728.0
1724.0
1731.0
1720.0
1729.0
1731.0
1735.0
1730.0
1756.0
1741.0
1747.0
1748.0
1743.0
1752.0
1758.0
1753.0
1749.0
1760.0
1776.0
1774.0
1767.0
1796.0
1780.0
1787.0
1789.0
1800.0
1810.0
1835.0
1839.0
1834.0
1832.0
1828.0
1829.0
1837.0
1827.0
1832.0
1854.0
1846.0
1845.0
1848.0
1850.0
1852.0
1853.0
1841.0
1849.0
1862.0
1866.0
1876.0
1871.0
1876.0
1876.0
1866.0
1867.0
1866.0
1889.0
1880.0
1894.0
1888.0
1915.0
1911.0
1914.0
1909.0
1903.0
1910.0
1900.0
1910.0
1908.0
1920.0
1927.0
1926.0
1935.0
1945.0
1943.0
1974.0
1978.0
1963.0
1979.0
1965.0
1979.0
1970.0
1965.0
1966.0
1995.0
1988.0
1995.0
1994.0
1998.0
1981.0
1993.0
1981.0
1986.0
