3445
7163
13379
67690
72539
78130
80126
85856
86126
86493
86649
86819
86930
86956
87054
87612
87666
88277
88285
88398
88709
88712
88766
88989
89082
90418
90509
90521
90695
90752
91445
91539
91651
92505
92686
93162
93400
93833
94219
94451
94507
94578
94653
94690
94746
94803
95205
95267
95964
96018
96022
96027
96080
180557
180596
181932
182390
183917
184378
189245
189375
267151
269927
270074
273355
274850
276139
532069
532284
532349
532570
533048
533664
533813
534318
535192
535637
535664
535942
536911
537281
537466
537872
538042
538057
538889
541555
541641
541842
542829
542989
542999
544098
544210
545316
684046
687125
687430
692213
695428
698187
716368
721276
739401
742140
870533
876748
878844
918072
918192
918323
918395
918596
918991
919590
919614
919705
920200
920299
920585
921637
922325
922606
923001
923133
923501
924270
924752
925204
925787
927130
927151
927444
927893
928074
928506
928923
929189
929547
929613
929856
929934
930412
932454
932710
932918
933841
935222
935438
935675
935880
937287
937491
997608
1157595
1157626
1157794
1158188
1158281
1159408
1160186
1161538
1161578
1162158
1162264
1163715
1163779
1163964
1164086
1164426
1165736
1166864
1167034
1167225
1167749
1168642
1169437
1169445
1170494
1170503
1171180
1171744
1172720
1173203
1173306
1173616
1174115
1174249
1174263
1175380
1176676
1177320
1178585
1179680
1180397
1180682
1183853
1186464
1187215
1187592
1187801
1188770
1189221
1190098
1191707
1348810
1349230
1349953
1350017
1350494
1350635
1353259
1354695
1355931
1357297
1357503
1358068
1360303
1440786
1444490
1447827
1538267
1538555
1538743
1540227
1541326
1541615
1542119
1542123
1543279
1544561
1545201
1545767
1546340
1546605
1546883
1546967
1547601
1548297
1555148
1566916
1568744
1569605
1569798
1573075
1573368
1573538
1574832
1574916
1575788
1578167
1578714
1580740
1581226
1582502
1582591
1722202
1722329
1722658
1725684
1726449
1727360
1728892
1730744
1731110
1731135
1731460
1732290
1733918
1734025
1916226
1916811
1918602
1919243
1920663
1921577
1923028
1924601
1944512
1945851
1945958
1946119
1946635
1946908
1946955
1947162
1949152
1949622
1949794
1949960
1950144
1950365
1950686
1950852
1951226
1951678
1951995
1952207
1952487
1952949
1953019
1953201
1953267
1953609
1954276
1954466
1954638
1954892
1955581
1955813
1955898
1956077
1956802
1957321
1958200
1958343
1958364
1958831
1959009
1959306
2055852
2056242
2056290
2056577
2056620
2056677
2057136
2057302
2057348
2057371
2057591
2058206
2058572
2058806
2058998
2059012
2059372
2060190
2060471
2060472
2061196
2061615
2061625
2061873
2062559
2062651
2063059
2063094
2063213
2063303
2063544
2063620
2063932
2064101
2064505
2064679
2065116
2065222
2065322
2065428
2065524
2065725
2065838
2066901
2067305
2067593
2068336
2068358
2068568
2068610
2068759
2069062
2069077
2069313
2069411
2069622
2069657
2070278
2070754
2071150
2071811
2072981
2073346
2073439
2074313
2074982
2076136
2076291
2077724
2077864
2077889
2080029
2080136
2080340
2080422
2083176
2140546
2271722
2273201
2275233
2275336
2276443
2276748
2276897
2277194
2277718
2278691
2278712
2279689
2286382
2291282
2294592
2392685
2396088
2398371
2398898
2402283
2481753
2481990
2483247
2484405
2484933
2488374
2488661
2555994
2558949
2559680
2559737
2560834
2562136
2563897
2565287
2566198
2566252
2566888
2569109
2591406
2593439
2594066
2594093
2612777
2612939
2613012
2613121
2613556
2613768
2614246
2614915
2614992
2615777
2615885
2616376
2616732
2616786
2616867
2617429
2617470
2617704
2618050
2618281
2618550
2618919
2619155
2619188
2619732
2619835
2620586
2620650
2620990
2621032
2621389
2621536
2621972
2622389
2622523
2622990
2623036
2623093
2623178
2623614
2623677
2623969
2624145
2624193
2624371
2624432
2624512
2624665
2624946
2624959
2624969
2625170
2625549
2626066
2666090
2666343
2666852
2666874
2668105
2669018
2669162
2669895
2670082
2672108
2700848
2845268
2874420
2875340
2875561
2875983
2876328
2876338
2876385
2876593
2876708
2877169
2877373
2877652
2878029
2878060
2878125
2878293
2878343
2878528
2878726
2879087
2879601
2879741
2879762
2879921
2879966
2879968
2880386
2880816
2881217
2881821
2882302
2882525
2882871
2883111
2883250
2883469
2884080
2884489
2884960
2885349
2886611
2886627
2886810
2887133
2887401
2887529
2887578
2887917
2888109
2888202
2888316
2888483
2888674
2888734
2888941
2889036
2889324
2889360
2890412
2890976
2891125
2891168
2891185
2891373
2891554
2891827
2892418
2892456
2892656
2893223
2996617
2996874
2998365
2998598
3001633
3001982
3003349
3003957
3011700
3012616
3018222
3020007
3072316
3082033
3176819
3179517
3179633
3180310
3180326
3182018
3183011
3183761
3183969
3184692
3186079
3364760
3367237
3427588
3487325
3487366
3487526
3487825
3488199
3488410
3488532
3489513
3489612
3489934
3490040
3490478
3491458
3491548
3492549
3493135
3493842
3495621
3495639
3495739
3496518
3496835
3497677
3498704
3498874
3500046
3500875
3501366
3501570
3502106
3502361
3502365
3503958
3504582
3504975
3505014
3505396
3505910
3505947
3506114
3507251
3509010
3509567
3509773
3510069
3510386
3512636
3513422
3513616
3513760
3514036
3514051
3514554
3514721
3516514
3516607
3516663
3516938
3517099
3517722
3518791
3518806
3519521
3520145
3520360
3520605
3523703
3549336
3549505
3549662
3549669
3549820
3550176
3550305
3550340
3550385
3550928
3550942
3550945
3551304
3551484
3551486
3551947
3551989
3552045
3552109
3552152
3552818
3552974
3553221
3553263
3553415
3553473
3553603
3553681
3553813
3553979
3554141
3554175
3554617
3554726
3554787
3554861
3555508
3555851
3556107
3556113
3556238
3557238
3557374
3557426
3557449
3557547
3557749
3557763
3558068
3558087
3558088
3558557
3558882
3559357
3559516
3559644
3559975
3560297
3560478
3560638
3560854
3561002
3561082
3561315
3561608
3562035
3562044
3562144
3562218
3562726
3562873
3562898
3562907
3562976
3563045
3563084
3563128
3563339
3563536
3563860
3564124
3578145
3649108
3649351
3649506
3649654
3649840
3650058
3650121
3650289
3650292
3650507
3651296
3651312
3651536
3651539
3651546
3651681
3651838
3652052
3652179
3652326
3652482
3652595
3652601
3653279
3653458
3653617
3654013
3654112
3654205
3654569
3655259
3655380
3656057
3656471
3656899
3656963
3657708
3657877
3658429
3659441
3659570
3659695
3659970
3660146
3660375
3660520
3660543
3660688
3660804
3661147
3661234
3662251
3662558
3662637
3662987
3663205
3663674
3663835
3663860
3663864
3664115
3664519
3664934
3665368
3665376
3665491
3665501
3665930
3902034
3903986
3961964
3964879
3970008
3970951
3979350
3980928
3981012
3981354
3981362
3981395
3981671
3982679
3982847
3983347
3984955
3985672
3986476
3986708
3986797
3987045
3987946
3988280
3988403
3988578
3989575
3989586
3989651
3989722
3989750
3990315
3990369
3990383
3991386
3991468
3991655
3991924
4025290
4028396
4028841
4035203
4036779
4038517
4039324
4041407
4041663
4042190
4043181
4043316
4044246
4044545
4045055
4045180
4046218
4046418
4047320
4050660
4050775
4051636
4052153
4052231
4052321
4053240
4053716
4054042
4054176
4117491
4151763
4151916
4152313
4153060
4153697
4153975
4154765
4154798
4155077
4155240
4155245
4155908
4156228
4157054
4157159
4157240
4157480
4157534
4157625
4157714
4158892
4159876
4160069
4160493
4161124
4161230
4162179
4162275
4162285
4162455
4162871
4162920
4164020
4164399
4164434
4179420
4180887
4180994
4181971
4186950
4187508
4187948
4188781
4191781
4192061
4193826
4193840
4193910
4194076
4195433
4195440
4195659
4196548
4197082
4197535
4198078
4198761
4214607
4221201
4228007
4229575
4233876
4233902
4234571
4235006
4235511
4236483
4238351
4239310
4239540
4239648
4239935
4240573
4240804
4241461
4241669
4241885
4241893
4243806
4245440
4246000
4246445
4246682
4248618
4249265
4249997
4250462
4251392
4399863
4402343
4403245
4404278
4405530
4405972
4406635
4406980
4408101
4408988
4409162
4409996
4410304
4410599
4411280
4411864
4412406
4412625
4412838
4414197
4414320
4414795
4416429
4416447
4491886
4501497
4531282
4535609
4537611
4542566
4603515
4603865
4605945
4606467
4606672
4606898
4607206
4608208
4608559
4608664
4608860
4608889
4609321
4609873
4610007
4610374
4610542
4610659
4611424
4611446
4611655
4611853
4611886
4613181
4613250
4613392
4614080
4614150
4614761
4615317
4615848
4616135
4617603
4617774
4617910
4618486
4619019
4619416
4620045
4620179
4620811
4620839
4620889
4621796
4622521
4623055
4624139
4631336
4667020
4674308
4674651
4674758
4674972
4675230
4675324
4675816
4676355
4676375
4677179
4677382
4677603
4678672
4679107
4679138
4679639
4679744
4680136
4680208
4680352
4680370
4680453
4680719
4680818
4681293
4681350
4681444
4681664
4682054
4682500
4682621
4683090
4683270
4683508
4684263
4684501
4684728
4684888
4685104
4685898
4686006
4686378
4686809
4686991
4688099
4688324
4688429
4688430
4688463
4759299
4761625
4762470
4769503
4773056
4773623
4774752
4775638
4775928
4776162
4776323
4776372
4777499
4778206
4778484
4778589
4779799
4779821
4780910
4780962
4781958
4782497
4782809
4783047
4783209
4783213
4783233
4783738
4783828
4783991
4784399
4784403
4784489
4784956
4785978
4786199
4786328
4786431
4828105
4828167
4828858
4829438
4829962
4829988
4830078
4830600
4830647
4830669
4830846
4832615
4833265
4833628
4833958
4834237
4834744
4835141
4835216
4836144
4838223
4838296
4838411
4838666
4838742
4839183
4839395
4839809
4840007
4840186
4840260
4840278
4840770
4840807
4841030
4841134
4841424
4841618
4841701
4841953
4842051
4842243
4843446
4843538
4843753
4843879
4844392
4846163
4847786
4857038
4883068
4885099
4886772
4886778
4887084
4888564
4888882
4889140
4889639
4889654
4890177
4890553
4890776
4892436
4893048
4893131
4909217
4909449
4909750
4909912
4910561
4910674
4910992
4911688
4912520
4912698
4912772
4913157
4914074
4914288
4914801
4914982
4915168
4915341
4916083
4916317
4916901
4916919
4917012
4917018
4917247
4917478
4918430
4918538
4919249
4919379
4920746
4920868
4921657
4921870
4921996
4922393
4922436
4922464
4922543
4922917
4923170
4923335
4923488
4923540
4924204
4924232
4924272
4924505
4924611
4924782
4925187
4925542
4926275
4926536
4927103
4927138
4927156
4927972
4927974
4928237
4928557
4928663
4928982
4929801
4929817
4930299
4930764
4931761
4931919
4931952
4932133
4932657
4933550
4933692
4933697
4933741
4933974
4934168
4934188
4934570
4934676
4934774
4934853
4935038
4935174
4935221
4936037
4936111
4936222
4936274
4936628
4936835
4937592
4937865
4938030
4938789
4939259
4939477
4939509
4940094
4940155
4940480
4940507
4940560
4940988
4940996
4941020
4968441
4968617
4968993
4969125
4969336
4969951
4970114
4970411
4970599
4970982
4971018
4971493
4973314
4973319
4974020
4974487
4974496
4974757
4974880
4975089
4975224
4975531
4975590
4975617
4975886
4976651
4976674
4977045
4977370
4977544
4977634
4978137
4978290
4978374
4978767
4979291
4979663
4979948
4980748
4982110
4982250
4982298
4982647
4982860
4982889
4983203
4983367
4983368
4983660
4983752
4984023
4984403
4984483
4984593
4984647
4985043
4985936
4985949
4986618
4986912
4987066
4987458
4987618
4987786
4988272
4988324
4988808
4989577
4989774
4989973
4990144
4990229
4990330
4990574
4991007
4991015
4991314
4991443
4991658
4992101
5079223
5079561
5079926
5081466
5081587
5081998
5082083
5082179
5082364
5082627
5082736
5082936
5083805
5084289
5084423
5085111
5085475
5085542
5085774
5086859
5087156
5087264
5088033
5088690
5089977
5090657
5090798
5092225
5142239
5142558
5142900
5143151
5143523
5144050
5144857
5145833
5146771
5148621
5149586
5149737
5149976
5150193
5150364
5167069
5237991
5238924
5239875
5240077
5240210
5240451
5240984
5241112
5242471
5242747
5242947
5242991
5243139
5243163
5243277
5243297
5243569
5243791
5244014
5244159
5244234
5245096
5245422
5245502
5245776
5246000
5246740
5246832
5247053
5247162
5247344
5247571
5248602
5248690
5248691
5249506
5249527
5249630
5249660
5249754
5250448
5250452
5250560
5250761
5250870
5251218
5251298
5251419
5251674
5251788
5251864
5252179
5252298
5252625
5252684
5270360
5273509
5274051
5274473
5274543
5274601
5274834
5275642
5276245
5276643
5276790
5277296
5277660
5278050
5278295
5278645
5279301
5279423
5279476
5279569
5279837
5280025
5280217
5280562
5280876
5280979
5281082
5281117
5281125
5281244
5281681
5281754
5282008
5282023
5282099
5282251
5282283
5282930
5282945
5283420
5283635
5284266
5284809
5285163
5285365
5285456
5286094
5286188
5286555
5286588
5286628
5286802
5287828
5287987
5288558
5288959
5289058
5319955
5320413
5320785
5321241
5321731
5322339
5322853
5323075
5323552
5323641
5323726
5324054
5324360
5324924
5325034
5325127
5325128
5325195
5325325
5325882
5326012
5326013
5326524
5326682
5326828
5327429
5327441
5327491
5328361
5329034
5329072
5329089
5329133
5329161
5329186
5329394
5422352
5429408
5429708
5429811
5429827
5430093
5430513
5430692
5430697
5430751
5430788
5430938
5431212
5431444
5431487
5431925
5432320
5433047
5433638
5433966
5434113
5434391
5434756
5435575
5435668
5435810
5436295
5436434
5436775
5436836
5436850
5436964
5436995
5437021
5437163
5437326
5437735
5438273
5438361
5438645
5439561
5439600
5439630
5439978
5440061
5440197
5440317
5440430
5486677
5487335
5487608
5490014
5496121
5503332
5506802
5508074
5508165
5508541
5509848
5509962
5511021
5511747
5512311
5512879
5513751
5514383
5515804
5516618
5517550
5518149
5518686
5521061
5521759
5522429
5522587
5523456
5560411
5561104
5561349
5561653
5563080
5563244
5563771
5564212
5564750
5565702
5565728
5566393
5566431
5566518
5566651
5566887
5567479
5567514
5567722
5568628
5568642
5568832
5569335
5569712
5570040
5570045
5570111
5570141
5570367
5570584
5570642
5571029
5571238
5571368
5571476
5571633
5571899
5572078
5572115
5573307
5573400
5573591
5573618
5573750
5573954
5574434
5574622
5574654
5574671
5575366
5575512
5575900
5575989
5576514
5577952
5578477
5579584
5579828
5580682
5581105
5581281
5582019
5585283
5586534
5613729
5614802
5660827
5661119
5661285
5661564
5661652
5661916
5662094
5662977
5663316
5663626
5663647
5664312
5664651
5665272
5665308
5665428
5665499
5665664
5665867
5666653
5666986
5668195
5668731
5668774
5668862
5669033
5669411
5669762
5670144
5670372
5670962
5671133
5672313
5672930
5673189
5674032
5674929
5675177
5675266
5675293
5675465
5675931
5676959
5677847
5677907
5678183
5678874
5680450
5680838
5681535
5681711
5682699
5683461
5683561
5683830
5684265
5684531
5685632
5685920
5686341
5699888
5699897
5700139
5700538
5700820
5701006
5701047
5701463
5701757
5702111
5702130
5703090
5703093
5703298
5703586
5703842
5704072
5704619
5704889
5705123
5705344
5705485
5705633
5705791
5705914
5705942
5706509
5706729
5706809
5707168
5707311
5707762
5708019
5708466
5708693
5709354
5709602
5709651
5709956
5710342
5710379
5710409
5710688
5710780
5711059
5711115
5711423
5711841
5712068
5712174
5712752
5712929
5713271
5713907
5714072
5714242
5714783
5714858
5727102
5728123
5728462
5729517
5734477
5738942
5739487
5739702
5740413
5741779
5742719
5792951
5800095
5878268
5878300
5878392
5878833
5879554
5880305
5880825
5880978
5881425
5882144
5882366
5883755
5883879
5884788
5886456
5887665
5887801
5888764
5889797
5889830
5890359
5891175
5891641
5931810
5955965
5956090
5956211
5956364
5956479
5956488
5956508
5956614
5956795
5956845
5957056
5957373
5957747
5957780
5957837
5957952
5958036
5958121
5958198
5958288
5958298
5958654
5958718
5958796
5959178
5959195
5959287
5959489
5960648
5960809
5961244
5961393
5961791
5962120
5962295
5962910
5963295
5963383
5963393
5964305
5964706
5964774
5965513
5965625
5965801
5965894
5965958
5965978
5966290
5966639
5966656
5966710
5966851
5967560
5968012
5968023
5968038
5968102
5968523
5968859
5968899
5969879
5970061
5970536
5971034
5971174
5971743
5971846
5972165
5972201
5972293
5972661
5972788
5972866
5972957
5972964
5973023
5973316
5973462
5973743
5974044
5974150
5975014
5975298
6023691
6024008
6024076
6024131
6024273
6024275
6024742
6024970
6025099
6025813
6026475
6026853
6026870
6026887
6027232
6027407
6027533
6028094
6028378
6028390
6028501
6028532
6029096
6029102
6029159
6029795
6030038
6031122
6031139
6031174
6031464
6031528
6031766
6031945
6031966
6032702
6032880
6032992
6033073
6033128
6033207
6033446
6033658
6033933
6034004
6034300
6034367
6034718
6034950
6035010
6035339
6035416
6035764
6035776
6036010
6036267
6036292
6036314
6036347
6036437
6036562
6036915
6037377
6037493
6037591
6037729
6037779
6038075
6038612
6038668
6039229
6039461
6039488
6039750
6040322
6040781
6040956
6041252
6041378
6041383
6113541
6113746
6114098
6114769
6115151
6115538
6116150
6118697
6119185
6119831
6120180
6120331
6121216
6121895
6122590
6122761
6122982
6123015
6123090
6123725
6124376
6125642
6126585
6127791
6129084
6129174
6129384
6129443
6129609
6129898
6130022
6130221
6130497
6191520
6191750
6192274
6192458
6193156
6193184
6193905
6194559
6194919
6194937
6195004
6195626
6196186
6196944
6197612
6198238
6198665
6198844
6198884
6199122
6199206
6199319
6199598
6199874
6200641
6200856
6201765
6201890
6202006
6203088
6203153
6215255
6215646
6215769
6215837
6215968
6216030
6216509
6216701
6217338
6217497
6217524
6217571
6217675
6217901
6218099
6218180
6218369
6218448
6218528
6218544
6219854
6220021
6220488
6220687
6220713
6220870
6220919
6221503
6222185
6222433
6222564
6222580
6223740
6223831
6223874
6223939
6224508
6224616
6225053
6225255
6225290
6225611
6225745
6225809
6225822
6225889
6225904
6225911
6226208
6226604
6226774
6226828
6226862
6226877
6227015
6227462
6227736
6228603
6228685
6228904
6229060
6229220
6229267
6229294
6318967
6319987
6321329
6324870
6325351
6326384
6327552
6332613
6333858
6334109
6335225
6335232
6336491
6336767
6336946
6337760
6341892
6343252
6343931
6345284
6345377
6345800
6345802
6346089
6347346
6403866
6413304
6422196
6424028
6424113
6425127
6426456
6427475
6445862
6445890
6446022
6446348
6446352
6446888
6447151
6447473
6447488
6447641
6448082
6448096
6448198
6448283
6448305
6448869
6448944
6449096
6449443
6449475
6449476
6449719
6449818
6450752
6450756
6451030
6451060
6451135
6451323
6451585
6451630
6451872
6452095
6452295
6452421
6452811
6453126
6453213
6453256
6453658
6453693
6454120
6454690
6454855
6455177
6455402
6480295
6503064
6503096
6504366
6504375
6504412
6504812
6504849
6505243
6505316
6505377
6505585
6505611
6505745
6506310
6506504
6506753
6506768
6506871
6506978
6507190
6507304
6508050
6508452
6508473
6508525
6508912
6508933
6509368
6509737
6509799
6510179
6510194
6510586
6510976
6511325
6511502
6511884
6512504
6513606
6513764
6514010
6514253
6514300
6514465
6514522
6514714
6515288
6516248
6516363
6516417
6517081
6517457
6517540
6517697
6518005
6518069
6518484
6520450
6522486
6522577
6522876
6523604
6524750
6524951
6526088
6528153
6528815
6529215
6529667
6530074
6530346
6531551
6532453
6534480
6537401
6538665
6538670
6540571
6543744
6545824
6545957
6547761
6548386
6552537
6615701
6616039
6622904
6623013
6624359
6624845
6625035
6625390
6625426
6626702
6627027
6627371
6628736
6628835
6630389
6631044
6631176
6631991
6632054
6632132
6633048
6633114
6633824
6633846
6633904
6633995
6634003
6634549
6634992
6635930
6636820
6637652
6637950
6638337
6638670
6638969
6639059
6639147
6640912
6641126
6641821
6642155
6642368
6642717
6642816
6644409
6645053
6645848
6645928
6646073
6646446
6646753
6647085
6647598
6648615
6648789
6648920
6649314
6649875
6650154
6650573
6650751
6650941
6651210
6651253
6651801
6651861
6651870
6651934
6651972
6652090
6653180
6655118
6657671
6657777
6658333
6658692
6658756
6662213
6662856
6662868
6663873
6665287
6665297
6665418
6666894
6667987
6668889
6670498
6671348
6673820
6674289
6674816
6675827
6675842
6675945
6676439
6677826
6678744
6679414
6681482
6681769
6682307
6682517
6683322
6686248
6687368
6688886
6689186
6690374
6692582
6693049
6693065
6695708
6695889
6696023
6701037
6701358
6702457
6708846
6720864
6721236
6721791
6721920
6722580
6723361
6723520
6723730
6725435
6725657
6725760
6726473
6727505
6727550
6727705
6728048
6729921
6730302
6731061
6731541
6732489
6733051
6733827
6734506
6809825
6810016
6810046
6810287
6810456
6810522
6810901
6811115
6811719
6812334
6812570
6812589
6813782
6813845
6814172
6814210
6814278
6814989
6815076
6815199
6815533
6815910
6816159
6816497
6816542
6816897
6816900
6816905
6817485
6817599
6817695
6818003
6818344
6818532
6818713
6818874
6818926
6819435
6819607
6819637
6820410
6820735
6820992
6821007
6821034
6821121
6821132
6821307
6822080
6822326
6822596
6822869
6823167
6823492
6823525
6823668
6823736
6823863
6824250
6824718
6825190
6825369
6825730
6825809
6826300
6826495
6826825
6826968
6839488
6839732
6840616
6841333
6841487
6841623
6841759
6842343
6842691
6842869
6843043
6843282
6844320
6844434
6844480
6845430
6846142
6847530
6847624
6847883
6849415
6849833
6850194
6850436
6851287
6851771
6851829
6852650
6853045
6853260
6853878
6854113
6854244
6855290
6855299
6948933
6949891
6949915
6950655
6950902
6951022
6951039
6951085
6951316
6951489
6951791
6951909
6952287
6952323
6952368
6952745
6952902
6952974
6953426
6954605
6954747
6955172
6955193
6956216
6956271
6956415
6956438
6957680
6958276
6958506
6958618
6959318
6959679
6960023
6960085
6960614
6960932
6961108
6961118
6961767
6961946
6962038
6962473
6962626
6962632
6962761
6962768
6963495
6964041
6964079
6964533
6964924
6965010
6965031
6965094
6965666
6965919
6966773
6966967
7010927
7011325
7011355
7011461
7011575
7011706
7011728
7012425
7012698
7012726
7013077
7013237
7013635
7013687
7013696
7013901
7014095
7014135
7014441
7014737
7014815
7014887
7014967
7014970
7015416
7015417
7015536
7015561
7015871
7015983
7016022
7016050
7016333
7016421
7017067
7017103
7017164
7017545
7018150
7018459
7018716
7018775
7018829
7019162
7019671
7019756
7020854
7021037
7021465
7021484
7021531
7021774
7021834
7022310
7022314
7022522
7022978
7023164
7023174
7023178
7023296
7023361
7023370
7023398
7023449
7024874
7025361
7025599
7025705
7025829
7026023
7026034
7026109
7039968
7046134
7051644
7051762
7055431
7057634
7057659
7058103
7058215
7058339
7058666
7058785
7059417
7060303
7060620
7060930
7061357
7061755
7062073
7062152
7062488
7063301
7064586
7065037
7065474
7065954
7066264
7066624
7067231
7067783
7070118
7070179
7072525
7072570
7072742
7073021
7073425
7074170
7074577
7074826
7075053
7075505
7075558
7124832
7126405
7126881
7127054
7127342
7127472
7129070
7130027
7130279
7132643
7134880
7135355
7178426
7178475
7179232
7180272
7180803
7181148
7181517
7181667
7181711
7182998
7183203
7183218
7183404
7183770
7183787
7183993
7184177
7184475
7184622
7184764
7185099
7185218
7185526
7185602
7185756
7185830
7186127
7186762
7186787
7187143
7187338
7187362
7187485
7187593
7187881
7188130
7188548
7188584
7188701
7188925
7189128
7189286
7190631
7190735
7191052
7192882
7192896
7192905
7193625
7193893
7194239
7194264
7194558
7194998
7195616
7196289
7196458
7196477
7196673
7196786
7197456
7197531
7197576
7197678
7197951
7198004
7198674
7198731
7198744
7198800
7198881
7199016
7199085
7199460
7199549
7199837
7200046
7200770
7200817
7200846
7201038
7201576
7201827
7202321
7202398
7202420
7202477
7202548
7202782
7202957
7203691
7203801
7204321
7204353
7204398
7204654
7204993
7205005
7205789
7205913
7206150
7206279
7206327
7206544
7207041
7207098
7207280
7207378
7207409
7207546
7207549
7207804
7208212
7208301
7208515
7208799
7208898
7209012
7209085
7209145
7209633
7210670
7210968
7211881
7212017
7212090
7212562
7212601
7213365
7213503
7214741
7214942
7215055
7215128
7215897
7216167
7216192
7216245
7216265
7216581
7217298
7217829
7217981
7217990
7217992
7218000
7218206
7218340
7218417
7218566
7218653
7218872
7219005
7219207
7219511
7219861
7219951
7220823
7221024
7221305
7221976
7222032
7223015
7223437
7223557
7223681
7223757
7224501
7224875
7225432
7225529
7225646
7226472
7226956
7229874
7231952
7231968
7232608
7233803
7236823
7237257
7270870
7271802
7273428
7274249
7274403
7274581
7275546
7276469
7277422
7277488
7278088
7278278
7278507
7279232
7279785
7279938
7280122
7280138
7280337
7281341
7281564
7282350
7283918
7287346
7288482
7289498
7292542
7294404
7294999
7295008
7299760
7299821
7300786
7331694
7332025
7332249
7332276
7333673
7333853
7335010
7335078
7335099
7335571
7335648
7335905
7336515
7336800
7337061
7337070
7337188
7337500
7337582
7337681
7338018
7338068
7338350
7338472
7338526
7339107
7339506
7339603
7339863
7340415
7340595
7340766
7341026
7341215
7341243
7341809
7341984
7342212
7342252
7342688
7342817
7342899
7343378
7343456
7343649
7343950
7344297
7344536
7344734
7344860
7344990
7345364
7345452
7345535
7345633
7347067
7347129
7347651
7347692
7347934
7348437
7348615
7348760
7349384
7349674
7349781
7350267
7350466
7350477
7350547
7350551
7351409
7351501
7387952
7394363
7396052
7447560
7447868
7448003
7448363
7448540
7449036
7449052
7449357
7449635
7449737
7449760
7450107
7451110
7451376
7451575
7451857
7452028
7452118
7452853
7453388
7453980
7454293
7455382
7456063
7456621
7456646
7457195
7457733
7458370
7458848
7459180
7459887
7459960
7461356
7461362
7462123
7462501
7462652
7463628
7464113
7464221
7464342
7464916
7465503
7465972
7466540
7469293
7469756
7470470
7470900
7471124
7471877
7472543
7472787
7473335
7473767
7474071
7474525
7474563
7474852
7475114
7475543
7475698
7475713
7476629
7477251
7477822
7478188
7478357
7478376
7505403
7506729
7506822
7507666
7508255
7508820
7508935
7509638
7509646
7509660
7509775
7510757
7510874
7511093
7511842
7512278
7512832
7513165
7515101
7516152
7516173
7516309
7517015
7517656
7517813
7561092
7561414
7561529
7561812
7562059
7562097
7562137
7562276
7563497
7563869
7564079
7564651
7564811
7565755
7566405
7566669
7567372
7567374
7567679
7568696
7569712
7570050
7570722
7570751
7570852
7570915
7570981
7572610
7572628
7573040
7573244
7573263
7573968
7574239
7575001
7575468
7575792
7575853
7575988
7602977
7603110
7603208
7603283
7603291
7603684
7603946
7604291
7604367
7604605
7604633
7604668
7604928
7605126
7605498
7605774
7606009
7606197
7606872
7606903
7607089
7607141
7607168
7608578
7608943
7608995
7609430
7609437
7609560
7609594
7609646
7610047
7610230
7610365
7610459
7610487
7611109
7611459
7611464
7612208
7612445
7612632
7613083
7613486
7613595
7613798
7614150
7614407
7615256
7615284
7615497
7615675
7615953
7615988
7616330
7616532
7616552
7616586
7616658
7616834
7616867
7617358
7617678
7617931
7618003
7618353
7619308
7619560
7619570
7619631
7620717
7621857
7621877
7622128
7623106
7623627
7623761
7624414
7624997
7625433
7625488
7625986
7626337
7626485
7626598
7626626
7626771
7627176
7627347
7627737
7627863
7627865
7627918
7628046
7628186
7628334
7628659
7629106
7629303
7629347
7629553
7630234
7630257
7630451
7630495
7630647
7630825
7631247
7631347
7631358
7631878
7631971
7632080
7632385
7632496
7632528
7632543
7632637
7633376
7633585
7634247
7634277
7634459
7634597
7634683
7634862
7634863
7634920
7634970
7635166
7635653
7635893
7635929
7636270
7636320
7636397
7636555
7637363
7637682
7640560
7642246
7642404
7642541
7642643
7642877
7643029
7643862
7643951
7646248
7646517
7647478
7648839
7648942
7649428
7649743
7650022
7650067
7650940
7650992
7651118
7652044
7652659
7653404
7653506
7653572
7655474
7656102
7656795
7656905
7660974
7661782
7665496
7668005
7668932
7685580
7685732
7690022
7690480
7692905
7692971
7695350
7695939
7696423
7696867
7697589
7698420
7699707
7699779
7731485
7739899
7762413
7764143
7766926
7768105
7769660
7777573
7778186
7778749
7778789
7779973
7792811
7793679
7794027
7794423
7794782
7795069
7796038
7796691
7796976
7796998
7797159
7798620
7798797
7799749
7800669
7801988
7802903
7803207
7803299
7803660
7803705
7804095
7804238
7804349
7805009
7805048
7805083
7805374
7805641
7805727
7806659
7808028
7808322
7808525
7808527
7809064
7809095
7809328
7809369
7809375
7809525
7809549
7809707
7810127
7810818
7810953
7811187
7811260
7811306
7811608
7811730
7811748
7811752
7812155
7812278
7812352
7812421
7812872
7812889
7813241
7813406
7814122
7814245
7814562
7815050
7815082
7815441
7815935
7816006
7816298
7816390
7816554
7816615
7817010
7817545
7817548
7817720
7818056
7818175
7818222
7819704
7819972
7820372
7820430
7883220
7883414
7884491
7885567
7885933
7886130
7886353
7886359
7887958
7888923
7889104
7889828
7889989
7890000
7891742
7893030
7893683
7893729
7894103
7894506
7908559
7908964
7909769
7910010
7910123
7910125
7910145
7910293
7910615
7910656
7911021
7911037
7911114
7911122
7911451
7911683
7912008
7912692
7912821
7913109
7913155
7913370
7913556
7914296
7914304
7914579
7914620
7915080
7915368
7915805
7916228
7916402
7916475
7916490
7916755
7916926
7917281
7918544
7918859
7919095
7919259
7919480
7920031
7920351
7920610
7920774
7921220
7921246
7922385
7922718
7922734
7922824
7923413
7923504
7923730
7923816
7923818
7924411
7924843
7925274
7925287
7925850
7926114
7926161
7926204
7926318
7926534
7926813
7926923
7927129
7927799
7927801
7928034
7928055
7928568
7929132
7929326
7930209
7930668
7931501
7931728
7931834
7932509
7932783
7932812
7932831
7933342
7933345
7933440
7933641
7934028
7934873
7935119
7935252
7935476
7935848
7936572
7937342
7937741
7937885
7938433
7938650
7938732
7939072
7940496
7940688
7941849
7941944
7942118
7942140
7942812
7942875
7943024
7943042
7943114
7943196
7943312
7943331
7943386
7943475
7943515
7943774
7944339
7944673
7945065
7945298
7945543
7945612
7945693
7945742
7945754
7945885
7946183
7946594
7946810
7947117
7947128
7947165
7947187
7947400
7948570
7948758
7949129
7949594
7950974
7951053
7952143
7952701
7952910
7969854
7969976
7970358
7970420
7971142
7971169
7971519
7971905
7972027
7972030
7972148
7972659
7973005
7973942
7974125
7974539
7974845
7974955
7975272
7976004
7976676
7976917
7977177
7977285
7977333
7977814
7978154
7978283
7978477
7978824
7979376
7979454
7979786
7979819
7981309
7981346
7982284
7982525
8019589
8021279
8035384
8035527
8035738
8035749
8036284
8036889
8038503
8038660
8038685
8039865
8040181
8040544
8041024
8041991
8044491
8044526
8044848
8045203
8045434
8045452
8046212
8046267
8047406
8047438
8048393
8049593
8049995
8050099
8050593
8073146
8073570
8073662
8073778
8074295
8074898
8075610
8075791
8076468
8076671
8077085
8077900
8078556
8079211
8079228
8081234
8081988
8082584
8082807
8082903
8082991
8083098
8083201
8083288
8083784
8084052
8084243
8084293
8084746
8085389
8087256
8087740
8087904
8088329
8088848
8089329
8089686
8090110
8090321
8090345
8090699
8090764
8091053
8091568
8091653
8091693
8092502
8092856
8093907
8095710
8096815
8098247
8098915
8099967
8100023
8100548
8100705
8102076
8102108
8102678
8102993
8103552
8103743
8104576
8105747
8106756
8106954
8107033
8107492
8107652
8107822
8107909
8107942
8108304
8108374
8108812
8109642
8109662
8110934
8111303
8112077
8112302
8112748
8112757
8112860
8113065
8113900
8113953
8114192
8114897
8115075
8115269
8115419
8116346
8116431
8117254
8117562
8118204
8118377
8118544
8119114
8119377
8119465
8119474
8119912
8120353
8120936
8121043
8151797
8154273
8154971
8156252
8158067
8159233
8160645
8162715
8162876
8163172
8178467
8178974
8179043
8179348
8180251
8180326
8180476
8180875
8181280
8181308
8182923
8183157
8183255
8183502
8183601
8183727
8184495
8185420
8185565
8185719
8185747
8186232
8186780
8186790
8186879
8187162
8187727
8187997
8188005
8188267
8188415
8188426
8188488
8189031
8189544
8189892
8189946
8191747
8192170
8192960
8193132
8193135
8193139
8193188
8193396
8193578
8193606
8193700
8193909
8194000
8194380
8194489
8247621
8247958
8248394
8248838
8248990
8249914
8250198
8250233
8250245
8250521
8250541
8250809
8251136
8252100
8252167
8252416
8252832
8254080
8254728
8255868
8255937
8256641
8256858
8257278
8258657
8258880
8259101
8259113
8259753
8259759
8296148
8311087
8311802
8311926
8312009
8313720
8314098
8314646
8316555
8317304
8318626
8318716
8319246
8319920
8321107
8322596
8323379
8323414
8323678
8324648
8324800
8326328
8326333
8327087
8327849
8327908
8327969
8328239
8328911
8329198
8329244
8330029
8330389
8330450
8330572
8330909
8332290
8333655
8334120
8334820
8336167
8336446
8336687
8336897
8337192
8337263
8337835
8338026
8338466
8339162
8339206
8360789
8361430
8362828
8365482
8366497
8367440
8369353
8370995
8371685
8371760
8371919
8372311
8372703
8372718
8373164
8373731
8373950
8374041
8375071
8375215
8375218
8375715
8376176
8376316
8376560
8376619
8376626
8376646
8376741
8376803
8377081
8377173
8377267
8378165
8378331
8378821
8378857
8378996
8379044
8379059
8379378
8379686
8379915
8380823
8380950
8381420
8381665
8382007
8382071
8382759
8382900
8383120
8383335
8383431
8383606
8383617
8383811
8384432
8384812
8384984
8385123
8385168
8385235
8385748
8385859
8385949
8386445
8387063
8387066
8387255
8387303
8387342
8387832
8387887
8403693
8403866
8404280
8404524
8404595
8404672
8405056
8405143
8405167
8405208
8405329
8405481
8405629
8406215
8406447
8406920
8407294
8407463
8407706
8407707
8407839
8408244
8408536
8408731
8409355
8409462
8409864
8409948
8410077
8410393
8411078
8411612
8411763
8412217
8412481
8412963
8413166
8413697
8413943
8413965
8413969
8414167
8414212
8414471
8414723
8414948
8415028
8415223
8415265
8415310
8415782
8415812
8416106
8416777
8416919
8417085
8418020
8418551
8419048
8419069
8419905
8419994
8420211
8421067
8421460
8421686
8421840
8422064
8422344
8439682
8439895
8440155
8440269
8440616
8441212
8441297
8442171
8442494
8442768
8442960
8443355
8444216
8444302
8444848
8445261
8445789
8445848
8446177
8446360
8446828
8447080
8447318
8447497
8447620
8447765
8447804
8448302
8448337
8448608
8448689
8448968
8449039
8449084
8449467
8449475
8449498
8449586
8449726
8450447
8451166
8452045
8452054
8452489
8452725
8453187
8453332
8461309
8462787
8465260
8466594
8466812
8469167
8471187
8506661
8507031
8507052
8507643
8508005
8508024
8508408
8508456
8508552
8508578
8508726
8509199
8509476
8511118
8511401
8511437
8512624
8513435
8513463
8514086
8514389
8514573
8515194
8515201
8515351
8515462
8515651
8515712
8516090
8516492
8516589
8516618
8516627
8517134
8517258
8517305
8517329
8517658
8518682
8518850
8518912
8519378
8519998
8520272
8520504
8520651
8520718
8520829
8521058
8521125
8521213
8521836
8522446
8522672
8524107
8524175
8524416
8524425
8525684
8525784
8525827
8525891
8526724
8526832
8527213
8527252
8527773
8528235
8528290
8528470
8528722
8528951
8529188
8529378
8529724
8530128
8530137
8532279
8532619
8533226
8534366
8535482
8535552
8535604
8535943
8536506
8536523
8536967
8537023
8537677
8537809
8537833
8538797
8539200
8539388
8539587
8539600
8540422
8540851
8541243
8541386
8541721
8542408
8543021
8543843
8544433
8544815
8544849
8545191
8545411
8545814
8545990
8546121
8546481
8547406
8547435
8548302
8548996
8549017
8549137
8549254
8549303
8549357
8549449
8550257
8550537
8550947
8551255
8551497
8551636
8551801
8551838
8552006
8552054
8552488
8552651
8552663
8552898
8553293
8553825
8553933
8554179
8555665
8555702
8555724
8555746
8556901
8557770
8557790
8557832
8557966
8558790
8559045
8559055
8559281
8559347
8559437
8559511
8559709
8559712
8559991
8560340
8561062
8561103
8561208
8561341
8561815
8562290
8562458
8562700
8563420
8563635
8563815
8563985
8564936
8565195
8565260
8565498
8566080
8566233
8566725
8728012
8728294
8728364
8730420
8730425
8731577
8731764
8732391
8732644
8734383
8734635
8735229
8736028
8736210
8737059
8738403
8738658
8738785
8739684
8740483
8742359
8742528
8743550
8778157
8778648
8780623
8780941
8781707
8782293
8782354
8782619
8782739
8784512
8785156
8785863
8785930
8786954
8787944
8788089
8788607
8789178
8789647
8790041
8790557
8790639
8790742
8791017
8791071
8792283
8792538
8792556
8793250
8793630
8794025
8794113
8809738
8810034
8811189
8811309
8811394
8811514
8811948
8812319
8812952
8813184
8813261
8813858
8813993
8814920
8815279
8815753
8816188
8816325
8816474
8817470
8817684
8817985
8818155
8818290
8818990
8819608
8819918
8820376
8820755
8820971
8821485
8821692
8821746
8822174
8822602
8822851
8855169
8855369
8855532
8856528
8857085
8857835
8858083
8858388
8858490
8859483
8859876
8860110
8860113
8860912
8861015
8861249
8861495
8861633
8861805
8861981
8862273
8862470
8862889
8862914
8863213
8864151
8864819
8865596
8865739
8865801
8865844
8866124
8866365
8866409
8866702
8866982
8867119
8867586
8867937
8868257
8868563
8869154
8869516
8869752
8870376
8870406
8870413
8870855
8871212
8871432
8872004
8872094
8872161
8873037
8873150
8873301
8873358
8873485
8873517
8874054
8892785
8895153
8898832
8900278
8904270
8905415
8906192
8951288
8951861
8952081
8952408
8952478
8952499
8952716
8954121
8954656
8955004
8956185
8957355
8957580
8957696
8958222
8958448
8959248
8959651
8960536
8960708
8960790
8961010
8961580
8961628
8961689
8961705
8961767
8961809
8962115
8962165
8962179
8962812
8962936
8962980
8963050
8963708
8963790
8964226
8964492
8964762
8964765
8964831
8988286
8989197
8989993
8990178
8990211
8990236
8990381
8990553
8991109
8992122
8992508
8992539
8992577
8992810
8993931
8994146
8994505
8994623
8994658
8995025
8995503
8996276
8996394
8996472
8997403
8997474
8998488
8998603
8999663
8999721
8999814
8999833
8999948
9000615
9000664
9001146
9001556
9001787
9002760
9003056
9034817
9034824
9034891
9034906
9035187
9035616
9035717
9036290
9036476
9037406
9040572
9041579
9041973
9042511
9042566
9043045
9043137
9043438
9045435
9047536
9051661
9052664
9052874
9053486
9055002
9055358
9055472
9055479
9055640
9055763
9055872
9055965
9056148
9056159
9056227
9057176
9057617
9057636
9057717
9058005
9058113
9059045
9059131
9059321
9059658
9060369
9060816
9061267
9061799
9062409
9062510
9062614
9062887
9063351
9063362
9067210
9070645
9074553
9121748
9121771
9122100
9123097
9123979
9124336
9124825
9124829
9125194
9125341
9125443
9125606
9126227
9126374
9126597
9126656
9127447
9127588
9128028
9128666
9128704
9128888
9129159
9129249
9129979
9130015
9130328
9130902
9131479
9131656
9131800
9132185
9132191
9132236
9132449
9133364
9133560
9133590
9133965
9134455
9134527
9134716
9134991
9135076
9135293
9135971
9136022
9136123
9136539
9136702
9136878
9136895
9137013
9137041
9137104
9137163
9138156
9138363
9138558
9138914
9139217
9139274
9139655
9139902
9140241
9140405
9140521
9140647
9140857
9140901
9140986
9141109
9141144
9141218
9141543
9142052
9142152
9142411
9142954
9143077
9143355
9143535
9143596
9143863
9144012
9144351
9144371
9144487
9144527
9144611
9144732
9145430
9145737
9145809
9146281
9146411
9146413
9146829
9147113
9147307
9148365
9148464
9148870
9149132
9149287
9149474
9149664
9149983
9150010
9150050
9155528
9163060
9172394
9176290
9178196
9214470
9216967
9218081
9220339
9221756
9221896
9252660
9252736
9252780
9252963
9253090
9253251
9253569
9254242
9254788
9255340
9255998
9256091
9256272
9256968
9257443
9257680
9257828
9257876
9258340
9258367
9258604
9259209
9259359
9259705
9259881
9260223
9260225
9260299
9260317
9260722
9260796
9260935
9261020
9261044
9261228
9261232
9261251
9261344
9262303
9262509
9262706
9263718
9263746
9263892
9264230
9264253
9264339
9264352
9264362
9264376
9264444
9264575
9264855
9265088
9265150
9265163
9265212
9265254
9265292
9265730
9265755
9266060
9266443
9266884
9266920
9267089
9267208
9267449
9267548
9267700
9267791
9267906
9267951
9268149
9268153
9268294
9269024
9269043
9269238
9269389
9269533
9270325
9270666
9271678
9272262
9272532
9272564
9272569
9274754
9274983
9275055
9276734
9277108
9277354
9277609
9278502
9312524
9314867
9320210
9321186
9322724
9323186
9323791
9324198
9324767
9324854
9324909
9325079
9325087
9325153
9325373
9325389
9325676
9326401
9326513
9326571
9327185
9327433
9327498
9328213
9328394
9330125
9330142
9330187
9330388
9330659
9330669
9330719
9331071
9331474
9331549
9331655
9331686
9331750
9332208
9332423
9332554
9332816
9332820
9332856
9333063
9333221
9333446
9333812
9333944
9334357
9334477
9334950
9335444
9335532
9335831
9335889
9335946
9336226
9336441
9336723
9336770
9336961
9337086
9337123
9337144
9337288
9337800
9338516
9338651
9338888
9339029
9339183
9339351
9339427
9340655
9340666
9340920
9340949
9341565
9353720
9353844
9354482
9354502
9355044
9355230
9355252
9355399
9355690
9355763
9356375
9356731
9357128
9357635
9357700
9357752
9358102
9358105
9358235
9358680
9359169
9359372
9359654
9360271
9360464
9360470
9360979
9361500
9361509
9361546
9362693
9362871
9363207
9364084
9364104
9364261
9364502
9364775
9364970
9364979
9365278
9365374
9366880
9367171
9367359
9368420
9369004
9369268
9369815
9369848
9370074
9370583
9371007
9371795
9371849
9371866
9380010
9403567
9442985
9443043
9443269
9443360
9443573
9443761
9444157
9444692
9445252
9445456
9445789
9446590
9447239
9447378
9447392
9447396
9447444
9447557
9447962
9448462
9448811
9449348
9449417
9449839
9450056
9450359
9450658
9451028
9451067
9451253
9451441
9451451
9451548
9451938
9452223
9453178
9453605
9453663
9453972
9454226
9454358
9454614
9454700
9454854
9455530
9455655
9455821
9456545
9456937
9457224
9457330
9457666
9457693
9458005
9458557
9458647
9458837
9458871
9458883
9459437
9459712
9459827
9460179
9460468
9460603
9461261
9461459
9462915
9462938
9463191
9463497
9464080
9464465
9464495
9464707
9464840
9465432
9465550
9465581
9465623
9465657
9465668
9465747
9465761
9465824
9465826
9466155
9466484
9466657
9466845
9467114
9467800
9468401
9468605
9468817
9469001
9469081
9469230
9469429
9469480
9469977
9469979
9470152
9470215
9470375
9470566
9470789
9470982
9471180
9471979
9472348
9472785
9472928
9473350
9473539
9473592
9473763
9474242
9474314
9474492
9475158
9475631
9475930
9476762
9476945
9477201
9477643
9478067
9478073
9478150
9478193
9478303
9478370
9478600
9478656
9478910
9479036
9479133
9479361
9479831
9480034
9480039
9480074
9480163
9480576
9480776
9480871
9480912
9480948
9481252
9481387
9481573
9481641
9481822
9482291
9482405
9482587
9482596
9483024
9483276
9483480
9483627
9483659
9483805
9483880
9483975
9484470
9484719
9485080
9485086
9485113
9485741
9486957
9487495
9487642
9487766
9487853
9488040
9488974
9488982
9489134
9489283
9489449
9489805
9490258
9490835
9491458
9491524
9491840
9495899
9501317
9502784
9508966
9510030
9519408
9548244
9549431
9572163
9575797
9576168
9576592
9576631
9576856
9577169
9577268
9577593
9577791
9577874
9578064
9578211
9578264
9578370
9578878
9578979
9579170
9579192
9579616
9579763
9579885
9580550
9580636
9580749
9581039
9581133
9581229
9581674
9582614
9582714
9583404
9583459
9583593
9583811
9584176
9584388
9584565
9584704
9584712
9584849
9585175
9586315
9586558
9587030
9587662
9587724
9587926
9588172
9588189
9588408
9588511
9589187
9589242
9590748
9590876
9591136
9591400
9591660
9591851
9592121
9592281
9592374
9593133
9593483
9593618
9593882
9633091
9633358
9633736
9634576
9635025
9635339
9635608
9635642
9635691
9635812
9636425
9636658
9636746
9637513
9637588
9638146
9638665
9638981
9639490
9640038
9640201
9640369
9640526
9640686
9641142
9641482
9641997
9642361
9642895
9642941
9643016
9644229
9644242
9644520
9644925
9645149
9645507
9645658
9646014
9646212
9646268
9646373
9646415
9646737
9646758
9646930
9646948
9647572
9647751
9647850
9647856
9648896
9649605
9649786
9691922
9691924
9692197
9692328
9692525
9693002
9693091
9693572
9693718
9694033
9694042
9694071
9694184
9694270
9694796
9695001
9695014
9695542
9695950
9695994
9696012
9696016
9696087
9696323
9696964
9697459
9697736
9697947
9698000
9698050
9698453
9699636
9700145
9700278
9700356
9700915
9700982
9701440
9701482
9701787
9702051
9702107
9702199
9702294
9702311
9702693
9702959
9703080
9703244
9703408
9703432
9703499
9703668
9703845
9703896
9704177
9704216
9704601
9704967
9705067
9705217
9705320
9705325
9705330
9705471
9705722
9706382
9707189
9707234
9707381
9707476
9707724
9707736
9707967
9708483
9708842
9708853
9709052
9709401
9709550
9709728
9710058
9710105
9710173
9710269
9710436
9710438
9710912
9711330
9711604
9711892
9712105
9712247
9712270
9712540
9712632
9712818
9713271
9713649
9713704
9713732
9714160
9714228
9714316
9714322
9714348
9714425
9714448
9714896
9715278
9715943
9716109
9716370
9716843
9717027
9717309
9717425
9718337
9755124
9756277
9760688
9765183
9765602
9766987
9768096
9772224
9774424
9774520
9779706
9779751
9780859
9782247
9785274
9790606
9791181
9817197
9817238
9817658
9817786
9817815
9818264
9818482
9818502
9818671
9818749
9819337
9819893
9819971
9820067
9820325
9820634
9820646
9820782
9821432
9821665
9822231
9822269
9822520
9822714
9823287
9824216
9824866
9824925
9824952
9825331
9825396
9825885
9826025
9826714
9827000
9827157
9827813
9828030
9828686
9829228
9829235
9829267
9829745
9829798
9830176
9830397
9830555
9831499
9831893
9831967
9832135
9832391
9833674
9833803
9834087
9834145
9834294
9834444
9835071
9835102
9835483
9835892
9882387
9882616
9883142
9883622
9883896
9884246
9884392
9884447
9884468
9884553
9884618
9884714
9884889
9885171
9885364
9885513
9885518
9885732
9885735
9886024
9886361
9886891
9886970
9887478
9887731
9887930
9888080
9888313
9888493
9889411
9889746
9890451
9891556
9891647
9891911
9892348
9892499
9893681
9894509
9894574
9895541
9895630
9896207
9896399
9896740
9896775
9897137
9897318
9897336
9897448
9898444
9898702
9898801
9899481
9899506
9899857
9899968
9901944
9903331
9903582
9903707
9904112
9904240
9904302
9904396
9904995
9905096
9905178
9905871
9906575
9906795
9907189
9907245
9907403
9907602
9907981
9908085
9908489
9908543
9908865
9908874
9909746
9962284
9962486
9962608
9962849
9963358
9963553
9964265
9964374
9964576
9964616
9964887
9965085
9965224
9965324
9965726
9965811
9965978
9966391
9966394
9966798
9967236
9967379
9967579
9967615
9968072
9968210
9968984
9969114
9969318
9971607
9989737
9989846
9990691
9990711
9991410
9991620
9992171
9992458
9992730
9992861
9993153
9993375
9993522
9993717
9993931
9994312
9994611
9994968
9995354
9995602
9997004
9998886
9999891
10000228
10000381
10000404
10001010
10003233
10003380
10005064
10005609
10005873
10007426
10007843
10007982
10008325
10008462
10008705
10008931
10009099
10011631
10013926
10014319
10021091
10021566
10021831
10022932
10024958
10024959
10025668
10025718
10026046
10026118
10026443
10026993
10027148
10027608
10027638
10027929
10028066
10028161
10028649
10028763
10029140
10029267
10030594
10030612
10031989
10032039
10032172
10032395
10032699
10032825
10033975
10034159
10035471
10035569
10035630
10035639
10036302
10036574
10037968
10038144
10039179
10039220
10039416
10039488
10039769
10039821
10040290
10040392
10040396
10040882
10102219
10122916
10122921
10123076
10123645
10123705
10123732
10123768
10124437
10124449
10124491
10124524
10124619
10124638
10124692
10124760
10124858
10124862
10124952
10125083
10125415
10125575
10125660
10125672
10126169
10126794
10127049
10127648
10127971
10128612
10128686
10128754
10128862
10129029
10129164
10129181
10129579
10130170
10130438
10131097
10131644
10131952
10132042
10132113
10132401
10132653
10132780
10133003
10133863
10134200
10134578
10135073
10135415
10135447
10135855
10136103
10136319
10136575
10136869
10136884
10136967
10137800
10138258
10195335
10195584
10195604
10196135
10196895
10199240
10201176
10202006
10202865
10203400
10203801
10204125
10204372
10204466
10205129
10205833
10205919
10205948
10206945
10208371
10208631
10209060
10209087
10209158
10209371
10209662
10209829
10209832
10209876
10210436
10210649
10211226
10211467
10212050
10212583
10212718
10212728
10212775
10213103
10213463
10213614
10213902
10214263
10214371
10214382
10214392
10214396
10214936
10214950
10215842
10216439
10216978
10217057
10217118
10217469
10217549
10217745
10218287
10218492
10218579
10218880
10219201
10219221
10219339
10220298
10220580
10221157
10221437
10221734
10241871
10242053
10242456
10242659
10243305
10243872
10243984
10244364
10245004
10245621
10246092
10247559
10248834
10249043
10249997
10250959
10251048
10252526
10253787
10254097
10255498
10257220
10257559
10258128
10258508
10258942
10259459
10259943
10260015
10260119
10260519
10262985
10263122
10263344
10263755
10267181
10267663
10267671
10268702
10269214
10269600
10270014
10270584
10270881
10302143
10302304
10303357
10303589
10303882
10303933
10304234
10304320
10304773
10304870
10304883
10304923
10305236
10305563
10306024
10306245
10306325
10306425
10307066
10307257
10307433
10307591
10308134
10308449
10309438
10310599
10311066
10311338
10311669
10311759
10311885
10312161
10312753
10312808
10313143
10314504
10314505
10314535
10314583
10314616
10314661
10314785
10315116
10315289
10315551
10315695
10316158
10317021
10317093
10317131
10317231
10328921
10328926
10329093
10329263
10329308
10329456
10329530
10329666
10329841
10330101
10330201
10330316
10331686
10331893
10331958
10332030
10332123
10333497
10333622
10333731
10333898
10334374
10334479
10334525
10334701
10334738
10334739
10334772
10335075
10335174
10335983
10336027
10336213
10336595
10336768
10337048
10337097
10337263
10337498
10337666
10337697
10337765
10338388
10338593
10338628
10338632
10338638
10338671
10338802
10338854
10338966
10339092
10339638
10339671
10340933
10341392
10341986
10342368
10342533
10342651
10342954
10343038
10343193
10363549
10363689
10364791
10365027
10365051
10365287
10365324
10365428
10365505
10365993
10366190
10366241
10366497
10366618
10366640
10366658
10366805
10367052
10367101
10367432
10367585
10368237
10368363
10368458
10368967
10369287
10369349
10370147
10370260
10370287
10370649
10370876
10370935
10371476
10371915
10372128
10372171
10372708
10372817
10373137
10373557
10374746
10374860
10375304
10375686
10375741
10375894
10375914
10376443
10376972
10376995
10377200
10377232
10377243
10377764
10378330
10378906
10378940
10379022
10379740
10379869
10380984
10386563
10386619
10489505
10491697
10493356
10499425
10500376
10500532
10500860
10530018
10530050
10531906
10535437
10537781
10538290
10625114
10625567
10626102
10626667
10626891
10627056
10627153
10627748
10628346
10628567
10629051
10629169
10629259
10630139
10630814
10632466
10632584
10633606
10633762
10634016
10634018
10634255
10634471
10634529
10635054
10635148
10635186
10635414
10635486
10636288
10636410
10636618
10637808
10638501
10638855
10639099
10639200
10639646
10639655
10639787
10639882
10640127
10656971
10659812
10666883
10680964
10682172
10683657
10684070
10684668
10685159
10685320
10685387
10685735
10686564
10687323
10687472
10688302
10688368
10689330
10689764
10690118
10690121
10690146
10690308
10690378
10690502
10690614
10709776
10710054
10710163
10710444
10710477
10710948
10711615
10711749
10711794
10712142
10712192
10712288
10712442
10712774
10712879
10713019
10713357
10713925
10714411
10714656
10714899
10715058
10715185
10715328
10715343
10715832
10716341
10716428
10716795
10717053
10717079
10717544
10717651
10717719
10717788
10718188
10718327
10718677
10718680
10718888
10718931
10719022
10719286
10719482
10720067
10720368
10720505
10720595
10720633
10720860
10721072
10721714
10721976
10722040
10722090
10722177
10722391
10749071
10749132
10749490
10749509
10750132
10750202
10750516
10750565
10751717
10753312
10753415
10754171
10754644
10755366
10756509
10756581
10756792
10759558
10759702
10759925
10760414
10761469
10762032
10762739
10762852
10762870
10762996
10763419
10763843
10764388
10764688
10765152
10765285
10767233
10767422
10767599
10767707
10768697
10768914
10770042
10770105
10770417
10770837
10771354
10772698
10773198
10774207
10775328
10776887
10777576
10779760
10798577
10798590
10799400
10799472
10800308
10800591
10801382
10801902
10803021
10806651
10806682
10807227
10807447
10808270
10809954
10809965
10812256
10813112
10813163
10840611
10842706
10843245
10843987
10844180
10844418
10845466
10845554
10845741
10845767
10845978
10846031
10846675
10847410
10847879
10848005
10848168
10848288
10848712
10849276
10849400
10849508
10849561
10849805
10850202
10850310
10850626
10851304
10851851
10851897
10852134
10852901
10852994
10853098
10853466
10853492
10853500
10853792
10854137
10854369
10854405
10854736
10856537
10856763
10857098
10857140
10858051
10879584
10883864
10883919
10887305
10888342
10889354
10891248
10894352
10894606
10894832
10895671
10896143
10896146
10896197
10897281
10898427
10898780
10899154
10899701
10899973
10901486
10901744
10901771
10903078
10904218
10904814
10904823
10905112
10905205
10906885
10907159
10907249
10908534
10909088
10909405
10910681
10912218
10913525
10914117
10914612
10914828
10915077
10919201
10967161
10967346
10967822
10968421
10968807
10970003
10970254
10970268
10970319
10971192
10971447
10971673
10971742
10971867
10971885
10971942
10972149
10972385
10972437
10973136
10973528
10973717
10974180
10974304
10974517
10974756
10974903
10975489
10975650
10975920
10976092
10976553
10976710
10976807
10976878
11009354
11009777
11010365
11010744
11010991
11012185
11012837
11013859
11014003
11015408
11016271
11016880
11017488
11018678
11019729
11020235
11021080
11021676
11021821
11022830
11023037
11024338
11024366
11024412
11024660
11045658
11045810
11046020
11046051
11046277
11046286
11046918
11047238
11047521
11047869
11047915
11048114
11048311
11048898
11049042
11049215
11049492
11049775
11049787
11049977
11050692
11051375
11051472
11051521
11051766
11051846
11052176
11052783
11053670
11054104
11054435
11055178
11055275
11055306
11055416
11055788
11056306
11056664
11056798
11056876
11074168
11074864
11075863
11077608
11078274
11081328
11084629
11085391
11089423
11089620
11090358
11091169
11092418
11092902
11094115
11098850
11098941
11100405
11101984
11102451
11102630
11103526
11104711
11104867
11105903
11107641
11107782
11109419
11109963
11110630
11110865
11111175
11112254
11112327
11112895
11113466
11113739
11113798
11114430
11115649
11116942
11117295
11117389
11117815
11117997
11118552
11118834
11118846
11118920
11119010
11119109
11119435
11119801
11120004
11120224
11120579
11120595
11120735
11122566
11123436
11123775
11124030
11124148
11124307
11124606
11124788
11126587
11127375
11127661
11127708
11128218
11128693
11128781
11128939
11129019
11129393
11129556
11129602
11130091
11130365
11131155
11131255
11132356
11132677
11132990
11133044
11133385
11133725
11133873
11133920
11134035
11134234
11134478
11134749
11179764
11180982
11181091
11182305
11185589
11188324
11190637
11191387
11192237
11192659
11193216
11206592
11208009
11208566
11212793
11213159
11217466
11219067
11219164
11219330
11219669
11219878
11220037
11220622
11220623
11221186
11221233
11221893
11222016
11222384
11222672
11222699
11222750
11222760
11222812
11222981
11223149
11223489
11223588
11223718
11224787
11225072
11225162
11225221
11225425
11225515
11226144
11226252
11226362
11226620
11226623
11226663
11226671
11226932
11226976
11227776
11227799
11227897
11228185
11228342
11228553
11228560
11228580
11228821
11229370
11230050
11230140
11230651
11230749
11230792
11231011
11231263
11231307
11231484
11231523
11231819
11232088
11232416
11232504
11232929
11233168
11233195
11233214
11233593
11233813
11233843
11233855
11234028
11234417
11234456
11234673
11234674
11234718
11234750
11234983
11235017
11235115
11235125
11235178
11235406
11235464
11235477
11236098
11236149
11236681
11236708
11236855
11245241
11252763
11253461
11366653
11367169
11367313
11367550
11368719
11369559
11369789
11369918
11369979
11370277
11371006
11371104
11371276
11371426
11371464
11372128
11372242
11372422
11372464
11372514
11372515
11372743
11373100
11373851
11374077
11374652
11375965
11376421
11376872
11377209
11377213
11377718
11378020
11400760
11401185
11402273
11403582
11403665
11404314
11406045
11406085
11409546
11409778
11457693
11463361
11463646
11467703
11467895
11468870
11468961
11469283
11469292
11469349
11469512
11469610
11470217
11470316
11470735
11471303
11471546
11472197
11472353
11472741
11473195
11473311
11474505
11474955
11475591
11477132
11477180
11477228
11478363
11478425
11480368
11480821
11480956
11482115
11483055
11485100
11504169
11504210
11504449
11504458
11504873
11504884
11504922
11505078
11505103
11505143
11505446
11505521
11505560
11505756
11505945
11505981
11506268
11506475
11506583
11507149
11507317
11507508
11507678
11508073
11509588
11509589
11509633
11509660
11510140
11510490
11510525
11510643
11511197
11511275
11511810
11511950
11512007
11512421
11512492
11512653
11512661
11512782
11512899
11513644
11513796
11514288
11514408
11514409
11515786
11515817
11516426
11516728
11516881
11516946
11517317
11517603
11517752
11517833
11517855
11517859
11517880
11518205
11518384
11518766
11519125
11519659
11519936
11519992
11520662
11521053
11521866
11522138
11522354
11522636
11522692
11522839
11522874
11524775
11525805
11525926
11527555
11527832
11536546
11536672
11537525
11539351
11539854
11540229
11540683
11541134
11542126
11542160
11542638
11544970
11545163
11545751
11546412
11546464
11546467
11546787
11547429
11547791
11548354
11567534
11567609
11568030
11568345
11569372
11569522
11569974
11570145
11570308
11570585
11570953
11571501
11571618
11572165
11573889
11574715
11574800
11575868
11575980
11576205
11576431
11576991
11577064
11577372
11577598
11577727
11578345
11578848
11578946
11578976
11580335
11581630
11581790
11583565
11583708
11584378
11584498
11584516
11584771
11585294
11585300
11585417
11585872
11586077
11586221
11586237
11586413
11586418
11586823
11587067
11587190
11587203
11587270
11587326
11587341
11587874
11588006
11588145
11588946
11589052
11589379
11589382
11589472
11589982
11590282
11590645
11590661
11590677
11590853
11590858
11591170
11591366
11591643
11591689
11591763
11592378
11592655
11592844
11592994
11593044
11593619
11593694
11594365
11594447
11594891
11595070
11595106
11595505
11595624
11595741
11595983
11595987
11596135
11596419
11596726
11596938
11596958
11597129
11597195
11597387
11598000
11598226
11598443
11598831
11599045
11599340
11599365
11599566
11600169
11600180
11600335
11600444
11600825
11600888
11601607
11601784
11602017
11602172
11604348
11606296
11612372
11614043
11617492
11637004
11638550
11639374
11639675
11641089
11641878
11643195
11644611
11645658
11647991
11651011
11689793
11689807
11689903
11689978
11690336
11690402
11690436
11691051
11691563
11691621
11691667
11691861
11693312
11694279
11694326
11694625
11695695
11695935
11696329
11696697
11697318
11698249
11698261
11698749
11699642
11700184
11700465
11700770
11700825
11700981
11701670
11702056
11702215
11703787
11704143
11704900
11704902
11705312
11708376
11737228
11737966
11738114
11738590
11738673
11738700
11739002
11739264
11739677
11739827
11739848
11740156
11740745
11740975
11741230
11741358
11741372
11741414
11741477
11741660
11741673
11741766
11742106
11742223
11742385
11742604
11742714
11742828
11743000
11743059
11743073
11743638
11743775
11744227
11744573
11744633
11744897
11745279
11745610
11745903
11746010
11746151
11746248
11746552
11746568
11746740
11746829
11746963
11747076
11747302
11747926
11748948
11749104
11749300
11749365
11749727
11749752
11749893
11749923
11750568
11750741
11750956
11751134
11751754
11752127
11752534
11752726
11752808
11752970
11753004
11753421
11754343
11754872
11755501
11771751
11774971
11775627
11775718
11794235
11794467
11794923
11794954
11794962
11795033
11795043
11795565
11795960
11796086
11796177
11796815
11797016
11797055
11797610
11797735
11797950
11798240
11798295
11798459
11798519
11798877
11798920
11798977
11799073
11799209
11799302
11799483
11799490
11799692
11799931
11799994
11800092
11801169
11801237
11801403
11801486
11801610
11802195
11802399
11803127
11803719
11803827
11805235
11807773
11818048
11819117
11819162
11819821
11820362
11820626
11820819
11820873
11821077
11821620
11821652
11821666
11821696
11822232
11823508
11824059
11825162
11825436
11825513
11825609
11825668
11825675
11825896
11825949
11826210
11826246
11826689
11826968
11828063
11828078
11828184
11828371
11828820
11829002
11829316
11829744
11830911
11830981
11835492
11838098
11870330
11870425
11870541
11870952
11871032
11871439
11872173
11872223
11872441
11872509
11872537
11873193
11873290
11873512
11873936
11874419
11874749
11874876
11875016
11875397
11875416
11875550
11875858
11876414
11876616
11877095
11877798
11877828
11878324
11878332
11878711
11879100
11879299
11879323
11880653
11880704
11880837
11880952
11881077
11881084
11881180
11882030
11882092
11882298
11882681
11883333
11883590
11883835
11884548
11884646
11884810
11884973
11885087
11885145
11885824
11885921
11885975
11886081
11886497
11886591
11886750
11886798
11886950
11887003
11887312
11887589
11887761
11888369
11888519
11888558
11888876
11888961
11888991
11889025
11890206
11890265
11890331
11890339
11891029
11891338
11891606
11891843
11892041
11892669
11892800
11892868
11893378
11894045
11894163
11894284
11894641
11894801
11894819
11894876
11895759
11895843
11895936
11896132
11896350
11896354
11896541
11896606
11897115
11897558
11898099
11898175
11898311
11898463
11898949
11899036
11899226
11899457
11899726
11899763
11899992
11900007
11900050
11900378
11900573
11900780
11900841
11900855
11901249
11901383
11930125
11935358
11952291
11954026
11957656
12012815
12014015
12014062
12014233
12014300
12014361
12014470
12014476
12014711
12014818
12014927
12014994
12015036
12015264
12015560
12015905
12015996
12016392
12016564
12016680
12016695
12017625
12017743
12017922
12018104
12018147
12018867
12018877
12019039
12019381
12020129
12020575
12020776
12020935
12021718
12022024
12022228
12022291
12022499
12022581
12023041
12023307
12023556
12024089
12024105
12024801
12025638
12025831
12026262
12026277
12026399
12026938
12027285
12027448
12027751
12028048
12028130
12029054
12029724
12039388
12072051
12075506
12075774
12076642
12076926
12077613
12078020
12079248
12079428
12079521
12079543
12079667
12079785
12080442
12082448
12082663
12084842
12096118
12096256
12096307
12096315
12096637
12096638
12096689
12096701
12096739
12096861
12096991
12097030
12097278
12097517
12097725
12097947
12098245
12098298
12098571
12099243
12099448
12099459
12099672
12099810
12100660
12100752
12101199
12101347
12101431
12101926
12101992
12102533
12102653
12102754
12103119
12103165
12103311
12103454
12103801
12103908
12104321
12104466
12104733
12105269
12105457
12105820
12105896
12106236
12106263
12106505
12106558
12106680
12106755
12106806
12106848
12106958
12106987
12107185
12107355
12107650
12107977
12108164
12108191
12108320
12108490
12109119
12109133
12109483
12109546
12109656
12109754
12110343
12110695
12110757
12110875
12111069
12111181
12111789
12112023
12112779
12113506
12113528
12113798
12113832
12114156
12115721
12116096
12118681
12183894
12184437
12184514
12184733
12185473
12185791
12185925
12186329
12186350
12186445
12187148
12188365
12188387
12189184
12189479
12189825
12191001
12191399
12191588
12191667
12192034
12192069
12192340
12192342
12192817
12192989
12193412
12193555
12193652
12193844
12193999
12194257
12194786
12194824
12195087
12195167
12195486
12195553
12195881
12195946
12195972
12196998
12197095
12197181
12197349
12198403
12199218
12199254
12199597
12199769
12200318
12201315
12203598
12204711
12217216
12217495
12217984
12217987
12218443
12218489
12218503
12219073
12219077
12220135
12220279
12220432
12220811
12221632
12222926
12222928
12223578
12224275
12225157
12225268
12226064
12226832
12226948
12227188
12227451
12227471
12228309
12228807
12229449
12229538
12229614
12229933
12231114
12231722
12232487
12234281
12234292
12234402
12234585
12235161
12239818
12239941
12241474
12277592
12278817
12280744
12339442
12346408
12352769
12354894
12355301
12356505
12361052
12366201
12366434
12366679
12366915
12366966
12367546
12367611
12367821
12368030
12368042
12368325
12368333
12368350
12368378
12368828
12369729
12369952
12370489
12370580
12370771
12370774
12370971
12371059
12371121
12371507
12372042
12372446
12372450
12372800
12372914
12372981
12373091
12373504
12373531
12373878
12374322
12374372
12374392
12374812
12374969
12375376
12376179
12377109
12377157
12377324
12377583
12377667
12378065
12378244
12378573
12378621
12378978
12379062
12379164
12379861
12380107
12380332
12383004
12384360
12385269
12458363
12458378
12459768
12459772
12459895
12459983
12460305
12461617
12461712
12462092
12462201
12463260
12463808
12463899
12464749
12465246
12465531
12466037
12466055
12466181
12466553
12466960
12467304
12467926
12468793
12473583
12478918
12479039
12479047
12479477
12479731
12480093
12480891
12480977
12481150
12481319
12482008
12482720
12483048
12483776
12483896
12484056
12484275
12484326
12484653
12484717
12485118
12485164
12485565
12485750
12485856
12485953
12486027
12486372
12486714
12487586
12487628
12488084
12488125
12488258
12488274
12488426
12489852
12490055
12490059
12490280
12490419
12490559
12491073
12491078
12491103
12491263
12491350
12491451
12491699
12491768
12492459
12492700
12493022
12493299
12493596
12493665
12493954
12493976
12494087
12494279
12496011
12496485
12496608
12497226
12498203
12498235
12498694
12498717
12498797
12499100
12500847
12501423
12503695
12503712
12504626
12505700
12506536
12506597
12507057
12507279
12507330
12508539
12508845
12508957
12509110
12509673
12511046
12511654
12521866
12530977
12531174
12531412
12531551
12531662
12531833
12531853
12532171
12533136
12533359
12533780
12534244
12534488
12534781
12535506
12535573
12536291
12536319
12536426
12536734
12536780
12537051
12537087
12537120
12537532
12537878
12538019
12538296
12538879
12539376
12539812
12539827
12539917
12540278
12540359
12540389
12540393
12540452
12540635
12540689
12540747
12540789
12541112
12541574
12541673
12541850
12542945
12543049
12543965
12544186
12544395
12544421
12545005
12545106
12545376
12545493
12545566
12545703
12546015
12546369
12547481
12547871
12547962
12548561
12548719
12548936
12550155
12550656
12551035
12552049
12552353
12552808
12553536
12554624
12555020
12555124
12555289
12555622
12556429
12557650
12558668
12558786
12558944
12559536
12561921
12563172
12614223
12623798
12624357
12624600
12624773
12624967
12626792
12626990
12627217
12627262
12627496
12628360
12628410
12628645
12629927
12630737
12630738
12630797
12631524
12631529
12631988
12632211
12632450
12632600
12633811
12633921
12635679
12635830
12635884
12636138
12636844
12636879
12637533
12637882
12638299
12640145
12641251
12641781
12690511
12697952
12698038
12698164
12698441
12699017
12699022
12699672
12699674
12699884
12700475
12700737
12700985
12701063
12701279
12701556
12701963
12701969
12702581
12702914
12703067
12703222
12703224
12703245
12703384
12704062
12704214
12704333
12704361
12704388
12704470
12704682
12705238
12705995
12706122
12706270
12706357
12706407
12706590
12706641
12707206
12707279
12707351
12707382
12707787
12707869
12707877
12708115
12708189
12708700
12709021
12709050
12709486
12709511
12709649
12709842
12709943
12710154
12710489
12710706
12711000
12711071
12711268
12711375
12711449
12711482
12711651
12718366
12753709
12753713
12754001
12754575
12754854
12755198
12755892
12756012
12756658
12757255
12758260
12758580
12758670
12758802
12759134
12759483
12759717
12761485
12761700
12761831
12763102
12763274
12763726
12764488
12765763
12766205
12766410
12768153
12770294
12771706
12771911
12772076
12775748
12776202
12782557
12786551
12819358
12819401
12819436
12819444
12821407
12822026
12822121
12822393
12822540
12822928
12822930
12823068
12823947
12824456
12824497
12824989
12825289
12825579
12825599
12825925
12826332
12826652
12826807
12827130
12827648
12827993
12829224
12837830
12873748
12874154
12874811
12874999
12876390
12876440
12876479
12877504
12877957
12878211
12878328
12878603
12879512
12879793
12880528
12880681
12881157
12881286
12881622
12881942
12882499
12882881
12882994
12883056
12883957
12884433
12885298
12886104
12886236
12886546
12886847
12887237
12887340
12887861
12888652
12890692
12891599
12892563
12933547
12935932
12936240
12936366
12937161
12937270
12937677
12938315
12938459
12938984
12939182
12940093
12940140
12940312
12940559
12940741
12940865
12941446
12941546
12941933
12942296
12942770
12942945
12942992
12943181
12944269
12944271
12944354
12945072
12945275
12945431
12945993
12946088
12947392
12948250
12948813
12949200
12949364
12950186
12954667
12958998
12959723
13061001
13063893
13130574
13131781
13131857
13132021
13132298
13132754
13133157
13133258
13133359
13134412
13134449
13134485
13134723
13134899
13135052
13135783
13136549
13136717
13137046
13137322
13137484
13137682
13137872
13138119
13138974
13139256
13139510
13140258
13140261
13140601
13140965
13141165
13141182
13141200
13141401
13141763
13141797
13142520
13142621
13151765
13154253
13165464
13166003
13166546
13166677
13168678
13170796
13171263
13171469
13171537
13171685
13172276
13173870
13173935
13175346
13175519
13175534
13176190
13176555
13176591
13176985
13177236
13177395
13177484
13177971
13177974
13178517
13178802
13179176
13179563
13179595
13179690
13179700
13179879
13180177
13181340
13181428
13181767
13181877
13182550
13182685
13183403
13183446
13184121
13184530
13184764
13184855
13185268
13185291
13185461
13185902
13186104
13186218
13186283
13189787
13191394
13283680
13284179
13284249
13284256
13284479
13284497
13284892
13285139
13285276
13285442
13285893
13286336
13286354
13286411
13286550
13286636
13286805
13286959
13287299
13287651
13287663
13288208
13288350
13288384
13288526
13288574
13288763
13288845
13288906
13288954
13289584
13289593
13289700
13290118
13290159
13290398
13290623
13290856
13291004
13291112
13291533
13291534
13291981
13292909
13293601
13294170
13294498
13294501
13295361
13296828
13298723
13299235
13320270
13320456
13323673
13324139
13332430
13333701
13337209
13338771
13339407
13339417
13339481
13340221
13340273
13340740
13340751
13341230
13341477
13341627
13341778
13341820
13342007
13342341
13342352
13342706
13343412
13343843
13343940
13344872
13345201
13345536
13345563
13345963
13346541
13347893
13348457
13352943
13354292
13354549
13357423
13357499
13357777
13358041
13362070
13362173
13362776
13364140
13364154
13368879
13369162
13370539
13371848
13372160
13372261
13374224
13374707
13375136
13375789
13376212
13382806
13388745
13389864
13389893
13390198
13390817
13391573
13392145
13392515
13392816
13395447
13396023
13396195
13396844
13398064
13398693
13398916
13400562
13400978
13402050
13402833
13403400
13404073
13405211
13406805
13412931
13431395
13431937
13433710
13433825
13437004
13454983
13455667
13455867
13456008
13456338
13456512
13456647
13457295
13457343
13457767
13458291
13458432
13458477
13458835
13458852
13459823
13460195
13460249
13460908
13461277
13461600
13461799
13461863
13462006
13462032
13462324
13462518
13462729
13462987
13463278
13463487
13463556
13463822
13464115
13464395
13464691
13464735
13465617
13466086
13466165
13467824
13469410
13469808
13470745
13471628
13471870
13473806
13479184
13481688
13524138
13525037
13525042
13525698
13525970
13526101
13526617
13526845
13527289
13527669
13527839
13528018
13528374
13528416
13528710
13528737
13529007
13529394
13529418
13529616
13530439
13530626
13530917
13530964
13531477
13531538
13531583
13531956
13532244
13532309
13532357
13532519
13532656
13532784
13533249
13533269
13533627
13534574
13534748
13535196
13535218
13535284
13535347
13535414
13536812
13537464
13551322
13551431
13551491
13551532
13551881
13551889
13552078
13552581
13552721
13553212
13553280
13553328
13553807
13553957
13554372
13555024
13555115
13555963
13556038
13556648
13556798
13557584
13557666
13558093
13558182
13558629
13558678
13558725
13558798
13559109
13559533
13560014
13560038
13560209
13560238
13560409
13560869
13561262
13561483
13562463
13562899
13562908
13563401
13563476
13565129
13565628
13565727
13566114
13566251
13566573
13566625
13566647
13566775
13567131
13567650
13567682
13567809
13568258
13568455
13568693
13569148
13569317
13569815
13570101
13570104
13570610
13570701
13570895
13571225
13571459
13571560
13571606
13571882
13572026
13572061
13573282
13573481
13573551
13573571
13574093
13574270
13574367
13574973
13575253
13575280
13575502
13575845
13576348
13576465
13576692
13576815
13577051
13577262
13577532
13577567
13577969
13577984
13578188
13578207
13578581
13578705
13578966
13579496
13579563
13579630
13579671
13580066
13580498
13580865
13581029
13581063
13581082
13581214
13581749
13581901
13582524
13583207
13583269
13583480
13584592
13584630
13584723
13584740
13585426
13586218
13587301
13593220
13593818
13594632
13598337
13599478
13603416
13604244
13791414
13794935
13798336
13903101
13903369
13903422
13903930
13904169
13904195
13904410
13904543
13904681
13905211
13905698
13905701
13905767
13905782
13906068
13906384
13906398
13906497
13906707
13906958
13907149
13907557
13908086
13908097
13908380
13908463
13908547
13909975
13910261
13910336
13910760
13910913
13911976
13911999
13912272
13912675
13912701
13913148
13913573
13914063
13914126
13914317
13914585
13914790
13914868
13914900
13915130
13915233
13915437
13916154
13916400
13917188
13917381
13917443
13917691
13917895
13917952
13922072
13922534
13924797
13925616
13925701
13936715
13983980
13984329
13984645
13985548
13986572
13986583
13986680
13986926
13987589
13987718
13987804
13989327
13989351
13989755
13989758
13989768
13990169
13990624
13990904
13990930
13991387
13991587
13992151
13992207
13992550
13992802
13993446
13993549
13993746
13993817
13996186
13996578
13996837
13996853
13997234
13997242
13997430
13998965
13999893
14000096
14105159
14110426
14110887
14111250
14111404
14111624
14111640
14112670
14113325
14113840
14114205
14114301
14114606
14115659
14116072
14116090
14116118
14116128
14116302
14116498
14117749
14117757
14118551
14118770
14118797
14118951
14119053
14119290
14119461
14119734
14120005
14120413
14121081
14121243
14121275
14121370
14122102
14122249
14122755
14122935
14123136
14123422
14124055
14124070
14125847
14126299
14126682
14126684
14127404
14127662
14128243
14145741
14145824
14146293
14146318
14146862
14147638
14147672
14148964
14149503
14150611
14151080
14151104
14151347
14152073
14152399
14152848
14153377
14153396
14153740
14153891
14154238
14154667
14156104
14156496
14156902
14157956
14158169
14158672
14159105
14164408
14164481
14228269
14228437
14228611
14228886
14229022
14229593
14230355
14230421
14231742
14231835
14232448
14232636
14233187
14233406
14233751
14233980
14234629
14236110
14236479
14236517
14236848
14237464
14237619
14238008
14238770
14239422
14239798
14240222
14240459
14240558
14240644
14241167
14241511
14241727
14241899
14242129
14242296
14242376
14242541
14242663
14242674
14243442
14243561
14243639
14243649
14243931
14244497
14245859
14246142
14246969
14247141
14248144
14248437
14248579
14248771
14249471
14249767
14250194
14250325
14250502
14251277
14252389
14252814
14253634
14253911
14254055
14254984
14255129
14255263
14255521
14255744
14255842
14256033
14256323
14256447
14256551
14259931
14267097
14267184
14273466
14274399
14274810
14275165
14275211
14275331
14275419
14275904
14276180
14276288
14276493
14276919
14276961
14277361
14277412
14277625
14278274
14278472
14278620
14279646
14279807
14280273
14281066
14281199
14282147
14282613
14282818
14282929
14283405
14283879
14284135
14284668
14284746
14284817
14284931
14285020
14285062
14285182
14287172
14287265
14287476
14321975
14384315
14384683
14384905
14385165
14385209
14387030
14387219
14387543
14387924
14388038
14388381
14388382
14389668
14389720
14390242
14390478
14391515
14392566
14392902
14393475
14394182
14394201
14397119
14397248
14397585
14398895
14399398
14399902
14400969
14401355
14402119
14403089
14404157
14404232
14405027
14405231
14405294
14405386
14408958
14409995
14410925
14411333
14411761
14411784
14411835
14412359
14412952
14413268
14413307
14413404
14414435
14414867
14414893
14415986
14416318
14418826
14521404
14527927
14528314
14528879
14529049
14534683
14534879
14537049
14537329
14538421
14538427
14538965
14541143
14543746
14545350
14546236
14589027
14589041
14590057
14590857
14590961
14591607
14591933
14592109
14594218
14595103
14595694
14595728
14600480
14600563
14614984
14620169
14624248
14625907
14631110
14637813
14638394
14657109
14658122
14659883
14660259
14660964
14662561
14662921
14663242
14665388
14665470
14666028
14666363
14667311
14669668
14672347
14688289
14688844
14689014
14689306
14689960
14689989
14690265
14690356
14690829
14690836
14691081
14691195
14691687
14691831
14692163
14692327
14692349
14692457
14693228
14693589
14693688
14693701
14693726
14693826
14694293
14694336
14694490
14695006
14695052
14695173
14695496
14695573
14695742
14695829
14695918
14696088
14696597
14696926
14698334
14698681
14698782
14699274
14699375
14699542
14699588
14700382
14700884
14701274
14701348
14701413
14701649
14701682
14702081
14702372
14702633
14702873
14702944
14703141
14703646
14704556
14707176
14710160
14717269
14717554
14717930
14719133
14719665
14723402
14723596
14725275
14725998
14726077
14727552
14727968
14728304
14729533
14732149
14738138
14760288
14760304
14760492
14760959
14761058
14761206
14761534
14761844
14761898
14761979
14762186
14762652
14762745
14762979
14763200
14763600
14763729
14763919
14763974
14764029
14764194
14764418
14764481
14764879
14765688
14765806
14765972
14766701
14767414
14767537
14767773
14768179
14768522
14768620
14769321
14769520
14808462
14845451
14856574
14887695
14925391
14925503
14926024
14926271
14927737
14927752
14929574
14931640
14932085
14934087
14934123
14937251
14941233
14944119
14967935
14968335
14973463
14973477
14974051
14974364
14975735
14976410
14977107
14982259
14983953
15016741
15074094
15077955
15085565
15085577
15085627
15085638
15086467
15086677
15086696
15086929
15086955
15087016
15087125
15087263
15087574
15088063
15088065
15088339
15088669
15089321
15089583
15089879
15090274
15090280
15090369
15090436
15090592
15090797
15090887
15091538
15091557
15091581
15091587
15091868
15092222
15092348
15092941
15093030
15093094
15093107
15093443
15094417
15094526
15094560
15094786
15095797
15095916
15096022
15096407
15096483
15096801
15096842
15097121
15102572
15135253
15135378
15135474
15135715
15136735
15137317
15137804
15137967
15138006
15139061
15139266
15139384
15139599
15139836
15139959
15140156
15140214
15140547
15140739
15140803
15141430
15141496
15141502
15141687
15141757
15142447
15142587
15142817
15143066
15143084
15143745
15144010
15144173
15144220
15144238
15144276
15144595
15144876
15144927
15145210
15145403
15145983
15148888
15151117
15164802
15165116
15165122
15165362
15165641
15165661
15166475
15167188
15167601
15167674
15167705
15167880
15168029
15168036
15168089
15168125
15168485
15168570
15169223
15169428
15169433
15169456
15169590
15169602
15169634
15169667
15169760
15169885
15169895
15170164
15170311
15170422
15170516
15170924
15171206
15171213
15171426
15172048
15172515
15173440
15173489
15173637
15174189
15174818
15174879
15175233
15175285
15175352
15175632
15175928
15176073
15176097
15176567
15176955
15177051
15177116
15177393
15177615
15177833
15178376
15178569
15178881
15179156
15179257
15180240
15180390
15180545
15180816
15181260
15181384
15181409
15181514
15181518
15181527
15181528
15181560
15181746
15182115
15182188
15182527
15183118
15183234
15183253
15183627
15183769
15184226
15185370
15185628
15226955
15227440
15228978
15298805
15299716
15300826
15302326
15302380
15303630
15306702
15307851
15308264
15310446
15314117
15315799
15425457
15425697
15427963
15431977
15432195
15437222
15438555
15477875
15478354
15479637
15479948
15480070
15480821
15482311
15482678
15483524
15483872
15484192
15484649
15484894
15485416
15485966
15486806
15487162
15487935
15488300
15488467
15488515
15488614
15489143
15489152
15489349
15489452
15489534
15490101
15490513
15493094
15493309
15493320
15493606
15494178
15494577
15494887
15495478
15495896
15496235
15496311
15500748
15504286
15504783
15518539
15569500
15573777
15577984
15579465
15592289
15592397
15592494
15593469
15594714
15595576
15595887
15596731
15597662
15598901
15598998
15599078
15600811
15601569
15601767
15601951
15602105
15603079
15604888
15605395
15605874
15606628
15607507
15607647
15608248
15622050
15622537
15622734
15639133
15639214
15639377
15640521
15643083
15643486
15645220
15645280
15647260
15647744
15648269
15651873
15654345
15654548
15654817
15659112
15764064
15764436
15764734
15765351
15765636
15765672
15765862
15766083
15766162
15766452
15766873
15767299
15767839
15767907
15768043
15768095
15768798
15769085
15769794
15769806
15769965
15770075
15770180
15770581
15770821
15770908
15771398
15771667
15771774
15771976
15772156
15772309
15772421
15772424
15772829
15773740
15774069
15775092
15775421
15799097
15808372
15817364
15822632
15823221
15825449
15825949
15826866
15829699
15831973
15832399
15833842
15834699
15836796
15878880
15879545
15879981
15880989
15881266
15882221
15882842
15882847
15885018
15886122
15886316
15886384
15886640
15886990
15887226
15887567
15888052
15888494
15888567
15889102
15889347
15889725
15890298
15891570
15891880
15892588
15893036
15893270
15894851
15894915
15894978
15895006
15895013
15895589
15896609
15896960
15897316
15897481
15897535
15897756
15897828
15898085
15898086
15898417
15899117
15899365
15899535
15899750
15899805
15899900
15900093
15900138
15900380
15900711
15900771
15900839
15900941
15901330
15901531
15901698
15902264
15903051
15903972
15904289
15904561
15904871
15905682
15905741
15906088
15906114
15906584
15907062
15907482
15907499
15907730
15907799
15908096
15908307
15908414
15908508
15909693
15909950
15913024
15914034
15914360
15943687
15943702
16022685
16053392
16053539
16053993
16054177
16055911
16056471
16057680
16057740
16057800
16058369
16059801
16060887
16060907
16061135
16061680
16061953
16061984
16062000
16063217
16063669
16136115
16136145
16136373
16136492
16136746
16136768
16136883
16137812
16138263
16138588
16138595
16138877
16139946
16140037
16140323
16140445
16140894
16142063
16144077
16144725
16144746
16144850
16144922
16145158
16145513
16146680
16149631
16149773
16158356
16266513
16271089
16279037
16279801
16287913
16288057
16331942
16348197
16362013
16362872
16364807
16366366
16366640
16368359
16369136
16369232
16369607
16370286
16370928
16371323
16372394
16376025
16377466
16382166
16385124
16429037
16430418
16432193
16433513
16433586
16434977
16436579
16437383
16438566
16439456
16441138
16442098
16442331
16443248
16443473
16445649
16446183
16446510
16474756
16478494
16482877
16484525
16497020
16576112
16582528
16585192
16585543
16588516
16625181
16627051
16627158
16627338
16627518
16627765
16627896
16628249
16628983
16630377
16630608
16631133
16631292
16631305
16631770
16631891
16632061
16633376
16633436
16633665
16633729
16634239
16634367
16634467
16634532
16634762
16635010
16635295
16635456
16635461
16636282
16636308
16636725
16636794
16636982
16637756
16638126
16638255
16638574
16638758
16639183
16639427
16639636
16639990
16640421
16640908
16641024
16641033
16641123
16642735
16643286
16643563
16851511
16852485
16854739
16855577
16856046
16860649
16861544
16866453
16870003
16903260
16907472
16908621
16910828
16919896
16920542
16921017
16922618
16923310
16923477
16923633
16924639
16925808
16925960
16926740
16929898
16931030
16931540
16936906
16943000
16943349
17204706
17205220
17206671
17207732
17208126
17208852
17208977
17209126
17210284
17210355
17212242
17213684
17213892
17215444
17215624
17217866
17220989
17425825
17427559
17428062
17430103
17431877
17438046
17440885
17527176
17537097
17537588
17538167
17541141
17541387
17541903
17542028
17542316
17542556
17542564
17542853
17544152
17545827
17547904
17548692
17551157
17561250
17563209
17564929
17668778
17691483
17691569
17699675
17700193
17709021
17715139
17731759
17741536
17910589
17910802
18043093
18043983
18044902
18045922
18046305
18046342
18047886
18049057
18049430
18049715
18050773
18050903
18051581
18052002
18052216
18052459
18053136
18053150
18053659
18053989
18054121
18054209
18055491
18055533
18056385
18057923
18058582
18058604
18058689
18061090
18063179
18064809
18065012
18067936
18070436
18070628
18070747
18070989
18073875
18074081
18085118
18090814
18092296
18092474
18092867
18093376
18093841
18094085
18094411
18094693
18095173
18095501
18095514
18095564
18095886
18096141
18096217
18096384
18096459
18096631
18096686
18096752
18096841
18097019
18097084
18097310
18097355
18097425
18097525
18097772
18097800
18098200
18098988
18099057
18099389
18099434
18099919
18100139
18100708
18100778
18100803
18101464
18102003
18102386
18102736
18102739
18102965
18103758
18103857
18103904
18103943
18104135
18104357
18105648
18106263
18111401
18125746
18126035
18126846
18129345
18129638
18131020
18131494
18131582
18132824
18134034
18134327
18136391
18139451
18160045
18169412
18205096
18216444
18272501
18370227
18386154
18386318
18387428
18389409
18389724
18390310
18391621
18391767
18392243
18392826
18393957
18394386
18394694
18395871
18395969
18466432
18466436
18466898
18467189
18468057
18469207
18469214
18469508
18470364
18470719
18470726
18471926
18474410
18474499
18474666
18475055
18475406
18476375
18476971
18477296
18480302
18480680
18481059
18511378
18534777
18537219
18537492
18537568
18537957
18538212
18540094
18540184
18541890
18544743
18545193
18545339
18545443
18547413
18548583
18548589
18548699
18550485
18553858
