283
1005
3600
7436
7776
8752
10954
12154
12650
12730
13495
15525
15857
18413
19249
21548
21709
22627
22814
26277
32826
34279
34819
35339
35679
35811
43108
43972
47257
54831
57597
59379
61246
63664
68300
68540
70497
72922
73772
76147
77444
77452
77993
78015
78040
78311
79534
79823
80989
86599
87524
89117
90357
93661
93868
99566
103197
107396
107694
110216
110760
112918
116267
116564
116935
117196
117479
117721
119619
120259
120564
120900
121901
122872
125562
128423
132170
132921
133738
139930
140265
140330
144280
145190
145742
146426
146612
149843
151546
151633
153699
157608
157894
162752
163363
164586
164692
169010
169833
169996
173191
174430
178347
182113
184287
184594
189898
196562
200463
201153
202583
202959
203639
204923
208000
208210
213809
214904
215732
216874
218086
221013
222420
223690
225357
226619
227553
227560
228471
229303
237618
237722
238479
238947
239942
241273
245009
246683
247643
248078
248776
251884
254715
255821
256152
257768
259248
265052
266512
266665
270144
271221
272372
272741
273474
274176
277491
279653
284135
285224
287181
287441
289190
289440
292525
292937
293089
293593
293817
295533
295697
306605
307052
308195
308333
309134
309313
312204
316654
319194
321418
325451
328240
330103
330173
333734
335243
341089
342242
344634
345121
350304
350855
354591
356903
358357
358889
359623
360426
360477
366554
368987
369723
372308
373784
374169
375728
376381
377199
379035
379221
382321
385815
385901
386671
386885
392514
393879
397027
403339
405755
405993
406130
407478
409938
415230
416848
417827
423183
424367
424539
428180
431892
433688
433814
436570
437948
439174
443236
445838
447224
448815
448925
450971
452596
452673
453306
454674
455559
458816
459506
462527
462828
463857
465226
466465
468026
469438
475978
477196
477593
477656
477823
478117
482857
483269
483791
484162
485124
487023
488085
488994
490000
494160
494706
494717
496223
496835
499496
500267
501330
504508
505539
505720
507222
508320
508410
509366
511456
513442
517554
519214
523760
524249
526088
526322
527931
527954
528440
530189
533066
535829
536007
537168
538066
538228
540232
544419
547160
548379
549140
550554
554347
556798
556902
559785
560748
560964
564498
564530
565263
566378
572214
574304
577424
577881
579397
579605
582734
584504
588290
589688
592498
594736
595859
596443
596664
599355
601990
602277
604695
605209
608612
615058
617622
620416
623789
624198
624854
627470
628374
635232
636076
636081
637957
639659
640091
645212
647601
649717
649840
650265
650442
650630
651286
652168
660845
660936
663584
665051
667120
667734
669153
672030
674327
676744
679715
686890
688413
692465
693217
693237
695932
698218
699285
699967
700102
700837
701564
701669
705607
706978
707260
707557
715906
717688
718711
721407
722903
723254
724810
726108
726454
726589
728632
732174
735340
736088
736493
736627
737451
738978
739830
740197
740269
740690
743081
744937
745788
747962
752108
752642
752887
752909
754354
756355
757850
763007
767779
769872
773786
775684
778304
778479
785706
786402
787138
787284
787759
789721
790405
793012
794891
801517
814174
814179
814797
815904
819747
823143
823966
830096
832218
832412
833178
833970
836244
837542
840411
843554
843806
844291
845188
845757
847120
849805
851475
852349
852610
852683
856347
856358
857794
858554
858879
862727
864214
866794
867413
871755
877873
878325
882001
883683
884431
885037
887794
889968
890879
893028
896932
898064
899198
900128
911101
917323
917346
919250
919402
919443
919878
920379
921128
921381
922098
922144
925850
926421
932303
933832
935325
940484
941386
945122
945854
945905
945988
946219
946744
947276
948430
950252
953076
953248
954314
954991
955876
961348
966890
967533
970364
970789
971387
971648
972919
973020
974384
974712
977410
979249
979458
982905
983873
985894
986472
987618
988261
989906
990101
991500
995394
997931
998386
1000289
1001160
1002411
1002691
1002910
1004539
1005259
1008636
1011735
1018023
1018231
1019103
1020046
1020259
1021993
1023481
1029504
1030103
1030163
1031425
1033580
1034632
1036332
1038753
1040334
1041903
1042982
1043763
1043905
1043929
1044487
1048386
1049869
1055874
1056472
1056701
1057959
1058387
1059825
1062574
1065357
1065715
1067277
1068078
1068326
1068820
1071601
1072698
1081391
1082081
1082293
1089771
1090749
1091537
1092737
1099929
1101323
1106288
1106489
1109063
1112311
1114292
1115320
1119175
1124081
1126105
1126670
1127183
1127910
1128038
1131851
1132820
1134143
1135978
1137377
1138380
1140913
1141947
1142986
1144668
1145044
1145794
1146582
1150221
1150762
1150766
1152633
1154708
1155753
1155830
1157005
1157741
1158843
1159510
1165615
1166520
1169303
1171327
1173427
1175093
1175825
1175982
1176852
1178195
1178736
1180577
1181499
1183753
1183757
1184318
1184319
1184462
1190081
1191345
1191465
1195131
1204348
1205368
1205712
1209854
1213619
1214992
1215575
1216079
1216640
1217977
1218747
1219010
1220422
1221020
1222113
1222322
1228782
1231317
1231974
1239192
1239757
1240585
1241677
1244063
1244522
1246375
1246549
1249020
1252510
1256359
1257369
1258308
1261776
1261835
1263720
1263823
1264396
1265386
1266776
1266841
1270343
1272834
1274016
1277054
1278322
1280925
1281144
1281458
1283859
1285657
1291538
1291606
1293072
1297296
1303415
1305602
1306521
1310314
1311420
1314857
1315167
1316779
1317106
1319579
1320847
1323340
1324153
1326322
1326804
1330194
1330703
1334139
1334614
1335731
1336741
1337163
1338988
1341567
1346435
1348193
1348723
1352677
1353171
1353859
1354254
1356083
1357256
1359404
1361685
1362186
1363589
1365071
1366712
1367078
1368626
1373493
1373535
1378788
1379661
1379721
1380656
1383416
1386544
1389310
1390213
1391489
1391805
1395633
1402714
1403108
1410868
1411625
1413324
1415647
1416705
1422159
1422243
1423298
1425402
1426006
1426194
1426749
1427351
1430382
1431216
1431501
1435736
1436416
1437638
1437890
1441263
1443361
1446188
1446666
1446905
1447887
1448255
1448320
1449329
1449388
1451755
1453200
1454648
1455504
1455915
1460011
1463161
1465045
1466417
1466553
1468417
1469488
1469911
1476092
1476441
1476520
1477264
1482920
1483599
1485607
1487185
1490085
1490310
1492820
1495055
1495398
1499605
1500214
1503215
1505639
1506902
1507496
1508295
1511603
1516660
1516731
1517054
1521609
1523332
1527775
1532359
1533036
1533241
1533596
1534048
1537605
1541585
1546956
1551547
1551589
1551791
1551921
1552071
1553710
1554439
1555488
1557822
1558535
1559053
1559627
1563310
1563741
1565889
1567626
1568784
1574322
1574328
1574548
1575167
1575930
1578838
1580820
1583452
1584866
1587962
1590760
1590970
1592149
1594193
1595317
1595792
1600439
1601453
1606371
1608454
1610010
1613382
1616668
1620169
1620632
1622315
1622413
1627728
1632778
1633873
1637236
1637269
1637917
1638862
1639284
1639695
1643789
1644077
1648238
1648596
1649704
1649798
1651474
1652121
1654100
1655794
1656948
1657023
1657302
1657511
1657916
1658049
1660573
1661485
1663524
1664906
1665220
1665547
1668079
1670437
1673335
1673369
1678855
1680766
1685089
1685340
1685390
1686642
1691273
1691382
1691902
1693620
1695537
1697001
1698195
1702029
1702630
1702672
1704273
1704656
1705505
1710231
1710239
1711485
1712561
1716432
1716886
1717276
1718285
1722700
1723878
1726715
1727830
1729155
1730734
1732429
1733831
1736996
1745753
1748581
1750111
1750680
1751004
1753347
1757571
1758841
1761739
1763178
1767614
1774185
1775630
1776164
1776479
1778069
1781138
1781173
1782239
1782695
1783464
1785900
1786389
1787101
1787300
1787614
1788093
1788293
1791661
1793160
1796109
1797242
1802164
1803633
1804801
1805454
1807544
1807552
1808534
1810370
1810709
1814948
1815261
1815360
1816629
1818779
1821877
1822594
1827600
1827628
1827740
1833868
1834259
1836161
1838459
1843577
1844658
1844802
1845479
1845825
1846993
1850382
1854840
1855881
1856556
1857620
1857983
1860276
1862349
1865423
1868113
1873163
1876611
1876680
1876881
1877804
1879377
1884812
1885210
1888240
1891952
1893051
1893630
1895856
1896082
1898395
1899631
1900934
1902148
1902254
1906096
1906250
1908913
1909292
1909751
1910313
1911255
1913406
1915785
1917780
1920104
1920363
1921643
1922313
1925502
1925687
1926081
1928155
1930511
1931790
1932978
1937935
1939009
1940025
1942284
1942516
1942613
1944268
1948754
1951380
1952981
1954946
1957179
1958754
1960479
1961146
1962497
1964411
1968617
1969244
1969828
1970109
1970568
1971525
1972408
1975777
1975859
1976518
1980303
1980737
1982291
1985525
1986017
1986369
1986729
1991729
1992985
1993845
1997125
1999539
2002583
2002591
2006000
2006400
2008528
2009046
2012112
2015430
2018885
2020612
2021266
2021767
2022714
2023713
2024551
2025770
2025895
2026291
2028029
2030580
2031957
2034883
2038908
2039108
2043186
2046164
2048133
2048518
2054482
2054857
2055364
2056778
2058457
2059181
2059687
2059817
2060276
2061344
2062670
2063425
2064106
2068255
2071557
2073791
2073928
2074186
2076509
2077822
2079072
2079525
2080628
2081346
2081531
2082504
2087670
2088925
2089174
2096992
2098166
2098929
2099376
2101822
2102240
2102280
2106460
2110568
2112093
2116142
2119495
2119917
2122819
2124274
2125101
2125891
2125947
2126394
2127383
2133544
2134781
2137604
2137911
2138063
2139280
2141942
2143982
2145091
2146542
2148118
2151390
2155846
2156865
2158662
2159541
2160028
2161049
2162972
2168874
2170004
2170934
2171179
2172603
2178183
2181646
2184288
2189058
2194502
2196827
2199628
2200470
2202590
2206396
2207513
2211395
2214476
2216840
2217407
2218811
2218920
2222531
2222566
2224275
2231122
2231810
2232282
2232623
2237795
2240173
2240301
2241482
2242028
2242342
2255402
2257009
2259211
2260161
2263673
2267215
2267225
2273492
2275234
2279048
2280298
2282402
2282683
2283738
2284018
2284604
2284907
2284961
2286446
2286709
2291655
2293174
2299852
2301455
2306053
2306493
2307730
2308223
2308535
2311701
2313895
2315057
2316698
2319094
2322384
2323352
2325270
2327142
2328486
2328532
2330592
2332673
2335106
2335255
2335878
2335943
2337482
2338959
2345423
2346333
2348038
2348502
2352474
2353249
2354536
2355589
2357117
2358351
2358659
2358851
2359142
2359191
2360157
2360627
2362646
2364190
2364297
2364518
2366851
2367724
2372725
2373032
2373888
2375774
2375871
2376232
2376993
2379424
2380717
2381103
2381502
2383052
2385963
2386232
2391555
2392493
2396290
2398410
2403511
2404275
2405337
2406675
2407081
2407945
2408511
2409115
2411592
2416156
2426392
2428822
2429532
2430041
2432994
2434785
2435845
2439247
2439781
2442697
2442934
2443774
2444435
2450705
2457402
2457793
2457886
2458573
2462635
2466814
2469168
2469231
2470162
2472020
2473877
2478541
2481156
2481589
2484886
2486083
2486440
2486502
2487304
2489966
2490313
2490723
2493723
2494860
2495201
2495909
2497083
2497874
2498685
2500686
2500929
2501461
2502044
2504487
2505623
2507692
2511178
2511951
2512101
2514053
2516708
2517017
2518284
2520496
2524671
2524915
2524957
2527944
2528380
2533213
2533792
2534040
2537152
2538847
2539962
2540002
2540976
2543434
2543481
2544734
2544931
2550987
2552579
2553492
2555660
2560676
2561239
2561902
2564843
2565278
2566145
2567327
2571940
2575522
2575923
2576273
2578023
2578953
2579365
2581732
2582426
2584175
2584764
2587922
2588422
2588872
2593142
2594167
2594315
2595477
2601311
2604288
2604675
2605171
2605435
2606736
2609023
2609136
2613997
2614698
2615699
2615951
2619749
2622494
2635389
2635507
2635853
2637020
2638134
2638979
2641828
2644531
2646799
2647427
2647568
2648911
2651101
2651693
2653667
2654167
2655660
2656717
2657290
2658511
2660899
2663325
2669054
2671077
2671179
2673935
2674247
2674282
2674736
2675392
2677789
2679513
2680178
2680451
2680955
2682723
2683421
2683955
2685517
2685591
2687816
2691182
2692348
2695892
2696305
2701363
2705245
2706505
2707761
2708753
2708878
2712304
2715912
2716311
2716608
2717659
2718513
2719428
2720516
2722020
2724156
2729218
2731341
2735607
2736616
2737422
2738724
2741386
2743021
2744554
2745260
2748560
2748654
2748879
2751673
2753344
2757693
2763800
2765991
2767674
2769164
2769576
2771191
2771517
2772343
2774433
2775556
2780980
2785747
2786991
2787312
2788234
2791328
2792515
2793228
2799862
2799865
2802299
2802413
2805416
2811064
2816338
2816414
2817049
2817750
2823922
2824330
2824458
2824569
2826050
2831517
2831803
2834957
2835264
2835569
2835817
2836790
2836933
2837294
2839404
2839499
2845759
2846384
2847236
2847667
2848399
2850026
2851033
2853489
2853561
2853683
2855731
2857639
2859220
2860026
2861603
2862695
2863551
2864290
2864674
2866469
2866562
2866607
2867526
2868350
2870186
2871636
2875939
2879593
2882431
2883252
2884884
2886562
2888845
2888857
2890664
2893639
2894375
2897799
2904636
2910453
2914843
2915566
2916385
2917750
2918371
2918582
2919698
2922538
2924428
2924504
2929084
2933383
2934074
2936375
2936382
2936646
2937068
2937195
2937408
2938501
2941108
2943954
2946647
2950528
2952885
2965660
2965826
2966117
2966523
2967219
2969897
2972772
2974386
2977622
2978616
2980041
2982645
2990107
2995721
3001306
3002555
3003969
3004459
3004888
3005866
3007011
3007421
3007741
3007743
3007898
3011459
3017353
3019375
3019607
3020177
3021812
3022247
3024184
3029217
3035569
3038456
3039582
3041185
3045756
3046996
3049489
3052937
3053795
3055067
3055490
3056068
3059537
3060892
3061366
3062434
3062897
3063523
3065016
3066116
3067688
3069184
3069315
3069756
3070318
3071668
3071864
3073666
3075782
3081734
3085776
3091677
3091749
3093530
3096270
3099381
3099821
3101587
3101615
3102498
3103344
3105013
3106325
3106714
3108461
3109662
3117615
3119174
3120456
3122046
3122996
3128952
3129450
3131118
3131260
3132367
3132911
3132991
3134203
3134546
3135501
3136497
3140305
3141959
3144565
3147206
3148484
3152433
3152833
3155806
3157703
3159134
3161179
3161399
3164981
3165693
3166783
3167550
3172552
3172685
3172826
3175371
3175581
3178647
3182961
3183095
3184907
3186213
3188305
3188756
3189380
3190664
3202895
3204099
3211320
3213752
3215100
3217609
3219414
3222684
3225712
3226256
3229866
3231801
3231803
3235007
3235310
3236925
3238351
3238839
3243250
3244406
3244538
3246413
3247001
3248844
3255823
3260231
3261848
3263311
3264846
3264900
3266992
3267170
3268876
3270121
3271211
3272413
3274813
3276329
3276598
3278648
3278811
3284569
3289269
3289981
3290361
3292123
3294866
3295790
3296376
3296383
3296418
3298535
3303301
3303533
3305409
3306024
3306320
3309158
3311323
3318767
3321708
3322138
3323683
3324781
3326557
3327192
3330352
3331279
3332614
3332951
3335257
3335619
3336043
3336147
3338412
3338645
3338926
3342870
3345885
3348155
3348715
3351832
3351932
3354667
3357073
3358393
3361616
3361929
3366269
3368369
3370347
3373273
3373821
3375169
3375644
3379887
3380465
3380848
3381732
3381932
3383920
3384416
3385577
3385885
3386067
3386228
3386244
3386583
3387065
3393417
3395026
3396766
3397494
3398875
3399113
3400245
3403756
3404238
3404670
3407104
3409740
3409940
3415345
3417660
3418809
3419519
3420191
3421659
3424693
3425207
3426983
3430637
3431595
3436874
3438259
3438503
3441385
3442151
3444872
3446457
3447967
3453783
3454882
3455169
3458506
3461904
3468272
3469407
3469486
3469874
3470912
3471744
3472106
3473191
3476686
3478793
3480106
3480338
3482330
3482803
3482941
3485184
3487546
3493207
3499314
3501099
3502487
3503076
3503867
3503897
3505120
3507311
3508115
3509259
3511997
3512562
3513324
3516966
3518024
3518706
3520282
3521319
3522542
3524674
3525727
3525740
3527244
3532127
3532957
3532970
3533551
3533946
3534762
3535113
3535891
3537575
3543192
3544969
3546923
3549311
3549693
3550787
3550877
3553608
3554747
3556342
3556882
3557978
3559654
3569107
3569133
3571581
3573473
3574408
3575066
3577128
3578645
3585683
3586059
3588292
3590067
3593521
3598154
3601083
3603526
3605197
3609046
3613965
3617183
3620625
3621858
3622676
3624174
3624920
3624947
3626471
3627877
3633385
3635040
3642584
3645705
3647745
3648954
3650608
3652862
3654817
3655538
3655998
3658964
3660054
3664021
3664086
3664904
3665235
3669808
3670674
3671179
3673042
3675697
3679364
3682218
3683211
3685534
3685826
3688603
3689789
3691311
3695823
3702623
3707190
3710045
3712530
3716291
3726132
3726960
3727530
3728152
3729298
3735585
3737036
3737856
3742061
3742320
3749651
3749995
3750790
3751141
3751567
3752727
3754866
3759734
3760484
3761143
3761515
3762428
3763401
3763651
3764764
3766500
3766631
3767291
3773200
3774808
3774862
3779418
3779534
3780130
3783476
3783630
3785090
3786521
3789329
3792920
3793998
3794747
3794865
3796268
3799347
3800313
3800563
3802408
3809377
3812047
3813285
3814478
3814597
3816632
3816922
3817162
3818057
3818403
3820461
3820775
3822110
3827497
3829836
3830267
3830878
3833406
3840919
3841031
3842476
3848382
3849643
3851365
3852514
3855030
3856748
3859259
3860212
3861242
3861422
3863073
3863397
3864422
3870472
3873395
3873760
3874449
3875636
3877860
3878438
3880061
3881504
3882703
3885564
3892705
3893207
3894709
3895601
3896814
3896908
3899912
3902950
3903958
3904022
3906155
3907741
3908207
3910431
3912156
3912219
3914812
3916019
3918081
3919438
3922612
3924579
3925023
3926246
3927404
3927926
3930014
3932058
3933265
3933476
3934201
3934266
3936076
3936842
3937444
3937559
3940874
3940883
3942538
3943158
3943457
3946838
3949643
3952218
3952386
3952648
3952822
3954745
3968493
3972804
3975210
3975342
3976423
3980610
3981759
3985649
3986705
3988297
3989592
3990492
3990992
3991440
3991609
3993913
3998197
4000492
4000800
4001874
4005210
4006491
4007083
4009555
4009900
4010891
4011583
4013485
4014981
4016784
4019576
4020921
4021784
4023305
4023346
4025056
4025889
4033391
4033657
4034113
4034464
4034640
4034767
4036896
4039081
4040168
4040582
4041577
4041604
4041822
4043656
4048438
4048661
4048730
4049421
4050151
4050507
4050542
4052059
4052716
4053738
4054278
4056921
4059754
4060857
4060975
4065134
4066064
4066771
4068870
4069720
4074255
4074859
4074971
4080271
4081676
4082409
4083402
4084932
4085061
4087572
4089627
4092627
4092746
4092910
4094299
4096220
4096221
4097421
4097968
4100203
4101058
4102185
4106650
4107811
4109665
4110539
4112147
4112421
4114565
4114860
4118806
4120902
4120928
4125489
4128930
4134964
4135037
4137198
4139403
4139936
4144317
4144935
4145100
4145159
4147286
4149248
4150269
4151941
4152820
4153283
4158578
4161027
4162889
4166922
4168299
4170807
4172089
4173231
4174084
4175327
4175418
4180532
4181224
4183793
4183964
4184850
4184878
4185861
4191355
4197925
4201951
4205226
4207298
4208935
4212321
4212404
4217506
4223908
4224953
4227248
4227497
4228591
4229645
4231407
4231448
4232607
4235344
4242070
4242115
4244523
4246963
4256041
4257540
4258469
4259264
4261679
4261927
4264555
4269281
4276236
4280015
4282323
4284820
4286755
4288882
4291279
4291773
4293986
4294850
4299728
4303051
4303371
4303863
4304136
4306093
4307912
4308844
4309403
4310951
4313066
4316438
4317482
4318801
4321816
4322966
4323972
4327258
4329783
4331428
4332251
4333069
4334048
4339040
4339442
4343078
4343945
4347559
4349978
4350096
4351689
4354896
4356340
4362017
4362515
4368184
4385394
4386112
4387423
4388943
4389240
4391052
4392057
4393414
4393774
4393816
4394125
4397980
4400611
4401738
4404561
4406591
4409190
4410308
4410858
4414754
4418984
4426753
4428245
4430816
4431354
4432159
4433490
4433744
4436849
4443841
4446558
4447520
4447690
4448327
4457942
4458387
4458430
4458851
4460736
4463315
4463758
4466961
4467639
4468756
4470175
4475806
4476322
4477461
4478149
4484325
4487347
4488708
4490769
4492520
4493009
4494275
4496525
4497945
4501469
4502810
4504249
4506229
4508891
4509173
4510849
4512762
4513304
4515878
4517131
4517260
4518090
4519453
4519951
4526002
4527049
4528643
4529152
4529518
4530042
4530233
4531813
4535331
4535806
4536033
4536729
4536948
4537725
4540655
4543138
4545341
4545606
4546099
4546909
4549756
4553054
4555738
4561198
4566825
4568763
4571242
4576363
4577656
4577700
4581255
4581842
4582288
4585283
4589802
4594385
4594781
4597452
4598062
4599200
4599569
4599893
4603214
4603377
4603643
4604562
4604776
4604816
4605665
4606543
4607407
4609979
4611835
4613583
4614038
4614469
4615265
4617874
4620227
4620501
4624875
4625200
4626183
4630277
4632580
4633091
4639482
4641861
4643773
4652801
4652917
4654389
4657424
4658752
4662070
4663457
4664960
4666219
4667830
4668993
4669449
4671412
4672269
4677005
4677747
4677775
4677908
4678609
4679719
4679849
4684813
4685994
4688551
4691199
4697575
4700221
4703592
4704596
4707016
4710364
4711040
4711462
4717444
4717976
4718557
4722540
4726249
4729222
4729808
4730571
4733448
4735723
4738601
4738994
4741304
4743140
4744320
4746059
4746507
4747041
4747892
4748707
4749783
4752000
4752370
4753500
4753969
4754612
4755042
4757337
4757934
4760640
4761441
4763313
4763710
4767212
4771480
4773254
4774212
4777895
4780561
4780817
4782802
4789939
4790715
4791528
4793919
4794158
4794392
4795126
4796109
4796817
4806506
4807081
4807853
4808245
4808306
4811203
4819295
4824238
4825853
4828742
4828815
4829858
4831907
4832846
4836013
4837842
4842782
4842820
4849499
4850611
4851205
4856547
4856913
4859014
4859493
4861094
4861439
4861877
4862966
4864011
4864736
4872263
4874132
4874773
4876050
4876360
4878769
4879089
4882221
4882471
4884266
4887957
4889406
4890418
4890576
4891088
4892702
4893769
4897729
4898935
4900296
4901143
4901155
4901888
4902094
4902988
4906614
4910324
4911295
4911308
4913718
4914803
4917412
4917624
4919954
4919981
4921994
4922295
4924546
4925759
4925972
4926670
4926840
4927127
4929637
4933861
4942611
4943729
4944308
4951161
4953482
4954221
4956129
4958545
4960140
4962510
4962893
4963009
4963127
4963863
4965554
4965827
4968532
4973977
4976576
4979864
4980424
4983983
4984626
4984776
4984778
4985125
4985790
4985874
4986589
4987045
4987570
4987587
4990078
4990790
4990916
4992118
4993423
4993646
4995306
4995778
4998282
5000602
5002456
5003391
5004007
5007794
5008101
5009929
5010983
5012622
5014206
5014863
5015296
5019044
5020686
5022198
5024327
5024744
5028673
5029592
5031603
5032219
5032345
5032641
5032788
5036106
5038625
5041100
5042244
5047028
5047837
5051769
5051969
5052560
5052725
5054196
5054271
5057938
5058643
5060267
5060312
5060629
5062283
5069760
5069802
5070427
5070470
5070904
5072770
5075049
5079154
5081363
5084830
5086347
5088900
5089097
5089429
5090462
5092579
5096478
5097148
5101153
5101171
5101553
5102089
5102906
5104811
5108454
5111829
5114005
5114037
5114205
5116126
5117503
5117835
5124608
5126272
5127899
5128640
5129756
5130195
5131124
5131128
5131199
5131769
5133210
5133765
5134782
5135688
5136110
5137429
5138875
5142059
5143245
5145131
5148818
5150331
5151197
5159873
5162027
5166832
5167448
5169720
5173039
5174992
5175590
5179532
5180446
5180459
5181415
5182597
5185577
5185811
5185851
5189282
5189581
5193837
5194507
5197131
5203078
5203244
5206302
5207373
5207556
5208890
5212952
5215063
5215564
5216410
5216938
5217120
5221702
5224999
5228422
5230140
5230956
5231328
5232951
5234738
5237588
5237704
5237880
5238168
5239009
5242518
5243004
5243447
5244587
5245846
5248549
5250254
5251086
5254402
5255222
5255751
5256673
5262531
5265427
5265470
5273752
5273808
5273909
5273970
5275806
5275826
5279705
5281847
5281875
5283130
5289177
5289674
5290314
5290811
5292152
5293458
5295146
5295483
5296422
5299703
5300409
5302115
5303216
5306575
5307385
5310548
5313427
5314808
5316091
5316809
5317630
5319295
5319351
5320945
5322515
5323337
5325370
5328156
5331512
5332366
5339566
5340605
5341650
5341764
5342396
5347808
5349582
5350616
5351511
5355774
5355891
5358802
5359929
5363710
5367493
5367760
5368793
5370561
5373451
5376095
5379353
5379377
5381505
5382857
5383033
5386090
5387900
5388466
5389001
5389090
5389275
5390855
5392727
5393107
5393646
5394721
5397436
5400099
5404879
5407785
5410683
5420677
5421064
5426495
5427451
5436496
5439874
5445702
5447517
5447725
5447832
5448091
5448580
5448683
5449345
5450333
5452089
5454692
5456790
5456984
5458380
5458408
5458599
5461833
5462568
5464953
5468391
5470448
5472808
5476534
5476991
5477602
5478590
5478964
5481887
5481910
5482025
5483172
5485304
5485324
5487044
5490367
5493924
5495580
5497143
5497451
5501727
5503568
5506002
5506574
5507114
5508812
5510877
5512028
5512284
5512546
5517581
5518902
5519752
5520630
5522079
5523386
5523573
5525768
5529264
5529630
5529954
5530733
5533522
5534736
5535317
5537912
5538068
5540561
5542348
5543832
5546729
5550144
5550432
5554008
5554380
5556647
5556997
5559046
5561730
5567503
5568049
5570080
5573663
5574020
5577750
5580673
5585233
5585999
5587287
5587989
5588765
5589364
5591124
5595232
5596052
5597839
5599080
5600314
5601514
5602699
5604863
5605530
5606410
5608215
5608302
5610905
5611606
5613739
5618019
5619906
5620790
5621615
5622831
5623476
5624840
5625027
5626038
5626855
5627602
5628764
5631237
5632019
5646037
5647292
5647595
5655178
5655413
5657092
5657565
5662712
5664385
5666177
5669832
5669894
5670949
5670963
5672831
5673814
5673934
5674202
5674299
5675500
5675580
5677406
5677633
5678453
5678763
5680693
5680839
5681281
5681616
5685524
5685555
5686344
5688525
5689950
5691217
5691402
5692777
5693295
5694561
5695141
5696920
5697185
5701589
5705459
5706909
5707359
5708262
5708290
5710963
5715526
5717424
5718393
5719338
5720601
5721047
5721542
5724300
5725393
5726866
5728312
5732058
5732851
5733665
5734934
5735255
5737602
5737938
5738555
5739953
5741186
5744241
5745726
5748835
5757252
5757570
5758265
5758538
5760212
5761860
5762493
5763627
5764234
5764686
5769570
5770965
5773691
5777247
5778733
5779849
5779913
5780188
5780576
5782064
5786090
5791774
5791971
5793029
5793851
5799417
5801181
5804824
5807921
5809874
5812751
5814004
5826620
5831194
5833495
5833565
5836724
5837868
5839912
5841242
5842183
5843497
5845926
5850614
5850615
5850708
5851011
5851116
5852527
5853354
5853886
5857185
5858113
5859670
5863915
5865219
5866772
5869970
5871318
5871929
5875047
5880210
5880429
5880846
5881827
5885418
5885696
5885963
5888022
5890831
5893967
5894950
5901103
5906191
5907105
5907394
5907613
5909223
5913155
5913472
5914698
5914858
5916966
5920386
5920552
5920654
5927777
5930481
5930613
5931813
5932824
5933705
5940468
5943971
5944791
5944975
5947933
5950832
5953274
5954246
5954620
5957534
5961390
5963698
5969383
5971272
5971351
5974363
5977911
5979546
5981832
5982212
5983929
5984940
5986645
5988434
5988672
5990048
5991227
5994570
5994882
5995017
5996665
5999069
6000308
6001199
6001541
6001964
6003806
6007077
6008452
6010040
6010087
6010159
6011892
6012990
6015544
6016714
6020927
6026635
6027910
6031671
6031802
6031919
6032129
6032745
6035519
6035935
6036388
6040330
6042399
6043714
6045933
6046942
6046986
6050190
6055975
6058633
6059259
6059482
6065565
6066587
6067305
6068620
6070209
6070346
6070545
6070841
6071482
6072888
6076584
6078623
6078799
6080765
6082032
6083019
6083323
6083700
6086351
6086429
6087305
6090651
6091350
6093979
6097070
6097820
6098118
6098685
6099262
6099587
6101883
6103994
6105342
6105473
6106991
6107148
6111607
6112105
6112345
6114540
6115052
6118123
6118401
6119899
6123759
6125344
6125414
6126592
6138208
6138934
6139392
6139553
6141489
6143691
6146486
6151743
6154587
6155443
6158197
6158620
6159023
6160689
6160971
6165678
6166994
6169289
6172099
6172625
6173187
6176453
6178553
6179559
6182493
6182721
6185712
6190105
6190671
6190812
6190899
6195326
6195496
6195675
6195694
6197475
6197918
6201624
6202894
6206246
6208226
6209160
6209373
6212395
6216252
6220006
6220978
6222676
6224682
6224693
6226387
6228360
6230502
6230729
6230814
6232153
6235049
6236448
6245793
6248450
6252699
6256062
6256954
6259369
6262119
6263647
6265582
6271605
6273921
6274032
6276918
6277208
6277542
6279965
6284663
6291304
6291478
6292885
6293030
6294527
6294614
6297865
6299355
6299616
6301573
6302448
6303470
6306810
6306933
6308044
6314101
6316328
6319248
6319969
6320443
6322103
6323515
6324457
6329642
6336165
6337116
6337347
6337757
6338459
6341452
6342306
6348015
6352504
6352570
6355623
6358237
6359690
6360021
6363339
6370535
6373357
6379368
6380463
6381495
6382014
6382851
6386700
6390259
6395387
6399097
6404089
6404589
6405997
6406877
6408462
6414324
6414789
6414999
6418199
6419021
6420655
6421540
6421809
6423479
6423886
6426702
6427556
6428700
6429639
6429852
6433793
6438572
6442553
6443866
6447617
6448381
6449455
6455480
6457888
6458169
6458632
6465129
6467385
6467568
6470941
6474244
6480775
6483257
6483474
6485260
6486950
6487016
6488481
6489164
6493338
6494326
6495569
6495677
6497468
6499840
6500435
6500714
6500972
6501413
6502219
6504123
6509118
6509152
6509572
6511273
6513054
6513514
6515771
6517022
6520325
6527926
6529325
6529706
6531437
6532817
6534604
6535904
6536952
6538884
6540817
6541612
6541988
6543504
6545943
6552194
6555611
6558761
6561991
6564944
6566392
6566768
6567384
6567659
6568150
6569896
6572026
6572343
6572758
6576893
6577042
6583699
6586989
6587589
6588799
6590468
6590706
6591903
6593979
6595682
6597047
6599056
6600225
6600577
6600632
6601699
6601729
6605074
6608337
6608758
6613732
6615660
6618362
6618865
6621102
6624918
6630096
6630344
6631401
6631525
6632446
6634465
6636135
6637063
6638291
6644222
6644774
6647037
6647062
6647115
6647771
6652508
6659304
6659317
6661451
6662266
6668207
6669166
6674537
6675621
6675868
6676885
6681639
6683120
6685751
6686502
6687364
6687380
6692920
6693653
6700553
6703864
6711517
6711858
6713719
6715756
6716864
6716977
6717660
6717805
6719096
6721913
6723340
6723512
6723872
6724095
6725094
6728472
6730044
6736849
6742677
6744279
6744745
6744975
6746218
6747014
6751084
6751175
6751304
6751385
6754116
6754864
6755802
6756394
6756563
6756667
6758535
6761741
6767076
6767445
6768186
6769020
6771863
6772724
6778827
6781237
6781873
6781942
6783654
6785495
6786679
6787374
6787435
6787448
6787475
6787898
6789660
6790195
6791083
6792005
6792078
6792769
6794308
6795353
6796667
6799245
6799521
6805348
6811994
6813499
6813510
6819580
6820080
6824964
6827017
6827669
6828017
6829049
6836198
6836659
6836964
6837622
6837695
6839627
6840072
6843190
6848385
6852717
6853503
6863542
6865229
6866311
6867153
6869103
6869330
6869847
6870690
6872131
6872860
6876320
6878216
6878527
6879558
6881296
6882684
6884038
6884585
6887741
6888988
6890252
6893414
6894217
6897013
6898705
6901193
6902084
6903128
6903760
6906270
6906687
6907142
6907937
6915277
6922821
6926417
6928408
6928579
6930167
6930651
6936470
6938670
6943784
6944774
6946728
6948922
6952415
6953617
6954182
6957311
6958739
6961647
6961723
6962982
6963818
6963856
6968588
6970234
6971813
6973008
6980816
6980919
6984405
6987182
6990261
6991100
6992082
6994545
6994693
6997496
6998176
6999123
7000574
7002464
7003005
7003542
7003804
7006017
7011395
7011960
7017665
7021943
7023698
7024287
7024850
7026203
7030200
7030207
7034414
7036277
7038055
7038808
7040064
7040330
7043514
7046420
7048313
7048674
7051295
7053868
7055741
7056813
7056978
7061109
7061170
7062314
7063386
7068939
7069376
7070667
7071766
7073885
7074067
7077755
7081600
7082203
7085651
7085895
7086616
7088363
7088617
7089093
7089384
7089671
7093185
7093390
7093964
7094013
7095195
7097286
7099939
7102610
7102976
7104035
7105939
7108233
7109132
7111006
7113611
7116257
7117775
7118367
7119590
7121222
7123425
7124093
7126430
7127950
7131785
7131824
7135535
7137102
7138295
7138994
7139693
7141638
7143128
7148226
7151559
7157918
7159333
7161779
7162536
7163643
7165387
7166438
7171128
7171554
7173755
7174976
7177290
7178782
7180975
7181461
7185173
7185998
7188949
7190602
7190778
7197317
7200816
7202316
7204963
7205095
7213897
7214690
7218101
7220973
7221786
7224887
7233252
7233725
7235324
7238926
7241326
7241954
7242211
7244457
7252916
7255652
7257379
7259596
7261052
7262611
7266724
7272360
7274651
7274709
7281820
7284343
7286795
7288957
7290686
7291021
7295156
7295469
7298160
7302576
7304999
7310257
7310554
7313037
7313249
7318481
7318865
7319222
7322780
7322887
7324706
7328264
7328333
7330806
7333186
7337101
7337500
7338668
7338861
7341417
7342067
7343402
7344922
7347382
7348351
7350841
7354150
7354850
7355826
7361435
7361677
7366472
7367625
7368910
7371516
7375795
7382752
7385247
7385700
7387586
7390136
7391500
7391606
7393464
7395000
7396233
7396344
7397056
7398677
7404289
7404672
7409745
7410284
7411860
7411932
7412046
7412528
7413088
7413666
7416046
7418022
7419479
7420001
7420889
7422114
7423056
7425170
7428442
7428716
7430298
7431890
7438703
7439001
7442164
7444307
7444322
7446226
7447814
7449456
7450719
7453449
7453464
7455596
7455770
7456658
7457810
7459850
7462951
7463297
7465636
7466523
7468083
7468799
7476951
7481142
7481310
7485291
7486775
7491988
7493575
7494676
7495792
7496458
7498282
7499980
7503365
7503591
7503891
7506755
7506998
7508273
7508865
7510832
7514486
7515729
7516196
7517581
7518080
7518168
7518364
7519209
7522834
7525042
7531282
7534028
7536259
7538314
7538366
7539358
7540094
7542023
7542651
7542758
7545178
7547455
7547823
7549926
7554495
7555110
7555373
7555745
7557463
7557489
7558048
7559867
7559964
7560284
7560749
7562616
7563086
7563221
7564824
7566605
7570214
7575568
7576689
7576893
7582024
7583809
7585172
7587940
7588746
7588867
7589187
7597107
7598315
7598623
7600907
7603240
7604369
7606648
7607442
7607654
7608224
7610288
7612778
7613244
7615222
7615962
7616077
7616599
7619805
7624611
7625234
7627319
7630384
7633675
7634230
7640652
7641281
7645819
7647538
7650472
7654178
7656923
7659445
7661750
7662215
7663215
7664427
7665208
7669500
7670056
7670502
7670560
7676989
7678241
7680393
7687963
7691198
7693405
7693957
7698053
7701019
7701549
7701943
7703285
7704125
7706317
7706880
7707868
7709733
7710477
7710771
7710991
7712564
7713978
7718811
7720067
7722906
7729591
7729739
7732596
7735742
7736187
7738783
7739337
7742622
7742884
7742900
7744764
7746956
7747166
7749570
7753584
7755393
7759663
7759698
7761215
7766161
7768657
7769459
7769743
7777057
7777098
7778805
7780156
7780611
7781343
7781968
7783835
7784051
7784286
7789596
7793280
7793579
7793916
7794119
7796808
7798885
7799999
7800196
7801764
7802499
7804985
7809620
7811343
7819126
7824070
7827690
7829178
7829568
7833781
7834699
7835672
7835956
7836010
7839823
7840422
7841672
7842165
7846399
7849215
7852797
7853588
7855254
7857974
7861419
7861741
7863309
7865886
7868551
7871484
7871660
7871809
7871845
7874227
7874867
7874947
7878320
7882017
7883477
7886781
7887190
7888515
7888778
7889229
7889375
7894488
7894619
7894952
7899081
7907023
7907483
7908999
7911953
7912120
7914740
7915565
7916233
7917108
7926621
7927129
7929094
7930819
7931283
7932261
7939233
7939420
7940314
7942903
7945473
7947467
7948538
7959406
7960551
7963589
7963635
7964495
7964701
7966413
7966425
7967666
7973079
7974472
7975479
7976608
7978428
7978735
7979393
7985890
7987708
7987945
7989831
7990970
7991036
7994065
7994449
7995550
7996574
7997809
7998702
7999058
8000724
8001324
8003213
8004046
8004792
8005597
8006501
8009484
8011574
8011779
8012041
8013393
8016261
8017259
8018639
8019912
8027123
8028266
8030565
8032440
8033321
8035084
8036953
8038175
8045581
8046401
8047019
8047885
8049729
8050426
8051818
8052326
8053289
8056558
8056764
8057714
8060609
8060975
8063575
8064138
8065787
8078557
8085138
8088795
8089961
8090112
8091826
8091884
8094385
8096643
8097152
8099461
8101154
8101348
8106762
8108666
8110922
8111510
8113609
8115803
8120316
8121728
8122412
8122634
8122729
8125159
8126347
8126434
8136277
8139296
8142759
8143513
8148367
8151794
8152752
8154861
8156364
8156581
8158162
8158746
8160821
8162486
8164915
8166809
8167403
8169267
8170836
8172992
8174352
8174695
8175123
8176296
8176394
8176783
8177145
8178190
8183583
8186048
8189521
8191836
8192332
8192895
8198041
8198374
8200368
8203682
8204950
8205296
8205721
8205809
8207106
8207565
8210464
8211611
8213538
8213714
8214583
8216566
8218850
8221643
8222283
8224457
8228047
8230106
8230158
8230363
8231606
8232030
8233341
8236375
8238215
8245354
8250485
8253770
8253922
8255698
8256010
8257544
8257855
8261339
8262401
8264585
8267960
8268050
8269698
8270702
8275060
8275853
8276079
8276301
8279117
8279170
8282489
8282733
8285660
8286741
8288362
8288671
8288843
8292579
8294701
8297502
8298842
8299027
8300388
8307519
8309321
8314961
8315301
8315337
8315737
8317569
8317972
8318448
8318803
8320092
8321953
8323854
8326493
8327685
8329049
8331192
8331935
8337452
8337721
8339709
8341559
8344360
8344900
8348678
8349016
8349116
8351435
8354351
8354461
8354856
8356843
8359633
8361309
8361679
8363304
8365929
8369849
8370379
8370824
8373382
8375283
8379049
8379539
8383315
8383693
8383738
8385125
8386115
8394772
8395502
8395852
8401267
8403484
8407730
8410512
8412367
8415582
8417347
8418408
8419626
8421033
8421828
8422525
8426899
8430044
8434328
8435940
8436276
8436572
8440415
8440959
8442345
8444660
8446712
8448599
8449176
8451007
8451623
8453851
8454472
8456528
8457180
8457225
8457766
8460168
8460659
8464482
8466257
8467312
8467998
8468150
8468791
8470880
8474909
8477362
8477750
8478661
8479036
8481565
8482283
8483390
8483556
8484038
8485837
8486187
8488299
8490079
8490440
8493972
8497297
8497822
8500851
8502205
8503643
8506717
8507648
8507948
8508711
8510048
8511235
8517589
8523528
8524663
8529002
8532999
8535467
8536907
8537498
8537948
8540233
8542512
8545331
8547014
8547885
8549283
8551103
8554013
8554551
8555068
8556012
8556759
8558826
8560850
8561046
8563315
8566368
8566888
8567507
8567536
8568340
8569637
8569661
8572436
8572482
8575265
8575531
8576406
8582147
8583515
8585296
8586558
8588732
8594238
8594333
8594586
8596804
8600843
8601829
8609316
8610336
8610691
8613593
8615207
8615762
8616407
8616951
8617542
8622118
8622571
8624834
8629195
8634283
8637593
8639281
8643349
8644437
8644815
8645407
8645842
8645962
8646696
8647638
8650282
8654957
8656053
8659416
8660095
8660209
8662865
8664292
8665545
8666727
8671025
8672996
8674578
8679199
8683384
8684050
8688842
8690296
8690891
8692155
8692549
8693677
8697473
8700921
8701991
8703748
8704951
8705094
8705629
8707360
8707877
8707887
8708834
8710441
8711688
8713522
8714404
8718638
8718710
8719652
8721248
8728421
8728457
8729942
8730780
8731026
8734401
8736085
8738481
8741259
8741485
8744044
8744475
8747746
8752172
8753233
8757387
8759097
8759614
8759987
8761828
8766708
8768361
8768383
8770528
8774834
8776290
8781401
8785738
8788283
8789324
8789857
8790719
8791773
8792991
8796174
8798928
8800018
8802869
8805810
8806277
8809811
8816355
8816970
8817221
8817670
8820182
8822771
8823043
8830723
8831919
8835143
8836577
8839759
8840585
8840869
8842777
8850489
8852382
8854868
8855677
8860880
8861124
8863465
8863838
8866363
8868592
8869997
8870036
8870827
8872499
8873961
8876644
8879556
8880192
8880449
8881504
8884899
8884991
8887637
8892174
8894929
8898406
8898975
8901159
8902280
8902672
8905699
8906434
8906686
8907422
8909995
8912961
8912985
8914665
8916317
8917504
8919627
8920642
8921900
8923267
8924015
8924463
8925519
8926082
8926731
8928372
8928462
8930460
8933597
8936279
8936399
8936486
8937770
8942146
8945291
8948724
8949809
8950597
8952321
8952940
8960213
8960276
8960561
8960826
8962722
8964235
8964419
8965810
8965945
8969302
8969877
8971077
8971171
8972013
8972767
8972831
8980343
8980491
8981166
8981542
8981943
8982839
8983875
8984533
8987664
8990175
8994288
8995781
8997122
8999765
9000487
9004551
9005700
9009155
9010046
9010104
9010338
9016944
9017095
9020075
9020689
9021775
9022649
9024506
9026211
9027937
9028226
9034433
9036607
9038554
9039397
9044147
9044269
9047846
9050179
9052467
9054582
9057180
9057309
9059069
9064184
9066970
9069193
9073691
9074239
9076407
9077733
9080298
9080871
9080927
9084250
9084915
9086810
9087645
9088305
9089611
9091083
9093093
9093348
9095959
9102982
9105434
9107822
9107860
9107960
9108003
9109049
9109436
9110050
9110472
9112212
9112525
9112734
9116968
9117467
9121378
9122471
9123719
9123908
9128408
9128943
9129040
9130625
9131654
9132764
9135287
9136054
9136595
9137073
9137693
9143287
9145630
9150156
9150364
9154314
9157779
9159215
9159970
9160544
9162533
9162813
9163550
9166006
9166236
9170364
9171098
9176360
9176694
9178560
9179886
9180151
9182690
9183731
9187896
9189433
9190180
9190642
9194008
9198270
9198412
9200315
9202586
9204434
9205079
9206045
9206097
9207277
9208238
9212091
9212443
9213183
9216300
9216838
9220640
9221301
9223937
9226080
9228161
9228447
9231360
9231517
9231600
9232083
9232157
9233251
9237122
9238641
9239629
9241234
9244105
9245745
9251408
9252272
9254992
9257297
9257826
9261926
9264751
9265121
9268789
9270095
9274617
9278949
9284020
9286526
9286533
9287468
9288618
9293144
9293794
9295051
9295749
9295789
9296588
9296964
9297288
9298535
9306677
9307075
9308021
9309441
9310351
9312077
9312576
9313975
9314325
9318088
9322445
9325384
9325436
9325748
9326555
9328419
9330246
9331920
9333279
9334576
9334939
9337901
9340134
9340890
9342608
9344463
9347609
9347847
9353729
9353743
9354919
9356036
9360438
9362553
9364048
9366049
9366232
9366974
9368330
9368436
9370232
9373632
9374801
9376405
9377334
9380539
9384579
9386817
9387412
9388242
9388550
9393667
9394436
9397962
9398032
9400835
9401190
9403005
9404127
9410179
9412602
9413076
9416044
9416479
9417007
9418822
9419420
9419689
9419937
9423803
9424851
9427831
9427893
9430103
9432073
9432560
9433522
9433783
9435284
9435526
9435540
9440045
9441063
9443323
9444618
9447682
9448949
9450010
9452007
9452288
9453234
9454954
9459488
9460500
9461727
9462762
9463656
9464671
9465898
9468268
9468403
9469253
9470695
9473372
9481005
9481160
9484000
9484798
9497779
9498542
9499348
9499968
9501181
9501491
9503234
9504626
9508904
9512021
9513122
9513360
9514623
9515661
9516287
9518968
9519492
9526525
9526807
9526959
9528867
9529322
9530138
9531703
9532840
9533680
9537032
9537299
9540729
9542374
9546377
9547177
9548684
9551788
9553122
9556355
9556869
9563613
9564450
9564613
9564884
9565104
9565861
9567157
9567390
9568032
9568984
9569403
9569759
9572945
9576981
9579247
9580261
9581095
9584149
9586040
9588470
9590103
9590253
9591896
9592762
9592819
9594087
9595163
9596060
9597231
9598516
9598815
9600177
9601575
9602301
9602735
9604482
9606984
9612535
9614297
9615336
9618354
9627230
9627897
9628745
9629211
9629650
9630974
9631789
9632344
9633282
9637642
9638663
9639494
9639985
9640251
9645628
9649616
9650429
9651779
9652611
9653804
9654983
9655278
9656711
9656742
9659539
9661745
9663173
9664183
9665026
9668616
9669955
9678470
9678561
9685360
9686672
9686750
9687068
9687575
9691043
9691917
9693729
9694603
9695199
9695408
9695608
9696825
9699127
9700095
9703872
9708348
9711566
9714652
9716982
9720548
9723509
9724270
9728950
9736910
9739271
9749431
9749617
9751100
9753123
9753445
9755166
9756268
9757594
9759573
9760085
9760417
9761151
9761383
9763454
9765226
9765268
9766477
9767112
9769620
9769787
9771032
9771255
9779693
9783775
9784399
9790167
9790970
9791470
9795198
9796126
9796528
9797147
9798199
9800838
9801017
9801058
9801303
9805408
9806187
9809428
9817578
9822524
9824074
9824275
9827910
9830892
9832139
9835320
9838157
9840814
9841713
9841881
9845126
9847401
9849434
9850934
9850965
9852075
9852734
9855871
9855919
9856354
9860739
9862349
9862527
9862849
9868011
9868379
9869352
9871146
9872045
9875472
9875524
9878204
9878524
9884475
9888668
9896126
9896744
9897661
9898942
9899270
9901450
9901982
9904980
9905078
9905778
9906110
9906965
9911769
9913232
9913319
9916813
9918995
9921951
9922316
9923876
9923896
9925333
9925593
9926160
9926969
9927627
9928634
9929796
9930061
9930504
9932353
9935797
9937432
9938930
9939990
9941163
9942997
9943077
9946915
9949845
9949963
9950019
9950565
9953074
9954448
9959575
9961080
9965285
9968326
9968751
9969338
9969782
9969839
9971725
9971767
9974578
9974899
9976060
9976787
9976990
9977254
9977822
9979525
9983471
9983896
9987227
9988428
9989098
9990655
9991356
9991977
9993124
9993588
9995059
9996273
9997019
9998738
9999444
10000582
10002586
10013374
10017362
10018084
10020122
10020996
10023013
10023848
10024909
10026107
10027057
10028403
10028626
10030431
10032560
10032933
10035275
10036261
10037762
10038596
10040085
10042182
10042917
10043549
10044761
10046687
10048436
10049378
10049888
10052305
10058189
10059243
10060282
10060945
10061938
10062022
10062170
10062529
10063907
10066237
10074885
10075118
10080552
10081624
10081642
10084876
10085027
10089482
10090885
10093821
10095712
10096028
10098320
10098966
10099338
10100417
10100530
10101890
10103687
10105980
10108338
10108617
10111502
10112621
10113448
10114007
10126703
10127010
10127954
10131961
10139465
10150458
10151106
10152726
10158670
10159682
10160933
10163007
10164114
10165058
10168513
10169430
10169545
10171004
10172479
10174369
10174566
10175384
10176912
10177059
10177109
10180406
10182070
10182326
10183321
10185630
10186925
10187177
10188550
10188823
10191876
10192553
10193840
10196135
10198730
10200879
10203630
10206105
10209379
10211254
10214407
10218945
10221803
10224676
10226454
10226455
10226865
10228464
10229011
10229682
10230886
10230899
10232184
10233880
10238443
10244906
10246795
10247166
10247336
10247831
10250696
10253683
10255695
10255903
10258312
10260360
10260615
10261088
10264929
10265925
10266388
10268217
10268529
10269324
10270915
10274416
10274860
10275199
10275761
10276597
10277911
10279323
10280634
10282418
10285795
10286648
10289078
10292047
10295281
10295937
10296101
10297264
10298853
10299843
10301016
10301215
10301310
10302003
10303051
10303534
10305934
10309703
10310353
10315377
10315861
10316039
10316300
10316744
10321379
10323155
10323717
10329550
10332930
10333365
10333922
10339310
10343353
10343762
10344212
10345580
10345974
10351326
10353647
10356282
10356642
10361179
10361214
10361238
10362494
10362874
10363464
10367932
10371937
10373931
10377861
10383175
10385381
10385869
10388517
10391348
10393396
10393578
10393695
10399138
10400600
10401764
10404397
10405179
10405746
10405946
10406293
10406596
10406872
10408288
10408342
10408993
10409383
10411169
10413274
10418525
10419176
10420331
10421094
10422870
10423129
10425775
10426427
10428131
10429965
10437255
10440669
10444814
10450875
10451045
10452765
10453575
10454263
10454289
10456049
10456276
10458851
10459537
10464847
10465533
10467838
10470532
10471215
10471759
10473395
10478543
10480333
10481574
10483713
10485461
10486016
10487777
10490966
10491004
10493548
10498497
10499325
10500090
10503004
10504770
10507182
10510166
10510426
10510499
10513904
10514906
10515695
10516755
10519831
10522643
10523434
10523770
10525368
10527007
10529046
10529441
10536389
10536829
10539750
10543443
10546476
10546942
10550451
10557524
10560014
10561200
10562093
10562931
10564087
10566311
10569080
10573664
10574307
10576811
10579468
10581836
10583724
10587059
10587381
10587794
10590854
10592151
10592696
10592916
10593941
10599383
10601169
10601896
10601983
10604747
10604927
10613076
10613920
10614089
10618111
10619246
10620569
10621189
10621890
10622816
10624009
10627580
10628888
10630912
10632103
10637115
10638439
10640978
10644221
10646530
10649876
10651111
10651912
10654146
10654606
10657303
10658145
10658152
10659000
10659881
10663922
10665396
10667795
10673410
10674507
10677338
10677525
10677727
10678980
10680196
10680546
10682592
10684785
10684828
10686497
10686682
10688182
10688429
10689010
10692987
10693870
10695216
10697501
10697519
10697764
10698069
10698407
10702281
10703231
10707302
10710720
10716053
10718194
10718296
10721030
10721821
10723449
10732323
10734724
10737364
10738863
10749507
10750430
10753286
10755834
10759883
10762837
10764858
10766472
10767997
10771639
10772313
10774722
10779910
10780156
10782664
10784552
10785082
10787463
10787750
10788958
10789870
10790167
10794289
10800354
10802378
10802996
10805938
10807972
10817642
10820632
10820850
10827378
10827580
10828239
10830996
10831399
10832763
10840227
10846362
10847812
10848342
10849372
10852467
10856322
10859437
10859461
10861830
10862175
10864332
10865572
10866957
10871862
10872070
10874340
10879490
10879640
10881581
10884177
10884295
10885383
10886909
10893007
10897376
10898068
10903588
10904918
10907215
10912125
10912761
10913864
10914004
10914987
10917645
10919919
10919941
10925712
10926127
10929117
10930889
10932051
10939952
10940263
10942278
10942915
10944759
10949300
10954407
10954595
10955830
10959431
10961243
10963048
10963314
10963514
10963534
10966104
10969760
10971870
10973405
10974169
10974687
10976811
10980236
10981763
10981839
10982808
10983815
10984274
10985371
10990404
10991997
10994146
10994520
10997062
10998546
11000339
11001217
11001499
11008888
11011534
11012072
11012558
11012918
11013903
11014075
11017665
11019361
11020314
11022933
11024089
11025428
11028430
11031604
11032201
11032766
11034256
11036075
11037671
11042764
11043701
11044479
11046336
11047078
11048258
11049582
11050765
11050962
11051673
11052286
11055922
11058247
11058890
11063869
11065040
11065210
11068076
11068230
11070090
11070833
11077237
11078659
11079161
11079612
11081618
11082743
11084307
11084634
11087351
11089205
11089895
11093150
11097071
11099408
11100744
11102022
11108875
11110871
11112482
11114687
11115378
11117103
11118663
11119029
11122581
11122718
11130004
11131741
11132921
11148091
11149453
11153802
11154747
11155067
11155695
11162885
11163559
11165335
11165454
11166636
11168937
11171050
11172796
11177191
11177449
11177713
11177744
11179647
11181913
11182305
11183373
11186668
11188239
11189091
11190124
11190578
11191079
11194474
11195971
11198466
11198664
11198739
11201118
11203147
11206181
11206975
11207104
11208437
11208568
11209972
11210488
11210753
11211002
11212744
11217150
11221895
11222545
11223859
11226850
11227329
11232728
11233456
11235551
11236674
11241674
11241825
11242568
11247793
11257884
11260552
11262273
11267088
11268428
11271572
11272151
11273046
11273839
11276435
11278855
11281088
11294383
11298974
11300126
11300294
11301162
11304144
11306866
11307821
11308633
11309292
11310260
11312279
11312851
11313522
11315706
11317214
11317529
11317833
11320438
11322647
11323332
11324808
11325501
11326482
11328416
11328581
11333373
11334728
11342115
11343567
11343605
11348075
11348802
11349870
11354708
11355499
11355785
11356271
11357289
11359465
11359706
11362524
11369618
11370611
11372234
11374775
11376922
11378937
11379245
11380704
11381992
11383511
11386853
11386924
11389910
11393591
11395430
11396321
11403519
11404378
11406161
11408330
11408732
11410142
11410418
11411951
11412263
11412772
11412875
11416785
11417970
11418904
11420195
11421740
11422605
11425984
11428235
11430561
11433462
11433919
11438802
11440456
11441537
11446393
11446505
11449162
11449967
11452124
11454104
11455112
11463799
11465754
11467103
11467434
11468654
11468706
11469431
11470547
11471673
11473887
11474303
11475238
11475885
11483266
11487944
11487970
11492411
11496732
11499262
11499888
11502979
11503005
11504335
11507871
11510857
11512567
11516683
11516696
11522479
11522822
11525135
11526182
11526650
11529305
11531949
11535337
11544524
11546691
11549303
11553664
11554820
11559499
11560095
11562120
11564376
11566324
11568694
11574842
11575044
11575383
11575705
11577003
11578038
11578840
11579888
11583639
11586336
11587237
11589014
11591630
11593298
11593892
11593967
11598523
11600247
11606693
11609923
11615437
11616002
11617926
11619876
11620886
11622085
11629138
11629360
11629697
11630329
11631464
11631703
11631735
11632005
11636592
11636948
11637031
11637394
11637635
11638520
11639935
11640174
11642610
11647921
11650716
11651615
11652222
11655143
11657382
11657470
11660573
11666814
11666893
11666960
11667040
11670677
11670934
11675768
11676540
11677725
11678522
11678979
11686270
11687409
11687889
11688926
11690648
11692680
11695323
11698243
11700218
11710428
11711996
11713445
11713864
11717067
11718821
11721244
11722132
11722665
11723030
11724023
11724263
11724953
11727496
11727569
11728894
11732347
11733568
11733570
11734729
11736498
11739030
11739722
11739884
11740166
11741004
11741427
11742749
11742803
11746247
11746253
11750279
11752697
11753431
11757153
11760187
11760372
11763544
11766011
11766413
11772524
11773113
11773124
11773287
11774644
11774689
11780077
11786863
11788334
11788384
11792312
11796268
11797110
11797648
11797935
11798520
11804650
11805133
11811172
11813778
11818785
11819025
11820601
11821265
11823688
11823910
11828182
11829062
11831563
11836971
11839325
11839917
11840974
11841038
11843549
11847158
11848048
11850726
11853264
11853385
11854500
11855173
11855801
11858926
11862060
11862529
11862629
11862727
11866219
11866765
11868456
11871735
11873731
11883818
11887483
11890672
11892113
11893543
11895633
11897718
11897785
11898763
11899492
11900269
11900770
11908021
11910434
11910513
11911158
11911604
11911994
11912228
11913672
11916543
11918262
11918579
11920551
11920739
11927984
11930062
11930481
11937975
11938008
11941924
11943512
11947033
11953601
11954177
11956466
11959290
11960033
11961864
11962427
11963800
11964408
11964815
11966987
11967638
11968792
11969930
11972269
11973515
11973677
11975163
11977825
11979241
11981311
11982072
11984414
11985007
11987385
11987889
11988056
11989920
11992388
11992618
11992674
11993982
11997950
12000122
12002785
12004303
12008257
12008481
12009469
12010735
12012610
12013542
12014256
12015367
12016459
12017928
12018106
12018294
12018563
12019990
12020832
12025895
12026030
12029758
12031675
12032437
12034594
12037525
12037856
12037915
12038372
12039288
12043509
12045265
12059969
12060443
12061805
12067383
12067641
12070539
12070673
12071896
12073135
12073674
12074227
12086242
12087507
12088597
12089952
12101242
12102007
12102339
12104681
12111432
12112006
12117378
12118629
12120942
12121140
12121460
12122980
12123216
12129404
12132224
12133786
12135419
12137142
12137744
12138949
12139893
12145481
12151777
12152042
12152195
12153151
12153234
12156745
12157152
12158477
12159907
12160908
12162962
12163128
12164898
12165222
12169253
12170780
12176900
12182375
12184846
12185278
12185398
12186198
12189685
12192722
12192955
12195276
12196446
12197041
12197412
12198071
12198511
12198587
12200888
12203767
12209117
12209294
12210605
12215257
12215548
12218119
12218801
12223001
12224066
12225227
12227010
12227169
12227319
12227754
12229701
12233874
12235221
12235718
12240763
12241908
12242045
12247809
12249414
12249802
12251442
12254242
12256154
12257212
12257420
12261167
12263232
12263574
12268859
12270280
12270781
12273344
12274057
12274125
12275396
12275844
12276129
12278449
12278975
12279132
12279156
12281104
12284959
12288373
12292172
12292217
12292489
12293207
12293521
12297479
12301801
12302738
12310827
12314440
12317615
12320339
12322023
12323860
12324700
12325054
12328029
12330082
12334881
12340137
12340931
12341587
12348684
12353795
12355904
12357061
12358209
12360122
12361568
12364704
12365414
12366629
12367482
12373182
12374271
12375887
12376901
12377127
12390300
12393949
12394257
12394949
12395726
12396717
12397808
12399064
12400643
12400894
12401157
12402763
12403669
12403938
12404498
12408128
12413666
12414293
12414872
12415335
12415552
12415817
12422929
12424323
12437201
12439152
12439822
12439980
12441063
12444219
12448662
12450018
12451862
12454370
12455848
12461824
12461947
12463480
12464617
12467429
12469691
12471371
12473025
12478687
12478869
12480119
12481960
12484166
12484167
12489573
12489646
12489741
12489826
12493558
12496704
12497543
12502215
12502691
12510109
12510353
12516486
12516542
12517604
12519169
12519544
12520739
12521032
12523270
12524592
12526802
12533284
12535160
12535842
12535962
12536467
12536640
12537093
12537715
12539204
12539956
12541639
12542621
12544561
12549436
12552706
12553235
12553912
12555028
12558190
12561382
12585561
12585974
12586084
12586318
12586452
12586937
12587227
12588846
12588856
12593393
12593554
12593807
12594873
12595292
12598320
12599414
12602231
12605949
12607375
12615373
12617748
12618967
12620638
12621628
12624144
12625426
12627062
12627591
12628855
12632150
12636296
12637854
12638095
12638869
12641212
12643630
12646331
12647593
12650167
12657591
12661940
12663022
12663892
12664529
12665668
12666243
12669234
12670386
12672152
12672499
12677877
12677999
12678870
12682764
12683204
12684409
12685317
12687015
12690227
12690834
12690918
12691674
12691948
12692270
12694393
12698700
12700338
12700426
12702364
12703378
12703678
12704048
12704827
12705514
12717160
12718593
12719288
12720251
12720272
12720962
12726538
12727149
12729753
12733424
12735106
12738994
12739790
12740147
12741032
12741161
12743052
12743220
12743626
12744753
12744943
12745088
12745219
12745741
12746834
12748020
12749173
12752456
12753296
12753686
12754056
12764767
12768756
12773855
12777849
12778204
12783415
12783806
12784288
12786984
12787127
12787953
12789354
12791210
12791895
12791959
12795275
12797570
12797638
12797878
12800340
12801114
12805689
12807433
12807988
12810298
12810496
12810545
12812540
12815022
12815056
12815497
12819216
12829254
12829280
12829757
12833651
12837693
12837987
12842008
12843960
12844799
12845362
12846658
12847250
12847499
12849201
12849702
12851459
12855253
12855884
12856551
12857823
12857851
12857919
12859036
12861566
12862058
12863392
12864371
12869826
12872619
12873773
12875191
12876783
12878266
12879543
12881515
12885477
12886384
12887348
12888091
12888231
12888975
12888994
12890103
12893704
12894395
12895375
12896380
12901454
12905130
12905547
12906184
12908968
12909474
12911150
12911309
12912975
12915594
12917686
12918147
12918197
12919053
12923308
12941845
12943883
12948298
12952629
12953354
12958064
12960805
12960933
12962320
12964863
12965586
12969821
12974961
12975791
12976582
12976610
12977623
12979103
12980259
12984042
12986528
12987002
12988084
12992463
12992780
12994070
12998661
13003962
13004307
13005130
13008196
13009023
13009291
13009406
13011627
13012400
13013743
13014070
13014397
13016665
13017552
13021804
13022757
13024332
13024962
13026025
13028096
13028206
13029595
13031889
13033828
13035567
13036142
13042219
13042244
13043919
13049459
13049636
13049642
13050948
13051892
13054356
13056447
13056741
13056806
13058973
13059897
13060805
13061994
13063889
13064401
13065926
13066112
13067092
13067140
13067438
13070739
13080070
13085795
13086892
13087051
13088943
13089830
13090180
13092417
13093027
13093210
13093657
13095821
13097369
13098016
13098483
13098514
13100047
13100709
13103512
13104348
13105730
13107935
13109240
13114523
13114955
13116217
13118011
13118988
13122446
13123916
13125561
13125937
13127127
13128793
13130654
13130906
13132447
13134100
13136823
13142688
13149585
13149708
13157355
13166069
13166865
13167123
13168494
13178195
13181163
13183407
13184616
13186144
13189534
13192650
13195123
13200089
13200875
13200959
13201694
13206016
13207023
13209433
13209730
13210808
13212635
13214457
13216038
13218244
13220132
13222246
13222415
13222708
13223503
13231041
13231586
13242971
13245491
13246092
13249032
13251368
13255378
13256297
13256993
13258857
13263443
13265562
13265864
13267706
13267798
13269960
13271530
13273951
13275997
13279364
13279366
13279783
13281761
13282958
13284743
13293114
13294998
13296329
13296827
13300286
13304548
13306409
13310355
13313736
13314793
13318111
13325610
13326782
13328053
13329771
13331224
13331249
13331287
13335311
13338179
13339514
13341259
13343422
13346765
13347722
13348896
13349262
13350745
13353282
13354171
13354875
13355244
13355318
13355612
13356400
13357428
13358593
13358696
13365820
13366268
13372918
13373079
13373184
13373394
13374599
13376501
13381792
13381807
13382914
13384202
13384473
13385158
13385416
13391761
13393716
13394941
13396198
13398480
13399500
13399531
13402714
13407486
13410089
13410669
13414698
13416086
13416970
13420517
13422938
13424405
13424972
13425119
13425698
13427384
13427647
13428742
13428883
13429402
13429527
13430834
13432327
13433132
13433816
13435973
13436372
13439099
13441003
13442690
13443477
13444110
13444174
13445655
13450595
13450877
13451233
13451347
13452902
13452967
13455815
13456160
13457734
13459202
13463220
13465063
13465522
13469731
13471092
13474574
13478658
13478848
13479385
13480259
13482860
13483285
13483892
13485268
13485555
13486495
13486745
13486808
13488111
13488137
13489898
13501364
13505725
13509832
13515823
13516343
13516709
13517169
13519077
13535873
13542962
13542980
13543117
13543916
13544556
13546530
13547767
13547864
13548171
13548699
13548916
13549132
13556785
13560605
13561254
13561641
13564332
13565144
13565256
13565310
13565912
13570299
13570669
13571804
13572601
13572931
13573983
13583326
13583707
13585046
13586024
13590549
13591688
13591977
13592334
13592486
13594989
13601815
13602645
13603629
13606158
13608256
13610869
13614202
13614566
13617215
13618071
13618121
13618634
13620007
13620238
13620597
13621013
13621978
13623599
13626421
13626975
13627455
13627965
13630097
13633958
13636677
13636732
13637429
13637616
13637887
13638552
13645915
13646173
13646754
13649180
13649920
13651129
13657142
13657645
13658143
13658251
13658464
13660405
13662538
13664971
13668368
13670532
13672569
13673281
13676237
13676385
13676735
13678665
13678770
13678909
13679290
13682115
13684125
13686405
13689238
13689790
13690911
13696379
13700068
13701223
13701865
13702248
13703233
13708497
13714455
13716249
13719224
13722831
13723010
13724627
13725280
13727223
13729858
13730869
13731863
13736873
13737123
13738832
13739737
13745951
13748164
13748693
13749069
13751770
13753415
13754370
13755005
13755663
13761710
13762732
13763950
13764967
13768354
13771155
13776794
13777182
13777785
13779128
13783404
13785241
13785632
13785742
13786984
13792040
13793619
13800602
13802003
13802372
13806393
13807543
13809599
13809614
13810553
13811626
13817457
13818013
13820245
13821070
13821147
13821375
13824141
13830943
13832175
13834422
13839899
13840536
13840625
13843709
13845893
13847493
13848648
13849311
13851127
13852731
13854759
13858443
13858694
13860903
13862944
13865868
13869024
13871952
13874147
13874374
13875642
13877708
13878824
13880124
13880393
13881281
13881789
13884194
13886614
13887378
13888472
13891248
13892819
13895697
13895724
13895947
13896636
13897379
13899425
13899533
13901659
13902322
13902519
13904383
13904465
13906083
13908122
13908287
13911566
13918538
13920213
13920704
13926537
13928407
13931613
13931760
13931784
13932556
13939026
13939208
13942270
13943197
13943226
13946763
13949295
13949762
13953054
13958481
13958681
13960095
13961053
13964180
13964982
13966071
13967412
13967718
13969664
13972257
13972831
13975032
13976298
13976726
13977032
13979153
13982680
13984065
13987580
13989656
13994527
13996578
13998004
13999275
13999768
13999925
14003842
14004988
14010761
14013036
14016177
14017079
14024539
14025057
14025110
14026340
14026417
14029807
14031201
14032843
14033164
14033307
14034314
14034718
14038794
14039089
14039587
14045966
14048333
14050849
14052469
14052625
14052912
14053516
14053544
14054626
14056450
14056798
14059181
14063051
14063103
14064623
14068868
14069193
14071458
14074747
14076077
14078187
14088156
14091098
14097364
14098525
14099610
14099955
14100794
14101026
14101717
14102725
14103032
14103256
14108326
14108848
14109571
14110250
14111013
14112139
14113812
14116175
14117526
14134580
14136602
14137087
14137146
14137924
14141293
14145267
14147727
14148197
14148391
14150955
14160060
14160390
14162902
14168422
14174159
14175292
14176948
14176988
14180850
14181562
14184598
14188780
14190253
14192252
14193839
14195441
14196811
14197504
14197616
14197879
14198868
14199621
14200249
14201004
14204814
14205385
14206102
14206947
14207140
14208633
14216532
14218597
14225103
14225408
14225552
14228877
14230790
14231382
14233544
14233828
14234913
14235796
14239488
14241013
14241741
14242791
14247200
14248781
14250125
14250836
14251243
14252049
14265036
14269378
14269927
14270092
14270210
14270377
14271090
14275044
14275804
14280767
14281940
14285861
14287822
14288380
14291281
14291309
14291865
14293367
14294627
14296038
14296583
14297537
14297563
14298097
14300922
14301214
14301914
14305765
14308679
14309617
14309647
14309847
14310653
14311228
14312415
14315805
14318140
14319005
14320049
14320067
14320627
14321497
14323546
14324216
14326146
14326910
14329397
14332586
14333408
14335235
14338035
14338340
14338730
14342645
14344524
14344715
14351029
14355951
14358666
14363185
14363514
14363969
14365156
14366165
14372901
14374962
14376099
14376875
14380067
14380258
14380801
14382164
14383790
14385011
14387893
14388165
14388324
14393418
14394157
14396295
14399183
14402040
14402237
14405130
14406225
14412014
14416102
14416148
14416679
14417543
14418917
14420662
14422938
14423462
14424574
14426175
14426597
14436171
14440094
14441609
14443862
14447687
14447816
14447918
14450688
14451322
14456382
14461421
14466724
14468440
14468552
14473900
14475890
14477582
14485712
14487907
14491771
14491800
14497553
14502245
14503291
14503569
14503650
14505199
14506102
14510412
14510821
14512552
14514347
14515726
14515743
14523669
14523809
14525573
14526573
14527932
14528427
14530021
14530723
14531125
14532103
14536181
14536472
14537056
14538694
14539908
14542150
14549792
14550025
14550709
14554156
14554513
14559086
14559213
14560765
14565163
14565235
14568879
14572080
14574204
14574858
14577592
14579044
14580728
14582137
14583224
14585002
14585341
14585569
14586840
14587477
14589683
14589911
14591253
14592177
14598214
14602091
14602832
14608563
14609720
14610654
14611199
14611327
14612196
14612364
14614269
14616744
14619157
14621199
14621247
14621529
14623725
14623914
14635992
14637610
14638185
14638652
14639918
14639956
14642158
14642237
14644543
14646230
14651543
14652227
14652753
14659124
14661571
14661681
14664289
14669185
14671629
14671864
14673626
14675415
14676861
14677530
14678839
14679089
14680064
14687681
14687716
14687790
14688785
14689865
14690314
14692586
14693037
14693349
14698455
14699100
14700508
14701043
14708572
14710889
14711375
14711679
14712274
14712526
14715683
14716172
14716590
14716829
14718491
14718745
14721321
14722069
14724102
14724278
14725482
14725486
14726730
14728484
14736273
14739816
14740248
14740522
14745347
14746030
14746229
14747805
14749730
14754933
14758240
14758629
14758671
14759465
14759594
14761117
14761451
14763054
14766438
14768320
14771144
14772259
14776996
14777011
14778115
14778579
14783706
14786098
14786340
14789525
14799038
14800027
14801070
14801357
14803800
14804845
14805102
14806891
14807695
14811891
14812076
14815997
14816451
14816514
14819523
14820067
14820259
14822226
14824544
14824981
14826254
14827558
14831694
14833544
14833680
14834421
14834898
14836221
14838286
14839059
14839505
14841516
14842240
14844553
14846153
14857814
14860141
14860723
14863664
14870644
14874555
14875230
14875922
14877188
14877386
14878055
14880079
14880162
14881719
14885173
14885638
14886161
14887454
14889895
14892595
14893355
14894326
14894988
14895910
14896986
14899280
14901721
14903615
14904728
14909374
14913122
14915572
14918718
14922537
14923104
14923972
14924033
14924773
14924861
14926400
14927166
14927318
14929116
14930258
14931106
14931245
14931504
14938173
14938567
14940940
14945235
14948990
14949784
14953888
14957309
14958522
14959512
14959790
14963682
14966000
14966383
14969019
14969274
14971988
14972223
14973231
14973297
14973891
14974530
14989402
14991992
14994722
14995606
14998687
15003010
15011571
15013611
15013913
15014320
15015561
15018585
15018625
15020254
15021766
15022182
15023875
15024070
15024263
15025377
15025473
15028397
15028826
15029192
15029709
15033768
15036015
15036427
15043136
15044053
15048528
15054916
15054935
15054970
15056162
15056367
15059092
15059529
15061536
15062668
15063502
15066104
15067025
15067778
15069439
15071055
15072807
15075287
15076373
15077783
15079750
15080689
15080955
15083741
15084187
15084572
15085811
15085817
15085840
15086319
15088343
15096918
15097155
15097836
15098210
15098439
15103253
15104513
15105860
15107672
15107722
15107968
15118289
15119503
15121656
15125239
15126108
15130850
15132535
15132881
15133040
15133783
15134484
15135224
15135998
15136287
15136498
15136902
15139251
15142817
15143158
15143549
15146928
15149915
15155761
15156021
15158756
15158919
15163288
15163444
15165512
15167183
15167333
15167369
15167380
15169117
15169390
15169801
15171115
15172032
15173318
15173898
15173938
15174898
15176746
15178059
15178099
15178791
15179649
15182421
15182911
15183961
15185033
15185325
15185997
15190917
15192377
15193215
15194572
15197400
15197592
15202535
15210186
15210249
15211807
15212285
15219900
15220418
15223609
15225187
15226447
15229501
15230416
15232870
15233408
15236199
15237922
15238079
15241955
15242445
15244027
15246234
15246586
15248920
15254660
15255356
15256385
15258564
15261689
15263761
15265174
15266030
15268527
15268686
15268930
15269165
15272870
15273292
15275126
15276523
15278268
15278811
15282367
15282726
15285463
15286273
15287592
15288129
15289152
15290622
15292252
15292492
15293495
15293903
15296552
15299008
15299998
15300332
15300676
15301490
15304163
15306087
15306688
15312129
15328960
15329124
15329482
15329853
15330150
15330794
15331171
15332120
15332395
15335798
15336459
15344239
15345924
15349378
15350543
15353304
15353966
15354722
15355228
15357679
15363977
15364467
15364779
15365036
15365358
15367147
15369481
15372436
15372522
15372992
15373842
15374222
15375354
15376228
15378122
15379737
15382238
15383102
15385660
15388937
15395040
15395556
15395625
15400739
15403494
15403922
15406630
15408771
15410183
15414386
15414486
15416064
15422814
15423114
15424380
15425707
15431586
15433064
15433912
15436410
15441391
15443331
15443913
15447567
15450240
15450789
15452147
15452150
15452389
15453384
15455562
15455827
15457221
15461179
15461210
15464125
15464647
15465049
15466978
15467630
15468457
15468563
15469996
15471504
15474139
15474322
15475072
15476452
15480441
15481268
15485029
15487769
15487878
15496147
15496777
15498326
15503508
15507046
15507543
15510317
15510689
15514535
15514552
15517626
15519780
15520030
15520291
15523526
15523808
15525559
15526083
15528406
15535412
15538252
15541430
15544690
15549076
15551318
15553469
15553581
15559217
15561026
15561284
15561844
15562258
15562662
15565484
15565932
15566849
15568241
15568665
15572133
15578777
15580502
15587217
15588455
15589992
15590009
15590852
15591695
15594454
15594663
15594671
15595019
15596112
15596860
15598862
15601622
15602257
15604276
15605606
15606760
15609773
15626757
15627688
15628085
15629309
15631057
15632393
15633359
15633439
15635339
15639472
15640083
15640932
15641039
15641705
15642726
15643213
15645229
15645667
15645853
15646397
15647571
15650133
15650182
15652405
15652525
15652810
15655765
15656278
15662691
15664892
15667753
15672696
15675347
15676417
15677423
15677890
15679256
15680667
15680709
15683501
15685161
15685838
15686084
15686317
15688088
15689955
15690729
15693879
15698026
15700909
15704510
15704660
15707731
15710426
15710847
15711423
15715297
15716438
15716871
15718848
15719165
15719943
15723504
15724409
15725712
15727715
15728071
15729682
15731007
15731550
15734249
15735168
15735425
15735809
15736798
15741599
15741737
15742541
15742795
15743665
15745234
15746311
15746686
15747371
15749039
15749301
15750027
15751524
15751844
15754619
15759937
15760043
15763722
15764342
15765791
15766161
15766209
15766727
15768108
15771888
15774560
15778267
15778657
15786730
15786806
15787221
15789601
15789656
15789941
15792796
15793198
15793212
15793818
15793852
15796835
15799156
15810733
15814828
15815988
15816133
15816316
15817671
15817874
15818078
15819334
15819486
15821532
15821641
15823852
15825255
15828236
15829989
15832608
15832771
15834453
15836230
15836918
15840212
15841568
15843464
15843595
15843772
15847749
15847862
15848253
15849903
15854436
15856129
15856950
15859380
15859723
15860837
15861894
15863360
15865877
15867151
15869143
15871634
15871635
15873004
15874192
15874257
15874912
15876376
15877549
15878606
15879306
15880494
15881118
15881513
15885863
15888031
15888079
15888510
15888797
15889468
15894758
15896220
15896752
15897852
15898152
15899208
15899527
15900337
15900775
15901907
15902043
15902342
15902431
15904980
15905024
15905407
15905641
15907706
15908591
15910142
15910322
15911339
15917532
15918382
15919983
15920512
15921224
15921717
15922224
15923357
15926019
15927585
15927947
15928659
15929355
15929504
15929883
15931316
15932813
15933170
15933649
15935367
15936154
15936174
15937722
15938280
15939641
15940192
15940950
15944295
15946625
15948649
15950051
15951318
15951903
15954257
15956583
15956939
15957688
15959321
15959538
15962568
15965778
15966832
15968541
15969252
15975067
15975121
15979618
15980955
15986657
15987549
15991832
15992749
15995253
16001521
16001944
16002960
16004299
16005147
16007254
16007533
16007797
16011791
16012009
16013828
16014989
16015263
16015353
16021629
16022221
16022716
16028472
16029050
16031622
16034423
16036435
16037600
16039830
16045394
16046900
16047950
16050197
16051090
16054153
16056961
16058843
16060744
16061548
16062656
16062674
16063230
16063410
16066930
16074000
16076699
16077779
16081541
16084438
16086200
16087085
16087748
16088644
16094817
16096443
16101183
16101668
16103719
16104015
16105264
16106599
16108096
16110547
16115632
16117301
16118187
16120285
16121006
16124043
16125201
16126342
16127492
16129435
16129541
16131542
16133727
16139908
16141980
16142386
16155958
16157675
16157700
16159078
16161833
16162429
16162847
16163759
16164213
16164777
16168041
16172172
16176856
16181169
16182365
16185432
16186642
16188619
16190691
16193926
16194685
16195029
16195245
16196338
16199388
16199595
16201627
16205143
16205600
16210088
16211053
16215650
16218165
16218675
16220308
16222994
16223232
16223744
16223752
16224005
16225359
16226537
16228745
16231266
16231718
16234195
16235305
16238387
16238653
16239243
16240777
16250021
16251787
16254637
16258718
16260464
16264304
16264963
16267299
16268427
16270847
16271365
16271962
16274152
16277258
16277952
16280792
16285465
16285978
16287575
16291585
16291970
16292590
16294343
16294576
16297728
16298479
16300748
16301838
16303656
16303779
16306573
16307272
16307441
16308695
16309673
16310310
16317880
16322435
16327177
16328305
16329666
16329793
16332430
16335397
16335422
16336327
16337622
16339212
16340116
16343532
16346873
16352567
16355010
16358988
16359571
16365733
16366380
16369894
16373881
16373892
16374019
16375501
16376831
16376912
16377976
16380893
16384433
16385145
16386788
16389520
16390705
16391891
16393055
16393507
16395556
16397604
16397950
16399515
16400337
16400569
16403491
16403845
16407458
16407900
16408532
16411644
16412435
16414835
16414998
16415569
16419620
16421304
16422162
16422208
16423809
16424331
16429983
16431345
16432361
16434225
16434566
16435318
16435730
16437544
16437681
16440158
16440652
16445092
16446017
16446130
16448552
16449234
16449757
16449799
16450462
16453813
16454706
16457710
16459684
16460442
16465602
16465785
16465880
16466632
16466857
16468778
16469368
16471013
16472442
16475287
16476949
16480726
16481357
16485485
16491271
16491613
16492347
16494612
16495339
16501338
16502526
16504928
16505184
16505224
16505608
16507023
16508927
16509579
16509608
16510047
16510201
16521683
16522249
16524345
16524999
16526794
16529571
16530395
16534928
16534965
16535644
16536023
16538895
16539151
16539588
16539612
16540778
16541924
16545873
16546396
16554240
16556472
16557272
16560028
16561947
16573221
16573649
16575206
16575400
16587088
16587765
16588208
16595360
16595636
16596107
16597961
16599037
16604745
16607542
16607703
16608741
16608992
16610836
16611491
16613847
16615541
16615604
16616894
16617171
16617179
16618491
16619157
16621207
16621688
16622608
16622834
16626545
16627007
16632012
16638106
16638455
16638719
16638993
16641012
16641630
16643092
16647602
16654213
16654747
16655074
16656063
16657094
16658019
16659730
16662561
16663438
16664748
16667832
16668137
16669325
16672136
16673082
16673895
16675086
16675266
16677805
16678944
16687256
16688730
16690441
16691969
16692841
16693600
16693619
16693847
16694114
16698449
16703154
16705160
16707035
16715734
16717467
16719718
16723282
16723578
16726309
16731437
16735151
16735702
16735979
16736100
16736403
16737587
16739910
16744715
16747955
16751964
16752500
16753144
16753785
16755877
16757699
16758416
16760840
16761255
16762468
16763425
16765231
16766028
16766247
16767451
16769699
16770559
16774162
16775504
16775670
16778059
16779058
16780240
16780757
16781010
16781090
16782552
16785842
16786435
16792769
16795700
16800636
16800744
16806409
16807103
16810238
16814245
16815888
16816236
16818489
16821297
16822022
16825690
16827581
16828059
16835196
16835414
16835720
16840276
16842578
16845262
16847682
16851608
16854872
16855615
16855698
16855726
16856516
16857403
16857422
16858682
16861221
16861385
16861877
16862966
16865001
16867579
16867742
16871380
16871446
16874851
16875420
16875583
16881597
16882509
16882690
16894778
16902451
16902735
16903140
16903181
16905024
16911511
16913854
16914026
16916770
16917842
16918792
16927668
16931013
16932498
16932501
16940566
16941220
16941733
16943171
16944493
16944949
16945470
16945967
16951901
16953322
16955851
16955924
16956309
16957007
16959879
16960647
16962473
16963847
16967522
16968935
16970900
16973227
16973773
16979974
16982074
16982739
16983965
16984570
16986278
16987079
16989844
16991804
16995029
16997230
16997785
16998515
16999444
17001136
17005947
17007305
17010465
17012053
17016094
17016182
17018082
17019228
17023060
17024672
17026602
17027443
17028269
17030941
17031699
17034286
17037539
17040098
17040885
17042061
17047139
17047647
17048101
17055971
17060546
17066177
17067421
17068128
17069284
17070318
17072346
17079745
17092020
17092355
17093269
17094663
17096113
17096584
17099542
17103601
17109220
17109717
17111336
17113496
17119723
17121757
17125307
17126127
17126773
17126909
17127235
17128864
17129519
17129943
17131011
17132843
17134625
17137306
17138014
17143211
17150343
17155141
17156468
17159140
17163858
17166703
17167190
17176492
17177514
17178772
17179387
17183083
17183122
17184648
17190196
17193377
17200212
17200317
17200987
17201237
17202652
17204007
17214067
17215187
17221618
17221970
17223005
17224775
17226829
17227920
17229710
17229945
17230663
17241154
17243267
17244230
17244391
17246218
17246826
17247243
17247507
17249156
17251837
17252552
17254453
17257493
17258073
17259628
17260914
17263489
17265974
17266602
17267788
17267998
17268624
17272423
17275845
17277874
17279312
17280891
17280957
17281942
17283773
17287380
17289667
17289737
17290150
17290399
17291506
17291789
17291798
17292332
17293148
17293610
17304032
17305714
17306356
17308538
17309238
17309949
17310849
17311939
17312030
17312321
17314647
17317812
17319967
17322525
17325208
17325411
17326814
17329653
17330189
17331621
17334732
17335578
17336163
17336915
17339273
17340041
17340095
17342203
17345599
17348041
17349483
17349556
17351586
17355395
17357175
17361022
17361099
17363680
17365162
17370478
17371565
17375813
17376650
17376848
17378561
17378829
17380292
17382063
17382321
17383539
17384377
17385554
17387423
17387681
17388420
17389334
17389873
17390395
17390943
17390981
17400220
17400471
17404901
17407985
17408131
17411912
17412113
17412908
17413316
17413974
17417888
17419382
17419972
17423397
17425519
17425734
17426548
17428412
17428486
17433831
17437105
17440352
17442860
17444157
17445473
17446814
17447363
17447864
17449662
17451222
17451566
17452935
17453590
17453915
17454754
17456667
17459995
17461450
17467923
17468005
17468057
17469224
17469622
17470233
17472724
17478158
17485265
17485378
17490872
17491786
17492632
17493961
17494024
17495592
17497171
17502289
17503068
17505574
17505590
17506556
17508409
17508720
17511964
17512155
17512404
17518893
17519295
17519630
17520103
17529867
17530167
17533512
17533619
17534026
17537306
17541333
17541775
17542653
17543890
17547283
17547938
17548819
17550754
17552026
17556054
17559985
17560676
17560996
17564179
17564451
17567986
17569611
17572924
17574789
17576571
17576718
17576785
17578230
17578512
17582560
17583420
17585471
17586383
17586636
17587686
17587799
17590037
17590312
17597724
17598890
17599077
17599659
17602601
17602786
17605222
17606868
17607822
17608141
17608618
17617148
17621508
17627562
17628544
17630386
17631650
17633323
17633699
17639161
17639532
17641623
17642220
17643256
17646221
17648504
17650427
17651128
17651613
17655259
17655627
17659112
17660345
17663459
17667145
17667658
17668708
17672342
17673275
17673326
17676438
17678698
17680623
17684370
17685289
17687769
17695867
17697832
17699879
17699952
17700067
17701727
17702727
17702927
17711413
17712761
17715898
17716072
17716888
17718954
17720425
17720960
17725705
17727591
17728197
17728534
17730690
17734170
17738547
17741326
17742859
17744277
17745595
17748573
17748906
17748935
17754650
17758850
17760715
17768229
17769782
17773753
17775089
17775176
17780639
17782018
17783739
17785493
17789142
17791323
17794563
17797749
17798922
17799940
17802848
17808397
17810170
17811020
17812102
17819955
17827696
17828592
17829166
17829837
17830791
17832447
17833740
17839677
17841313
17843369
17843572
17843742
17847850
17850969
17852885
17855298
17855515
17859359
17860068
17860460
17862417
17870255
17871571
17872489
17873023
17875031
17879585
17880234
17883567
17884803
17889243
17890222
17892823
17894797
17896189
17898046
17898248
17898470
17899256
17899431
17902380
17907356
17907443
17908387
17909048
17909272
17913431
17914324
17917018
17917293
17918907
17919149
17922314
17923701
17929160
17931135
17932662
17936554
17943349
17944144
17944821
17945487
17950877
17951357
17953264
17953308
17953828
17958127
17958651
17958746
17960089
17963311
17963464
17964205
17965017
17969506
17971645
17973673
17974339
17976791
17977407
17977913
17982075
17989619
17992700
17993589
17998121
17999773
18004632
18005552
18007280
18007819
18011338
18013588
18014180
18014973
18015838
18017010
18018206
18018310
18020752
18022308
18023425
18026457
18026482
18028125
18029231
18029761
18032152
18033319
18033501
18033838
18037267
18039080
18039639
18041365
18041627
18041828
18042736
18043353
18047485
18049096
18049895
18049988
18050629
18050913
18054651
18055553
18058403
18058818
18063349
18063926
18064030
18066956
18067322
18068889
18069660
18069913
18078407
18079408
18080149
18080336
18080628
18081823
18083991
18085190
18085323
18088868
18089359
18089986
18089987
18090573
18091374
18095603
18098448
18101877
18102683
18102837
18111364
18116069
18121168
18123967
18124121
18124519
18124818
18125004
18125940
18126761
18127943
18128848
18129259
18135925
18145402
18147043
18147178
18151678
18157590
18159994
18162029
18165302
18172361
18172870
18176199
18176750
18177272
18178587
18178890
18184841
18186884
18187248
18191235
18196500
18199312
18200638
18204934
18206598
18206685
18208386
18211498
18216837
18219040
18220658
18221319
18223883
18227348
18227722
18228464
18230118
18231187
18231743
18231983
18237113
18250088
18250217
18251600
18255645
18257094
18257359
18257679
18258140
18258930
18259137
18259272
18259835
18262038
18266408
18267223
18267862
18269254
18270755
18271704
18274912
18277926
18282742
18282840
18284241
18286010
18286117
18286590
18288029
18288557
18290354
18294056
18295507
18298869
18300616
18303587
18307002
18308374
18309764
18310253
18311149
18312441
18313930
18315478
18316624
18316715
18318027
18320154
18320429
18320786
18322153
18323081
18325580
18327467
18328979
18332573
18332741
18332844
18335397
18339054
18342086
18343686
18344082
18344778
18345636
18346028
18348073
18356173
18356428
18357680
18357851
18361095
18361395
18364318
18369339
18371625
18375929
18376641
18378691
18378948
18380214
18382108
18383108
18383608
18384256
18385017
18385569
18386118
18387407
18391607
18391609
18395496
18395752
18397589
18398845
18401758
18407747
18409897
18412712
18414712
18423098
18425088
18427253
18427952
18428168
18428430
18432520
18433014
18436514
18437414
18438881
18440250
18440834
18442143
18442555
18443148
18444462
18450034
18453022
18455450
18461040
18461134
18462230
18462841
18465606
18465761
18465876
18465884
18467319
18468856
18472256
18472662
18473960
18476666
18478669
18479803
18483533
18484956
18489608
18489803
18494379
18494826
18495115
18497023
18500999
18502650
18506567
18509464
18510332
18510403
18514813
18515768
18521151
18521868
18522556
18522776
18523541
18528188
18533184
18533494
18534306
18534488
18535319
18535963
18537263
18538117
18539463
18542068
18544363
18544540
18546581
18546871
18548812
18549966
18550322
18551192
18551267
18554455
18554536
18554944
18556628
18557255
18557648
18558430
18558826
18558858
18559195
18560129
18560959
18564879
18565510
18566233
18566402
18567858
18567874
18569885
18571123
18575258
18577471
18580058
18580101
18581625
18582389
18582692
18584971
