30906
35755
41346
43342
49072
99602
99969
100125
100295
100406
100432
100530
101088
101142
101753
101761
101874
102185
102188
102242
102465
102558
103894
103985
103997
104171
104228
104921
105015
105127
105981
106162
106638
106876
107309
107695
107927
107983
108054
108129
108166
108222
108279
108681
108743
109440
109494
109498
109503
109556
162723
162845
163227
163289
164011
164038
164388
164774
164896
164899
165017
165528
165874
166811
166994
167408
167714
167824
168141
168873
169545
169786
170046
170154
170202
170683
171023
171152
171346
171693
172245
172323
172655
172688
174178
174215
175153
175394
193513
197231
203447
240314
240353
241689
242147
243674
244135
249002
249132
427313
430089
430236
433517
435012
436301
532549
532764
532829
533050
533528
534144
534293
534798
535672
536117
536144
536422
537391
537761
537946
538352
538522
538537
539369
542035
542121
542322
543309
543469
543479
544578
544690
545796
716789
721697
739822
742561
870954
877169
879265
918493
918613
918744
918816
919017
919412
920011
920035
920126
920621
920720
921006
922058
922746
923027
923422
923554
923922
924691
925173
925625
926208
927551
927572
927865
928314
928495
928927
929344
929610
929968
930034
930277
930355
930833
932875
933131
933339
934262
935643
935859
936096
936301
937708
937912
992390
1018504
1019089
1020880
1021521
1022941
1023855
1025306
1026879
1030924
1039816
1041648
1041733
1042747
1044076
1045095
1062103
1062391
1062579
1064063
1065162
1065451
1065955
1065959
1067115
1068397
1069037
1069603
1070176
1070441
1070719
1070803
1071437
1072133
1163464
1164108
1165373
1166468
1167185
1167470
1170641
1173252
1174003
1174380
1174589
1175558
1176009
1176886
1178495
1257433
1257464
1257632
1258026
1258119
1259246
1260024
1261376
1261416
1261996
1262102
1263553
1263617
1263802
1263924
1264264
1265574
1266702
1266872
1267063
1267587
1268480
1269275
1269283
1270332
1270341
1271018
1271582
1272558
1273041
1273144
1273454
1273953
1274087
1274101
1275218
1382059
1382479
1383202
1383266
1383743
1383884
1386508
1387944
1389180
1390546
1390752
1391317
1393552
1399455
1402534
1402839
1407622
1410837
1413596
1557781
1558037
1558564
1559555
1559690
1560620
1560919
1561429
1561554
1562592
1562792
1563694
1567034
1567149
1568010
1568527
1568605
1568695
1569614
1570090
1570416
1570550
1586023
1586150
1586479
1589505
1590270
1591181
1592713
1594565
1594931
1594956
1595281
1596111
1597739
1597846
1606407
1610111
1613448
1616099
1616960
1617153
1620430
1620723
1620893
1622187
1622271
1623143
1625522
1626069
1628095
1628581
1629857
1629946
1712337
1733282
1745050
1783848
1785187
1785294
1785455
1785971
1786244
1786291
1786498
1788488
1788958
1789130
1789296
1789480
1789701
1790022
1790188
1790562
1791014
1791331
1791543
1791823
1792285
1792355
1792537
1792603
1792945
1793612
1793802
1793974
1794228
1794917
1795149
1795234
1795413
1796138
1796657
1797536
1797679
1797700
1798167
1798345
1798642
1814587
1815063
1815459
1816120
1817290
1817655
1817748
1818622
1819291
1820445
1820600
1822033
1822173
1822198
1824338
1824445
1824649
1824731
1922315
1924683
1928362
1929808
1933800
1934945
1935722
1970359
2020561
2020900
2021469
2021849
2022283
2022800
2023284
2023356
2023460
2023860
2026326
2026463
2026685
2027096
2030522
2031004
2031012
2032043
2032555
2032941
2033355
2033925
2034222
2039844
2042321
2067869
2068259
2068307
2068594
2068637
2068694
2069153
2069319
2069365
2069388
2069608
2070223
2070589
2070823
2071015
2071029
2071389
2072207
2072488
2072489
2073213
2073632
2073642
2073890
2074576
2074668
2075076
2075111
2075230
2075320
2075561
2075637
2075949
2076118
2076522
2076696
2077133
2077239
2077339
2077445
2077541
2077742
2077855
2078918
2079322
2079610
2080353
2080375
2080585
2080627
2080776
2081079
2081094
2081330
2081428
2081639
2081674
2230761
2232240
2234272
2234375
2235482
2235787
2235936
2236233
2236757
2237730
2237751
2238728
2245421
2250321
2253631
2381392
2384795
2387078
2387605
2390990
2439944
2440181
2441438
2442596
2443124
2446565
2446852
2561087
2561249
2561322
2561431
2561866
2562078
2562556
2563225
2563302
2564087
2564195
2564686
2565042
2565096
2565177
2565739
2565780
2566014
2566360
2566591
2566860
2567229
2567465
2567498
2568042
2568145
2568896
2568960
2569300
2569342
2569699
2569846
2570282
2570699
2570833
2571300
2571346
2571403
2571488
2571924
2571987
2572279
2572455
2572503
2572681
2572742
2572822
2572975
2573256
2573269
2573279
2573480
2573859
2574376
2586139
2589094
2589825
2589882
2590979
2592281
2594042
2595432
2596343
2596397
2597033
2599254
2604629
2606662
2607289
2607316
2654797
2655050
2655559
2655581
2656812
2657725
2657869
2658602
2658789
2660815
2689555
2888988
2889908
2890129
2890551
2890896
2890906
2890953
2891161
2891276
2891737
2891941
2892220
2892597
2892628
2892693
2892861
2892911
2893096
2893294
2893655
2894169
2894309
2894330
2894489
2894534
2894536
2894954
2895384
2895785
2896389
2896870
2897093
2897439
2897679
2897818
2898037
2898648
2899057
2899528
2899917
2901179
2901195
2901378
2901701
2901969
2902097
2902146
2902485
2902677
2902770
2902884
2903051
2903242
2903302
2903509
2903604
2903892
2903928
2904980
2905544
2905693
2905736
2905753
2905941
2906122
2906395
2906986
2907024
2907224
2907791
2911998
2993858
2994115
2995606
2995839
2998874
2999223
3000590
3001198
3011261
3020978
3041428
3042344
3047950
3049735
3249289
3251987
3252103
3252780
3252796
3254488
3255481
3256231
3256439
3257162
3258549
3421780
3480872
3480913
3481073
3481372
3481746
3481957
3482079
3483060
3483159
3483481
3483587
3484025
3485005
3485095
3486096
3486682
3487389
3489168
3489186
3489286
3490065
3490382
3491224
3492251
3492421
3493593
3494422
3494913
3495117
3495653
3495908
3495912
3497505
3498129
3498522
3498561
3498943
3499457
3499494
3499661
3500798
3502557
3503114
3503320
3503616
3503933
3506183
3506969
3507163
3507307
3507583
3507598
3508101
3508268
3510061
3510154
3510210
3510485
3510646
3511269
3512338
3512353
3513068
3513692
3513907
3514152
3517250
3542883
3543052
3543209
3543216
3543367
3543723
3543852
3543887
3543932
3544475
3544489
3544492
3544851
3545031
3545033
3545494
3545536
3545592
3545656
3545699
3546365
3546521
3546768
3546810
3546962
3547020
3547150
3547228
3547360
3547526
3547688
3547722
3548164
3548273
3548334
3548408
3549055
3549398
3549654
3549660
3549785
3550785
3550921
3550973
3550996
3551094
3551296
3551310
3551615
3551634
3551635
3552104
3552429
3552904
3553063
3553191
3553522
3553844
3554025
3554185
3554401
3554549
3554629
3554862
3555155
3555582
3555591
3555691
3555765
3556273
3556420
3556445
3556454
3556523
3556592
3556631
3556675
3556886
3557083
3557407
3557671
3634421
3634664
3634819
3634967
3635153
3635371
3635434
3635602
3635605
3635820
3636609
3636625
3636849
3636852
3636859
3636994
3637151
3637365
3637492
3637639
3637795
3637908
3637914
3638592
3638771
3638930
3639326
3639425
3639518
3639882
3640572
3640693
3641370
3641784
3642212
3642276
3643021
3643190
3643742
3644754
3644883
3645008
3645283
3645459
3645688
3645833
3645856
3646001
3646117
3646460
3646547
3647564
3647871
3647950
3648300
3648518
3648987
3649148
3649173
3649177
3649428
3649832
3650247
3650681
3650689
3650804
3650814
3651243
3797637
3804231
3811037
3812605
3836257
3840584
3842586
3847541
3900661
3907154
3910260
3910705
3917067
3918643
3920381
3921188
3995283
3995436
3995833
3996580
3997217
3997495
3998285
3998318
3998597
3998760
3998765
3999428
3999748
4000574
4000679
4000760
4001000
4001054
4001145
4001234
4002412
4003396
4003589
4004013
4004644
4004750
4005699
4005795
4005805
4005975
4006391
4006440
4007540
4007919
4007954
4029382
4032297
4037426
4038369
4046768
4066075
4066307
4066608
4066770
4067419
4067532
4067850
4068546
4069378
4069556
4069630
4070015
4070932
4071146
4071659
4071840
4072026
4072199
4072941
4073175
4073759
4073777
4073870
4073876
4074105
4074336
4075288
4075396
4076107
4076237
4077604
4077726
4078515
4078728
4078854
4079251
4079294
4079322
4079401
4079775
4080028
4080193
4080346
4080398
4081062
4081090
4081130
4081363
4081469
4081640
4082045
4082400
4083133
4083394
4083961
4083996
4084014
4084830
4084832
4085095
4214103
4214446
4214553
4214767
4215025
4215119
4215611
4216150
4216170
4216974
4217177
4217398
4218467
4218902
4218933
4219434
4219539
4219931
4220003
4220147
4220165
4220248
4220514
4220613
4221088
4221145
4221239
4221459
4221849
4222295
4222416
4222885
4223065
4223303
4224058
4224296
4224523
4224683
4224899
4225693
4225801
4226173
4226604
4226786
4227894
4228119
4228224
4228225
4228258
4228455
4228805
4230885
4231407
4231612
4231838
4232146
4233148
4233499
4233604
4233800
4233829
4234261
4234813
4234947
4235314
4235482
4235599
4236364
4236386
4236595
4236793
4236826
4238121
4238190
4238332
4239020
4239090
4239701
4240257
4240788
4241075
4242543
4242714
4242850
4243426
4243959
4244356
4244985
4245119
4245751
4245779
4245829
4246736
4247461
4247995
4264057
4264376
4264718
4264969
4265341
4265868
4266675
4267651
4268589
4270439
4271404
4271555
4271794
4272011
4272182
4312952
4313036
4313378
4313386
4313419
4313695
4314703
4314871
4315371
4316979
4317696
4318500
4318732
4318821
4319069
4319970
4320304
4320427
4320602
4321599
4321610
4321675
4321746
4321774
4322339
4322393
4322407
4323410
4323492
4323679
4323948
4351285
4419420
4420887
4420994
4421971
4426950
4427508
4427948
4428781
4431781
4432061
4433826
4433840
4433910
4434076
4435433
4435440
4435659
4436548
4437082
4437535
4438078
4438761
4460220
4461843
4471095
4478857
4481337
4482239
4483272
4484524
4484966
4485629
4485974
4487095
4487982
4488156
4488990
4489298
4489593
4490274
4490858
4491400
4491619
4491832
4493191
4493314
4493789
4495423
4495441
4582929
4584881
4617431
4617492
4617850
4617869
4618492
4618562
4618876
4618925
4620077
4621672
4621775
4622531
4623004
4623726
4624869
4624941
4625152
4627918
4628062
4628285
4628774
4629829
4630392
4631099
4631212
4631230
4631356
4631779
4632203
4632748
4633048
4633512
4633645
4635593
4635782
4635959
4668819
4668925
4669244
4670063
4670079
4670561
4671026
4672023
4672181
4672214
4672395
4672919
4673812
4673954
4673959
4674003
4674236
4674430
4674450
4674832
4674938
4675036
4675115
4675300
4675436
4675483
4676299
4676373
4676484
4676536
4676890
4677097
4677854
4678127
4678292
4679051
4679521
4679739
4679771
4680356
4680417
4680742
4680769
4680822
4681250
4681258
4681282
4697608
4697784
4698160
4698292
4698503
4699118
4699281
4699578
4699766
4700149
4700185
4700660
4702481
4702486
4703187
4703654
4703663
4703924
4704047
4704256
4704391
4704698
4704757
4704784
4705053
4705818
4705841
4706212
4706537
4706711
4706801
4707304
4707457
4707541
4707934
4708458
4708830
4709115
4773968
4775330
4775470
4775518
4775867
4776080
4776109
4776423
4776587
4776588
4776880
4776972
4777243
4777623
4777703
4777813
4777867
4778263
4779156
4779169
4779838
4780132
4780286
4780678
4780838
4781006
4781492
4781544
4782028
4782797
4782994
4783193
4783364
4783449
4783550
4783794
4784227
4784235
4784534
4784663
4784878
4785321
4818004
4818066
4818757
4819337
4819861
4819887
4819977
4820499
4820546
4820568
4820745
4822514
4823164
4823527
4823857
4824136
4824643
4825040
4825115
4826043
4828122
4828195
4828310
4828565
4828641
4829082
4829294
4829708
4829906
4830085
4830159
4830177
4830669
4830706
4830929
4831033
4831323
4831517
4831600
4831852
4831950
4832142
4833345
4833437
4833652
4833778
4834291
4870451
4870477
4871146
4871581
4872086
4873058
4874926
4875885
4876115
4876223
4876510
4877148
4877379
4878036
4878244
4878460
4878468
4880381
4882015
4882575
4883020
4883257
4885193
4885840
4886572
4887037
4887967
4888603
4898214
5014670
5021867
5026647
5028678
5030351
5030357
5030663
5032143
5032461
5032719
5033218
5033233
5033756
5034132
5034355
5036015
5036627
5036710
5207328
5207618
5207852
5208013
5208062
5209189
5209896
5210174
5210279
5211489
5211511
5212600
5212652
5213648
5214187
5214499
5214737
5214899
5214903
5214923
5215428
5215518
5215681
5216089
5216093
5216179
5216646
5217668
5217889
5218018
5218121
5237626
5238559
5239510
5239712
5239845
5240086
5240619
5240747
5242106
5242382
5242582
5242626
5242774
5242798
5242912
5242932
5243204
5243426
5243649
5243794
5243869
5244731
5245057
5245137
5245411
5245635
5246375
5246467
5246688
5246797
5246979
5247206
5248237
5248325
5248326
5249141
5249162
5249265
5249295
5249389
5250083
5250087
5250195
5250396
5250505
5250853
5250933
5251054
5251309
5251423
5251499
5251814
5251933
5252260
5252319
5269995
5273144
5273686
5274108
5274178
5274236
5274469
5275277
5275880
5276278
5276425
5276931
5277295
5277685
5277930
5278280
5278936
5279058
5279111
5279204
5279472
5279660
5279852
5280197
5280511
5280614
5280717
5280752
5280760
5280879
5281316
5281389
5281643
5281658
5281734
5281886
5281918
5282565
5282580
5283055
5283270
5283901
5284444
5284798
5285000
5285091
5285729
5285823
5286190
5286223
5286263
5286437
5287463
5287622
5288193
5288594
5288693
5289025
5289363
5289728
5291268
5291389
5291800
5291885
5291981
5292166
5292429
5292538
5292738
5293607
5294091
5294225
5294913
5295277
5295344
5295576
5296661
5296958
5297066
5297835
5298492
5299779
5300459
5300600
5302027
5314271
5314729
5315101
5315557
5316047
5316655
5317169
5317391
5317868
5317957
5318042
5318370
5318676
5319240
5319350
5319443
5319444
5319511
5319641
5320198
5320328
5320329
5320840
5320998
5321144
5321745
5321757
5321807
5322677
5323350
5323388
5323405
5323449
5323477
5323502
5323710
5414071
5415343
5415434
5415810
5417117
5417231
5418290
5419016
5419580
5420148
5421020
5421652
5423073
5423887
5424819
5425418
5425955
5428330
5429028
5429698
5429856
5430725
5467189
5467481
5467647
5467926
5468014
5468278
5468456
5469339
5469678
5469988
5470009
5470674
5471013
5471634
5471670
5471790
5471861
5472026
5472229
5473015
5473348
5474557
5475093
5475136
5475224
5475395
5475773
5476124
5476506
5476734
5477324
5477495
5478675
5479292
5479551
5480394
5481291
5481539
5481628
5481655
5481827
5482293
5502986
5510130
5543150
5576324
5577017
5577262
5577566
5578993
5579157
5579684
5580125
5580663
5581615
5581641
5582306
5582344
5582431
5582564
5582800
5583392
5583427
5583635
5584541
5584555
5584745
5585248
5585625
5585953
5585958
5586024
5586054
5586280
5586497
5586555
5586942
5587151
5587281
5587389
5587546
5587812
5587991
5588028
5589220
5589313
5589504
5589531
5589663
5589867
5590347
5590535
5590567
5590584
5591279
5591425
5591813
5591902
5669048
5670486
5671011
5672118
5672362
5673216
5673639
5673815
5674553
5677817
5679068
5679596
5679748
5679958
5679989
5680215
5680224
5680856
5681176
5681459
5681807
5681853
5682052
5682249
5682836
5682980
5683153
5683430
5683713
5683725
5683915
5684630
5685313
5685410
5685459
5685704
5685784
5686114
5686721
5687608
5688042
5688373
5689116
5689213
5689244
5689354
5689726
5690244
5690602
5690736
5690814
5691951
5691960
5692202
5692601
5692883
5693069
5693110
5693526
5693820
5694174
5694193
5695153
5695156
5695361
5695649
5695905
5696135
5696682
5696952
5697186
5697407
5697548
5697696
5697854
5697977
5698005
5698572
5698792
5698872
5699231
5699374
5699825
5700082
5700529
5700756
5701417
5701665
5701714
5702019
5702405
5702442
5702472
5702751
5702843
5703122
5703178
5703486
5703904
5704131
5704237
5704815
5704992
5705334
5705970
5706135
5706305
5706846
5706921
5707040
5707042
5707315
5707446
5707643
5708120
5708209
5708690
5708836
5709151
5709160
5709189
5709302
5709388
5709914
5710119
5710132
5710660
5711068
5711112
5711130
5711134
5711205
5711441
5712082
5712577
5712854
5713065
5713118
5713168
5713571
5714754
5715263
5715396
5715474
5716033
5716100
5716558
5716600
5716905
5717169
5717225
5717317
5717412
5717429
5717811
5718077
5721919
5749427
5750085
5750358
5752764
5758871
5766082
5766976
5767276
5767379
5767395
5767661
5768081
5768260
5768265
5768319
5768356
5768506
5768780
5769012
5769055
5769493
5769888
5770615
5771206
5771534
5771681
5771959
5772324
5773143
5773236
5773378
5773863
5774002
5774343
5774404
5774418
5774532
5774563
5774589
5774731
5774894
5775303
5775841
5775929
5776213
5777129
5777168
5777198
5777546
5777629
5777765
5777885
5777998
5811506
5812394
5812454
5812730
5813421
5814997
5815385
5816082
5816258
5817246
5818008
5818108
5818377
5818812
5819078
5820179
5820467
5820888
5848802
5849875
5897030
5897062
5897154
5897595
5898316
5899067
5899587
5899740
5900187
5900906
5901128
5902517
5902641
5903550
5905218
5906427
5906563
5907526
5908559
5908592
5909121
5909937
5910403
5940776
5940901
5941022
5941175
5941290
5941299
5941319
5941425
5941606
5941656
5941867
5942184
5942558
5942591
5942648
5942763
5942847
5942932
5943009
5943099
5943109
5943465
5943529
5943607
5943989
5944006
5944098
5944300
5945459
5945620
5946055
5946204
5946602
5946931
5947106
5947721
5948106
5948194
5948204
5949116
5949517
5949585
5950324
5950436
5950612
5950705
5950769
5950789
5951101
5951450
5951467
5951521
5951662
5952371
5952823
5952834
5952849
5952913
5953334
5953670
5953710
5954690
5954872
5955347
5955845
5955985
5956554
5956657
5956976
5957012
5957104
5957472
5957599
5957677
5957768
5957775
5957834
5958127
5958273
5958554
5958855
5958961
5959825
5960109
5974680
5975018
6015952
6074029
6074057
6074189
6074515
6074519
6075055
6075318
6075640
6075655
6075808
6076249
6076263
6076365
6076450
6076472
6077036
6077111
6077263
6077610
6077642
6077643
6077886
6077985
6078919
6078923
6079197
6079227
6079302
6079490
6079752
6079797
6080039
6080262
6080462
6080588
6080978
6081293
6081380
6081423
6081825
6081860
6082287
6082857
6083022
6083344
6083569
6083881
6085126
6085377
6086493
6086500
6087759
6088035
6088214
6089028
6093160
6094520
6095199
6096552
6096645
6097068
6097070
6097357
6098614
6102547
6103567
6104909
6108450
6108931
6109964
6111132
6129801
6131319
6131619
6132807
6135015
6135482
6135498
6138141
6138322
6138456
6143470
6143791
6144890
6164557
6164933
6165016
6165173
6165481
6165545
6165960
6167926
6169962
6170053
6170352
6171080
6172226
6172427
6173564
6175629
6176291
6176691
6177143
6177550
6177822
6179027
6179929
6180952
6181018
6181728
6181750
6181808
6181899
6181907
6182453
6182896
6183834
6184724
6185556
6185854
6186241
6186574
6186873
6186963
6187051
6188816
6189030
6189725
6190059
6190272
6190621
6190720
6192313
6192957
6193752
6193832
6193977
6194350
6194657
6194989
6195502
6196519
6196693
6196824
6197218
6197779
6198058
6198477
6198655
6198845
6199114
6199157
6199705
6199765
6199774
6199838
6199876
6199994
6201809
6202014
6202366
6203037
6203419
6203806
6204418
6206965
6207453
6208099
6208448
6208599
6209484
6210163
6210858
6211029
6211250
6211283
6211358
6211993
6212644
6213910
6214853
6216059
6217352
6217442
6217652
6217711
6217877
6218166
6218290
6218489
6218765
6222216
6251057
6251132
6251291
6251683
6252075
6252090
6252536
6253103
6253322
6253413
6254443
6254587
6254590
6255087
6255548
6255688
6255932
6255991
6255998
6256018
6256113
6256175
6256453
6256545
6256639
6257537
6257703
6258193
6258229
6258368
6258416
6258431
6258750
6259058
6259287
6260195
6260322
6260792
6261037
6261379
6261443
6262131
6262272
6262492
6262707
6262803
6262978
6262989
6263183
6263804
6264184
6264356
6264495
6264540
6264607
6265120
6265231
6265321
6265817
6266435
6266438
6266627
6266675
6266714
6267204
6267259
6281745
6281777
6283047
6283056
6283093
6283493
6283530
6283924
6283997
6284058
6284266
6284292
6284426
6284991
6285185
6285434
6285449
6285552
6285659
6285871
6285985
6286731
6287133
6287154
6287206
6287593
6287614
6288049
6288418
6288480
6288860
6288875
6289267
6289657
6290006
6290183
6290565
6291185
6292287
6292445
6292691
6292934
6292981
6293146
6293203
6293395
6293969
6294929
6295044
6295098
6295806
6296036
6296560
6296744
6297442
6297470
6298191
6298845
6299205
6299223
6299290
6299912
6300472
6301230
6301898
6302524
6302951
6303130
6303170
6303408
6303492
6303605
6303884
6304160
6304927
6305142
6306051
6306176
6306292
6307374
6307439
6325210
6325319
6326665
6327151
6327341
6327696
6327732
6329008
6329333
6329677
6331042
6331141
6332695
6333350
6333482
6334297
6334360
6334438
6335030
6336639
6337489
6339961
6340430
6340957
6341968
6341983
6342086
6342580
6343967
6344885
6345555
6347623
6347910
6348448
6348658
6349463
6352389
6391337
6391728
6391851
6391919
6392050
6392112
6392591
6392783
6393420
6393579
6393606
6393653
6393757
6393983
6394181
6394262
6394451
6394530
6394610
6394626
6395936
6396103
6396570
6396769
6396795
6396952
6397001
6397585
6398267
6398515
6398646
6398662
6399822
6399913
6399956
6400021
6400590
6400698
6401135
6401337
6401372
6401693
6401827
6401891
6401904
6401971
6401986
6401993
6402290
6402686
6402856
6402910
6402944
6402959
6403097
6403544
6403818
6404685
6404767
6404986
6405142
6405302
6405349
6405376
6459360
6468501
6471422
6472686
6472691
6474592
6477765
6479845
6479978
6481782
6482407
6483545
6483758
6484018
6484132
6484479
6485075
6485160
6486034
6486357
6486631
6486823
6487218
6488079
6488165
6488711
6489124
6489652
6489711
6490040
6490223
6490691
6490943
6491181
6491360
6491483
6491628
6491667
6492165
6492200
6492471
6492552
6492831
6492902
6492947
6493330
6493338
6493361
6493449
6493589
6494310
6495029
6495908
6495917
6496352
6496588
6497050
6497195
6504378
6535774
6537712
6540265
6540371
6540927
6541286
6541350
6544807
6545450
6545462
6546467
6547881
6547891
6548012
6549488
6550581
6595082
6595399
6595467
6595522
6595664
6595666
6596133
6596361
6596490
6597204
6597866
6598244
6598261
6598278
6598623
6598798
6598924
6599485
6599769
6599781
6599892
6599923
6600487
6600493
6600550
6601186
6601429
6602513
6602530
6602565
6602855
6602919
6603157
6603336
6603357
6604093
6604271
6604383
6604464
6604519
6604598
6604837
6605049
6605324
6605395
6605691
6605758
6606109
6606341
6606401
6606730
6606807
6607155
6607167
6607401
6607658
6607683
6607705
6607738
6607828
6607953
6608306
6608768
6608884
6608982
6609120
6609170
6609466
6610003
6610059
6610620
6610852
6610879
6611141
6611713
6612172
6612347
6612643
6612769
6612774
6665421
6665612
6665642
6665883
6666052
6666118
6666497
6666711
6667315
6667930
6668166
6668185
6669378
6669441
6669768
6669806
6669874
6670585
6670672
6670795
6671129
6671506
6671755
6672093
6672138
6672493
6672496
6672501
6673081
6673195
6673291
6673599
6673940
6674128
6674309
6674470
6674522
6675031
6675203
6675233
6676006
6676331
6676588
6676603
6676630
6676717
6676728
6676903
6677676
6677922
6678192
6678465
6678763
6679088
6679121
6679264
6679332
6679459
6679846
6680314
6680786
6680965
6681326
6681405
6681896
6682091
6682421
6682564
6688674
6734376
6735308
6736934
6737755
6737909
6738087
6739052
6739975
6740928
6740994
6741594
6741784
6742013
6742738
6743291
6743444
6743628
6743644
6743843
6744847
6745070
6745856
6747424
6860771
6861729
6861753
6862493
6862740
6862860
6862877
6862923
6863154
6863327
6863629
6863747
6864125
6864161
6864206
6864583
6864740
6864812
6865264
6866443
6866585
6867010
6867031
6868054
6868109
6868253
6868276
6869518
6870114
6870344
6870456
6871156
6871517
6871861
6871923
6872452
6872770
6872946
6872956
6873605
6873784
6873876
6874311
6874464
6874470
6874599
6874606
6875333
6875879
6875917
6876371
6876762
6876848
6876869
6876932
6877504
6877757
6878611
6878805
6914937
6916073
6917089
6920133
6921995
6922590
6922599
6927351
6927412
6928377
6930269
6930856
6931325
6931893
6934646
6935109
6935823
6936253
6936477
6937230
6937896
6938140
6938688
6939120
6939424
6939878
6939916
6940205
6940467
6940896
6941051
6941066
6941982
6942604
6943175
6943541
6943710
6943729
6984280
6990446
6995956
6996074
6999743
7070512
7070561
7071318
7072358
7072889
7073234
7073603
7073753
7073797
7075084
7075289
7075304
7075490
7075856
7075873
7076079
7076263
7076561
7076708
7076850
7077185
7077304
7077612
7077688
7077842
7077916
7078213
7078848
7078873
7079229
7079424
7079448
7079571
7079679
7079967
7080216
7080634
7080670
7080787
7081011
7081214
7081372
7082717
7082821
7083138
7084968
7084982
7084991
7120335
7126746
7128435
7149493
7151571
7151587
7152227
7153422
7156442
7156876
7171204
7172777
7173253
7173426
7173714
7173844
7175442
7176399
7176651
7179015
7181252
7181727
7230140
7230384
7231268
7231985
7232139
7232275
7232411
7232995
7233343
7233521
7233695
7233934
7234972
7235086
7235132
7236082
7236794
7238182
7238276
7238535
7240067
7240485
7240846
7241088
7241939
7242423
7242481
7243302
7243697
7243912
7244530
7244765
7244896
7245942
7245951
7268318
7268586
7268932
7268957
7269251
7269691
7270309
7270982
7271151
7271170
7271366
7271479
7272149
7272224
7272269
7272371
7272644
7272697
7273367
7273424
7273437
7273493
7273574
7273709
7273778
7274153
7274242
7274530
7274739
7275463
7275510
7275539
7275731
7276269
7276520
7277014
7277091
7277113
7277170
7277241
7277475
7277650
7278384
7278494
7279014
7279046
7279091
7279347
7279686
7279698
7280482
7280606
7280843
7280972
7281020
7281237
7281734
7281791
7281973
7282071
7282102
7282239
7282242
7282497
7295180
7295488
7295623
7295983
7296160
7296656
7296672
7296977
7297255
7297357
7297380
7297727
7298730
7298996
7299195
7299477
7299648
7299738
7300473
7301008
7301600
7301913
7303002
7303683
7304241
7304266
7304815
7305353
7305990
7306468
7306800
7307507
7307580
7308976
7308982
7309743
7310121
7310272
7311248
7311733
7311841
7311962
7333496
7333521
7333965
7334077
7334201
7334528
7334647
7335279
7336165
7336482
7336792
7337219
7337617
7337935
7338014
7338350
7339163
7340448
7340899
7341336
7341816
7342126
7342486
7343093
7343645
7345980
7346041
7348387
7348432
7348604
7348883
7349287
7350032
7350439
7350688
7350915
7351367
7351420
7352428
7352800
7353355
7353484
7354144
7354925
7355084
7355294
7356999
7357221
7357324
7358037
7359069
7359114
7359269
7359612
7361485
7361866
7362625
7363105
7364053
7364615
7365391
7366070
7407826
7408157
7408381
7408408
7409805
7409985
7411142
7411210
7411231
7411703
7411780
7412037
7412647
7412932
7413193
7413202
7413320
7413632
7413714
7413813
7414150
7414200
7414482
7414604
7414658
7415239
7415638
7415735
7415995
7416547
7416727
7416898
7417158
7417347
7417375
7417941
7418116
7418344
7418384
7418820
7418949
7419031
7419510
7419588
7419781
7420082
7420429
7420668
7420866
7420992
7421122
7421496
7421584
7421667
7421765
7423199
7423261
7423783
7423824
7424066
7424569
7424747
7424892
7425516
7425806
7425913
7426399
7426598
7426609
7426679
7426683
7427541
7427633
7427932
7428021
7428235
7428519
7428618
7428732
7428805
7428865
7429353
7430390
7430688
7431601
7431737
7431810
7432282
7432321
7433085
7433223
7434461
7434662
7434775
7434848
7435617
7435887
7435912
7435965
7435985
7436301
7437018
7437549
7437701
7437710
7437712
7437720
7437926
7438060
7438137
7438286
7438373
7438592
7438725
7438927
7439231
7439581
7439671
7440543
7440744
7441025
7441696
7441752
7442735
7443157
7443277
7443401
7443477
7444221
7444595
7445152
7445249
7445366
7446192
7446676
7446873
7447271
7447301
7447407
7447521
7447652
7447674
7448371
7448644
7448672
7449023
7449183
7449581
7449633
7449642
7449847
7450041
7450081
7450387
7450683
7450761
7450833
7450913
7450916
7451362
7451363
7451482
7451507
7451817
7451929
7451968
7451996
7452279
7452367
7453013
7453049
7453110
7453491
7454096
7454405
7454662
7454721
7454775
7455108
7455617
7455702
7456800
7456983
7457411
7457430
7457477
7457720
7457780
7458256
7458260
7458468
7458924
7459110
7459120
7459124
7459242
7459307
7459316
7459344
7459395
7460820
7461307
7461545
7461651
7461775
7461969
7461980
7462055
7513437
7513759
7513874
7514157
7514404
7514442
7514482
7514621
7515842
7516214
7516424
7516996
7517156
7518100
7518750
7519014
7519717
7519719
7520024
7521041
7522057
7522395
7523067
7523096
7523197
7523260
7523326
7524955
7524973
7525385
7525589
7525608
7526313
7526584
7527346
7527813
7528137
7528198
7528333
7553207
7554533
7554626
7555470
7556059
7556624
7556739
7557442
7557450
7557464
7557579
7558561
7558678
7558897
7559646
7560082
7560636
7560969
7562905
7563956
7563977
7564113
7564819
7565460
7565617
7598844
7598977
7599075
7599150
7599158
7599551
7599813
7600158
7600234
7600472
7600500
7600535
7600795
7600993
7601365
7601641
7601876
7602064
7602739
7602770
7602956
7603008
7603035
7604445
7604810
7604862
7605297
7605304
7605427
7605461
7605513
7605914
7606097
7606232
7606326
7606354
7606976
7607326
7607331
7608075
7608312
7608499
7608950
7609353
7609462
7609665
7610017
7610274
7611123
7611151
7611364
7611542
7611820
7611855
7612197
7612399
7612419
7612453
7612525
7612701
7612734
7613225
7613545
7613798
7613870
7614220
7615175
7615427
7615437
7615498
7616584
7617724
7617744
7617995
7618973
7619494
7619628
7620281
7620864
7621300
7621355
7621853
7622204
7622352
7622465
7622493
7622638
7623043
7623214
7623604
7623730
7623732
7623785
7623913
7624053
7624201
7624526
7624973
7625170
7625214
7625420
7626101
7626124
7626318
7626362
7626514
7626692
7627114
7627214
7627225
7627745
7627838
7627947
7628252
7628363
7628395
7628410
7628504
7629243
7629452
7630114
7630144
7630326
7630464
7630550
7630729
7630730
7630787
7630837
7631033
7631520
7631760
7631796
7632137
7632187
7632264
7632422
7633230
7633549
7636427
7638113
7638271
7638408
7638510
7638744
7638896
7639729
7639818
7642115
7642384
7643345
7644706
7644809
7645295
7645610
7645889
7645934
7646807
7646859
7646985
7647911
7648526
7649271
7649373
7649439
7651341
7651969
7652662
7652772
7656841
7657649
7661363
7663872
7664799
7681447
7681599
7685889
7686347
7688772
7688838
7691217
7691806
7692290
7692734
7693456
7694287
7695574
7695646
7727352
7758569
7760299
7763082
7764261
7765816
7773729
7774342
7774905
7774945
7776129
7788967
7789835
7790183
7790579
7790938
7791225
7792194
7792847
7793132
7793154
7793315
7794776
7794953
7795905
7796825
7798144
7799059
7799363
7799455
7799816
7799861
7800251
7800394
7800505
7801165
7801204
7801239
7801530
7801797
7801883
7802815
7804184
7804478
7804681
7804683
7805220
7805251
7805484
7805525
7805531
7805681
7805705
7805863
7806283
7806974
7807109
7807343
7807416
7807462
7807764
7807886
7807904
7807908
7808311
7808434
7808508
7808577
7809028
7809045
7809397
7809562
7810278
7810401
7810718
7811206
7811238
7811597
7812091
7812162
7812454
7812546
7812710
7812771
7813166
7813701
7813704
7813876
7814212
7814331
7814378
7815860
7816128
7816528
7816586
7879376
7879570
7880647
7881723
7882089
7882286
7882509
7882515
7884114
7885079
7885260
7885984
7886145
7886156
7887898
7889186
7889839
7889885
7890259
7890662
7904715
7905120
7905925
7906166
7906279
7906281
7906301
7906449
7906771
7906812
7907177
7907193
7907270
7907278
7907607
7907839
7908164
7908848
7908977
7909265
7909311
7909526
7909712
7910452
7910460
7910735
7910776
7911236
7911524
7911961
7912384
7912558
7912631
7912646
7912911
7913082
7913437
7914700
7915015
7915251
7915415
7915636
7916187
7916507
7916766
7916930
7917376
7917402
7918541
7918874
7918890
7918980
7919569
7919660
7919886
7919972
7919974
7920567
7920999
7921430
7921443
7922006
7922270
7922317
7922360
7922474
7922690
7922969
7923079
7923285
7923955
7923957
7924190
7924211
7924724
7925288
7925482
7926365
7926824
7927657
7927884
7927990
7928665
7928939
7928968
7928987
7929498
7929501
7929596
7929797
7930184
7931029
7931275
7931408
7931632
7932004
7932728
7933498
7933897
7934041
7934589
7934806
7934888
7935228
7936652
7936844
7938005
7938100
7938274
7938296
7938968
7939031
7939180
7939198
7939270
7939352
7939468
7939487
7939542
7939631
7939671
7939930
7940495
7940829
7941221
7941454
7941699
7941768
7941849
7941898
7941910
7942041
7942339
7942750
7942966
7943273
7943284
7943321
7943343
7943556
7944726
7944914
7945285
7945750
7947130
7947209
7948299
7948857
7949066
8018497
8020187
8034292
8034435
8034646
8034657
8035192
8035797
8037411
8037568
8037593
8038773
8039089
8039452
8039932
8040899
8043399
8043434
8043756
8044111
8044342
8044360
8045120
8045175
8046314
8046346
8047301
8048501
8048903
8049007
8049501
8072054
8072478
8072570
8072686
8073203
8073806
8074518
8074699
8075376
8075579
8075993
8076808
8077464
8078119
8078136
8080142
8080896
8081492
8081715
8081811
8081899
8082006
8082109
8082196
8082692
8082960
8083151
8083201
8083654
8084297
8086164
8086648
8086812
8087237
8087756
8088237
8088594
8089018
8089229
8089253
8089607
8089672
8089961
8090476
8090561
8090601
8091410
8091764
8092815
8094618
8095723
8097155
8097823
8098875
8098931
8099456
8099613
8100984
8101016
8101586
8101901
8102460
8102651
8103484
8104655
8105664
8105862
8105941
8106400
8106560
8106730
8106817
8106850
8107212
8107282
8107720
8108550
8108570
8109842
8110211
8110985
8111210
8111656
8111665
8111768
8111973
8112808
8112861
8113100
8113805
8113983
8114177
8114327
8115254
8115339
8116162
8116470
8117112
8117285
8117452
8118022
8118285
8118373
8118382
8118820
8119261
8119844
8119951
8121419
8121424
8122178
8122940
8122999
8123060
8123330
8124002
8124289
8124335
8125120
8125480
8125541
8125663
8126000
8127381
8128746
8129211
8129911
8131258
8131537
8131778
8131988
8132283
8132354
8132926
8133117
8133557
8134253
8134297
8154668
8157144
8157842
8159123
8160938
8162104
8163516
8165586
8165747
8166043
8181338
8181845
8181914
8182219
8183122
8183197
8183347
8183746
8184151
8184179
8185794
8186028
8186126
8186373
8186472
8186598
8187366
8188291
8188436
8188590
8188618
8189103
8189651
8189661
8189750
8190033
8190598
8190868
8190876
8191138
8191286
8191297
8191359
8191902
8192415
8192763
8192817
8194618
8195041
8195831
8196003
8196006
8196010
8196059
8196267
8196449
8196477
8196571
8196780
8196871
8197251
8197360
8250492
8250829
8251265
8251709
8251861
8252785
8253069
8253104
8253116
8253392
8253412
8253680
8254007
8254971
8255038
8255287
8255703
8256951
8257599
8258739
8258808
8259512
8259729
8260149
8261528
8261751
8261972
8261984
8262624
8262630
8299019
8313958
8314673
8314797
8314880
8316591
8316969
8317517
8319426
8320175
8321497
8321587
8322117
8322791
8323978
8325467
8326250
8326285
8326549
8327519
8327671
8360016
8360657
8362055
8364709
8365724
8366667
8368580
8370222
8372881
8375207
8376052
8383085
8386638
8387205
8388334
8404547
8404720
8405134
8405378
8405449
8405526
8405910
8405997
8406021
8406062
8406183
8406335
8406483
8407069
8407301
8407774
8408148
8408317
8408560
8408561
8408693
8409098
8409390
8409585
8410209
8410316
8410718
8410802
8410931
8411247
8411932
8412466
8412617
8413071
8413335
8413817
8414020
8414551
8414797
8414819
8414823
8415021
8415066
8415325
8415577
8415802
8415882
8416077
8416119
8416164
8416636
8416666
8416960
8417631
8417773
8417939
8418874
8419405
8419902
8419923
8420759
8420848
8421065
8421921
8422314
8422540
8422694
8422918
8423198
8461459
8462937
8465410
8466744
8466962
8469317
8471337
8506811
8507181
8507202
8507793
8508155
8508174
8508558
8508606
8508702
8508728
8508876
8509349
8509626
8511268
8511551
8511587
8512774
8513585
8513613
8514236
8514539
8514723
8515344
8515351
8515501
8515612
8515801
8515862
8516240
8516642
8516739
8516768
8516777
8517284
8517408
8517455
8517479
8517808
8518832
8519000
8519062
8519528
8520148
8520422
8520654
8520801
8520868
8520979
8521208
8521275
8521363
8521986
8522596
8522822
8524257
8524325
8524566
8524575
8525834
8525934
8525977
8526041
8526874
8526982
8527363
8527402
8527923
8528385
8528440
8528620
8528872
8529101
8529338
8529528
8529874
8530278
8530287
8532429
8532769
8533376
8534516
8535632
8535702
8535754
8536093
8536656
8536673
8537117
8537173
8537827
8537959
8537983
8538947
8539350
8539538
8539737
8539750
8540572
8541001
8541393
8541536
8541871
8542558
8543171
8555981
8556018
8556040
8556062
8557217
8558086
8558106
8558148
8558282
8559106
8559361
8559371
8559597
8559663
8559753
8559827
8560025
8560028
8560307
8560656
8561378
8561419
8561524
8561657
8562131
8562606
8562774
8563016
8563736
8563951
8564131
8564301
8565252
8565511
8565576
8565814
8566396
8566549
8567041
8700233
8700515
8700585
8702641
8702646
8703798
8703985
8704612
8704865
8706604
8706856
8707450
8708249
8708431
8709280
8710624
8710879
8711006
8711905
8712704
8714580
8714749
8715771
8778473
8778964
8780939
8781257
8782023
8782609
8782670
8782935
8783055
8784828
8785472
8786179
8786246
8787270
8788260
8788405
8788923
8789494
8789963
8790357
8790873
8790955
8791058
8791333
8791387
8792599
8792854
8792872
8793566
8793946
8794341
8794429
8810054
8810350
8811505
8811625
8811710
8811830
8812264
8812635
8813268
8813500
8813577
8814174
8814309
8815236
8815595
8816069
8816504
8816641
8816790
8817786
8818000
8818301
8818471
8818606
8819306
8819924
8820234
8820692
8821071
8821287
8821801
8822008
8822062
8822490
8822918
8823167
8855485
8855685
8855848
8856844
8857401
8858151
8858399
8858704
8858806
8859799
8860192
8860426
8860429
8861228
8861331
8861565
8861811
8861949
8862121
8862297
8862589
8862786
8863205
8863230
8863529
8864467
8865135
8865912
8866055
8866117
8866160
8866440
8866681
8866725
8867018
8867298
8867435
8867902
8868253
8868573
8868879
8869470
8869832
8870068
8870692
8870722
8870729
8871171
8871528
8871748
8872320
8872410
8872477
8873353
8873466
8873617
8873674
8873801
8873833
8874370
8951581
8952154
8952374
8952701
8952771
8952792
8953009
8954414
8954949
8955297
8956478
8957648
8957873
8957989
8958515
8958741
8959541
8959944
8960829
8961001
8961083
8961303
8961873
8961921
8961982
8961998
8962060
8962102
8962408
8962458
8962472
8963105
8963229
8963273
8963343
8964001
8964083
8964519
8964785
8965055
8965058
8965124
8965228
8966139
8966935
8967120
8967153
8967178
8967323
8967495
8968051
8969064
8969450
8969481
8969519
8969752
8970873
8971088
8971447
8971565
8971600
8971967
8972445
8973218
8973336
8973414
8974345
8974416
8975430
8975545
8976605
8976663
8976756
8976775
8976890
8977557
8977606
8978088
8978498
8978729
8979702
8979998
9035110
9035117
9035184
9035199
9035480
9035909
9036010
9036583
9036769
9037699
9040865
9041872
9042266
9042804
9042859
9043338
9043430
9043731
9045728
9047829
9051954
9052957
9053167
9053779
9055295
9055651
9055765
9055772
9055933
9056056
9056165
9056258
9056441
9056452
9056520
9057469
9057910
9057929
9058010
9058298
9058406
9059338
9059424
9059614
9059951
9060662
9061109
9061560
9062092
9062702
9062803
9062907
9063180
9063644
9063655
9067503
9070938
9074846
9122041
9122064
9122393
9123390
9124272
9124629
9125118
9125122
9125487
9125634
9125736
9125899
9126520
9126667
9126890
9126949
9127740
9127881
9128321
9128959
9128997
9129181
9129452
9129542
9130272
9130308
9130621
9131195
9131772
9131949
9132093
9132478
9132484
9132529
9132742
9133657
9133853
9133883
9134258
9134748
9134820
9135009
9135284
9135369
9135586
9136264
9136315
9136416
9136832
9136995
9137171
9137188
9137306
9137334
9137397
9137456
9138449
9138656
9138851
9139207
9139510
9139567
9139948
9140195
9140534
9140698
9140814
9140940
9141150
9141194
9141279
9141402
9141437
9141511
9141836
9142345
9142445
9142704
9143247
9143370
9143648
9143828
9143889
9144156
9144305
9144644
9144664
9144780
9144820
9144904
9145025
9145723
9146030
9146102
9146574
9146704
9146706
9147122
9147406
9147600
9148658
9148757
9149163
9149425
9149580
9149767
9149957
9150276
9150303
9150343
9198413
9202309
9204215
9252495
9252571
9252615
9252798
9252925
9253086
9253404
9254077
9254623
9255175
9255833
9255926
9256107
9256803
9257278
9257515
9257663
9257711
9258175
9258202
9258439
9259044
9259194
9259540
9259716
9260058
9260060
9260134
9260152
9260557
9260631
9260770
9260855
9260879
9261063
9261067
9261086
9261179
9262138
9262344
9262541
9263553
9263581
9263727
9264065
9264088
9264174
9264187
9264197
9264211
9264279
9264410
9264690
9264923
9264985
9264998
9265047
9265089
9265127
9265565
9265590
9265895
9266278
9266719
9266755
9266924
9267043
9267284
9267383
9267535
9267626
9267741
9267786
9267984
9267988
9268129
9268859
9268878
9269073
9269224
9269368
9270160
9270501
9271513
9272097
9272367
9272399
9272404
9274589
9274818
9274890
9276569
9276943
9277189
9277444
9278337
9312359
9314702
9320045
9321021
9322559
9323021
9323626
9324033
9324602
9324689
9324744
9324914
9324922
9324988
9325208
9325224
9325511
9326236
9326348
9326406
9327020
9327268
9327333
9328048
9328229
9329960
9329977
9330022
9330223
9330494
9330504
9330554
9330906
9331309
9331384
9331490
9331521
9331585
9332043
9332258
9332389
9332651
9332655
9332691
9332898
9333056
9333281
9333647
9333779
9334192
9334312
9334785
9335279
9335367
9335666
9335724
9335781
9336061
9336276
9336558
9336605
9336796
9336921
9336958
9336979
9337123
9337635
9338351
9338486
9338723
9338864
9339018
9339186
9339262
9340490
9340501
9340755
9340784
9341400
9353555
9353679
9354317
9354337
9354879
9355065
9355087
9355234
9355525
9355598
9356210
9356566
9356963
9357470
9357535
9357587
9357937
9357940
9358070
9358515
9359004
9359207
9359489
9360106
9360299
9360305
9360814
9361335
9361344
9361381
9362528
9362706
9363042
9363919
9363939
9364096
9364337
9364610
9364805
9364814
9365113
9365209
9366715
9367006
9367194
9368255
9368839
9369103
9369650
9369683
9369909
9370418
9370842
9371630
9371684
9371701
9379845
9403402
9442820
9442878
9443104
9443195
9443408
9443596
9443992
9444527
9445087
9445291
9445624
9446425
9447074
9447213
9447227
9447231
9447279
9447392
9447797
9448297
9448646
9449183
9449252
9449674
9449891
9450194
9450493
9450863
9450902
9451088
9451276
9451286
9451383
9451773
9452058
9453013
9453440
9453498
9453807
9454061
9454193
9454449
9454535
9454689
9455365
9455490
9455656
9456380
9456772
9457059
9457165
9457501
9457528
9457840
9458392
9458482
9458672
9458706
9458718
9459272
9459547
9459662
9460014
9460303
9460438
9461096
9461294
9462750
9462773
9463026
9463332
9463915
9464300
9464330
9464542
9464675
9465267
9465385
9465416
9465458
9465492
9465503
9465582
9465596
9465659
9465661
9465990
9466319
9466492
9466680
9466949
9467635
9468236
9468440
9468652
9468836
9468916
9469065
9469264
9469315
9469812
9469814
9469987
9470050
9470210
9470401
9470624
9470817
9471015
9471814
9472183
9472620
9472763
9473185
9473374
9473427
9473598
9474077
9474149
9474327
9474993
9475466
9475765
9476597
9476780
9477036
9477478
9477902
9477908
9477985
9478028
9478138
9478205
9478435
9478491
9478745
9478871
9478968
9479196
9479666
9479869
9479874
9479909
9479998
9480411
9480611
9480706
9480747
9480783
9481087
9481222
9481408
9481476
9481657
9482126
9482240
9482422
9482431
9482859
9483111
9483315
9483462
9483494
9483640
9483715
9483810
9484305
9484554
9484915
9484921
9484948
9485576
9486792
9487330
9487477
9487601
9487688
9487875
9488809
9488817
9488969
9489118
9489284
9489640
9490093
9490670
9491293
9491359
9491675
9495734
9501152
9502619
9508801
9509865
9519243
9531518
9531889
9532313
9532352
9532577
9532890
9532989
9533314
9533512
9533595
9533785
9533932
9533985
9534091
9534599
9534700
9534891
9534913
9535337
9535484
9535606
9536271
9536357
9536470
9536760
9536854
9536950
9537395
9538335
9538435
9539125
9539180
9539314
9539532
9539897
9540109
9540286
9540425
9540433
9540570
9540896
9542036
9542279
9542751
9543383
9543445
9543647
9543893
9543910
9544129
9544232
9544908
9544963
9546469
9546597
9546857
9547121
9547381
9547572
9547842
9548002
9548095
9548854
9549204
9549339
9549603
9556868
9558055
9591010
9632926
9633193
9633571
9634411
9634860
9635174
9635443
9635477
9635526
9635647
9636260
9636493
9636581
9637348
9637423
9637981
9638500
9638816
9639325
9639873
9640036
9640204
9640361
9640521
9640977
9641317
9641832
9642196
9642730
9642776
9642851
9644064
9644077
9644355
9644760
9644984
9645342
9645493
9645849
9646047
9646103
9646208
9646250
9646572
9646593
9646765
9646783
9647407
9647586
9647685
9647691
9648731
9649440
9649621
9672997
9673161
9673325
9673349
9673416
9673585
9673762
9673813
9674094
9674133
9674518
9674884
9674984
9675134
9675237
9675242
9675247
9675388
9675639
9676299
9677106
9677151
9677298
9677393
9677641
9677653
9677884
9678400
9678759
9678770
9678969
9679318
9679467
9679645
9679975
9680022
9680090
9680186
9680353
9680355
9680829
9681247
9681521
9681809
9682022
9682164
9682187
9682457
9682549
9682735
9683188
9683566
9683621
9683649
9684077
9684145
9684233
9684239
9684265
9684342
9684365
9684813
9685195
9685860
9686026
9686287
9686760
9686944
9687226
9687342
9688254
9755429
9756582
9760993
9765488
9765907
9767292
9768401
9772529
9774729
9774825
9780011
9780056
9781164
9782552
9785579
9790911
9791486
9817502
9817543
9817963
9818091
9818120
9818569
9818787
9818807
9818976
9819054
9819642
9820198
9820276
9820372
9820630
9820939
9820951
9821087
9821737
9821970
9822536
9822574
9822825
9823019
9823592
9824521
9825171
9825230
9825257
9825636
9825701
9826190
9826330
9827019
9827305
9827462
9828118
9828335
9828991
9829533
9829540
9829572
9830050
9830103
9830481
9830702
9830860
9831804
9832198
9832272
9832440
9832696
9833979
9834108
9834392
9834450
9834599
9834749
9835376
9835407
9835788
9836197
9836237
9836466
9836992
9837472
9837746
9838096
9838242
9838297
9838318
9838403
9838468
9838564
9838739
9839021
9839214
9839363
9839368
9839582
9839585
9839874
9840211
9840741
9840820
9841328
9841581
9841780
9841930
9842163
9842343
9843261
9843596
9844301
9845406
9845497
9845761
9846198
9846349
9847531
9848359
9848424
9849391
9849480
9850057
9850249
9850590
9850625
9850987
9851168
9851186
9851298
9852294
9852552
9852651
9853331
9853356
9853707
9853818
9855794
9857181
9857432
9857557
9857962
9858090
9858152
9858246
9858845
9858946
9859028
9859721
9860425
9860645
9861039
9861095
9861253
9861452
9861831
9861935
9862339
9862393
9862715
9862724
9863596
9962589
9962791
9962913
9963154
9963663
9963858
9964570
9964679
9964881
9964921
9965192
9965390
9965529
9965629
9966031
9966116
9966283
9966696
9966699
9967103
9967541
9967684
9967884
9967920
9968377
9968515
9969289
9969419
9969623
9971912
9990042
9990151
9990996
9991016
9991715
9991925
9992476
9992763
9993035
9993166
9993458
9993680
9993827
9994022
9994236
9994617
9994916
9995273
9995659
9995907
9997309
9999191
10000196
10000533
10000686
10000709
10001315
10003538
10003685
10005369
10005914
10006178
10007731
10008148
10008287
10008630
10008767
10009010
10009236
10009404
10011936
10014231
10014624
10021396
10021871
10022136
10023237
10025263
10025264
10025973
10026023
10026351
10026423
10026748
10027298
10027453
10027913
10027943
10028234
10028371
10028466
10028954
10029068
10029445
10029572
10030899
10030917
10032294
10032344
10032477
10032700
10033004
10033130
10034280
10034464
10035776
10035874
10035935
10035944
10036607
10036879
10038273
10038449
10039484
10039525
10039721
10039793
10040074
10040126
10040595
10040697
10040701
10041187
10102524
10123221
10123226
10123381
10123950
10124010
10124037
10124073
10124742
10124754
10124796
10124829
10124924
10124943
10124997
10125065
10125163
10125167
10125257
10125388
10125720
10125880
10125965
10125977
10126474
10127099
10127354
10127953
10128276
10128917
10128991
10129059
10129167
10129334
10129469
10129486
10129884
10130475
10130743
10131402
10131949
10132257
10132347
10132418
10132706
10132958
10133085
10133308
10134168
10134505
10134883
10135378
10135720
10135752
10136160
10136408
10136624
10136880
10137174
10137189
10137272
10138105
10138563
10195425
10196446
10196785
10197840
10202800
10207265
10207810
10208025
10208736
10210102
10211042
10212034
10212294
10212723
10212750
10212821
10213034
10213325
10213492
10213495
10213539
10214099
10214312
10214889
10215130
10215713
10216246
10216381
10216391
10216438
10216766
10217126
10217277
10217565
10217926
10218034
10218045
10218055
10218059
10218599
10218613
10219505
10220102
10220641
10220720
10220781
10221132
10221212
10221408
10221950
10222155
10222242
10222543
10222864
10222884
10223002
10223961
10224243
10224820
10225100
10225397
10245203
10245656
10246191
10246756
10246980
10247145
10247242
10247837
10248435
10248656
10249140
10249258
10249348
10250228
10250903
10252555
10252673
10253695
10253851
10254105
10254107
10254344
10254560
10254618
10255143
10255237
10255275
10255503
10255575
10256377
10256499
10256707
10257897
10258590
10258944
10259188
10259289
10259735
10259744
10259876
10259971
10260216
10314177
10317018
10324089
10355610
10355750
10356852
10357088
10357112
10357348
10357385
10357489
10357566
10358054
10358251
10358302
10358558
10358679
10358701
10358719
10358866
10359113
10359162
10359493
10359646
10360298
10360424
10360519
10361028
10361348
10361410
10362208
10362321
10362348
10362710
10362937
10362996
10363537
10363976
10364189
10364232
10364769
10364878
10365198
10365618
10366807
10366921
10367365
10367747
10367802
10367955
10367975
10368504
10369033
10369056
10369261
10369293
10369304
10369825
10370391
10370967
10371001
10371083
10371801
10371930
10373045
10467421
10467670
10467690
10468221
10468981
10471326
10473262
10474092
10474951
10475486
10475887
10476211
10476458
10476552
10477215
10477919
10478005
10478034
10479031
10479925
10479930
10480097
10480267
10480312
10480460
10480534
10480670
10480845
10481105
10481205
10481320
10482690
10482897
10482962
10483034
10483127
10484501
10484626
10484735
10484902
10485378
10485483
10485529
10485705
10485742
10485743
10485776
10486079
10486178
10486987
10487031
10487217
10487599
10487772
10488052
10488101
10488267
10488502
10488670
10488701
10488769
10489392
10489597
10489632
10489636
10489642
10489675
10489806
10489858
10489970
10490096
10490642
10490675
10491937
10492396
10492990
10493372
10493537
10493655
10493958
10494042
10494197
10513341
10513373
10515229
10518760
10521104
10521613
10535425
10535586
10536639
10536871
10537164
10537215
10537516
10537602
10538055
10538152
10538165
10538205
10538518
10538845
10539306
10539527
10539607
10539707
10540348
10540539
10540715
10540873
10541416
10541731
10542720
10543881
10544348
10544620
10544951
10545041
10545167
10545443
10546035
10546090
10546425
10547786
10547787
10547817
10547865
10547898
10547943
10548067
10548398
10548571
10548833
10548977
10549440
10550303
10550375
10550413
10550513
10567928
10567984
10621596
10623788
10625447
10631516
10632467
10632623
10632951
10680534
10681742
10683227
10683640
10684238
10684729
10684890
10684957
10685305
10686134
10686893
10687042
10687872
10687938
10688900
10689334
10689688
10689691
10689716
10689878
10689948
10690072
10690184
10765239
10766229
10766446
10767574
10767637
10767949
10768369
10768886
10770230
10770730
10771739
10772860
10774419
10775108
10777292
10806311
10812645
10812658
10813468
10813540
10814376
10814659
10815450
10815970
10817089
10820719
10820750
10821295
10821515
10822338
10824022
10824033
10826324
10827180
10827231
10839688
10841783
10842322
10843064
10843257
10843495
10844543
10844631
10844818
10844844
10845055
10845108
10845752
10846487
10846956
10847082
10847245
10847365
10847789
10848353
10848477
10848585
10848638
10848882
10849279
10849387
10849703
10850381
10850928
10850974
10851211
10851978
10852071
10852175
10852543
10852569
10852577
10852869
10853214
10853446
10853482
10853813
10855614
10855840
10856175
10856217
10857128
10878661
10882941
10882996
10886382
10887419
10888431
10890325
10893429
10893683
10893909
10894748
10895220
10895223
10895274
10896358
10897504
10897857
10898231
10898778
10899050
10900563
10900821
10900848
10902155
10903295
10903891
10903900
10904189
10904282
10905698
10921072
10928604
10954559
10954744
10955220
10955819
10956205
10957401
10957652
10957666
10957717
10958590
10958845
10959071
10959140
10959265
10959283
10959340
10959547
10959783
10959835
10960534
10960926
10961115
10961578
10961702
10961915
10962154
10962301
10962887
10963048
10963318
10963490
10963951
10964108
10964205
10964276
11039455
11040704
11041188
11042401
11047136
11047227
11048691
11072014
11083072
11098186
11099603
11100160
11104387
11104753
11109060
11110661
11146489
11154011
11154709
11173967
11174392
11175480
11176789
11176872
11177521
11179252
11179292
11182753
11182985
11186101
11186568
11186747
11187643
11188828
11188984
11190020
11191758
11191899
11193536
11194080
11194747
11194982
11195292
11196371
11196444
11197012
11197583
11197856
11197915
11198547
11199766
11201059
11201412
11201506
11203839
11204262
11204850
11205229
11205476
11206670
11207322
11208344
11208488
11209893
11210756
11211365
11211973
11213163
11214214
11214720
11215565
11216161
11216306
11217315
11217522
11218823
11218851
11218897
11219145
11244463
11244645
11245200
11245482
11245494
11245568
11245658
11245757
11246083
11246449
11246652
11246872
11247227
11247243
11247383
11249214
11250084
11250423
11250678
11250796
11250955
11251254
11251436
11253235
11254023
11254309
11254356
11254866
11255341
11255429
11255587
11255667
11256041
11256204
11256250
11256739
11257013
11257803
11257903
11259004
11259325
11259638
11259692
11260033
11260373
11260521
11260568
11260683
11260882
11261126
11261397
11261745
11261911
11262250
11262459
11262618
11263203
11263204
11263767
11263814
11264474
11264597
11264965
11265253
11265280
11265331
11265341
11265393
11265562
11265730
11266070
11266169
11266299
11267368
11267653
11267743
11267802
11268006
11268096
11268725
11268833
11268943
11269201
11269204
11269244
11269252
11269513
11269557
11270357
11270380
11270478
11270766
11270923
11271134
11271141
11271161
11271402
11271951
11272631
11272721
11273232
11273330
11273373
11273592
11273844
11273888
11274065
11274104
11274400
11274669
11274997
11275085
11275510
11275749
11275776
11275795
11276174
11276394
11276424
11276436
11276609
11276998
11277037
11277254
11277255
11277299
11277331
11277564
11277598
11277696
11277706
11277759
11277987
11278045
11278058
11278679
11278730
11279262
11279289
11279436
11292790
11293306
11293450
11293687
11294856
11295696
11295926
11296055
11296116
11296414
11297143
11297241
11297413
11297563
11297601
11298265
11298379
11298559
11298601
11298651
11298652
11298880
11299237
11299988
11300214
11300789
11302102
11302558
11303009
11303346
11303350
11303855
11304157
11377016
11377712
11395913
11397658
11398324
11401378
11404679
11405441
11409473
11409670
11410408
11454898
11460566
11460851
11464908
11465100
11466075
11466166
11466488
11466497
11466554
11466717
11466815
11467422
11467521
11467940
11468508
11468751
11469402
11469558
11469946
11470400
11470516
11471710
11472160
11472796
11474337
11474385
11474433
11475568
11475630
11477573
11478026
11478161
11479320
11480260
11482305
11501374
11501415
11501654
11501663
11502078
11502089
11502127
11502283
11502308
11502348
11502651
11502726
11502765
11502961
11503150
11503186
11503473
11503680
11503788
11504354
11504522
11504713
11504883
11505278
11506793
11506794
11506838
11506865
11507345
11507695
11507730
11507848
11508402
11508480
11509015
11509155
11509212
11509626
11509697
11509858
11509866
11509987
11510104
11510849
11511001
11511493
11511613
11511614
11512991
11513022
11513631
11513933
11514086
11514151
11514522
11514808
11514957
11515038
11515060
11515064
11515085
11515410
11515589
11515971
11516330
11516864
11517141
11517197
11517867
11518258
11519071
11519343
11519559
11519841
11519897
11520044
11520079
11522652
11526778
11529869
11531540
11532064
11532190
11533043
11534869
11535372
11535747
11536201
11536652
11537644
11537678
11538156
11540488
11540681
11541269
11541930
11541982
11541985
11542305
11542947
11543309
11543872
11561924
11562044
11562062
11562317
11562840
11562846
11562963
11563418
11563623
11563767
11563783
11563959
11563964
11564369
11564613
11564736
11564749
11564816
11564872
11564887
11565420
11565552
11565691
11566492
11566598
11566925
11566928
11567018
11567528
11567828
11568191
11568207
11568223
11568399
11568404
11568716
11568912
11569189
11569235
11569309
11569924
11570201
11570390
11570540
11570590
11571165
11571240
11571911
11571993
11572437
11572616
11572652
11573051
11573170
11573287
11573529
11573533
11573681
11573965
11574272
11574484
11574504
11574675
11574741
11574933
11575546
11575772
11575989
11576377
11576591
11576886
11576911
11577112
11577715
11577726
11577881
11577990
11578371
11578434
11579153
11579330
11579563
11579718
11580405
11581568
11582051
11582366
11583393
11583543
11583995
11584166
11584329
11584606
11584974
11585522
11585639
11585687
11587837
11588736
11588821
11589889
11590001
11590226
11590452
11591012
11591085
11591393
11591619
11591748
11592366
11592869
11592967
11592997
11593608
11595651
11595811
11595981
11597729
11599537
11635549
11635563
11635659
11635734
11636092
11636158
11636192
11636807
11637319
11637377
11637423
11637617
11639068
11640035
11640082
11640381
11641451
11641691
11642085
11642453
11643074
11644005
11644017
11644505
11645398
11645940
11646221
11646526
11646581
11646737
11647426
11647812
11647971
11649543
11649899
11650656
11650658
11651068
11652863
11654906
11656452
11657276
11657577
11658991
11659780
11661097
11662513
11663560
11665893
11667597
11735838
11736576
11736724
11737200
11737283
11737310
11737612
11737874
11738287
11738437
11738458
11738766
11739355
11739585
11739840
11739968
11739982
11740024
11740087
11740270
11740283
11740376
11740716
11740833
11740995
11741214
11741324
11741438
11741610
11741669
11741683
11742248
11742385
11742837
11743183
11743243
11743507
11743889
11744220
11744513
11744620
11744761
11744858
11745162
11745178
11745350
11745439
11745573
11745686
11745912
11746536
11747558
11747714
11747910
11747975
11748337
11748362
11748503
11748533
11749178
11749351
11749566
11749744
11750364
11750737
11751144
11751336
11751418
11751580
11751614
11752031
11752953
11753482
11754111
11770361
11773581
11774237
11774328
11867407
11870982
11875985
11881318
11881604
11883729
11948023
11949722
11950277
11950751
11950874
11951492
11952469
11952501
11952960
11952983
11953063
11953366
11955963
11956125
11957961
11958892
11959242
11959966
11960863
11961045
11961323
11961596
11962675
11962805
11963111
11963223
11964460
11964536
11966631
11968561
11968767
11969165
11969802
11970059
11970560
11971017
11971115
11971279
11971472
11971556
11971614
11972293
11972390
11972444
11972550
11972966
11973060
11973219
11973267
11973419
11973472
11973800
11974058
11974230
11974838
11974988
11975212
11975345
11975430
11975460
11975494
11976690
11976734
11976800
11976808
11977498
11977807
11978075
11978312
11978510
11979138
11979269
11979390
11979847
11980514
11980632
11980897
11981110
11981270
11981288
11981345
11982228
11982312
11982405
11982601
11982819
11982866
11983010
11983075
11983811
11984027
11984568
11984644
11984780
11984932
11985418
11985505
11985695
11986188
11986195
11986232
11986461
11986476
11986830
11986847
11987042
11987249
11987310
11987324
11988554
11989628
11996419
11996431
11997355
11997623
11998491
11998775
11999869
12000248
12001097
12001277
12001370
12001392
12001516
12002291
12003348
12004512
12006261
12006307
12006439
12006577
12006628
12006636
12006958
12006959
12007010
12007022
12007060
12007182
12007312
12007351
12007599
12007838
12008046
12008268
12008566
12008619
12008892
12009564
12009780
12009860
12010131
12010461
12011073
12011465
12011520
12011668
12011752
12012313
12012472
12012854
12012974
12013075
12013440
12013486
12013632
12013775
12014229
12014239
12014642
12014787
12015590
12015778
12015906
12016141
12016217
12016557
12016584
12016826
12017001
12017004
12017076
12017127
12017169
12017279
12017308
12017506
12017676
12018298
12018383
12018485
12018512
12018641
12018811
12019454
12019804
12019867
12019930
12019977
12020664
12021012
12021016
12021078
12021196
12021390
12022110
12022257
12023100
12023112
12023827
12023849
12024119
12024153
12026429
12039474
12039706
12040162
12040193
12040201
12040272
12040282
12040804
12041199
12041325
12041416
12042054
12042255
12042294
12042849
12042974
12043189
12043479
12043534
12043698
12043758
12044116
12044159
12044216
12044312
12044448
12044541
12044722
12044729
12044931
12045170
12045233
12045331
12046408
12046476
12046642
12046725
12046849
12047434
12047638
12048366
12048958
12049066
12053861
12054051
12070055
12070154
12070697
12070774
12070993
12071733
12072090
12072195
12072589
12072610
12072705
12074494
12074625
12075312
12075444
12075935
12076085
12077261
12077659
12077848
12077927
12078294
12078329
12078600
12078602
12079077
12079249
12079672
12079815
12079912
12080104
12080259
12080517
12081046
12081084
12081347
12081427
12081746
12081813
12082141
12082206
12082232
12083258
12083355
12083441
12083609
12084663
12085478
12085514
12085857
12086029
12086578
12087575
12087823
12088076
12088248
12088527
12089016
12089270
12089475
12089521
12089535
12090105
12090816
12091167
12091311
12091831
12091843
12092664
12093958
12093960
12094610
12095307
12096189
12096300
12097096
12097864
12097980
12098220
12098483
12098503
12099341
12099839
12100481
12100570
12100646
12100965
12102146
12102803
12105075
12105313
12105324
12105434
12105617
12107137
12107767
12108971
12113100
12265610
12265705
12265821
12266232
12266312
12266719
12267453
12267503
12267721
12267789
12267817
12268473
12268570
12268792
12269216
12269699
12270029
12270156
12270296
12270677
12270696
12270830
12271138
12271694
12271896
12272375
12273078
12273108
12273604
12273612
12273991
12274380
12274579
12274603
12275933
12275984
12276117
12276232
12276357
12276364
12276460
12279133
12280489
12329139
12344170
12344490
12344979
12345222
12345395
12345589
12347414
12347760
12347839
12347884
12348966
12348982
12349032
12350082
12350549
12351359
12351360
12351419
12352146
12352151
12352610
12352833
12353072
12353244
12354433
12354543
12356436
12356452
12356506
12356760
12357466
12357501
12358155
12358504
12358921
12362333
12368209
12372010
12372773
12373998
12378357
12380092
12383722
12391111
12391137
12391258
12391266
12391696
12391950
12392312
12393110
12393196
12393369
12393538
12394843
12394939
12395267
12395995
12396115
12396275
12396494
12396545
12396872
12396936
12397337
12397383
12397784
12397989
12398075
12398172
12398246
12398828
12398933
12399805
12399847
12400303
12400344
12400477
12400493
12400645
12402071
12402274
12402278
12402499
12402638
12402778
12403292
12403297
12403322
12403500
12403569
12403670
12403976
12403987
12404678
12404919
12405241
12405518
12405815
12405884
12406173
12406195
12406306
12406717
12406982
12407576
12407809
12408054
12408290
12408341
12408921
12408986
12409196
12409405
12409417
12409700
12409708
12409725
12409753
12410203
12411104
12411327
12411864
12411955
12412146
12412149
12412346
12412434
12412496
12412882
12413417
12413821
12414094
12414175
12414289
12414356
12414466
12414879
12414906
12415488
12415697
12415747
12415767
12416187
12416344
12416751
12417554
12418484
12418532
12418699
12418958
12419042
12419440
12419619
12419948
12419996
12420353
12420437
12420539
12421236
12421482
12421707
12426337
12430553
12441224
12442424
12442471
12442642
12442709
12442770
12442879
12442885
12443120
12443227
12443336
12443403
12443445
12443673
12443969
12444314
12444405
12444801
12444973
12445089
12445104
12446034
12446152
12446331
12446513
12446556
12447276
12447286
12447448
12447790
12448538
12448984
12449185
12449344
12450127
12450433
12450637
12450700
12450908
12450990
12451450
12451716
12451965
12452498
12452514
12453210
12454047
12454240
12454671
12454686
12454808
12455347
12455694
12455857
12456160
12456457
12456539
12457463
12460315
12463581
12484646
12486861
12486893
12487131
12487270
12487381
12487552
12487572
12487890
12488855
12489078
12489499
12489963
12490207
12490500
12491225
12491292
12492010
12492038
12492145
12492453
12492499
12492770
12492806
12492839
12493251
12493597
12493738
12494015
12494598
12495095
12495531
12495546
12495636
12495997
12496078
12496108
12496112
12496171
12496354
12496408
12496466
12496508
12496831
12497293
12497392
12497569
12498664
12498768
12499684
12499905
12500114
12500140
12500724
12500825
12501095
12501212
12501285
12501422
12505003
12506536
12662323
12682639
12690080
12690166
12690292
12690569
12691145
12691150
12691800
12691802
12692012
12692603
12692865
12693113
12693191
12693407
12693684
12694091
12694097
12694709
12695042
12695195
12695350
12695352
12695373
12695512
12696190
12696342
12696461
12696489
12696516
12696598
12696810
12697366
12698123
12698250
12698398
12698485
12698535
12698718
12698769
12699334
12699407
12699479
12699510
12699915
12699997
12700005
12700243
12700317
12700828
12701149
12701178
12701614
12701639
12701777
12701970
12702071
12702282
12702617
12702834
12703128
12703199
12703396
12703503
12703577
12703610
12703779
12710494
12743563
12743567
12743855
12744429
12744708
12745052
12745746
12745866
12746512
12747109
12748114
12748434
12748524
12748656
12748988
12749337
12749571
12751339
12751554
12751685
12752956
12753128
12753580
12754342
12755617
12756059
12756264
12758073
12758896
12761524
12785153
12902289
12902462
12902477
12903133
12903498
12903534
12903928
12904179
12904338
12904427
12904914
12904917
12905460
12905745
12906119
12906506
12906538
12906633
12906643
12906822
12907120
12908283
12908371
12908710
12908820
12909493
12909628
12910346
12910389
12911064
12911473
12911707
12911798
12912211
12912234
12912404
12912845
12913047
12913161
12913226
12916139
12921097
12931521
12932728
12932804
12932968
12933245
12933701
12934104
12934205
12934306
12935359
12935396
12935432
12935670
12935846
12935999
12936730
12937496
12937664
12937993
12938269
12938431
12938629
12938819
12939066
12939921
12940203
12940457
12941205
12941208
12941548
12941912
12942112
12942129
12942147
12942348
12942710
12942744
12943467
12943568
12944634
12946529
12981847
12981890
12981925
12981933
12983896
12984515
12984610
12984882
12985029
12985417
12985419
12985557
12986436
12986945
12986986
12987478
12987778
12988068
12988088
12988414
12988821
12989141
12989296
12989619
12990137
12990482
12992751
12996132
13029489
13029675
13032892
13033358
13039170
13043191
13158631
13159170
13159713
13159844
13161845
13163963
13164430
13164636
13164704
13164852
13165443
13166430
13170503
13187073
13191649
13199597
13211290
13284683
13288412
13329951
13331513
13332149
13332159
13332223
13332963
13333015
13333482
13333493
13333972
13334219
13334369
13334520
13334562
13334749
13335083
13335094
13335448
13336154
13336585
13336682
13337614
13337943
13338278
13338305
13338705
13339283
13339515
13340169
13357689
13359053
13359067
13363792
13364075
13365452
13366761
13367073
13367174
13369137
13369620
13370049
13370702
13371125
13377719
13383658
13384777
13384806
13385111
13385730
13386486
13387058
13387428
13387729
13390360
13390936
13391108
13391757
13392977
13393606
13393829
13395475
13395891
13396963
13397746
13398313
13398986
13400124
13401718
13407844
13426308
13426850
13428623
13428738
13431917
13449896
13450580
13450780
13450921
13451251
13451425
13451560
13452208
13452256
13452680
13453204
13453345
13453390
13453748
13453765
13454736
13455108
13455162
13455821
13456190
13456513
13456712
13456776
13456919
13456945
13457237
13457431
13457642
13457900
13458191
13458400
13458469
13458735
13459028
13459308
13459604
13459648
13460530
13460999
13461078
13462737
13464323
13464721
13465658
13466541
13466783
13468719
13474097
13476601
13485793
13486199
13486856
13487044
13488435
13488485
13488524
13489549
13490002
13490256
13490373
13490648
13491557
13491838
13492573
13492726
13493202
13493331
13493667
13493987
13494544
13494926
13495039
13495101
13496002
13496478
13497343
13498149
13498281
13498591
13498892
13499282
13499385
13499906
13500697
13501773
13502379
13504098
13515564
13516463
13516468
13517124
13517396
13517527
13518043
13518271
13518715
13519095
13519265
13519444
13519800
13519842
13520136
13520163
13520433
13520820
13520844
13521042
13521865
13522052
13522343
13522390
13522903
13522964
13523009
13523382
13523670
13523735
13523783
13523945
13524082
13524210
13524675
13524695
13525053
13526000
13526174
13526622
13526644
13526710
13526773
13526840
13532354
13533933
13541625
13541734
13541794
13541835
13542184
13542192
13542381
13542884
13543024
13543515
13543583
13543631
13544110
13544260
13544675
13545327
13545418
13546266
13546341
13546951
13547101
13547887
13547969
13548396
13548485
13548932
13548981
13549028
13549101
13549412
13549836
13550317
13550341
13550512
13550541
13550712
13551172
13551565
13551786
13552766
13553202
13553211
13553704
13553779
13555432
13555931
13556030
13556417
13556554
13556876
13556928
13556950
13557078
13557434
13557953
13557985
13558112
13558561
13558758
13558996
13559451
13559620
13560118
13560404
13560407
13560913
13561004
13561198
13561528
13561762
13561863
13561909
13562185
13562329
13562364
13563585
13563784
13563854
13563874
13564396
13564573
13564670
13565276
13565556
13565583
13565805
13566148
13566651
13566768
13566995
13567118
13567354
13567565
13567835
13567870
13568272
13568287
13568491
13568510
13568884
13569008
13569269
13569799
13569866
13569933
13569974
13570369
13570801
13571168
13571332
13571366
13571385
13571517
13572052
13572204
13572827
13573510
13573572
13573783
13574895
13574933
13575026
13575043
13575729
13576521
13577604
13583523
13584121
13584935
13588640
13589781
13593719
13594547
13619369
13619561
13619745
13619965
13620544
13620675
13620720
13621035
13621960
13622856
13623550
13623571
13623691
13623808
13623857
13623911
13623966
13624003
13624137
13625091
13625501
13625809
13626051
13626190
13626392
13626560
13626608
13627042
13627205
13627217
13627452
13627726
13627847
13628379
13628733
13629262
13629658
13630864
13785432
13788953
13792354
13894823
13895091
13895144
13895652
13895891
13895917
13896132
13896265
13896403
13896933
13897420
13897423
13897489
13897504
13897790
13898106
13898120
13898219
13898429
13898680
13898871
13899279
13899808
13899819
13900102
13900185
13900269
13901697
13901983
13902058
13902482
13902635
13903698
13903721
13903994
13904397
13904423
13904870
13905295
13905785
13905848
13906039
13906307
13906512
13906590
13906622
13906852
13906955
13907159
13907876
13908122
13908910
13909103
13909165
13909413
13909617
13909674
13913794
13914256
13916519
13917338
13917423
13928437
14159576
14159713
14160646
14161057
14161412
14161458
14161578
14161666
14162151
14162427
14162535
14162740
14163166
14163208
14163608
14163659
14163872
14164521
14164719
14164867
14165893
14166054
14166520
14167313
14167446
14168394
14168860
14169065
14169176
14169652
14170126
14170382
14170915
14170993
14171064
14171178
14171267
14171309
14171429
14172491
14172682
14173225
14173620
14173988
14174210
14174470
14174514
14176335
14176524
14176848
14177229
14177343
14177686
14177687
14178973
14179025
14179547
14179783
14180820
14181871
14182207
14182780
14183487
14183506
14186424
14186553
14186890
14188200
14188703
14189207
14190274
14191680
14192561
14209328
14209636
14209762
14210557
14210666
14211073
14211711
14211855
14212380
14212578
14213489
14213536
14213708
14213955
14214137
14214261
14214842
14214942
14215329
14215692
14216166
14216341
14216388
14216577
14217665
14217667
14217750
14218468
14218671
14218827
14219389
14219484
14220788
14221646
14222209
14222596
14222760
14223582
14224065
14224829
14225012
14225799
14226867
14226942
14227737
14227941
14228004
14228096
14231668
14232705
14233635
14234043
14234471
14234494
14234545
14235069
14235662
14235978
14236017
14236114
14237145
14237577
14237603
14240895
14240947
14242467
14345338
14345799
14346162
14346316
14346536
14346552
14347582
14348237
14348752
14349117
14349213
14349518
14350571
14350984
14351002
14351030
14351040
14351214
14351410
14352661
14352669
14353463
14353682
14353709
14353863
14353965
14354202
14354373
14354646
14354917
14355325
14355993
14356155
14356187
14356282
14357014
14357161
14357667
14357847
14358048
14358334
14358967
14358982
14360759
14361211
14361594
14361596
14364458
14366793
14367509
14373360
14373784
14374021
14374120
14374206
14374729
14375073
14375289
14375461
14375691
14375858
14375938
14376103
14376225
14376236
14377004
14377123
14377201
14377211
14377493
14378059
14379421
14379704
14380531
14380703
14381706
14381999
14382141
14382333
14383033
14383329
14383756
14383887
14384064
14384839
14385951
14386376
14387196
14387473
14387617
14388546
14388691
14388825
14389083
14389306
14389404
14389595
14389885
14390009
14390113
14390763
14391083
14391590
14392633
14392801
14392975
14393250
14393386
14393957
14394719
14394785
14396106
14396199
14396812
14397000
14397551
14397770
14398115
14398344
14398993
14400474
14400843
14400881
14401212
14401828
14401983
14402372
14407738
14410936
14440397
14516735
14523258
14523645
14524210
14524380
14530014
14530210
14532380
14532660
14533752
14533758
14534296
14536474
14539077
14540681
14541567
14584358
14584372
14585388
14586188
14586292
14586938
14587264
14587440
14589549
14590434
14591025
14591059
14594288
14594566
14594956
14594989
14595460
14596127
14596148
14596261
14596306
14596704
14596800
14596954
14597286
14597391
14597531
14597869
14598437
14598923
14599168
14599411
14599570
14599697
14599840
14599855
14600344
14600853
14600940
14601307
14601481
14601565
14601591
14602163
14602231
14602300
14602700
14602839
14603189
14603192
14603400
14603443
14603534
14603622
14603724
14603798
14604880
14605017
14605107
14605145
14605372
14605584
14606226
14606458
14606488
14606552
14606689
14606903
14607661
14608595
14609140
14609468
14614653
14618732
14620391
14625594
14632297
14632878
14685747
14686302
14686472
14686764
14687418
14687447
14687723
14687814
14688287
14688294
14688539
14688653
14689145
14689289
14689621
14689785
14689807
14689915
14690686
14691047
14691146
14691159
14691184
14691284
14691751
14691794
14691948
14692464
14692510
14692631
14692954
14693031
14693200
14693287
14693376
14693546
14694055
14694384
14695792
14696139
14696240
14696732
14696833
14697000
14697046
14697840
14698342
14698732
14698806
14698871
14699107
14699140
14699539
14699830
14700091
14700331
14700402
14700599
14701104
14702014
14704634
14707618
14714727
14715012
14715388
14716591
14717123
14720860
14721054
14722733
14723456
14723535
14725010
14725426
14725762
14726991
14729607
14735596
14757746
14757762
14757950
14758417
14758516
14758664
14758992
14759302
14759356
14759437
14759644
14760110
14760203
14760437
14760658
14761058
14761187
14761377
14761432
14761487
14761652
14761876
14761939
14762337
14763146
14763264
14763430
14764159
14764872
14764995
14765231
14765637
14765980
14766078
14766779
14766978
14805920
14832948
14834320
14835235
14835929
14841658
14843244
14844516
14845073
14845718
14847549
14850193
14886876
14924572
14924684
14925205
14925452
14926918
14926933
14928755
14930821
14931266
14933268
14933304
14936432
14940414
14943300
14967116
14967516
14972644
14972658
14973232
14973545
14974916
14975591
14976288
14981440
14983134
15015922
15021976
15024859
15025576
15026993
15029899
15031418
15084936
15084948
15084998
15085009
15085838
15086048
15086067
15086300
15086326
15086387
15086496
15086634
15086945
15087434
15087436
15087710
15088040
15088692
15088954
15089250
15089645
15089651
15089740
15089807
15089963
15090168
15090258
15090909
15090928
15090952
15090958
15091239
15091593
15091719
15092312
15092401
15092465
15092478
15092814
15093788
15093897
15093931
15094157
15095168
15095287
15095393
15095778
15095854
15096172
15096213
15096492
15101943
15134624
15134749
15134845
15135086
15136106
15136688
15137175
15137338
15137377
15138432
15138637
15138755
15138970
15139207
15139330
15139527
15139585
15139918
15140110
15140174
15140801
15140867
15140873
15141058
15141128
15141818
15141958
15142188
15142437
15142455
15143116
15143381
15143544
15143591
15143609
15143647
15143966
15144247
15144298
15144581
15144774
15145354
15146965
15149847
15165424
15165738
15165744
15165984
15166263
15166283
15167097
15167810
15168223
15168296
15168327
15168502
15168651
15168658
15168711
15168747
15169107
15169192
15169845
15170050
15170055
15170078
15170212
15170224
15170256
15170289
15170382
15170507
15170517
15170786
15170933
15171044
15171138
15171546
15171828
15171835
15172048
15172670
15173137
15174062
15174111
15174259
15174811
15175440
15175501
15175855
15175907
15175974
15176254
15176550
15176695
15176719
15177189
15177577
15177673
15177738
15178015
15178237
15178455
15178998
15179191
15179503
15179778
15179879
15180862
15181012
15181167
15181438
15181882
15182006
15182031
15182136
15182140
15182149
15182150
15182182
15182368
15182737
15182810
15183149
15183740
15183856
15183875
15184249
15184391
15184848
15185992
15186250
15252669
15253154
15254996
15299427
15300338
15301448
15302948
15303002
15304252
15307324
15308473
15308886
15312763
15313791
15321502
15361478
15361681
15362562
15362894
15363006
15364026
15364452
15364643
15364649
15365467
15366995
15367192
15369981
15370070
15370489
15371548
15372153
15372809
15374520
15375129
15375685
15380627
15382361
15382864
15384905
15386679
15391891
15392188
15408646
15408811
15412483
15412937
15418750
15419387
15426123
15426363
15428629
15432643
15432861
15437888
15439221
15520498
15571459
15575736
15579943
15581424
15594248
15594356
15594453
15595428
15596673
15597535
15597846
15598690
15599621
15600860
15600957
15601037
15602770
15603528
15603726
15603910
15604064
15605038
15606847
15607354
15607833
15608587
15609466
15609606
15610207
15610622
15611107
15611166
15611508
15611591
15612060
15612085
15612629
15613405
15613439
15614731
15615270
15616378
15616847
15616871
15617114
15617840
15618166
15618615
15619144
15619163
15619507
15619658
15620005
15620434
15621871
15622263
15622669
15623723
15623936
15624439
15624872
15629190
15629677
15646273
15646354
15646517
15647661
15650223
15650626
15652360
15652420
15654400
15654884
15655409
15659013
15661485
15661688
15661957
15666252
15759663
15763524
15771184
15771556
15771854
15772471
15772756
15772792
15772982
15773203
15773282
15773572
15773993
15774419
15774959
15775027
15775163
15775215
15775918
15776205
15776914
15776926
15777085
15777195
15777300
15777701
15777941
15778028
15778518
15778787
15778894
15779096
15779276
15779429
15779541
15779544
15779949
15780860
15781189
15782212
15782541
15806217
15815492
15824484
15829752
15830341
15832569
15833069
15833986
15836819
15839093
15839519
15840962
15841808
15841974
15843660
15843705
15843744
15844905
15845169
15845362
15845416
15845620
15846163
15846195
15846209
15846239
15846775
15848051
15848099
15849626
15849979
15850056
15850152
15850211
15850218
15850439
15850492
15850753
15850789
15851232
15851511
15852606
15852621
15852727
15852914
15853363
15853545
15853859
15854287
15855454
15855524
15855746
15861488
15863181
15888672
15889337
15889773
15890781
15891058
15892013
15892634
15892639
15894810
15895914
15896108
15896176
15896432
15896782
15897018
15897359
15897844
15898286
15898359
15898894
15899139
15899517
15900090
15901362
15901672
15902380
15902828
15903062
15904643
15904707
15904770
15904798
15904805
15905381
15906401
15906752
15907108
15907273
15907327
15907548
15907620
15907877
15907878
15908209
15908909
15909157
15909327
15909542
15909597
15909692
15909885
15909930
15910172
15910503
15910563
15910631
15910733
15911122
15911323
15911490
15912056
15912843
15913764
15914081
15914353
15914663
15915474
15915533
15915880
15915906
15916376
15916854
15917274
15917291
15917522
15917591
15917888
15918099
15918206
15918300
15919485
15919742
15922816
15923826
15924152
15953479
15953494
16023690
16024244
16024561
16025837
16027374
16027531
16027782
16028540
16029984
16030233
16031098
16033929
16035346
16037417
16052200
16134890
16136271
16138046
16139366
16139439
16140830
16142432
16143236
16144419
16145309
16146991
16147951
16148184
16149101
16149326
16152827
16158797
16161321
16171937
16175675
16180058
16181706
16193625
16338383
16338726
16339962
16342086
16342554
16409268
16409298
16409526
16409645
16409899
16409921
16410036
16410965
16411416
16411741
16411748
16412030
16413099
16413190
16413476
16413598
16414047
16415216
16417230
16417878
16417899
16418003
16418075
16418311
16418666
16419833
16422784
16422926
16429685
16432659
16432803
16451616
16451905
16452716
16455215
16455508
16456890
16457364
16457452
16458694
16459904
16460197
16461072
16464560
16482842
16505547
16511963
16514627
16514978
16520707
16694195
16696065
16696172
16696352
16696532
16696779
16696910
16697263
16697997
16699391
16699622
16700147
16700306
16700319
16700784
16700905
16701075
16702390
16702450
16702679
16702743
16703253
16703381
16703481
16703546
16703776
16704024
16704309
16704470
16704475
16705296
16705322
16705739
16705808
16705996
16706770
16707140
16707269
16707588
16707772
16708197
16708441
16708650
16709004
16709435
16709922
16710038
16710047
16710137
16710733
16712217
16714753
16780644
16784856
16786005
16788212
16798051
16817098
16817573
16819174
16819866
16820033
16820189
16821195
16822364
16822516
16823296
16826454
16827586
16828096
16829672
16832945
16834076
16851519
16919844
16920818
16923072
16923910
16924379
16928982
16929877
16930848
16932028
16932147
16933006
16934941
16936500
16936774
16938493
16939270
16939366
16939741
16940420
16941062
16941457
16942528
16946159
16947600
16948757
16951513
17049674
17050188
17051639
17052700
17053094
17053820
17053945
17054094
17055252
17055323
17057210
17058652
17058860
17060412
17060592
17062834
17065957
17104756
17105146
17105237
17105836
17105994
17106211
17107430
17107931
17108310
17109324
17109628
17110083
17110811
17111899
17112295
17112399
17112564
17112897
17113704
17114925
17115943
17116061
17116219
17116811
17120094
17122128
17384217
17384364
17384818
17385002
17386736
17387296
17388505
17388565
17388625
17389194
17390626
17391712
17391732
17391960
17392505
17392778
17392809
17392825
17399053
17400005
17480300
17480315
17481705
17481709
17481832
17481920
17482242
17483554
17483649
17484029
17484138
17485197
17485745
17485836
17486686
17487183
17487468
17487974
17487992
17488118
17488490
17488897
17489241
17489959
17490246
17491966
17534904
17557110
17557601
17558180
17561154
17561400
17561916
17562041
17562329
17562569
17562577
17562866
17564165
17565840
17567917
17568705
17573484
17582312
17584042
17604761
17634753
17635766
17637527
17637903
17638608
17640205
17640565
17640886
17643032
17643114
17643672
17644007
17644955
17651606
17656284
17712865
17722642
17742108
17742194
17747154
17747852
17793133
17800152
17801500
17914916
17915129
17963184
17964533
17964790
17967664
17967740
17968018
17968282
17976166
17976236
18013038
18013387
18013703
18014606
18015630
18015641
18015738
18015984
18016647
18016776
18016862
18018385
18018409
18018813
18018816
18018826
18019227
18019682
18019962
18019988
18020445
18020645
18021209
18021265
18021608
18021860
18022504
18022607
18022804
18022875
18025244
18025636
18025895
18025911
18026292
18026300
18026488
18028125
18029231
18029761
18042950
18043840
18044759
18045779
18046162
18046199
18047743
18048914
18049287
18049572
18050630
18050760
18051438
18051859
18052073
18052316
18052993
18053007
18053516
18053846
18053978
18054066
18055348
18055390
18056242
18057780
18058439
18058461
18058546
18060947
18063036
18064666
18064869
18067793
18070293
18070485
18070604
18070846
18073732
18073938
18084975
18090671
18092153
18092331
18092724
18093233
18093698
18093942
18094268
18094550
18095030
18095358
18095371
18095421
18095743
18095998
18096074
18096241
18096316
18096488
18096543
18096609
18096698
18096876
18096941
18097167
18097212
18097282
18097382
18097629
18097657
18098057
18098845
18098914
18099246
18099291
18099776
18099996
18100565
18100635
18100660
18101321
18101860
18102243
18102593
18102596
18102822
18103615
18103714
18103761
18103800
18103992
18104214
18105505
18106120
18111258
18124850
18125349
18125419
18125426
18125649
18125667
18126062
18126309
18126446
18126612
18127063
18127506
18127524
18127581
18127720
18127806
18127975
18128129
18128469
18128821
18128833
18129378
18129520
18129554
18129696
18129744
18129933
18130015
18130076
18130124
18130754
18130763
18130870
18131288
18131329
18131568
18131793
18132026
18132174
18132282
18132703
18132704
18133151
18134079
18134771
18135340
18135668
18135671
18136531
18138551
18141611
18141836
18162205
18171572
18207256
18218604
18274661
18332942
18333421
18334704
18335015
18335137
18335888
18337378
18337745
18338591
18338939
18339259
18339716
18339961
18340483
18341033
18341873
18342229
18343002
18343367
18343534
18343582
18343681
18344210
18344219
18344416
18344519
18344601
18345168
18345580
18348161
18348376
18348387
18348673
18349245
18349644
18349954
18350545
18350963
18351302
18351378
18352268
18354249
18355507
18370652
18386154
18386318
18387428
18389409
18389724
18390310
18391621
18391767
18392243
18392826
18393957
18394386
18394694
18395871
18395969
18466432
18466436
18466898
18467189
18468057
18469207
18469214
18469508
18470364
18470719
18470726
18471926
18474410
18474499
18474666
18475055
18475406
18476375
18476971
18477296
18480302
18480680
18481059
18511378
18534777
18537219
18537492
18537568
18537957
18538212
18540094
18540184
18541890
18544743
18545193
18545339
18545443
18547413
18548583
18548589
18548699
18550485
18553858
