180
483
500
511
823
823
851
1002
1074
1258
1335
1451
1463
1464
1501
1582
1727
1996
2016
2075
2159
2184
2318
2397
2422
2522
2538
2579
2608
2721
2769
2772
2776
3152
3215
3271
3436
3485
3488
3521
3576
3687
3828
3903
4033
4098
4375
4416
4592
4678
4866
4870
5006
5137
5168
5219
5226
5416
5447
5555
5659
5732
6011
6082
6101
6257
6273
6328
6486
6714
6863
6964
6991
7223
7235
7291
7301
7318
7346
7352
7442
7465
7529
7723
7805
7819
7861
7935
8051
8065
8180
8240
8506
8519
8583
8668
8669
8781
8855
8873
8921
8923
8926
8954
8984
9033
9044
9080
9118
9122
9163
9367
9369
9396
9427
9462
9484
9554
9601
9608
9626
9722
9769
9793
9855
9909
9933
10178
10188
10233
10356
10428
10559
10640
10683
10714
10736
10751
10785
10788
10790
10820
11002
11107
11188
11581
11598
11796
12003
12007
12128
12170
12174
12264
12326
12465
12721
12734
12737
12766
12921
12927
13454
13458
13461
13523
13575
13639
13705
13819
13875
13905
13975
14012
14091
14329
14404
14465
14481
14752
14885
14911
15074
15200
15292
15380
15406
15419
15446
15517
15637
15646
15690
15731
15793
16015
16036
16047
16081
16112
16368
16393
16431
16484
16487
16512
16542
16587
16667
16696
16705
16749
17280
17309
17394
17407
17457
17488
17581
17637
17640
17672
17800
17881
17952
18070
18094
18169
18314
18334
18394
18416
