96
246
333
337
482
499
621
674
786
889
906
1014
1049
1442
1499
1571
1620
1639
1647
1702
1776
2087
2104
2119
2198
2258
2311
2444
2528
2552
2584
2666
2823
2829
2834
2840
2877
2956
2971
2983
2990
3038
3373
3407
3524
3640
3650
3674
3716
3897
3907
3977
4120
4163
4211
4290
4304
4313
4314
4431
4497
4502
4520
4671
4734
4801
4812
4878
4943
4980
5058
5263
5268
5504
5525
5599
5673
5715
5787
5854
6119
6132
6509
6518
6553
6648
6863
6963
7120
7147
7183
7239
7264
7270
7381
7677
7689
7797
8002
8049
8111
8158
8481
8548
8804
8933
8941
8995
9059
9295
9462
9670
9673
9694
9799
9845
9924
10033
10060
10184
10197
10211
10273
10365
10457
10482
10735
10886
11020
