214
314
329
336
444
465
526
601
728
1131
1189
1272
1279
1328
1424
1485
1591
1595
1613
1617
1745
1758
1851
1924
1937
1951
2032
2153
2177
2209
2448
2454
2487
2535
2739
2742
2809
2865
2980
3011
3048
3117
3225
3301
3317
3508
3602
3674
3920
3955
4097
4172
4204
4220
4238
4261
4278
4336
4392
4398
4445
4455
4570
4676
4703
4750
4842
4861
4944
4979
5008
5017
5043
5169
5247
5296
5322
5331
5359
5380
5422
5427
5580
5679
5843
5897
6033
6050
6137
6165
6245
6282
6398
6400
6436
6456
6473
6492
6715
6763
6791
7046
7071
7098
7120
7340
7431
7692
7779
7839
7894
7935
8021
8143
8195
8196
8300
8470
8614
8659
8671
8764
9091
9303
9354
9512
9515
9517
9559
9594
9624
9753
9815
9964
9977
10003
10015
10234
10290
10292
10562
10578
10663
10697
10746
10767
10775
10814
10856
10923
10989
11049
11162
11459
11464
11464
11473
11522
11530
11534
11599
11627
11671
11702
11786
11933
11968
12022
12031
12279
12366
12381
12554
12569
12582
12614
12618
12718
12739
12793
12865
12966
13014
13398
13438
13443
13537
13575
13658
13790
13798
13858
13885
13903
13983
14050
14055
14174
14212
14309
14371
14427
14452
14506
14519
14636
14643
14851
14938
14989
14992
15221
15255
15365
