72
187
464
499
661
720
733
753
917
1169
1393
1534
1725
2083
2316
2455
2682
2691
2753
2957
3197
3206
3265
3370
3755
4068
4513
4690
4751
4788
5405
5448
5495
5553
5622
5781
5940
6003
6026
6078
6248
6375
6467
6508
6673
6726
6789
6796
7040
7183
7296
7504
7547
7627
7820
7893
8269
8307
8392
8569
8762
8976
9077
9277
9349
9418
9418
9424
9444
9474
9514
9521
9813
9817
9869
10082
10168
10325
10429
10740
10872
10930
11119
11188
11389
11501
11765
11833
11844
11987
12014
12019
12131
12389
12412
12515
12827
12882
12973
13544
13600
13606
13751
13812
13945
13956
13987
14160
14180
14199
14263
14333
14547
14703
14923
15007
15238
15385
16140
16284
16427
16466
16492
17008
17071
17206
17232
17306
17339
17515
17637
