75
95
181
314
339
364
374
398
541
612
733
745
871
904
941
1155
1159
1183
1368
1441
1446
1592
1650
1740
1769
1791
1857
1867
1925
1929
2090
2136
2155
2312
2359
2404
2436
2477
2494
2594
2626
2629
2634
2721
2730
2808
2869
2888
2979
2979
3025
3236
3272
3330
3748
3755
3785
3808
3938
3946
4014
4176
4235
4452
4672
4732
4777
4832
4869
4880
4902
4910
5151
5167
5171
5308
5372
5524
5569
5594
5669
5677
5837
5886
6080
6104
6118
6248
6375
6418
6478
6550
6582
6598
6632
6642
6644
6743
6765
6822
6839
6874
6904
6917
6942
6979
7045
7049
7056
7059
7063
7085
7159
7206
7260
7260
7285
7302
7307
7435
7447
7518
7608
7616
7618
8032
8065
8155
8201
8261
8298
8331
8385
8544
8592
8806
8808
8822
8932
9003
9037
9073
9120
9218
9287
9292
9352
9375
9394
9420
9449
9632
9779
9866
9975
10093
