61
69
88
111
123
162
322
380
418
556
585
617
621
632
659
767
902
914
1045
1304
1348
1418
1611
1665
1738
1881
2025
2056
2167
2270
2273
2375
2407
2514
2555
2749
2940
3098
3157
3188
3191
3234
3280
3364
3402
3582
4028
4033
4112
4170
4215
4403
4407
4411
4429
4467
4488
4761
4776
4790
4894
4912
4959
5001
5002
5017
5046
5063
5208
5510
5556
5565
5646
5852
5858
5912
5976
6022
6055
6218
6252
6285
6352
6363
6851
7093
7133
7139
7141
7200
7258
7273
7279
7446
7472
7682
7728
7777
7848
8123
8220
8273
8275
8635
8704
8751
9165
9295
9361
9403
9543
9574
9723
9758
9991
9996
10169
10191
10218
10253
10274
10284
10315
10316
10363
10393
10543
10633
10640
10705
10710
10753
10782
10801
10842
10969
10983
11244
11626
11790
11801
11845
11933
12021
12038
12061
12177
12368
12436
12450
12464
12536
12580
12797
12891
12925
12968
13014
13072
13130
13240
13278
13330
13382
13390
13394
13503
13517
13518
13519
