297
314
381
402
402
499
551
639
647
879
912
923
959
987
1098
1270
1480
1590
1717
1720
1828
1900
2146
2283
2299
2399
2403
2414
2463
2483
2611
2724
2754
2772
2894
3003
3088
3183
3524
3547
3657
3741
3759
3903
3953
3991
4081
4187
4342
4489
4677
4702
4977
5031
5037
5211
5217
5223
5428
5431
5432
5447
5526
5543
5612
5625
5720
5839
5947
6013
6141
6258
6658
6817
6948
6967
7166
7216
7245
7256
7390
7396
7436
7450
7475
7618
7696
7752
7955
7960
7962
7976
8149
8340
8353
8483
8492
8505
8544
8683
8767
8884
8900
8933
9034
9045
9166
9172
9231
9236
9237
9261
9307
9389
9433
9440
9470
9551
9615
9685
9715
9785
9848
10073
10181
10257
10297
10416
10561
10611
10622
10755
10820
10995
11000
11093
11192
11232
11259
11275
11279
11399
11459
11503
11528
11545
11559
11601
11671
11694
11756
11794
11804
11813
11814
11870
11920
11989
12050
12093
12233
12237
12244
12252
12261
12327
12344
12371
12454
12469
12505
12589
12840
12878
12947
13013
13249
13273
13380
13472
13495
13556
13612
13701
13819
13951
14013
14013
14128
14359
14426
14427
14471
14497
14525
14741
14745
14788
14952
15003
15080
15087
15128
15234
15269
15387
15393
15440
15450
15554
15822
15902
16072
16104
16216
16290
16564
16725
16906
16908
16990
17065
17090
17103
17126
17211
17258
17332
17445
17451
17452
17464
17534
17588
17629
17644
17705
17735
17760
17784
17785
17788
17815
17893
17939
17973
18004
18214
18260
18270
18291
18407
18444
18471
18504
18509
18544
18561
18613
18690
18783
18807
19001
19006
19137
