169
453
601
707
1085
1315
1359
1580
1643
1723
1874
1994
2030
2109
2325
2412
2607
2745
2896
3332
3579
3793
4027
4060
4132
4714
5114
5168
5234
5622
5726
5739
5760
5789
5808
5916
5938
6120
6149
6284
6299
6598
6761
7076
7217
7416
7457
7518
7703
7796
8137
8241
8476
8588
8673
8919
8981
9049
9082
9133
9291
9309
9330
9690
10152
10436
10467
10468
10609
10612
10628
10632
10711
10782
10840
10963
11310
11319
11662
11726
11752
11786
11827
11887
12362
12451
12781
12808
13015
13168
13196
13456
14155
14212
14355
14432
15094
15128
15192
15345
15403
15516
15606
16044
16110
16432
16618
16809
16887
16984
17102
17236
17250
17348
17394
17403
17437
17472
17486
17498
17618
17623
17639
17698
17968
18012
18314
18395
18674
18795
18926
18937
19101
