16
123
218
230
319
366
397
451
548
569
696
741
808
872
965
1002
1008
1011
1085
1230
1251
1317
1490
1642
1665
1678
1695
1796
1796
1816
1844
1928
2037
2070
2083
2100
2301
2319
2386
2415
2425
2578
2623
2679
2725
2772
2779
2834
2861
2929
2942
2967
3137
3178
3329
3362
3372
3397
3402
3628
3674
3812
3989
4024
4046
4271
4298
4337
4368
4382
4403
4417
4429
4438
4646
4901
4940
5052
5166
5192
5446
5491
5517
5556
5880
5935
6027
6192
6237
6340
6532
6540
6608
6642
6797
6951
6990
7022
7126
7246
7361
7421
7425
7427
7472
7478
7568
7577
7777
7843
8115
8198
8315
8404
8427
8549
8557
8594
8613
8760
8766
8873
8892
8907
8997
9018
9021
9258
9273
9280
9307
9312
9501
9584
9690
9767
9879
9966
10001
10033
10039
10141
10416
10513
10562
10657
10742
10852
10873
11044
11051
11086
11342
11379
11445
11481
11519
11575
11659
11694
11787
11809
11820
11852
11984
12036
12139
12159
12241
12348
12396
12514
12533
12543
12551
12593
12634
12711
12737
12781
12917
12981
13061
13071
13107
13158
13230
13236
13263
13272
13408
13443
13458
13505
13533
13625
13673
13842
13878
13983
14069
14277
14294
14317
14410
14423
14439
14621
14625
14646
14760
14833
14915
15113
15177
15181
15303
15373
15373
15467
15523
15539
15625
15746
15875
15931
15946
16067
16183
16230
16326
16394
16431
16594
16668
16746
16751
16836
16841
16913
16981
17375
17402
17447
17484
17487
17540
17546
17647
17677
17753
17960
17978
18069
18191
18242
18280
18320
18386
18484
18643
18694
18768
18909
18986
19056
19292
19307
19324
19417
19498
19528
19552
19558
