20
91
221
246
334
377
437
520
533
628
772
800
802
898
920
990
1240
1343
1361
1420
1430
1509
1527
1557
1608
1720
1842
2103
2446
2504
2629
2681
2732
2808
2899
2992
3091
3164
3279
3299
3303
3563
3738
3742
3767
3817
3840
3891
3926
3999
4052
4086
4189
4225
4239
4303
4409
4453
4471
4515
4566
4634
4673
4725
4818
4901
5189
5201
5380
5524
5538
5589
5721
5823
5920
6198
6241
6295
6341
6486
6592
6638
6675
6690
6717
6843
7037
7063
7185
7202
7276
7450
7568
7631
7820
7821
7884
8285
8304
8333
8338
8370
8384
8499
8543
8566
8615
8638
8669
8782
9054
9124
9142
9202
9308
9371
9423
9527
9553
9777
10015
10027
10028
10121
10143
10213
10217
10306
10384
10391
10493
10543
10606
10773
10900
10934
10982
11178
11194
11203
11210
11330
11417
11524
11579
11805
11992
12254
12260
12269
12375
12443
12450
12457
12497
12619
12632
12652
12900
13257
13291
13366
13376
13425
13448
13469
13522
13597
13669
13680
13792
13844
13902
13932
13957
14104
14142
14171
14352
