496
598
666
1020
1050
1082
1190
1287
1295
1429
1491
1494
1627
1698
1761
1768
1797
1835
1955
2088
2090
2573
2678
2884
2950
3169
3367
3518
3741
3809
4071
4201
4257
4599
4774
4837
4882
4933
4996
5052
5123
5424
5617
5802
5849
6064
6329
6331
6682
6930
7144
7154
7154
7293
7487
7802
8107
8256
8322
8406
8696
8939
8944
9342
9510
9517
9720
9879
9984
10103
10135
10454
10617
10868
10914
11045
11174
11355
11407
11580
11632
11748
11808
11860
11864
11911
11919
12046
12175
12193
12241
12381
12386
12442
12490
12668
12684
13141
13162
13167
13340
13453
13619
14074
14085
14124
14299
14388
14527
14537
15061
15413
15449
15472
15565
15711
15733
15939
16096
16156
16348
16830
16895
16993
17096
17305
17446
17458
17482
17583
17731
17739
17846
17886
17894
18192
18357
18368
18533
