20
20
41
176
208
343
371
536
562
663
891
928
970
1033
1077
1244
1254
1302
1375
1656
1664
1681
1842
2025
2069
2088
2213
2366
2412
2424
2679
2719
2743
2784
2850
2879
2971
3058
3071
3136
3172
3194
3346
3423
3467
3521
3523
3642
3644
3699
3733
3934
3953
3962
4096
4111
4334
4357
4374
4534
4586
4635
4668
4745
4781
4802
4855
4866
4879
4960
5057
5065
5151
5246
5305
5346
5389
5551
5586
5642
5692
5826
5899
6082
6098
6285
6347
6467
7003
7051
7056
7193
7280
7307
7502
7620
7724
7794
7796
7822
7837
7864
7956
8106
8209
8213
8381
8407
8418
8421
8497
8587
8760
8825
8905
8947
8976
8988
9021
9029
9093
9173
9218
9255
9276
9398
9418
9480
9484
9509
9643
9659
9742
9779
9807
9832
9891
9911
9943
10045
10055
10063
10100
10104
10240
10376
10408
10428
10432
10531
10551
10573
10586
10614
10621
10764
10826
10845
10878
10912
10956
11069
11187
11220
11426
11442
11489
11694
11785
11817
11968
11978
12054
12108
12175
12350
12369
12411
12468
12540
12734
12777
12781
12851
13029
13064
13156
13211
13258
13275
13318
13354
13389
13515
13683
13844
13934
13942
14054
14081
14142
14336
14397
14681
14693
14725
14729
14815
14898
14928
14939
14943
15107
15113
15221
15357
15424
15492
15556
15694
15719
16033
16144
16157
16214
16239
