259
373
374
415
481
613
614
669
723
737
880
942
953
965
1011
1038
1064
1129
1133
1207
1318
1394
1394
1430
1492
1626
1630
1670
1805
1984
2065
2128
2139
2139
2167
2174
2185
2200
2211
2345
2663
2692
2792
2796
2894
2961
3146
3165
3397
3436
3518
3540
3625
3731
3757
3779
3788
3809
3838
3887
4000
4016
4110
4146
4301
4304
4320
4517
4542
4635
4825
4849
4866
4878
5125
5147
5276
5345
5368
5418
5474
5627
5641
5664
5664
5733
5758
5777
5914
5981
6096
6178
6185
6610
6725
6727
6806
6922
6995
7051
7225
7373
7396
7449
7450
7619
7641
7703
7731
7798
7919
7947
8005
8024
8065
8180
8208
8273
8364
8506
8622
8667
8688
8726
8778
8781
8802
8804
8872
8945
9058
9119
9121
9179
9197
9243
9267
9338
9391
9428
9443
9662
9724
9830
9888
10125
10127
10168
10244
10264
10300
10314
10379
10444
10537
10839
11021
11143
11344
11348
11472
11550
11603
11621
11736
11817
11832
12037
12313
12336
12398
12420
12448
12632
12700
12707
12788
12806
12921
12933
12960
12960
12979
13069
13098
13105
13120
13128
13140
13185
13191
13290
13384
13398
13945
14080
14268
14291
14307
14376
14437
14546
14565
14613
14689
14718
14757
14771
14828
14852
14877
14888
15014
15023
15072
15076
15153
15159
15184
15260
15270
15292
15301
15368
15439
15495
15502
15792
15987
16125
16198
16241
16261
16308
16389
16710
16748
16757
16799
16837
16977
17010
17073
17172
17180
17190
17192
17418
17757
17846
17858
17995
18400
18463
18471
18482
18511
18571
18573
18587
18638
18656
18708
18749
