53
226
597
635
646
650
681
724
732
809
827
968
1001
1010
1036
1085
1113
1153
1231
1232
1317
1327
1343
1578
1914
1980
2084
2103
2218
2222
2273
2536
2714
2839
2917
3420
3461
3543
3677
3799
3801
3810
3815
3843
3894
4053
4088
4137
4244
4283
4312
4523
4529
4532
4629
4740
4822
4948
5113
5353
5393
5538
5616
5733
5734
5795
6078
6197
6216
6218
6421
6448
6539
6577
6601
6664
6696
6712
6719
6761
6801
6867
6897
6994
7096
7149
7238
7320
7426
7434
7568
7722
8168
8192
8250
8254
8317
8416
8426
8473
8476
8519
8557
8671
8735
8872
8983
8988
9149
9159
9173
9192
9243
9270
9312
9325
9356
9519
9519
9539
9563
9570
9638
9691
9798
9845
9868
9951
9961
10162
10316
10391
10439
10492
10666
10757
10770
10785
11067
11112
11182
11210
11213
11274
11380
11615
11638
11688
11908
12007
12036
12111
12115
12151
12212
12230
12446
12524
12747
12867
13035
13112
13140
13142
13259
13326
13343
13675
13800
13862
