113
120
265
302
306
490
704
793
799
812
1058
1080
1196
1246
1364
1382
1612
1634
1696
1708
1865
2098
2179
2204
2338
2407
2452
2662
2673
2725
2758
2784
2796
2828
2829
2847
2875
2876
2911
2981
3004
3032
3120
3216
3347
3429
3490
3522
3540
3552
3704
3781
3808
3933
3971
4023
4197
4401
4407
4484
4574
4582
4596
4820
4966
5052
5217
5305
5329
5518
5598
5621
5798
5870
5872
5901
5951
5955
6286
6590
6597
6624
6638
6681
6808
6813
6829
6947
7091
7316
7406
7459
7605
7732
8117
8233
8340
8384
8464
8492
8608
8641
8734
8797
9047
9099
9129
9163
9536
9569
9772
9857
9921
10185
10219
10479
10479
10550
10631
10754
10755
10799
10872
10924
10934
10975
11010
11105
11120
11122
11122
11131
11188
11209
11224
11246
11295
11297
11428
11799
11884
12043
12085
12211
12235
12256
12471
12475
12516
12576
12689
12736
12757
13217
13277
13302
13389
13757
13796
13804
13943
13946
14037
14193
14276
14332
14369
14418
14576
14642
14658
14801
14912
15234
15247
15326
15356
15539
15575
15732
