32
193
258
326
531
613
638
666
881
884
908
1070
1123
1219
1260
1690
1798
1817
1837
1875
2027
2209
2400
2470
2671
2686
2730
2802
2812
2870
3076
3190
3281
3297
3466
3687
3787
3836
3878
3903
4029
4059
4207
4252
4457
4665
4901
5115
5132
5237
5464
5587
5594
5623
6028
6073
6232
6248
6307
6748
6880
6945
7011
7066
7077
7089
7101
7142
7233
7267
7338
7730
8225
8428
8463
8487
8622
8736
8770
8816
9001
9043
9153
9154
9253
9395
9414
9452
9522
9736
9866
9959
10021
10069
10157
10213
10254
10475
10624
10778
10788
10836
10849
10852
10864
10969
10989
11096
11169
11191
11260
11265
11278
11284
11481
11622
11649
11832
11911
11916
11927
11978
11991
12244
12350
12446
12621
12727
12789
12818
12830
12857
