0
52
115
137
227
345
357
536
758
975
1199
1199
1331
1544
1635
2017
2019
2041
2073
2216
2305
2355
2372
2377
2471
2548
2760
2841
2875
2902
2993
2996
3002
3033
3077
3111
3121
3195
3333
3378
3482
3773
3837
3891
3916
4027
4053
4294
4497
4514
4967
4980
4981
5011
5272
5391
5464
5610
5659
5733
5756
5830
5872
5924
5927
5930
6081
6228
6272
6448
6492
6796
7127
7165
7232
7235
7275
7330
7370
7435
7684
7760
7862
8025
8211
8342
8396
8417
8446
8486
8527
8598
8771
8894
9044
9045
9181
9248
9306
9352
9496
9553
9582
9709
9778
9781
9859
10160
10358
10369
10456
