116
128
321
479
565
574
651
956
1368
1537
1658
1872
1890
1915
1921
2155
2165
2203
2270
2304
2369
2397
2548
2585
2596
2852
2878
2911
2953
3036
3039
3105
3135
3222
3377
3426
3528
3742
3845
3937
4104
4320
4409
4504
4605
4634
4955
4966
5030
5057
5088
5233
5417
5467
5536
5576
5600
5614
5663
5718
5895
6049
6051
6143
6179
6240
6257
6293
6541
6766
6778
6784
6829
6838
6889
6947
7012
7401
7441
7921
7959
8154
8175
8412
8460
8682
8693
8882
8991
9149
9199
9207
9366
9477
9558
9755
9782
9803
9932
10034
10088
10177
10318
10820
10888
10982
11187
11424
11441
11471
11492
11520
11670
11675
11712
11712
11736
11859
11881
11882
11923
12074
12164
12204
12235
12235
12252
12491
12511
12547
12678
12686
12835
12868
12923
13023
13210
13213
13237
13264
13545
13817
13848
13870
13919
13943
13957
14115
14118
14166
14179
14288
14313
14353
14585
14635
14645
14660
14945
15103
15297
15603
