20
94
100
249
486
498
583
587
599
724
750
818
839
915
1037
1229
1231
1286
1326
1433
1454
1534
1536
1576
1669
1708
1855
2095
2105
2140
2141
2257
2668
2738
2844
3001
3069
3080
3149
3398
3491
4000
4021
4031
4215
4222
4261
4310
4668
4676
4686
4736
4739
4774
4798
4873
4991
5018
5025
5039
5081
5088
5328
5361
5493
5516
5536
5541
5555
5575
5654
5675
5781
5798
5891
5943
5991
6004
6071
6103
6111
6146
6158
6195
6311
6343
6346
6391
6411
6775
6943
6946
6971
7021
7073
7155
7178
7280
7288
7328
7410
7444
7583
7684
7807
7979
8024
8187
8189
8375
8398
8421
8425
8545
8653
8675
8725
8790
8937
8959
9037
9182
9365
9389
9444
9461
9522
9608
9718
9728
9757
9757
9927
9928
10096
10108
10153
10158
10317
10452
10477
10593
10598
10699
10769
10898
10899
10915
11084
11220
11318
11341
11351
11385
11707
11721
11737
11855
11965
12094
12098
12163
12177
12387
12400
12402
12415
12420
12451
12594
12620
12632
12675
12685
12709
12739
12782
12977
13179
13399
13403
13465
13468
13485
13570
13606
13667
13672
13692
13797
14116
14192
14292
14337
14476
14604
14672
14692
14830
