123
135
173
190
214
242
260
271
383
415
454
490
491
493
501
535
621
679
693
824
906
1001
1189
1236
1257
1450
1577
1670
1742
1885
1915
1955
2010
2051
2150
2176
2305
2330
2395
2457
2457
2534
2537
2556
2671
2679
2733
2827
2838
2873
2891
2908
2932
2933
3005
3173
3191
3252
3385
3413
3462
3478
3701
3781
3827
3846
3977
4023
4032
4236
4254
4409
4427
4921
4974
5025
5044
5191
5322
5431
5651
5700
5737
5747
5765
5973
6067
6111
6215
6239
6403
6455
6519
6563
6635
6675
6685
6863
6998
7143
7440
7504
7518
7518
7539
7606
7862
7869
7940
7972
8052
8117
8138
8368
8430
8731
8737
8754
8866
8882
8892
8946
8970
9128
9219
9234
9361
9430
9647
9721
9771
9792
9829
9838
9847
9946
9950
10263
10322
10325
10372
10396
10558
10633
10654
10864
11147
11155
11291
11322
11378
11463
11521
11536
11572
11583
11596
11648
11662
11857
11947
11984
12111
12277
12293
12300
12356
12446
12470
12656
12693
12714
12736
12777
12842
12945
12973
12997
13129
13168
13208
13257
13307
13518
13645
13699
13798
13839
13858
13935
13997
14042
14135
14160
14484
14545
14570
14622
14693
14891
14968
15027
15063
15109
15247
15340
15349
15414
15466
15518
15529
15532
15627
