29
327
494
570
842
1154
1193
1373
1403
1463
1658
1997
2069
2224
2343
2454
2615
2636
2646
3062
3206
3603
3645
3660
3808
3902
3904
4087
4330
4683
4746
4909
5289
5361
5401
5460
5542
5577
5675
5719
5952
6004
6204
6230
6400
6460
6608
7147
7306
7587
7865
8081
8174
8203
8281
8508
8736
8815
8827
8859
8916
8979
9107
9529
9576
9650
9796
9932
10098
10278
10537
10645
10723
10754
10808
10817
11101
11291
11373
11636
11727
11808
12120
12142
12253
12346
12368
12631
13363
13420
13476
13671
13674
13802
13834
14350
14599
