138
289
377
387
446
834
853
871
968
1005
1009
1066
1100
1102
1175
1212
1324
1344
1472
1501
1631
1668
1742
1755
1794
1946
1968
2039
2092
2108
2157
2183
2270
2332
2411
2505
2574
2623
2693
2761
2798
3123
3141
3361
3418
3545
3619
3643
3649
3661
3788
3806
3899
3926
3948
3989
4044
4062
4109
4139
4202
4268
4300
4305
4499
4525
4542
4613
4730
4805
4812
4813
4819
4866
4896
5015
5085
5168
5197
5268
5377
5438
5448
5516
5604
5636
5696
5753
5796
5854
6064
6092
6109
6162
6208
6482
6539
6569
6599
6719
6753
6796
6856
6922
6983
6987
7005
7229
7361
7531
7598
7695
7798
7997
8095
8236
8331
8338
8619
8649
8701
8725
8830
8866
9051
9126
9224
9342
9411
9445
9580
9731
9885
9923
9936
9996
10082
10128
10226
10413
10497
10666
10713
10722
10723
10819
10825
10855
10933
10964
10968
10982
11006
11268
11313
11349
11566
11652
11862
11882
12107
12314
12898
12927
12939
13013
13169
13236
13303
13359
13517
13522
13644
13655
13699
13748
13755
13846
13881
13889
13899
13901
13931
