65
86
165
228
237
244
369
426
465
492
680
719
732
787
1035
1161
1183
1195
1266
1435
1495
1577
1621
1647
1668
1716
1734
1762
1780
1858
1877
1933
1937
1943
2000
2012
2104
2247
2249
2482
2485
2577
2725
2846
2877
3163
3244
3258
3306
3322
3362
3424
3474
3521
3546
3615
3681
4038
4176
4269
4307
4323
4384
4527
4590
4675
4810
4832
4860
5175
5313
5398
5585
5611
5654
5739
5836
5836
5930
6105
6221
6235
6237
6307
6357
6403
6414
6644
6904
6966
7010
7048
7064
7223
7256
7316
7448
7464
7642
7881
7985
8023
8057
8075
8146
8153
8239
8260
8264
8442
8477
8495
8503
8732
8852
8876
8914
9018
9368
9408
9538
9582
9597
9805
9810
9879
10029
10114
10495
10592
10666
10720
10753
10864
11120
11160
11193
11262
11285
11633
11673
11755
11867
11913
12016
12225
12288
12419
12426
12437
12500
12543
12626
12815
12824
13107
13109
13178
13180
13210
13267
13359
13364
13414
13457
13457
13626
13641
13794
13844
13877
13942
14060
14174
14354
14361
14496
14567
14893
14930
14959
15032
15039
15197
15210
15688
15703
15759
15786
15794
15876
15979
16065
16273
16423
16502
16613
16614
16641
16765
16770
16813
16871
16998
17038
17054
17095
17319
17356
17548
17655
17666
17688
17757
17758
17778
17876
18028
18168
18258
18316
18325
18376
18427
18556
18671
18857
18889
19020
19118
19135
19142
19166
19325
19352
19373
19396
19461
