122
192
253
313
384
408
475
485
669
712
746
748
770
783
869
920
936
1170
1245
1267
1284
1355
1394
1539
1548
1664
1679
1740
1827
1841
1891
1926
1967
1994
1996
2034
2140
2184
2264
2354
2378
2450
2507
2521
2561
2638
2647
2648
2790
2839
2964
2967
3005
3094
3114
3132
3166
3287
3301
3329
3344
3461
3674
3758
3774
3884
3943
4077
4248
4252
4272
4307
4348
4392
4411
4443
4457
4552
4553
4637
4677
4719
4752
4800
4830
4846
4877
4997
5266
5322
5453
5482
5553
5590
5596
5632
5646
5654
5707
5759
5940
5949
6185
6276
6291
6394
6663
6690
6790
6796
6819
6834
6846
6879
6980
6992
7096
7146
7210
7401
7430
7622
7695
7765
7806
7807
7807
7829
7882
7923
7980
7990
8010
8050
8058
8134
8237
8269
8357
8413
8495
8699
8730
8793
8829
8838
8841
8870
8873
8875
8917
8927
8949
9017
9109
9309
9459
9483
9498
9673
9946
9969
10017
10122
10134
10187
10353
10422
10425
10433
10480
10509
10640
10973
10977
11062
11072
11203
11288
11336
11399
11400
11415
11517
11519
11593
11777
11833
11968
12021
12026
12116
12127
12205
12430
12448
12533
12783
12804
12923
12925
12953
12970
12999
13076
13091
13114
13259
13266
13273
13373
13565
13606
13607
13617
13625
13660
13821
13828
13938
14116
14155
14240
14386
14556
14559
14576
14586
14594
14635
14683
14742
14831
14850
14877
14967
14978
14996
15050
15054
15073
15076
15157
15176
15226
15237
15367
15460
15491
15876
15922
16022
16152
16166
16221
16275
16368
16502
16610
16797
16895
16946
16966
16967
17009
17037
17075
17158
17204
17218
17250
17283
17296
17437
17468
17548
17675
17845
17879
17955
17955
17992
18074
18085
18216
18401
18443
18588
18594
18622
