12.534818941504177
4.099760847283909
9.97529925897777
12.793176972281449
1.9374068554396424
0
3.4432525493312145
9.20545798785663
0.228310502283105
0
15.518649605227335
0
13.28312937977199
0.23599748269351795
3.0067895247332688
0.09653441451877595
13.837965700768775
0.1665556295802798
11.86667442266302
11.651243170922065
4.541406945681211
9.265421039160481
0.06692096633875393
2.297225658243506
4.097714736012608
8.75889975925831
2.330614283336108
7.789678675754625
2.0077877829155515
2.3334406179594467
0
13.551020408163266
2.094606388549485
2.0073371634249324
1.3008734435978444
11.503067484662576
7.7250177179305455
4.412382686650791
3.3355233233941477
11.867002078092531
0
0
0.06702412868632708
2.929226117358027
0.5808164619980086
0.4019023377319311
0.31310337629807444
7.9976303317535535
0
2.5247355851245312
0.3722414251528849
1.0175158078348718
0.3523608174770966
8.389261744966444
11.933028919330289
0.2642356982428326
13.41594827586207
14.40672313746415
0
2.7136223843695353
1.4662015268719348
1.3395847287340923
6.929175827836631
10.848429024664824
0.08659508139937652
0.077035667514059
0.9105691056910569
5.103503641263834
5.063099826192095
4.174423196254301
0.10153830532568411
0.0720513005259745
0
0
0
14.688094003801625
0.11757098348127681
0
0.052430136842657155
0.8180628272251309
2.102838832423772
0.37458795325142347
0.29502006136417275
4.13594677216328
0.30703101013202333
0.06643635397289396
13.163716814159292
4.260675898131113
0
0
0
2.743382516497368
11.692429647245342
11.940749697702538
0.2954035212099728
11.685319289005925
0
10.012515644555695
11.180391313695978
1.3887754268442123
6.803406742932016
0
0.42469607686998995
1.0169672964727292
1.9785404459325773
13.319074470153607
11.518429487179487
0.2543396706301265
7.615593834995467
6.613319224918986
0
0
0
0.09525623928367309
11.108006147827302
3.8359716894483764
11.235955056179774
0.7641170627340108
0
0
0.13246787653993908
3.088382232718685
0.326335255085391
12.042288034726598
0.06651147322913203
5.216887257269828
9.365244536940686
13.06312667702302
0.3901068892876648
1.0532228619575903
4.400843495003209
9.101389478793763
0
0
0.09481369109699442
0.13245910325187096
0
0.14801657785671993
13.349581786960616
2.135523613963039
6.241395135383203
13.182132166705044
8.202985682987721
0
0
0
6.232114467408586
0.37512895057676077
0
4.907490974729242
0.24915908807773765
3.632353895050918
2.5510204081632653
14.901888189559422
10.371979364648384
6.5526850945243655
7.575757575757576
12.404046566010878
11.412417547900743
3.206008976825135
0.38102495713469237
1.028133470417796
12.235902112783098
0
0
0
1.6104140106018923
14.411027568922306
0.0898391878537418
0
0
0
12.374987372461865
4.547783756085063
10.322940643091302
0
0
9.847710272830007
0
6.164721354594772
9.226156152692884
13.177637158327354
0
0.09541074324968991
7.00339558573854
3.3936651583710407
0.4504842705908852
0
0.057283611158847454
1.1595163160510187
0
4.014791336502905
11.455331412103746
1.4093329157532102
1.21160719694675
0.28431302864453767
0.3811944091486658
14.898966384207096
8.681309141418525
0
5.26081802015412
0.9521995810321843
0.9803921568627451
0.06623832549513148
6.01425116035824
0
0.11882835244489334
14.152571625819814
0.7177462766911897
0.08547739123001966
0.4164435718960081
0.20792182139515542
1.3399542839126666
6.643537314534583
0
0
0
2.5020286718961318
0.23558513457800812
0.5107513151846366
0
0.154000154000154
4.824012864034304
0
0
0.053106744556558685
0
2.530459231490159
9.675583380762664
8.542104927647097
1.1065619121389842
0
7.090801654520385
6.813699121391429
12.59919823283973
6.070847415195894
0
0.18047283883775492
4.792332268370607
0
0.5246589716684156
0.39083873993590246
0.46508022633904345
0
3.8199749965272956
12.732665166700757
0.1567275291905023
0
13.624306727755004
1.161685500052804
0.2139495079161318
0
3.8906053324178966
12.06571505521142
0.067842605156038
14.853569066089362
0
0.2872187649593107
14.150041430301485
0.6566527127965197
0
0
0.5194805194805194
0
12.705834519211221
0
0.07918910357934748
1.4168765743073046
1.7544764951751897
0
6.607732833288686
0.23393636930754835
15.218202163371878
0.12370878950949467
4.0709982087607886
0
0.1500675303886749
0
0
0.5974905397331209
15.015783636208514
0.7898062342038754
0
12.148469809760133
0
2.5281357038003587
4.748831342286858
1.2481997119539128
0.3052037234854265
1.1872959335114277
7.368260582346664
11.620400258231117
15.470562956596476
1.5184836108493036
0
0.870105655686762
0
4.531970995385629
7.152770364043985
10.18808777429467
0.31562335612835346
0
0.051554364076919115
9.70416431128698
3.5535667280863383
11.470144851543555
0
0
8.799227384912545
0
1.6809749654799784
10.727969348659004
1.9055091632572998
1.8523092121511484
0.15172204521316945
11.072219444246018
11.219961483714311
6.56431400206152
0
7.56386470672185
0.09602458229306703
0
0.1862370798025887
9.703467462848613
0
0.07403568520026653
1.1064394777605664
0.059168096562333586
0
0.601413321305067
5.9464265866399915
13.789609951032812
6.808872812383638
14.149912587412588
5.857106791214339
10.251180764276514
0
0.0860141063134354
2.20545560069646
0
0
12.326754806156991
0
1.749310368027989
0.1921721862789059
0
5.898151561430302
0.18013149599207423
0
0.10666666666666666
1.84
0
0
0.47816385081287854
4.026926313258805
2.9031935128641506
5.058462559084502
13.91010693897242
0
13.580027278657417
0
0.35774975404704407
10.27947317699968
0.10237510237510238
11.22743134577454
0.9252833680314596
9.977911493640034
0.223463687150838
0
2.029510174976688
2.7042148452070123
11.566207595540453
5.138375552150004
11.13419194017449
0
12.283540056324526
0.05352459455119628
9.970720898947535
0
5.530451203884804
11.010617381046009
0
13.098161792066682
0
0
0.14829094683769556
7.872355380614324
0
12.730103489330526
11.720800046649952
0.20802995631370916
0
0.18105009052504525
0
0
2.244493162125483
0
0.5772243753607652
1.8609267415172757
0
2.2167097693566267
5.555555555555555
0.056827868386656814
0.6812703070956923
5.036091992613732
0.8807662666519872
0
0
0
6.094702297233943
0
3.1827909784338475
3.579223046704496
15.357484017929313
10.891693811074918
0
2.77437780497756
0
0.0644288383480446
12.957132477597481
2.391812214929358
4.67844424272048
0
0.5471789883268483
5.284306709968624
5.398539218799619
0.25179403248143023
0.19174229835101625
0
15.362649914334666
0.7947402644317607
1.1714174150722374
6.739978715856687
11.886174767061194
0.0864528399757932
0.4179903026249791
0
6.406391317455532
0.2699784017278618
0.08471704506946798
0
0
0.5002143775903959
0
0.07915149596327371
13.911666572414184
5.750100626760968
9.920267012794362
0.36976387935132854
3.0976350747602313
6.393781733843165
3.4537991790970066
0
9.761553713966139
12.691902676938426
13.327483134975045
1.5356265356265355
0
3.0328450667871203
14.093564117678582
0.16886187098953057
0
0.08355614973262032
0.3650777093981433
1.5533432182447222
8.186014107811548
7.557326983798333
0.9723146205414257
0
12.424445936870383
9.633667131448853
9.428830462375341
1.3616339607529035
0
0.0515357658214801
12.39943208707998
0.7047216349541932
10.390689941812138
0
0.479570305006714
0.056082104200549605
4.592525889239082
8.287292817679557
0
1.6772029415559284
6.287843502561714
6.500987491770902
0
10.603290676416819
8.353093339081699
5.515049541970462
0
0.31583601793948585
0
15.195195195195195
10.673717195456327
1.075268817204301
0
0
7.182545060306275
3.6612448232399015
3.155427335016228
8.840002699237466
13.82660687593423
0.25764342150463754
0
0.5739429883298259
0
0.09120758847136082
0
7.312754984219845
0
5.911871863614491
8.727710480776466
0
3.0338513945071326
1.227711195556855
0.9825112988799373
0
4.16887743500341
0
13.566033585099362
0
8.61216176898458
14.131141725300065
1.2261973456433928
0.2695962795713419
0
0.7105516926356393
0.7553583231045227
0
0
2.5841648122891394
0
0
11.751120771634287
13.701249044098903
0.10285949393128986
0
0.17769353787833916
4.427083333333333
14.122247972190035
1.2993762993762994
8.428767750801649
0.8809975603144484
0
0.06691201070592172
9.95747329115237
0.4668222740913638
3.2692065887086637
0
0.17213679137020887
0
0.0714694110920526
0
0.7081436519979767
7.288278520660161
0
12.303520313363128
2.0336476243298205
0
8.797093134442532
2.6286780293394387
5.3682141236957515
10.852713178294573
1.9906043474798951
2.3039508490485536
0.0944822373393802
0
1.6350002818966005
1.1695906432748537
0.20220402386007483
14.230583695127834
0.8313127814340145
12.110433604336043
0.4612971676353907
6.605963220853419
0.5918910920390649
0.13176966662274345
12.742188863676034
1.6693024073097873
15.357612988152699
4.848847650404071
0
0.9140767824497258
11.64048416173062
0.07708317274339012
9.877460081693279
12.130320433685792
0
4.755535740823302
0
6.569223189357858
0
14.105251232085198
1.6323075992987124
0
11.944260119442601
0
10.78014184397163
3.754446054538269
13.827433628318584
0
0
0.25547678354729514
0.1623640201331385
5.712774398307326
0
13.421733505821475
8.534136546184738
2.707581227436823
0.09167583425009168
0.4206629648325761
0.5695940347970173
5.482218855947486
1.2602076822260309
0.052896059243586355
13.050799887735053
13.52082206598161
0
0
9.200613374224949
6.68063182924758
2.1077988557663354
7.403551391057898
2.1632251720747293
12.579942371213718
3.541113367702963
0
0.6537015852263441
0.06205783790492739
0
0.05214851898206091
