18.0
17.0
6.0
6.0
12.0
4.0
7.0
15.0
14.0
30.0
29.0
35.0
25.0
58.0
55.0
42.0
48.0
49.0
58.0
51.0
58.0
56.0
71.0
62.0
69.0
71.0
95.0
95.0
83.0
80.0
88.0
93.0
88.0
92.0
90.0
101.0
115.0
113.0
113.0
134.0
139.0
123.0
126.0
123.0
120.0
121.0
136.0
136.0
155.0
152.0
156.0
143.0
156.0
157.0
144.0
140.0
150.0
167.0
163.0
171.0
164.0
178.0
160.0
165.0
170.0
162.0
188.0
198.0
192.0
188.0
199.0
198.0
190.0
194.0
195.0
211.0
218.0
201.0
210.0
231.0
222.0
226.0
227.0
242.0
256.0
244.0
243.0
252.0
243.0
253.0
247.0
253.0
278.0
274.0
266.0
262.0
278.0
275.0
261.0
263.0
264.0
296.0
298.0
288.0
290.0
297.0
288.0
283.0
293.0
287.0
309.0
308.0
315.0
314.0
308.0
318.0
302.0
301.0
303.0
329.0
326.0
328.0
323.0
335.0
326.0
334.0
334.0
321.0
347.0
351.0
342.0
341.0
347.0
355.0
342.0
348.0
350.0
363.0
364.0
379.0
365.0
389.0
399.0
390.0
381.0
418.0
410.0
412.0
413.0
408.0
418.0
410.0
404.0
413.0
429.0
435.0
422.0
438.0
446.0
455.0
448.0
452.0
477.0
467.0
475.0
471.0
464.0
462.0
471.0
466.0
470.0
489.0
489.0
485.0
488.0
481.0
480.0
484.0
492.0
487.0
518.0
515.0
513.0
504.0
502.0
518.0
518.0
515.0
515.0
529.0
522.0
546.0
544.0
540.0
551.0
575.0
569.0
578.0
565.0
568.0
576.0
566.0
575.0
578.0
596.0
598.0
594.0
582.0
590.0
581.0
591.0
585.0
593.0
614.0
611.0
607.0
602.0
617.0
613.0
604.0
613.0
603.0
630.0
627.0
635.0
626.0
650.0
641.0
655.0
643.0
658.0
652.0
645.0
657.0
645.0
678.0
675.0
679.0
678.0
681.0
698.0
688.0
699.0
688.0
683.0
680.0
682.0
691.0
707.0
705.0
702.0
707.0
738.0
721.0
737.0
730.0
736.0
732.0
722.0
736.0
726.0
740.0
751.0
759.0
747.0
740.0
757.0
747.0
756.0
758.0
770.0
772.0
763.0
778.0
766.0
762.0
771.0
765.0
764.0
784.0
787.0
783.0
799.0
780.0
782.0
788.0
781.0
785.0
810.0
803.0
816.0
803.0
817.0
812.0
812.0
810.0
819.0
808.0
811.0
817.0
805.0
814.0
811.0
810.0
804.0
809.0
810.0
839.0
824.0
833.0
836.0
829.0
820.0
834.0
835.0
832.0
859.0
840.0
850.0
840.0
844.0
842.0
856.0
844.0
859.0
862.0
878.0
878.0
868.0
860.0
874.0
874.0
878.0
864.0
869.0
869.0
877.0
860.0
864.0
860.0
877.0
866.0
873.0
860.0
869.0
874.0
875.0
877.0
867.0
873.0
879.0
879.0
878.0
870.0
865.0
879.0
860.0
867.0
876.0
875.0
867.0
861.0
864.0
867.0
898.0
894.0
893.0
889.0
898.0
889.0
893.0
894.0
889.0
891.0
885.0
896.0
891.0
886.0
885.0
885.0
892.0
885.0
884.0
887.0
890.0
890.0
886.0
898.0
892.0
882.0
883.0
897.0
888.0
900.0
913.0
905.0
918.0
915.0
909.0
901.0
915.0
914.0
916.0
903.0
903.0
916.0
913.0
909.0
906.0
909.0
902.0
909.0
929.0
930.0
920.0
934.0
941.0
954.0
946.0
958.0
946.0
947.0
952.0
958.0
954.0
950.0
958.0
944.0
945.0
944.0
955.0
942.0
941.0
944.0
958.0
973.0
972.0
973.0
973.0
961.0
976.0
974.0
960.0
960.0
966.0
964.0
961.0
969.0
961.0
979.0
978.0
978.0
979.0
966.0
963.0
974.0
962.0
978.0
960.0
969.0
968.0
965.0
979.0
963.0
992.0
994.0
999.0
989.0
995.0
991.0
987.0
998.0
983.0
994.0
988.0
991.0
985.0
999.0
993.0
994.0
993.0
982.0
981.0
1017.0
1017.0
1003.0
1003.0
1014.0
1016.0
1012.0
1018.0
1015.0
1011.0
1000.0
1007.0
1017.0
1010.0
1007.0
1002.0
1010.0
1013.0
1001.0
1020.0
1033.0
1034.0
1033.0
1027.0
1030.0
1024.0
1024.0
1035.0
1024.0
1025.0
1033.0
1029.0
1022.0
1034.0
1022.0
1037.0
1034.0
1028.0
1024.0
1024.0
1020.0
1036.0
1030.0
1021.0
1038.0
1023.0
1039.0
1034.0
1025.0
1022.0
1038.0
1029.0
1029.0
1022.0
1032.0
1038.0
1033.0
1033.0
1041.0
1042.0
1059.0
1049.0
1050.0
1059.0
1050.0
1046.0
1047.0
1066.0
1064.0
1067.0
1075.0
1078.0
1071.0
1063.0
1074.0
1070.0
1073.0
1061.0
1062.0
1064.0
1067.0
1078.0
1069.0
1066.0
1073.0
1062.0
1067.0
1075.0
1078.0
1064.0
1079.0
1078.0
1069.0
1065.0
1070.0
1077.0
1074.0
1063.0
1079.0
1074.0
1061.0
1062.0
1063.0
1069.0
1063.0
1065.0
1096.0
1082.0
1086.0
1099.0
1089.0
1093.0
1082.0
1088.0
1086.0
1080.0
1080.0
1086.0
1099.0
1092.0
1099.0
1099.0
1091.0
1082.0
1090.0
1081.0
1084.0
1087.0
1088.0
1086.0
1086.0
1083.0
1080.0
1081.0
1093.0
1098.0
1099.0
1090.0
1080.0
1099.0
1085.0
1099.0
1091.0
1095.0
1094.0
1097.0
1082.0
1083.0
1084.0
1082.0
1087.0
1097.0
1097.0
1092.0
1097.0
1098.0
1083.0
1096.0
1086.0
1081.0
1092.0
1090.0
1086.0
1097.0
1087.0
1115.0
1105.0
1113.0
1119.0
1106.0
1102.0
1119.0
1114.0
1100.0
1109.0
1104.0
1118.0
1117.0
1116.0
1103.0
1107.0
1108.0
1107.0
1119.0
1105.0
1105.0
1109.0
1119.0
1112.0
1116.0
1106.0
1101.0
1112.0
1107.0
1112.0
1111.0
1117.0
1109.0
1118.0
1109.0
1105.0
1116.0
1103.0
1113.0
1115.0
1110.0
1119.0
1111.0
1112.0
1113.0
1118.0
1105.0
1106.0
1101.0
1138.0
1139.0
1129.0
1128.0
1132.0
1132.0
1126.0
1129.0
1139.0
1130.0
1138.0
1139.0
1125.0
1120.0
1121.0
1122.0
1133.0
1133.0
1124.0
1125.0
1134.0
1121.0
1132.0
1139.0
1127.0
1124.0
1131.0
1125.0
1131.0
1157.0
1149.0
1153.0
1143.0
1159.0
1156.0
1148.0
1143.0
1142.0
1151.0
1147.0
1142.0
1156.0
1147.0
1158.0
1141.0
1156.0
1140.0
1149.0
1150.0
1145.0
1143.0
1141.0
1142.0
1154.0
1144.0
1148.0
1153.0
1153.0
1169.0
1178.0
1162.0
1162.0
1167.0
1160.0
1174.0
1175.0
1176.0
1169.0
1175.0
1165.0
1170.0
1178.0
1175.0
1160.0
1179.0
1162.0
1176.0
1167.0
1177.0
1178.0
1172.0
1168.0
1164.0
1170.0
1167.0
1162.0
1173.0
1181.0
1193.0
1185.0
1192.0
1181.0
1184.0
1192.0
1195.0
1190.0
1181.0
1198.0
1197.0
1191.0
1192.0
1197.0
1182.0
1191.0
1187.0
1198.0
1202.0
1211.0
1212.0
1211.0
1232.0
1230.0
1225.0
1224.0
1222.0
1227.0
1223.0
1237.0
1225.0
1259.0
1245.0
1258.0
1254.0
1242.0
1243.0
1252.0
1249.0
1251.0
1250.0
1240.0
1251.0
1258.0
1254.0
1242.0
1248.0
1248.0
1248.0
1255.0
1275.0
1261.0
1261.0
1275.0
1269.0
1269.0
1263.0
1264.0
1262.0
1287.0
1280.0
1296.0
1296.0
1290.0
1290.0
1296.0
1291.0
1290.0
1281.0
1294.0
1299.0
1284.0
1299.0
1283.0
1287.0
1281.0
1291.0
1299.0
1307.0
1311.0
1306.0
1310.0
1304.0
1307.0
1313.0
1303.0
1304.0
1332.0
1326.0
1329.0
1332.0
1339.0
1327.0
1323.0
1334.0
1321.0
1348.0
1356.0
1351.0
1346.0
1340.0
1352.0
1340.0
1351.0
1357.0
1372.0
1372.0
1367.0
1376.0
1363.0
1374.0
1369.0
1379.0
1367.0
1398.0
1381.0
1385.0
1395.0
1409.0
1410.0
1408.0
1403.0
1410.0
1403.0
1414.0
1419.0
1406.0
1410.0
1416.0
1401.0
1418.0
1413.0
1403.0
1416.0
1408.0
1406.0
1403.0
1425.0
1435.0
1422.0
1425.0
1430.0
1429.0
1422.0
1427.0
1435.0
1432.0
1437.0
1431.0
1439.0
1432.0
1421.0
1431.0
1434.0
1433.0
1427.0
1447.0
1440.0
1468.0
1478.0
1460.0
1475.0
1480.0
1506.0
1507.0
1514.0
1519.0
1504.0
1513.0
1504.0
1518.0
1513.0
1521.0
1535.0
1527.0
1522.0
1556.0
1562.0
1561.0
1567.0
1574.0
1578.0
1572.0
1577.0
1571.0
1578.0
1580.0
1587.0
1581.0
1590.0
1599.0
1594.0
1598.0
1588.0
1596.0
1602.0
1604.0
1616.0
1612.0
1617.0
1605.0
1614.0
1603.0
1611.0
1627.0
1621.0
1638.0
1634.0
1630.0
1623.0
1635.0
1629.0
1629.0
1643.0
1649.0
1650.0
1659.0
1667.0
1675.0
1676.0
1664.0
1680.0
1682.0
1683.0
1692.0
1701.0
1702.0
1706.0
1711.0
1718.0
1718.0
1716.0
1709.0
1708.0
1723.0
1738.0
1722.0
1733.0
1752.0
1758.0
1741.0
1740.0
1755.0
1756.0
1748.0
1744.0
1759.0
1749.0
1753.0
1744.0
1750.0
1751.0
1748.0
1758.0
1744.0
1742.0
1746.0
1741.0
1742.0
1743.0
1743.0
1745.0
1748.0
1756.0
1746.0
1742.0
1757.0
1779.0
1775.0
1761.0
1768.0
1762.0
1760.0
1767.0
1770.0
1779.0
1792.0
1786.0
1785.0
1787.0
1783.0
1795.0
1798.0
1783.0
1790.0
1802.0
1810.0
1824.0
1826.0
1837.0
1838.0
1834.0
1820.0
1820.0
1826.0
1838.0
1842.0
1849.0
1851.0
1848.0
1856.0
1851.0
1841.0
1841.0
1851.0
1878.0
1876.0
1879.0
1873.0
1894.0
1894.0
1891.0
1891.0
1889.0
1894.0
1897.0
1898.0
1883.0
1902.0
1914.0
1915.0
1903.0
1915.0
1901.0
1914.0
1915.0
1902.0
1922.0
1936.0
1922.0
1920.0
1921.0
1934.0
1933.0
1924.0
1932.0
1944.0
1954.0
1962.0
1974.0
1975.0
1975.0
1975.0
1963.0
1960.0
1968.0
1971.0
1962.0
1977.0
1977.0
1968.0
1966.0
1977.0
1962.0
1969.0
1971.0
1961.0
1998.0
1998.0
1989.0
1987.0
1985.0
1983.0
1987.0
1986.0
1983.0
