0.07692307692307693
0.0625
1.1428571428571428
3.5454545454545454
0.3333333333333333
0.7777777777777778
0.058823529411764705
0.2
0.38461538461538464
0.5833333333333334
4.5
0.2
0.2222222222222222
2.642857142857143
5.222222222222222
0.2
0.35714285714285715
1.2857142857142858
0.42857142857142855
0.25
2.0
1.5
0.9090909090909091
1.4
0.041666666666666664
0.09090909090909091
0.05263157894736842
0.14285714285714285
2.3333333333333335
0.1111111111111111
0.06666666666666667
0.14285714285714285
0.0625
0.2
0.125
0.14285714285714285
5.0
4.846153846153846
3.1818181818181817
0.09090909090909091
5.25
2.4285714285714284
0.125
2.111111111111111
1.0769230769230769
0.14285714285714285
0.125
0.2
3.5833333333333335
3.0
1.75
0.25
2.1875
1.4444444444444444
0.14285714285714285
0.06666666666666667
2.5555555555555554
1.1538461538461537
1.9285714285714286
6.222222222222222
2.6923076923076925
0.09090909090909091
0.16666666666666666
0.2222222222222222
0.08333333333333333
0.07692307692307693
1.2857142857142858
0.5454545454545454
0.09090909090909091
0.1111111111111111
0.14285714285714285
0.09090909090909091
0.125
0.125
0.09090909090909091
0.08333333333333333
1.1428571428571428
0.3333333333333333
0.07692307692307693
0.125
1.8888888888888888
2.5
0.08333333333333333
3.3636363636363638
0.09090909090909091
0.8333333333333334
1.1176470588235294
0.4117647058823529
0.06666666666666667
0.09090909090909091
0.2857142857142857
0.14285714285714285
0.07142857142857142
0.1
0.09090909090909091
0.08333333333333333
0.14285714285714285
0.07142857142857142
3.1666666666666665
2.9166666666666665
0.8333333333333334
2.111111111111111
0.3333333333333333
0.2222222222222222
0.2
0.14285714285714285
0.18181818181818182
0.1
0.14285714285714285
0.07142857142857142
0.07142857142857142
0.1111111111111111
0.07142857142857142
0.09090909090909091
0.2
0.09090909090909091
0.09090909090909091
5.4
3.6153846153846154
3.8
0.06666666666666667
0.8181818181818182
6.0
0.08333333333333333
0.125
0.08333333333333333
1.75
0.8333333333333334
0.14285714285714285
0.25
3.25
0.75
0.6363636363636364
0.1111111111111111
0.07692307692307693
0.09090909090909091
1.0909090909090908
3.5
0.07692307692307693
0.07692307692307693
0.07692307692307693
0.07692307692307693
0.16666666666666666
0.058823529411764705
0.08333333333333333
0.07692307692307693
0.25
0.06666666666666667
0.09090909090909091
0.1111111111111111
0.06666666666666667
3.1666666666666665
0.9
0.09090909090909091
0.1111111111111111
0.125
0.1
0.23076923076923078
0.07142857142857142
0.1
3.3333333333333335
2.3333333333333335
1.1538461538461537
2.75
0.07692307692307693
0.06666666666666667
0.09090909090909091
0.125
0.10526315789473684
0.14285714285714285
0.14285714285714285
0.6428571428571429
0.3076923076923077
0.06666666666666667
0.1111111111111111
0.375
2.8181818181818183
0.5
0.1
0.09090909090909091
0.07692307692307693
0.08333333333333333
0.09090909090909091
2.25
2.125
0.1111111111111111
0.07142857142857142
0.3333333333333333
3.2
0.46153846153846156
0.1
0.0625
0.1
0.1
2.210526315789474
1.1875
2.1818181818181817
0.2
4.666666666666667
2.7777777777777777
0.1
5.0
1.1666666666666667
2.0
0.1
0.6428571428571429
0.4666666666666667
5.2727272727272725
0.25
0.9166666666666666
0.1111111111111111
0.07692307692307693
0.5
1.0769230769230769
0.14285714285714285
0.1
3.3333333333333335
0.125
0.06666666666666667
0.09090909090909091
0.1111111111111111
0.14285714285714285
0.15384615384615385
0.2
0.07142857142857142
1.2222222222222223
0.14285714285714285
0.1111111111111111
0.07692307692307693
0.07692307692307693
0.045454545454545456
0.14285714285714285
0.08333333333333333
2.1538461538461537
4.375
0.07692307692307693
0.09090909090909091
0.08333333333333333
0.07142857142857142
0.125
0.2222222222222222
2.25
0.14285714285714285
3.2
2.3
0.125
0.3
1.8181818181818181
0.25
0.06666666666666667
0.125
0.2
4.571428571428571
1.0
2.0
0.16666666666666666
1.8888888888888888
3.0833333333333335
1.3333333333333333
3.2142857142857144
0.26666666666666666
0.4
0.5
0.09090909090909091
0.14285714285714285
0.25
0.3076923076923077
0.15384615384615385
3.090909090909091
0.2727272727272727
0.23076923076923078
0.2857142857142857
0.058823529411764705
0.07142857142857142
1.6153846153846154
6.444444444444445
1.8461538461538463
0.8571428571428571
1.6153846153846154
0.3076923076923077
0.8
0.2
0.1111111111111111
4.5
0.2
0.038461538461538464
5.166666666666667
0.1
0.07692307692307693
0.07142857142857142
0.1
0.07692307692307693
0.1
2.2142857142857144
1.0
1.4166666666666667
0.125
0.5384615384615384
0.75
2.3846153846153846
1.5384615384615385
0.18181818181818182
0.09090909090909091
0.16666666666666666
0.21428571428571427
0.6666666666666666
0.07142857142857142
0.08333333333333333
0.06666666666666667
0.1111111111111111
0.07692307692307693
0.1
0.07692307692307693
0.1111111111111111
0.05555555555555555
0.125
0.5833333333333334
1.0
4.0
1.625
0.46153846153846156
0.07692307692307693
5.083333333333333
1.8333333333333333
0.1
0.15384615384615385
0.08333333333333333
0.08333333333333333
0.25
3.2777777777777777
0.7272727272727273
1.0769230769230769
6.9
1.4166666666666667
0.1
0.07692307692307693
0.14285714285714285
3.4444444444444446
3.3076923076923075
0.125
1.1666666666666667
0.16666666666666666
0.09090909090909091
0.09090909090909091
0.09090909090909091
0.08333333333333333
0.125
0.1
1.6428571428571428
1.2727272727272727
0.1
0.08333333333333333
0.42857142857142855
4.818181818181818
3.3636363636363638
2.3333333333333335
0.1
7.142857142857143
1.0
0.07692307692307693
5.555555555555555
1.4375
0.09090909090909091
0.1
0.14285714285714285
0.125
3.888888888888889
2.1875
5.5
0.07692307692307693
0.08333333333333333
0.08333333333333333
1.0
2.4285714285714284
0.09090909090909091
0.125
0.09090909090909091
1.0
1.9333333333333333
1.2307692307692308
0.16666666666666666
0.2
0.1111111111111111
1.4285714285714286
1.7142857142857142
0.2857142857142857
0.08333333333333333
0.16666666666666666
0.125
0.16666666666666666
0.1
2.5
4.375
0.5
0.25
1.5
0.55
0.1111111111111111
0.18181818181818182
0.06666666666666667
0.1111111111111111
0.6
1.25
0.16666666666666666
0.45454545454545453
1.1875
1.9444444444444444
0.16666666666666666
0.06666666666666667
0.3
0.1
0.09090909090909091
0.1
2.0714285714285716
5.090909090909091
0.6666666666666666
0.058823529411764705
0.09090909090909091
0.5
0.09090909090909091
0.07692307692307693
1.1666666666666667
0.45454545454545453
0.1111111111111111
0.08333333333333333
0.07692307692307693
2.4285714285714284
1.0
0.5
0.08333333333333333
0.08333333333333333
0.07142857142857142
0.09090909090909091
0.7272727272727273
0.6
0.5555555555555556
0.1
0.14285714285714285
0.0625
0.6666666666666666
1.875
0.08333333333333333
0.0625
0.125
0.2727272727272727
2.7142857142857144
6.222222222222222
1.6666666666666667
0.07142857142857142
1.2307692307692308
0.1
1.7647058823529411
0.8571428571428571
0.07142857142857142
0.1111111111111111
0.14285714285714285
0.06666666666666667
0.07692307692307693
0.08333333333333333
0.36363636363636365
0.1
0.1111111111111111
0.16666666666666666
6.0
0.05555555555555555
0.14285714285714285
3.375
1.3
3.4444444444444446
3.4545454545454546
3.272727272727273
5.222222222222222
3.857142857142857
0.07142857142857142
0.0625
0.6875
4.461538461538462
1.1428571428571428
0.16666666666666666
3.5833333333333335
4.125
0.14285714285714285
1.1818181818181819
0.125
0.09090909090909091
0.08333333333333333
5.5
11.285714285714286
1.2
0.0625
0.1111111111111111
0.2857142857142857
0.7777777777777778
0.07142857142857142
0.09090909090909091
0.7777777777777778
4.111111111111111
1.4285714285714286
0.1111111111111111
0.13333333333333333
1.0
0.5555555555555556
0.07142857142857142
3.6875
1.75
0.2
3.923076923076923
1.0909090909090908
0.08333333333333333
0.07142857142857142
1.5384615384615385
0.8
1.7333333333333334
5.5
10.142857142857142
0.8
0.2
0.14285714285714285
0.1
0.1111111111111111
0.14285714285714285
0.08333333333333333
0.08333333333333333
0.0625
0.06666666666666667
1.3
0.5833333333333334
0.16666666666666666
2.8333333333333335
0.14285714285714285
5.333333333333333
0.2
7.833333333333333
1.1818181818181819
0.4
1.7
6.142857142857143
2.0
4.666666666666667
8.11111111111111
4.0
0.06666666666666667
4.416666666666667
1.6666666666666667
2.2222222222222223
4.153846153846154
0.8823529411764706
2.1538461538461537
0.7142857142857143
18.0
0.09090909090909091
0.07692307692307693
0.875
0.125
1.375
0.5714285714285714
3.6363636363636362
4.0
5.0
0.9230769230769231
0.09090909090909091
0.14285714285714285
1.5
0.9
20.0
0.17647058823529413
0.1111111111111111
2.727272727272727
3.909090909090909
4.3076923076923075
0.14285714285714285
0.125
0.09090909090909091
0.07142857142857142
0.15384615384615385
3.1666666666666665
2.1904761904761907
0.06666666666666667
0.14285714285714285
3.5833333333333335
1.6666666666666667
0.1
0.09090909090909091
0.4166666666666667
1.25
2.0
6.363636363636363
0.4444444444444444
2.0833333333333335
0.3333333333333333
4.7
0.3333333333333333
0.125
3.111111111111111
6.090909090909091
4.4
2.0
2.142857142857143
0.36363636363636365
6.333333333333333
5.166666666666667
1.5
1.1818181818181819
0.09090909090909091
0.07142857142857142
0.2
0.25
2.0
1.0
0.38461538461538464
1.4285714285714286
2.8
3.4444444444444446
4.888888888888889
0.058823529411764705
0.16666666666666666
0.08333333333333333
0.09090909090909091
0.09090909090909091
0.07692307692307693
0.9285714285714286
0.7692307692307693
0.14285714285714285
0.125
0.08333333333333333
0.14285714285714285
0.1
0.06666666666666667
0.1111111111111111
0.17647058823529413
0.9
0.1111111111111111
2.3333333333333335
5.3
0.16666666666666666
0.125
0.06666666666666667
0.1111111111111111
3.1666666666666665
1.7857142857142858
0.09090909090909091
0.14285714285714285
0.5
0.2727272727272727
0.08333333333333333
0.6666666666666666
0.2857142857142857
3.090909090909091
4.285714285714286
0.2777777777777778
0.2222222222222222
3.8461538461538463
0.1
1.5333333333333334
2.3
0.5
0.07692307692307693
0.2727272727272727
0.125
0.06666666666666667
0.1111111111111111
1.1428571428571428
3.5384615384615383
0.07692307692307693
0.25
0.5
0.2
0.125
0.07142857142857142
0.25
0.1111111111111111
0.07692307692307693
0.08333333333333333
0.1
0.08333333333333333
0.1
0.1111111111111111
0.1111111111111111
0.9333333333333333
0.5454545454545454
0.3333333333333333
0.125
0.1111111111111111
0.6
0.375
0.0625
0.1111111111111111
0.6
0.5454545454545454
0.09090909090909091
7.444444444444445
0.09090909090909091
0.125
6.875
2.0
0.06666666666666667
0.1
0.07142857142857142
1.7
3.1818181818181817
0.07142857142857142
0.1
0.07692307692307693
0.05555555555555555
0.2857142857142857
0.06666666666666667
1.125
3.4
1.0
3.6153846153846154
0.4444444444444444
0.14285714285714285
0.0625
0.16666666666666666
0.5
0.3333333333333333
0.15384615384615385
0.05555555555555555
0.13333333333333333
4.6
0.3076923076923077
0.16666666666666666
0.16666666666666666
0.3333333333333333
0.08333333333333333
2.769230769230769
2.8333333333333335
0.16666666666666666
0.07142857142857142
0.09090909090909091
0.125
0.25
0.09090909090909091
0.1
0.1111111111111111
3.357142857142857
4.5
0.05555555555555555
0.07142857142857142
0.07142857142857142
0.125
0.09090909090909091
2.466666666666667
4.75
3.5
0.125
0.14285714285714285
0.14285714285714285
0.08333333333333333
5.8
1.0
3.727272727272727
0.7777777777777778
3.625
0.5
2.1818181818181817
0.5833333333333334
1.3571428571428572
3.111111111111111
1.0
0.5
0.125
0.1111111111111111
0.07692307692307693
0.09090909090909091
0.125
0.5
0.047619047619047616
0.0625
0.1111111111111111
0.5
3.888888888888889
1.2222222222222223
0.16666666666666666
0.09090909090909091
1.0
0.2
4.125
1.4545454545454546
0.1111111111111111
0.06666666666666667
2.9285714285714284
2.4545454545454546
0.25
1.2857142857142858
2.3846153846153846
0.08333333333333333
1.9166666666666667
0.5833333333333334
0.9230769230769231
1.0
0.1
0.08333333333333333
0.16666666666666666
0.2857142857142857
1.95
0.1
2.8
3.5714285714285716
0.21428571428571427
0.14285714285714285
0.1111111111111111
0.07142857142857142
0.09090909090909091
0.9411764705882353
0.4166666666666667
0.07142857142857142
0.09090909090909091
0.06666666666666667
0.125
0.07142857142857142
0.1
0.09090909090909091
0.07692307692307693
0.07142857142857142
0.08333333333333333
0.16666666666666666
0.058823529411764705
0.125
0.08333333333333333
0.16666666666666666
0.09090909090909091
4.1
4.0
0.3333333333333333
0.42105263157894735
0.0625
0.09090909090909091
0.07692307692307693
0.1111111111111111
0.06666666666666667
3.625
2.875
1.5833333333333333
0.07142857142857142
0.5
0.07142857142857142
0.14285714285714285
0.07142857142857142
0.2
0.125
0.07692307692307693
0.08333333333333333
0.06666666666666667
0.09090909090909091
2.0
2.7777777777777777
0.07142857142857142
0.1111111111111111
0.5625
2.857142857142857
0.5714285714285714
0.9166666666666666
0.08333333333333333
0.1
1.5
3.75
5.555555555555555
4.166666666666667
0.3333333333333333
0.0625
0.16666666666666666
0.07692307692307693
0.4166666666666667
0.16666666666666666
0.09090909090909091
0.2
0.09090909090909091
0.09090909090909091
0.14285714285714285
0.08333333333333333
0.75
0.07692307692307693
0.4
0.09090909090909091
5.375
0.36363636363636365
0.08333333333333333
0.125
0.42857142857142855
0.16666666666666666
0.1111111111111111
0.1111111111111111
0.125
0.08333333333333333
0.09090909090909091
0.2222222222222222
0.9090909090909091
1.0769230769230769
6.777777777777778
0.125
0.125
0.3
0.2727272727272727
0.09090909090909091
0.7692307692307693
0.25
0.05555555555555555
0.06666666666666667
0.1111111111111111
0.1
0.2
0.08333333333333333
0.125
0.75
1.1538461538461537
0.2
0.75
0.07692307692307693
0.14285714285714285
3.0
1.2307692307692308
0.16666666666666666
6.333333333333333
0.07142857142857142
2.0833333333333335
0.7
1.75
0.25
2.125
0.1111111111111111
1.5
1.125
0.17647058823529413
0.1
0.14285714285714285
0.09090909090909091
1.6153846153846154
1.5384615384615385
3.142857142857143
0.6470588235294118
5.8
0.08333333333333333
0.1
0.125
0.5
0.23076923076923078
0.1
0.1
0.058823529411764705
0.5
1.4545454545454546
0.125
0.1111111111111111
0.11764705882352941
0.07142857142857142
0.05555555555555555
0.1
0.058823529411764705
5.0
2.75
1.125
0.08333333333333333
0.09090909090909091
0.1111111111111111
0.08333333333333333
1.1
0.16666666666666666
0.36363636363636365
0.058823529411764705
5.0
0.15384615384615385
0.25
0.2
0.5384615384615384
1.5714285714285714
0.6666666666666666
1.0666666666666667
0.9166666666666666
2.076923076923077
2.2
0.5454545454545454
0.1111111111111111
0.08333333333333333
0.14285714285714285
0.07692307692307693
0.08333333333333333
0.2222222222222222
6.0
6.142857142857143
0.07142857142857142
0.14285714285714285
0.06666666666666667
1.1818181818181819
4.363636363636363
0.16666666666666666
2.3636363636363638
2.888888888888889
0.1111111111111111
2.9
2.8181818181818183
0.07692307692307693
0.25
1.5714285714285714
0.1
4.4
2.4285714285714284
3.0555555555555554
1.3333333333333333
0.1
