835
1021
4121
7615
7701
8471
8685
14314
15679
20721
24377
26487
28022
28786
29304
34191
34431
36388
38813
39663
42038
43335
43343
43884
43906
43931
44202
45425
45714
46880
51038
51582
53740
57089
57386
57757
58018
58301
58543
60441
61081
61386
61722
62723
63694
66384
68175
69328
71720
72207
77390
77941
81677
83989
85443
85975
88602
93084
94173
96130
96390
98139
98389
102750
103675
105268
106508
109867
111570
111657
113723
117632
117918
123106
124780
125740
126175
126873
129981
131853
133071
133468
133531
133698
133992
138732
139144
139666
140037
140999
142898
143960
144869
145875
150247
151431
151603
155244
158956
160752
160878
163408
164244
166543
166704
167622
167809
171272
176454
177549
178377
179519
180731
183658
185065
186335
188002
189264
190351
191073
193668
197504
197844
198820
201022
202222
202718
202798
203563
205593
205925
207776
207783
208694
209526
217841
217945
218702
219170
220165
221496
223560
223767
229465
233096
237295
237593
239554
240793
244710
248476
251080
251770
254791
255092
256121
257490
258729
260290
261702
268933
270311
271537
275599
278201
279587
281178
281288
283334
284959
285036
285669
287037
287922
289997
290800
290851
296928
299361
300097
302682
304158
304543
306102
306755
307573
313430
315048
316027
321086
321697
322920
323026
327344
328167
328330
331781
332327
332338
333844
334456
337117
337888
338951
342972
346719
347470
348287
355350
356803
357343
357863
358203
358335
365632
366496
369781
372727
373174
374317
374455
375256
375435
378326
382776
385316
387540
392617
396518
397208
398638
399014
399694
400978
404055
404265
410484
413273
415136
415206
418767
420276
425991
426144
429623
430700
431851
432220
432953
433655
436970
442961
445727
447509
449376
451794
453832
454244
454396
454900
455124
456840
457004
467072
473384
475800
476038
476175
477523
479983
481749
482855
483186
484802
486282
492086
493621
493928
499232
503301
504168
508958
510563
510951
512591
517351
519011
523557
524046
525885
526119
527728
527751
528237
529986
532863
535626
535804
536965
537863
538025
540029
544216
546957
548176
548937
550351
554144
556595
556699
559582
560545
560761
564295
564327
565060
566175
572011
574101
577221
577678
579194
579402
582531
584301
588087
589485
592295
594533
595656
596240
596461
599152
601787
602074
604492
605006
608409
614855
617419
620213
623586
623995
624651
627267
628171
635029
635873
635878
637754
639456
639888
645009
647398
649514
649637
650062
650239
650427
651083
651965
660642
660733
663381
664848
666917
667531
668950
671827
674124
676541
680442
687523
687917
695677
696434
698133
699023
699705
699840
700575
701302
701407
705345
706716
706998
707295
715644
717426
718449
721145
722641
722992
724548
725846
726192
726327
728370
731912
735078
735826
736231
736365
737189
738716
739568
739935
740007
740428
742819
744675
745526
747700
751846
752380
752625
752647
754092
756093
757588
762745
767517
769610
773524
775422
778042
778217
785444
786140
786876
787022
787497
789459
790143
792750
794629
801255
813912
813917
814535
815642
819485
822881
823704
829834
831956
832150
832916
833708
835982
837280
840149
843292
843544
844029
844926
845495
846858
849543
851213
852087
852348
852421
856085
856096
857532
858292
858617
862465
863952
866532
867151
871493
877611
878063
881739
883421
884169
884775
887532
889706
890617
892766
896670
897802
898936
899866
910839
917061
917084
918988
919140
919181
919616
920117
920866
921119
921836
921882
925588
926159
932041
933570
935063
940222
941124
944860
945592
945643
945726
945957
946482
947014
948168
949990
952814
952986
954052
954729
955614
961086
966628
967271
970102
970527
971125
971386
972657
972758
974122
974450
977148
978987
979196
982643
983611
985632
986210
987356
987999
989644
989839
991238
995132
997669
998124
1000027
1000898
1002149
1002429
1002648
1004277
1004997
1008374
1011473
1017761
1017969
1018841
1019784
1019997
1021731
1023219
1029242
1029841
1029901
1031163
1033318
1034370
1036070
1038491
1040072
1041641
1042720
1043501
1043643
1043667
1044225
1048124
1049607
1055612
1056210
1056439
1057697
1058125
1059563
1062312
1065095
1065453
1067015
1067816
1068064
1068558
1071339
1072436
1081129
1081819
1082031
1089509
1090487
1091275
1092475
1099667
1101061
1106026
1106227
1108801
1112049
1114030
1115058
1118913
1123819
1125843
1126408
1126921
1127648
1127776
1131589
1132558
1133881
1135716
1137115
1138118
1140651
1141685
1142724
1144406
1144782
1145532
1146320
1149959
1150500
1150504
1152371
1154446
1155491
1155568
1156743
1157479
1158581
1159248
1165353
1166258
1169041
1171065
1173165
1174831
1175563
1175720
1176590
1177933
1178474
1180315
1181237
1183491
1183495
1184056
1184057
1184200
1189819
1191083
1191203
1194869
1200270
1202497
1205417
1206138
1206612
1208272
1209684
1210626
1212931
1214304
1214887
1215391
1215952
1217289
1218059
1218322
1219734
1220332
1221425
1221634
1228094
1230629
1231286
1238504
1239069
1239897
1240989
1243375
1243834
1245687
1245861
1248332
1251822
1255671
1256681
1257620
1261088
1261147
1263032
1263135
1263708
1264698
1266088
1266153
1269655
1272146
1273328
1276366
1277634
1280237
1280456
1280770
1283171
1284969
1290850
1290918
1292384
1296608
1302727
1304914
1305833
1309626
1310732
1314169
1314479
1316091
1316418
1318891
1320159
1322652
1323465
1325634
1326116
1329506
1330015
1333451
1333926
1335043
1336053
1336475
1338300
1340879
1345747
1347505
1348035
1351989
1352483
1353171
1353566
1355395
1356568
1358716
1360997
1361498
1362901
1364383
1366024
1366390
1367938
1372805
1372847
1378100
1378973
1379033
1379968
1382728
1385856
1388622
1389525
1390801
1391117
1394015
1401190
1402713
1406765
1407517
1407537
1410232
1412518
1415018
1416076
1421530
1421614
1422669
1424773
1425377
1425565
1426120
1426722
1429753
1430587
1430872
1435107
1435787
1437009
1437261
1440634
1442732
1445559
1447617
1448854
1451677
1451984
1452136
1453353
1456015
1458055
1459164
1460615
1462191
1468925
1470020
1473383
1473416
1474064
1475009
1475431
1475842
1479180
1482552
1485838
1489339
1489802
1491485
1491583
1496898
1500464
1500573
1501093
1502811
1504728
1506192
1507386
1511220
1511821
1511863
1513464
1513847
1514696
1517059
1517130
1517453
1522008
1523731
1527985
1529679
1530833
1530908
1531187
1531396
1531801
1531934
1534458
1535370
1537409
1538791
1539105
1539432
1541964
1544322
1546179
1546315
1548179
1549250
1549673
1555854
1556203
1556282
1559093
1563551
1564592
1565267
1566331
1566694
1568987
1571060
1574134
1575329
1575617
1579778
1580136
1581244
1581338
1583014
1583661
1588301
1588309
1589555
1590631
1594502
1594956
1595346
1596355
1598122
1602706
1603383
1603588
1603943
1604395
1607952
1611932
1616380
1616811
1618959
1620696
1621854
1627392
1627398
1627618
1628237
1629000
1632504
1633807
1635021
1635127
1638969
1639123
1641786
1642165
1642624
1643186
1644128
1646862
1650317
1652044
1652698
1653199
1654146
1655145
1655983
1657202
1657327
1657723
1659461
1662012
1663389
1665490
1665881
1667783
1670081
1675199
1676280
1676424
1677101
1677447
1678615
1680107
1682089
1684721
1686135
1689231
1692315
1701072
1703900
1705430
1705999
1706323
1708666
1711815
1714049
1714186
1714444
1716767
1718080
1719330
1719783
1720886
1721604
1721789
1722762
1729039
1731665
1733266
1735231
1737464
1739039
1740764
1741431
1742782
1744696
1748627
1753677
1757125
1757194
1757395
1758318
1759891
1763945
1769601
1770280
1772288
1773866
1776766
1776991
1779501
1781736
1782079
1783978
1785166
1790123
1791197
1792213
1794472
1794704
1794801
1796456
1801533
1801955
1804857
1806312
1807139
1807929
1807985
1808432
1809421
1813863
1814587
1815093
1815223
1815682
1816750
1818076
1818831
1819512
1823661
1826504
1826538
1832024
1833935
1838258
1838509
1838559
1839811
1844532
1845710
1848547
1849662
1850987
1852566
1854261
1855663
1860097
1864122
1864322
1868400
1871378
1873347
1873732
1879696
1880071
1880578
1881992
1883999
1884108
1887719
1887754
1889463
1894555
1896357
1898473
1904425
1905364
1907959
1910108
1912859
1915334
1918608
1920483
1922283
1926739
1927758
1929555
1930434
1930921
1931942
1933865
1939890
1942269
1944264
1946588
1946847
1948127
1948797
1951986
1952171
1952565
1954639
1956995
1958268
1960388
1964194
1965311
1969193
1972274
1974638
1975205
1977839
1983283
1985608
1988409
1988870
1992104
1992596
1992948
1993308
1998308
1999564
2000424
2002323
2002812
2003524
2003723
2004037
2004516
2004716
2008084
2009583
2012532
2013665
2016975
2017103
2018284
2018830
2019144
2032204
2033811
2035868
2040459
2040501
2040703
2040833
2040983
2042622
2043351
2044400
2046734
2047447
2047965
2048539
2052932
2053620
2054092
2054433
2059605
2064558
2065828
2068726
2070165
2075432
2075830
2078860
2082572
2083671
2084250
2086476
2086702
2089015
2089517
2089727
2090906
2092950
2094074
2094549
2099196
2100210
2105128
2107211
2111605
2112214
2115215
2117639
2118902
2119496
2120295
2123603
2129355
2130610
2130859
2138677
2139851
2140614
2141061
2143507
2143925
2143965
2149967
2151436
2152604
2153257
2155347
2155355
2156337
2158173
2158512
2162751
2163064
2163163
2164432
2166582
2167967
2172075
2173600
2177649
2180270
2180987
2185993
2186021
2186133
2191515
2191754
2192736
2193104
2193169
2194178
2194237
2196604
2198049
2199497
2200353
2200764
2204860
2208010
2209894
2212321
2214735
2217779
2217787
2221196
2221596
2223724
2224242
2227308
2229920
2231050
2231980
2232225
2233649
2239229
2242692
2245334
2249219
2255790
2257235
2257769
2258084
2259674
2262743
2262778
2263844
2264300
2265069
2269522
2271942
2272706
2273800
2276576
2278147
2283499
2285018
2291696
2293299
2297897
2298337
2299574
2300067
2300379
2303545
2305739
2306901
2308542
2310938
2314228
2315196
2317114
2318986
2320330
2320376
2322436
2324517
2326950
2327099
2327722
2327787
2329326
2330803
2337267
2338177
2339882
2340346
2344318
2345093
2346380
2347433
2348961
2350195
2350503
2350695
2350986
2351035
2352001
2352471
2354490
2356034
2356141
2356362
2358695
2359568
2364569
2364876
2365732
2367618
2367715
2368076
2368837
2371268
2372561
2372947
2373346
2374896
2377807
2378076
2383399
2384337
2388134
2390254
2395355
2396119
2397181
2398519
2398925
2399789
2400355
2400959
2403436
2408000
2418730
2419121
2419214
2419901
2423963
2428142
2430496
2430559
2431490
2433348
2435205
2439869
2442484
2442917
2446214
2447411
2447768
2447830
2448632
2451294
2451641
2452051
2459526
2461956
2462666
2463175
2466128
2467919
2468979
2472381
2472915
2475831
2476068
2476908
2477569
2483839
2485567
2486704
2487045
2487753
2488927
2489718
2490529
2492530
2492773
2493305
2493888
2496331
2497467
2499536
2503022
2503795
2503945
2505897
2508552
2508861
2510128
2512340
2516515
2516759
2516801
2519788
2520224
2525057
2525636
2525884
2528996
2530691
2531806
2531846
2532820
2535278
2535325
2536578
2536775
2542831
2544423
2545336
2547504
2552520
2553083
2553746
2556687
2557122
2557989
2559171
2563784
2567366
2567767
2568117
2569867
2570797
2571209
2573576
2574270
2576019
2576608
2579766
2580266
2580716
2584986
2586011
2586159
2587321
2593155
2596132
2596519
2597015
2597279
2598580
2600867
2600980
2605841
2606542
2607543
2607795
2611593
2614338
2627233
2627351
2627697
2628864
2629978
2630823
2633672
2636375
2638643
2639271
2639412
2640755
2642945
2643537
2645511
2646011
2647504
2648561
2649134
2650355
2652743
2655169
2660898
2662921
2663023
2665779
2666091
2666126
2666580
2667236
2669633
2671357
2672022
2672295
2672799
2674567
2675265
2675799
2677361
2677435
2679660
2683026
2684192
2687736
2688149
2693207
2697089
2698349
2699605
2700597
2700722
2704148
2707756
2708155
2708452
2709503
2710357
2711272
2712360
2713864
2716000
2721062
2723185
2727451
2728460
2729266
2730568
2733230
2734865
2736398
2737104
2740404
2740498
2740723
2743517
2745188
2749537
2755644
2757835
2759518
2761008
2761420
2763035
2763361
2764187
2766277
2767400
2772824
2779801
2781691
2781767
2786347
2790646
2791337
2793638
2793645
2795673
2795787
2798790
2804438
2809712
2809788
2810423
2811124
2817296
2817704
2817832
2817943
2819424
2824891
2825177
2828331
2828638
2828943
2829191
2830164
2830307
2830668
2832778
2832873
2839133
2839758
2840610
2841041
2841773
2843400
2844407
2846863
2846935
2847057
2849105
2851013
2852594
2853400
2854977
2856069
2856925
2857664
2858048
2859843
2859936
2859981
2860900
2861724
2863560
2865010
2869313
2872967
2875805
2876626
2878258
2879936
2882219
2882231
2884038
2887013
2887749
2891173
2898010
2900182
2900726
2902112
2904427
2906479
2908366
2908943
2910774
2911390
2913618
2914239
2914677
2915921
2916242
2917164
2920258
2921445
2922158
2928792
2928795
2929465
2929887
2930014
2930227
2931320
2933927
2936773
2939466
2943347
2945704
2958479
2958645
2958936
2959342
2960038
2962716
2965591
2967205
2969162
2974081
2977299
2980741
2981974
2982792
2986031
2991616
2992865
2994279
2994769
2995198
2995465
2999804
3003801
3006269
3007709
3008300
3008750
3011035
3013314
3014756
3015191
3017128
3022161
3028513
3031400
3032526
3034129
3038700
3039940
3042433
3045881
3046739
3048011
3048434
3049012
3052481
3053836
3054310
3055378
3055841
3056467
3057960
3059060
3060632
3062128
3062259
3062700
3063262
3064612
3066921
3067871
3071383
3074925
3074935
3081202
3086657
3092558
3092630
3094411
3097151
3100262
3100702
3102468
3102496
3103379
3104225
3105894
3107206
3107595
3109342
3110543
3118496
3120055
3121337
3122927
3123877
3129833
3130331
3131999
3132141
3133248
3133792
3133872
3135084
3135427
3136382
3137378
3141186
3142840
3145446
3148087
3149365
3152525
3152794
3154844
3155007
3160765
3166609
3167321
3168411
3169178
3174180
3174313
3174454
3176999
3177209
3180275
3184589
3184723
3186535
3187841
3189933
3190384
3191008
3192292
3204523
3205727
3212948
3215380
3216728
3219237
3221042
3224312
3227340
3227884
3231494
3233429
3233431
3236635
3236938
3238553
3239979
3240467
3244878
3246034
3246166
3248041
3248629
3250472
3257451
3261859
3263476
3264939
3266474
3266528
3268620
3268798
3270504
3271749
3272839
3274041
3276441
3278746
3279146
3282119
3284016
3285447
3287492
3287712
3290150
3290862
3291242
3293004
3295747
3296671
3297257
3297264
3297299
3299416
3304182
3304414
3306290
3306905
3307201
3313553
3313936
3319718
3320353
3323513
3324440
3325775
3326112
3328418
3328780
3329204
3329308
3331573
3331806
3332087
3336031
3339046
3341316
3341876
3344993
3345093
3347828
3350234
3351554
3354777
3355090
3359430
3361530
3363508
3366434
3366982
3368330
3368805
3373048
3373626
3374009
3374893
3375093
3377081
3377577
3378738
3379046
3379228
3379389
3379405
3379744
3380226
3386578
3388187
3389927
3390655
3392036
3392274
3393406
3396917
3397399
3397831
3400265
3402901
3403101
3408506
3410821
3411970
3412680
3413352
3414820
3417854
3418368
3419923
3422218
3425028
3425554
3426116
3429382
3431482
3432488
3435422
3435650
3436716
3438226
3444042
3445141
3445428
3448765
3451676
3453243
3454436
3455135
3455834
3457779
3459269
3464367
3467110
3467583
3467721
3469964
3472326
3477987
3484094
3485879
3487267
3487856
3488647
3488677
3489900
3492091
3492895
3494039
3496777
3497342
3498104
3501746
3502804
3503486
3505062
3506099
3507322
3509454
3510507
3510520
3512024
3516907
3517737
3517750
3518331
3518726
3519542
3519893
3520671
3522355
3527972
3529749
3531703
3534091
3534473
3535567
3535657
3538388
3539527
3541122
3541662
3542758
3544434
3553887
3553913
3556361
3558253
3559188
3559846
3561908
3563425
3570463
3570839
3573072
3574847
3578301
3582934
3585863
3588306
3589977
3595105
3596099
3597524
3600128
3607590
3613523
3613618
3613871
3616089
3620128
3621857
3629401
3632522
3634562
3635771
3637425
3639679
3641634
3642355
3642815
3645781
3646871
3650838
3650903
3651721
3652052
3656625
3657491
3657996
3659859
3662514
3666181
3669035
3670028
3672351
3672643
3675420
3676606
3678128
3682640
3689440
3694007
3696862
3699347
3703108
3712949
3713777
3714347
3714969
3716115
3722402
3723853
3724673
3728878
3729137
3729743
3734621
3737944
3738264
3738756
3739029
3740986
3742805
3743737
3744296
3745844
3746694
3747066
3747979
3748952
3749202
3750315
3752051
3752182
3752842
3758751
3760359
3760413
3764969
3765085
3765681
3769027
3769181
3770641
3772072
3774880
3778471
3779549
3780298
3780416
3781819
3784898
3785864
3786114
3787959
3794928
3797598
3798836
3800029
3800148
3802183
3802473
3802713
3803608
3803954
3806012
3806326
3807661
3813048
3815387
3815818
3816429
3818957
3826470
3826582
3828027
3833933
3835194
3836916
3838065
3840581
3842299
3844810
3845763
3846793
3846973
3848624
3848948
3849973
3856023
3858946
3859311
3860000
3861187
3863411
3863989
3865612
3867055
3868254
3871115
3878256
3878758
3880260
3881152
3882365
3882459
3885463
3888501
3889509
3889573
3891706
3893292
3893758
3895982
3897707
3897770
3900363
3901570
3903632
3904989
3908163
3910130
3910574
3911797
3912955
3913477
3915565
3917609
3918816
3919027
3919752
3919817
3921627
3922393
3922995
3923110
3926425
3926434
3928089
3928709
3929008
3932389
3935194
3937769
3937937
3938199
3938373
3940296
3954044
3958355
3960761
3960893
3961974
3966161
3967310
3971200
3972256
3973848
3975143
3976043
3976543
3976991
3977160
3979464
3983748
3986043
3986351
3987425
3990761
3992042
3992634
3995106
3995451
3996442
3997134
3999036
4000532
4002335
4005127
4006472
4007335
4008856
4008897
4010607
4011440
4018942
4019208
4019664
4020015
4020191
4020318
4022447
4024632
4025719
4026133
4027128
4027155
4027373
4029207
4033989
4034212
4034281
4034972
4035702
4036058
4036093
4037610
4038267
4039289
4039829
4042472
4045305
4046408
4046526
4050685
4051615
4052322
4054421
4055271
4059806
4060410
4060522
4065822
4067227
4067960
4068953
4070483
4070612
4073123
4075178
4078178
4078297
4078461
4079850
4081771
4081772
4082972
4083519
4085754
4086609
4087736
4092201
4093362
4095216
4096090
4097698
4097972
4100116
4100411
4104357
4106453
4106479
4111040
4114481
4120515
4120588
4122749
4124954
4125487
4129868
4130486
4130651
4130710
4132837
4134799
4135820
4137492
4138371
4138834
4144129
4146578
4148440
4152473
4153850
4156358
4157640
4158782
4159635
4160878
4160969
4166083
4166775
4169344
4169515
4170401
4170429
4171412
4176906
4183476
4187557
4188727
4189322
4189693
4190352
4190792
4190868
4193169
4196048
4202535
4208937
4209982
4212277
4212526
4213620
4214674
4216436
4216477
4217636
4220373
4227099
4227144
4229552
4231992
4241070
4242569
4243498
4244293
4246708
4246956
4249584
4254310
4261265
4265044
4267352
4269849
4271784
4273911
4276308
4276802
4279015
4286604
4286948
4287743
4288094
4288520
4289680
4291819
4296687
4297437
4299361
4302733
4303777
4305096
4308111
4309261
4310267
4313553
4316078
4317723
4318546
4319364
4320343
4325335
4325737
4329373
4330240
4333854
4336273
4336391
4337984
4341191
4342635
4348312
4348810
4354479
4371689
4372407
4373718
4379116
4381833
4382795
4382965
4383602
4393217
4393662
4393705
4395314
4396090
4396903
4399294
4399533
4399767
4400501
4401484
4402192
4411881
4412456
4413228
4413620
4413681
4421553
4423045
4425616
4426154
4426959
4428290
4428544
4431649
4434763
4435060
4436872
4437877
4439234
4439594
4439636
4439945
4443800
4446431
4447558
4450381
4452411
4455010
4456128
4456678
4460574
4464804
4464948
4465649
4466759
4466889
4471853
4473034
4475591
4478239
4483731
4485006
4488767
4488898
4489015
4489225
4489841
4492615
4493031
4493484
4497491
4499230
4499678
4500212
4501063
4501878
4502954
4505171
4505541
4506671
4507140
4507783
4508213
4514702
4514740
4521419
4522531
4523125
4528467
4528833
4529445
4531577
4531597
4533317
4536640
4547072
4547188
4548660
4551695
4553023
4556341
4559050
4559637
4560083
4563078
4567597
4572180
4572576
4575247
4579628
4579818
4587248
4587722
4589084
4595946
4596869
4599725
4602273
4606322
4609276
4611297
4612911
4616079
4616378
4620634
4621304
4623928
4629875
4630041
4631865
4634041
4634073
4634241
4636162
4637539
4637871
4644644
4648522
4651168
4654539
4655543
4657963
4659420
4662604
4663790
4665676
4669363
4670876
4671742
4674990
4676617
4677358
4678474
4678913
4679842
4679846
4679917
4680487
4681928
4682483
4683500
4684406
4684828
4686147
4687076
4687103
4689116
4689417
4691668
4692881
4693094
4693792
4693962
4694249
4696759
4700983
4707963
4716055
4721313
4721513
4722104
4722269
4723740
4723815
4727482
4728187
4729811
4729856
4730173
4731827
4738047
4740256
4743723
4745240
4747793
4747990
4748322
4749355
4751213
4751856
4752006
4752008
4752355
4753020
4753104
4753819
4754275
4754800
4754817
4757308
4758020
4758146
4759348
4760653
4760876
4762536
4766914
4770211
4773634
4775352
4776168
4776540
4778163
4779260
4781213
4781811
4785753
4786667
4786680
4787636
4788818
4791798
4792032
4792072
4793016
4794721
4795553
4798869
4799689
4800218
4801140
4806998
4809894
4809937
4814784
4816399
4819288
4819361
4820404
4822453
4823392
4826559
4828388
4829422
4830925
4832184
4833795
4834958
4835414
4837377
4838234
4842970
4843712
4843740
4846314
4849670
4850524
4857394
4860003
4862356
4862630
4867004
4867329
4868312
4872406
4874709
4875220
4875925
4882101
4885123
4886484
4888545
4890296
4890785
4892051
4897354
4898472
4899051
4904689
4906574
4909153
4909596
4912799
4913477
4914594
4916013
4921644
4922160
4923299
4926365
4926840
4927067
4927763
4927982
4928759
4931689
4934172
4936375
4936640
4937133
4937943
4941116
4943966
4944082
4944258
4944546
4945387
4948896
4949382
4949825
4950965
4952224
4955123
4957252
4957669
4961598
4962517
4964528
4965144
4965270
4965566
4965713
4969031
4972667
4974441
4975399
4979082
4981748
4982004
4983989
4991225
4991532
4993360
4994414
4996053
4997637
4998294
4998727
5002475
5004117
5011282
5011338
5011439
5011500
5013336
5013356
5017235
5019377
5019405
5020660
5027158
5029757
5033045
5033605
5043024
5045403
5047315
5050672
5051151
5052752
5053097
5053535
5054624
5055669
5056394
5063921
5065790
5066478
5067075
5069781
5070582
5072454
5072851
5076353
5079485
5082458
5083044
5083807
5086684
5088959
5091837
5092230
5094540
5096376
5100982
5101024
5101649
5101692
5102126
5103992
5106271
5108272
5109549
5109859
5112268
5112588
5115720
5115970
5117765
5120549
5123024
5124168
5128952
5129761
5133543
5134614
5134797
5136131
5140193
5142304
5142805
5143651
5144179
5144361
5145499
5149398
5150068
5154073
5154091
5154473
5155009
5155826
5157731
5161374
5168966
5171120
5175925
5176541
5178813
5181950
5182668
5183489
5185154
5185210
5186804
5188374
5189196
5191229
5192963
5195284
5196023
5197931
5200347
5201942
5204312
5204695
5204811
5204929
5205665
5207356
5207629
5210334
5213011
5213821
5216984
5219863
5221244
5223073
5226371
5229055
5234515
5237684
5240188
5242508
5244362
5245297
5245913
5248437
5249575
5249944
5250268
5253589
5253752
5254018
5254937
5255151
5255191
5256040
5256918
5257782
5260354
5262210
5263958
5264413
5264844
5266547
5268448
5272214
5272704
5276480
5276858
5276903
5278290
5279280
5282960
5286670
5287641
5287654
5290064
5291149
5293758
5293970
5297454
5298903
5299915
5300073
5300585
5302199
5303266
5307226
5308432
5309793
5310640
5310652
5311385
5311591
5312485
5324066
5324453
5329884
5330840
5339571
5340826
5341129
5349612
5350432
5352219
5353460
5354694
5355894
5357079
5359243
5359910
5360790
5362500
5362514
5364382
5365365
5365485
5365753
5365850
5367051
5367131
5368957
5369184
5370004
5370314
5372244
5372390
5372832
5373167
5377075
5377106
5377895
5380076
5380850
5382506
5384069
5384377
5388653
5390494
5392928
5393500
5394040
5395738
5398194
5400623
5405311
5405312
5405405
5405708
5405813
5407224
5408051
5408583
5410951
5414932
5416245
5419996
5420760
5421834
5427750
5428296
5430327
5433910
5434267
5437997
5440920
5442890
5442960
5446119
5447263
5449307
5450637
5451578
5452865
5454215
5455047
5456240
5457419
5457714
5459147
5459178
5461975
5464148
5465916
5468806
5471450
5474708
5474732
5476860
5478212
5478388
5480486
5481525
5482570
5482684
5483316
5488728
5490502
5491536
5492431
5496694
5496811
5499275
5499483
5499590
5499849
5500338
5500441
5501103
5502091
5503847
5506450
5508548
5508742
5510138
5510166
5510357
5513591
5514326
5516241
5517368
5521149
5524932
5525199
5527363
5530801
5532858
5535218
5538944
5539401
5540012
5541000
5541374
5544297
5544320
5544435
5546085
5546320
5547999
5548472
5553619
5555292
5557084
5560739
5560801
5565191
5567837
5568375
5568861
5569221
5570206
5570378
5577443
5577940
5578580
5579077
5580418
5581724
5583412
5583749
5584688
5587969
5588675
5590381
5591482
5598456
5601834
5607662
5609531
5613401
5614851
5615301
5616204
5616232
5618905
5623468
5625366
5626335
5628692
5629474
5638979
5642088
5650505
5650823
5651518
5651791
5653465
5655113
5658306
5659792
5660908
5660972
5661247
5661635
5663123
5667149
5672833
5673030
5674088
5674910
5680476
5682240
5685683
5686049
5686373
5687152
5689941
5691155
5691736
5694331
5694487
5696980
5698767
5700251
5702590
5703857
5704042
5705417
5705935
5707201
5707781
5709560
5709825
5713402
5714195
5715009
5716278
5716599
5718946
5719282
5719899
5721297
5722530
5725585
5726750
5729465
5732128
5736908
5739814
5742712
5743224
5744375
5744631
5744893
5749928
5751249
5752099
5752977
5754426
5755733
5755920
5758115
5759953
5763368
5763656
5767232
5767604
5769871
5770221
5772270
5774954
5776989
5777873
5778698
5779914
5780559
5781923
5782110
5783121
5783938
5784685
5785847
5789886
5792983
5794936
5797813
5799066
5811682
5816256
5818511
5819774
5820220
5820715
5823473
5824566
5826039
5827485
5833282
5835092
5835658
5836193
5836282
5836467
5838047
5839919
5840299
5840838
5843973
5844901
5846458
5850703
5852007
5853560
5856758
5858106
5858717
5861835
5866998
5867217
5867634
5868615
5872206
5872484
5872751
5874810
5877619
5880755
5881738
5887891
5892979
5893893
5894182
5894401
5896011
5899943
5900260
5901486
5901646
5903754
5907174
5907340
5907442
5914565
5917269
5917401
5918601
5919612
5920493
5927256
5930759
5931579
5931763
5934721
5937620
5940062
5941034
5941408
5944322
5948178
5950486
5956171
5958060
5958139
5961151
5964699
5966334
5968620
5969000
5970717
5971728
5973433
5975222
5975460
5976836
5978015
5981358
5981670
5981805
5983453
5985857
5987096
5987987
5988329
5988752
5990594
5993865
5995240
5996828
5996875
5996947
5998680
5999778
6002332
6003502
6007715
6014314
6016252
6018731
6023852
6025145
6025189
6026957
6029026
6030341
6032560
6033569
6033613
6036817
6042602
6045260
6045886
6046109
6052192
6053214
6053932
6055247
6056836
6056973
6057172
6057468
6058109
6059515
6063211
6065250
6065426
6067392
6068659
6069646
6069950
6070327
6072978
6073056
6073932
6077278
6077977
6080606
6083697
6084447
6084745
6085312
6085889
6086214
6088510
6090621
6091969
6092100
6093618
6093775
6098234
6098732
6098972
6101167
6101679
6104750
6105028
6106526
6110386
6111971
6112041
6113219
6124835
6125561
6126019
6126180
6128116
6130318
6133113
6138370
6141214
6142070
6144824
6145247
6145650
6147316
6147598
6152305
6153842
6157496
6158454
6163733
6165118
6165362
6168244
6169010
6171731
6175241
6179634
6180200
6180341
6180428
6184855
6185025
6185204
6185223
6187004
6187447
6191153
6192423
6195775
6197755
6198689
6198902
6201924
6205781
6209535
6210507
6212205
6214211
6214222
6215916
6217889
6220031
6220258
6220343
6221682
6224578
6225977
6235322
6237979
6242228
6245591
6246483
6248898
6251648
6253176
6255111
6261134
6263450
6263561
6266447
6266737
6267071
6269494
6274192
6280833
6281007
6282414
6282559
6284056
6284143
6287394
6288884
6289145
6291102
6291977
6292999
6296339
6296462
6297573
6307446
6308466
6308810
6312952
6319597
6326120
6327071
6327302
6327712
6328414
6331407
6332261
6337970
6342459
6342525
6345578
6348192
6349645
6349976
6353294
6360490
6363312
6369323
6370418
6371450
6371969
6372806
6376655
6380214
6385342
6389052
6394044
6394544
6395952
6396832
6398417
6404279
6404744
6404954
6408154
6408976
6410610
6411495
6411764
6413434
6413841
6416657
6417511
6418655
6419594
6419807
6423748
6427565
6427652
6430255
6430956
6433089
6437369
6443103
6445511
6445792
6446255
6452752
6455008
6455191
6458564
6461867
6468398
6470880
6471097
6472883
6477350
6481740
6482463
6483282
6484647
6485268
6485479
6486595
6487192
6487787
6488066
6488324
6488765
6489571
6491475
6496470
6496504
6496924
6498625
6500406
6500866
6503123
6504374
6507677
6515278
6516677
6517058
6518789
6520169
6521956
6523256
6524304
6526236
6528169
6528964
6529340
6530856
6533295
6539546
6542963
6546113
6549343
6552296
6553744
6554120
6554736
6555011
6555502
6557248
6559378
6559695
6560110
6564245
6564394
6571051
6574341
6574941
6576151
6577820
6578058
6579255
6581331
6583034
6585994
6587330
6587417
6592880
6594259
6595980
6597734
6602231
6604933
6605436
6607673
6611489
6616667
6616915
6617972
6618096
6619017
6621036
6622706
6623634
6624862
6630793
6631345
6633608
6633633
6633686
6634342
6639079
6645875
6645888
6648022
6648837
6654582
6656087
6656098
6662168
6662668
6667552
6669605
6670257
6670605
6671698
6674329
6675080
6675942
6675958
6681498
6682231
6689131
6692442
6700095
6700436
6702297
6704334
6705442
6705555
6706238
6706383
6707674
6710491
6711918
6712090
6712450
6712673
6713672
6717050
6718622
6722910
6723560
6724895
6726415
6728875
6729844
6732334
6735643
6736630
6737177
6740333
6741580
6742844
6746006
6746809
6750401
6751029
6751286
6753532
6761991
6764727
6771344
6778888
6782484
6784454
6785353
6787227
6789832
6792478
6793996
6794588
6795811
6797443
6801669
6808028
6809443
6811889
6812646
6813753
6815497
6816548
6817536
6818075
6819651
6819723
6819837
6820319
6820879
6821457
6823837
6825813
6827270
6827792
6828680
6829905
6830847
6832961
6834631
6835607
6841216
6841458
6846253
6847406
6849217
6852710
6853912
6854477
6857606
6859034
6861942
6862018
6863277
6864113
6864151
6871562
6877390
6878992
6879458
6879688
6880931
6881727
6885797
6887245
6888204
6893575
6894659
6894906
6895923
6900677
6903088
6905035
6905878
6910628
6910750
6914327
6916660
6918948
6921300
6921646
6923985
6924872
6926432
6927148
6938704
6939130
6941331
6942552
6944866
6946358
6946952
6949114
6950843
6951178
6955313
6955626
6958317
6963889
6964632
6970149
6970418
6972406
6972942
6974041
6976160
6976342
6980030
6983875
6984478
6987926
6988170
6988891
6994714
6996401
6997483
6998325
7000275
7000502
7001019
7001862
7004582
7006747
7014191
7017132
7017562
7019107
7020205
7021190
7027558
7028693
7028772
7029160
7030198
7031030
7031392
7032477
7035972
7038079
7039392
7039624
7042795
7042898
7046384
7049161
7052240
7053079
7054061
7056524
7056672
7058844
7061061
7062517
7064076
7068189
7074259
7074745
7078457
7079282
7082233
7083886
7084062
7089075
7091366
7091424
7098535
7101058
7103701
7103770
7105482
7107323
7108507
7109202
7109263
7109276
7109303
7109726
7111488
7112023
7112911
7113833
7113906
7114597
7116136
7117181
7118495
7121167
7123717
7125081
7125187
7127045
7128581
7129814
7129925
7130637
7132258
7134259
7134628
7135369
7136203
7139046
7139907
7146010
7148420
7154069
7154542
7156141
7159743
7162048
7166239
7166407
7170388
7171872
7172460
7173128
7175465
7176985
7180820
7180859
7185532
7187425
7187786
7190407
7192980
7194853
7195925
7196090
7198456
7201062
7205341
7212298
7214793
7215246
7218837
7219517
7220464
7221915
7223805
7224346
7224883
7225145
7227358
7231922
7235040
7240235
7244567
7245353
7251303
7251474
7253062
7253546
7259365
7261565
7266679
7267669
7269623
7273208
7276707
7278207
7280854
7280986
7285134
7286826
7289314
7290205
7291249
7291881
7294391
7294808
7295263
7296058
7298756
7300344
7301986
7303249
7305979
7305994
7308126
7308300
7309188
7310340
7312380
7315483
7315737
7316213
7316504
7316791
7320305
7320510
7321084
7321133
7322315
7324406
7327059
7329730
7330096
7331155
7333059
7334990
7338987
7338994
7343201
7345064
7346842
7347595
7348851
7349117
7352301
7354166
7354295
7354376
7357107
7357855
7358793
7359385
7359554
7359658
7361526
7364732
7369130
7374074
7377694
7379182
7379572
7380854
7381583
7385043
7386939
7387250
7388281
7390019
7391407
7392955
7394601
7396180
7397375
7402789
7405212
7410470
7410767
7413250
7413462
7418694
7419078
7419435
7427004
7427797
7431208
7434080
7434893
7437994
7442193
7442758
7448463
7452741
7454496
7455085
7455648
7457386
7464535
7464996
7465301
7465959
7466032
7467964
7468406
7468682
7474509
7482187
7483308
7483512
7488643
7490428
7491791
7497252
7500487
7502694
7503246
7507342
7508659
7512500
7513496
7513959
7515788
7516100
7516895
7518486
7521987
7522431
7522770
7523332
7524168
7526911
7528167
7531006
7537691
7537839
7540696
7543842
7544287
7549906
7550535
7555073
7556792
7559726
7563432
7563834
7565653
7565750
7566070
7566535
7568402
7568872
7569007
7570610
7572391
7576000
7581022
7581227
7581489
7582841
7585709
7586707
7588087
7589360
7601024
7602169
7605207
7605253
7606113
7606319
7608031
7608043
7611808
7612599
7614265
7616985
7620430
7620752
7622320
7624897
7627249
7627748
7627836
7628032
7628877
7632502
7634710
7640950
7644128
7646032
7648288
7648876
7650975
7653169
7657682
7659094
7660777
7663242
7666715
7669030
7669526
7670089
7675235
7675568
7676703
7676854
7678568
7678626
7681127
7683385
7683894
7686203
7687896
7688090
7695552
7695739
7696633
7699222
7701792
7703786
7704857
7710572
7711490
7712463
7712747
7712801
7716614
7717213
7718463
7718956
7723190
7726006
7726751
7728582
7732189
7734476
7734546
7734959
7735208
7736315
7736598
7736607
7737141
7737957
7738419
7745081
7745303
7745398
7747828
7749016
7749103
7758946
7762035
7762543
7764508
7766233
7766697
7767675
7777016
7783597
7787254
7791696
7792839
7795138
7797013
7797894
7799657
7801525
7801985
7803501
7806455
7806622
7809242
7810067
7810735
7811610
7820433
7824447
7826256
7830526
7831879
7834812
7834988
7835137
7835173
7837555
7838195
7838275
7841648
7845323
7845853
7846247
7847589
7848429
7850621
7851184
7852172
7854037
7854781
7855075
7855295
7856868
7858282
7863509
7866823
7868091
7868437
7868862
7868950
7870247
7870706
7873605
7874752
7876679
7876855
7877724
7879707
7883806
7886328
7888633
7889098
7890098
7891310
7892091
7894419
7895154
7897640
7902275
7903998
7912505
7912731
7913031
7915895
7916138
7917413
7918005
7919972
7923626
7924869
7925336
7928784
7930602
7930839
7932725
7933864
7933930
7936871
7938374
7938591
7940172
7940756
7942831
7944496
7946925
7948819
7950860
7952320
7955624
7956033
7957358
7957621
7958072
7958218
7961958
7963822
7965391
7967547
7968907
7969250
7969678
7970851
7970949
7971338
7971700
7972745
7979587
7979886
7980223
7980426
7983115
7985192
7986306
7986503
7989009
7993815
7994438
7996523
7999588
8002879
8003434
8005032
8005540
8006503
8009772
8009978
8010928
8013823
8014189
8018429
8019235
8019356
8019676
8027596
8028804
8029112
8032710
8032984
8034566
8036158
8042971
8043269
8046432
8048575
8048590
8051399
8051953
8055238
8055500
8055516
8057380
8059572
8059782
8059813
8061330
8066276
8068772
8069574
8069858
8077172
8077213
8079918
8080474
8080920
8080978
8087407
8088659
8090811
8093713
8095944
8097999
8098051
8099043
8099779
8101708
8102336
8102443
8104863
8107140
8107508
8109611
8114180
8114795
8115058
8115430
8117148
8117174
8122574
8124161
8125262
8126378
8127044
8128868
8130566
8132601
8138014
8139407
8140414
8141543
8143363
8143670
8144328
8148621
8150954
8152083
8154362
8155156
8155368
8155938
8158002
8160492
8160958
8162936
8163676
8163791
8164313
8167292
8167855
8169504
8178543
8178674
8179007
8183136
8190663
8192014
8192469
8193201
8193826
8195693
8195909
8196144
8201454
8203745
8204967
8212373
8213193
8213811
8214677
8216521
8217218
8218566
8221359
8221999
8224173
8227763
8229822
8229874
8230079
8231322
8231746
8233057
8236091
8237931
8245070
8250201
8253486
8253638
8255414
8255726
8257260
8257571
8261055
8262117
8264301
8267676
8267766
8269414
8270418
8274776
8275569
8275795
8276017
8278833
8278886
8282205
8282449
8285376
8286457
8288078
8288387
8288559
8292295
8294417
8297218
8298558
8298743
8300104
8307235
8309037
8314677
8315017
8315053
8315453
8317285
8317688
8318164
8318519
8319808
8321669
8323570
8326209
8327401
8328765
8331688
8331749
8332893
8333965
8339518
8339955
8342560
8345361
8345901
8349679
8350017
8350117
8352436
8355352
8355462
8355857
8357844
8360634
8362310
8362680
8364305
8366930
8370850
8371380
8371825
8375500
8376176
8376598
8382580
8383112
8383693
8387676
8397331
8398061
8398411
8403826
8406043
8410289
8413071
8414926
8418141
8419906
8420967
8422185
8423592
8424387
8425084
8429458
8432603
8436887
8438499
8438835
8439131
8443842
8443908
8445373
8446056
8450230
8451218
8452461
8452569
8454360
8458383
8459035
8459080
8459621
8462023
8462514
8466337
8468112
8469167
8469853
8470005
8470646
8472735
8476764
8479217
8479605
8480516
8480891
8483420
8484138
8485245
8485411
8485893
8487692
8488042
8490154
8491934
8492295
8495827
8499152
8499677
8502706
8504060
8505498
8508572
8509503
8509803
8510566
8511903
8513090
8519444
8525383
8527229
8528374
8528784
8529104
8529106
8529261
8532822
8538716
8540738
8540970
8541540
8544552
8546235
8547106
8548504
8550324
8553234
8553772
8554289
8555233
8555980
8558047
8560071
8560267
8562536
8565589
8566109
8566728
8566757
8567561
8568858
8568882
8571657
8571703
8574486
8574752
8575627
8581368
8582736
8584517
8585779
8587953
8591399
8592145
8592172
8593696
8595102
8600610
8601522
8609009
8610029
8610384
8613286
8614900
8615455
8616100
8616644
8617235
8621811
8622264
8624527
8628888
8633976
8637286
8638974
8643042
8644130
8644508
8645100
8645535
8645655
8646389
8647331
8649975
8654650
8655746
8659109
8659788
8659902
8662558
8663985
8665238
8666420
8670718
8672689
8674271
8678892
8683077
8683743
8688535
8689989
8690584
8691848
8692242
8693370
8697166
8700019
8700055
8701540
8702378
8702624
8705999
8707683
8710079
8712857
8713083
8715642
8717301
8718371
8720128
8721331
8721474
8722009
8723740
8724257
8724267
8725214
8726821
8728068
8729902
8730784
8732515
8735786
8740212
8741273
8745427
8747137
8747654
8748027
8752569
8752641
8753583
8755179
8761521
8766401
8768054
8768076
8770221
8774527
8775983
8781094
8785431
8787976
8789017
8789550
8790412
8791466
8792684
8795867
8798621
8799711
8802562
8805503
8805970
8809504
8816048
8816663
8816914
8817363
8819875
8822464
8822736
8830416
8831612
8834836
8836270
8839914
8843328
8847473
8853534
8853704
8855424
8856446
8861649
8861893
8864234
8864607
8867132
8869361
8870766
8870805
8871596
8873268
8874730
8877413
8880325
8880961
8881218
8882273
8885668
8885760
8888406
8892943
8895698
8899175
8899744
8901928
8903049
8903441
8906468
8907203
8907455
8908191
8910764
8913730
8913754
8915434
8917086
8918273
8920396
8921411
8922669
8924036
8924784
8925232
8926288
8926851
8927500
8929141
8929231
8931229
8934366
8937048
8937168
8937255
8938539
8942915
8946060
8949493
8950578
8951366
8953090
8953709
8960982
8961045
8961330
8961595
8963491
8965004
8965188
8966579
8966714
8970071
8970646
8971846
8971940
8972782
8973536
8973600
8981112
8981260
8981935
8982311
8982712
8983608
8984644
8985302
8988433
8990944
8995057
8996550
8997891
9000534
9001256
9005320
9006469
9009924
9010815
9010873
9011107
9017713
9017864
9020844
9021458
9022544
9023418
9025275
9026980
9028706
9028995
9035202
9036537
9036644
9038463
9042021
9042090
9044563
9046943
9050858
9051257
9052425
9052618
9054516
9057114
9057243
9059003
9064118
9066904
9069127
9073625
9074173
9076341
9077667
9080232
9080805
9080861
9084184
9084849
9086744
9087579
9088239
9089545
9091017
9093027
9093282
9095893
9102916
9105368
9107756
9107794
9107894
9107937
9108983
9109370
9109984
9110406
9112146
9112459
9112668
9116902
9117401
9121312
9122405
9123653
9123842
9128342
9128877
9128974
9130559
9131588
9132698
9135221
9135988
9136529
9137007
9137627
9143221
9145564
9150090
9150298
9154248
9157713
9159149
9159904
9160478
9162467
9162747
9163484
9165940
9166170
9170298
9171032
9176294
9176628
9178494
9179820
9180085
9182624
9183665
9187830
9189367
9190114
9190576
9193942
9198204
9198346
9200249
9202520
9204368
9205013
9205979
9206031
9207211
9208172
9212025
9212377
9213117
9216234
9216772
9220574
9221235
9223871
9226014
9228095
9228381
9231294
9231451
9231534
9232017
9232091
9233185
9237056
9238575
9239563
9241168
9244039
9245679
9251342
9252206
9254926
9257231
9257760
9261860
9264685
9265055
9268723
9270029
9274551
9278883
9283954
9286460
9286467
9287402
9288552
9293078
9293728
9294985
9295683
9295723
9296522
9296898
9297222
9298469
9306611
9307009
9307955
9309375
9310285
9312011
9312510
9313909
9314259
9318022
9322379
9325318
9325370
9325682
9326489
9328353
9330180
9331854
9333213
9334510
9334873
9337835
9340068
9340824
9342542
9344397
9347543
9347781
9353663
9353677
9354853
9355970
9360372
9362487
9363982
9365983
9366166
9366908
9368264
9368370
9370166
9373566
9374735
9376339
9377268
9380473
9384513
9386751
9387346
9388176
9388484
9393601
9394370
9397896
9397966
9400769
9401124
9402939
9404061
9410113
9412536
9413010
9415978
9416413
9416941
9418756
9419354
9419623
9419871
9423737
9424785
9427765
9427827
9430037
9432007
9432494
9433456
9433717
9435218
9435460
9435474
9439979
9440997
9443257
9444552
9447616
9448883
9449944
9451941
9452222
9453168
9454888
9459422
9460434
9461661
9462696
9463590
9464605
9465832
9468202
9468337
9469187
9470629
9473306
9480939
9481094
9483934
9484732
9497713
9498476
9499282
9499902
9501115
9501425
9503168
9504560
9508838
9511955
9513056
9513294
9514557
9515595
9516221
9518902
9519426
9526459
9526741
9526893
9528801
9529256
9530072
9532801
9535067
9536081
9536915
9539969
9541860
9544290
9545923
9546073
9547716
9548582
9548639
9549907
9551097
9555100
9555900
9557407
9560511
9561845
9565078
9565592
9569973
9570870
9572041
9573326
9573625
9574987
9576385
9577111
9577545
9579292
9582559
9583396
9583559
9583830
9584050
9584807
9586103
9586336
9586978
9587930
9588349
9588705
9591891
9594763
9595900
9596740
9600092
9600359
9603789
9606918
9612469
9614231
9615270
9618288
9627164
9627831
9628679
9629145
9629584
9630908
9631723
9632278
9633216
9637576
9638597
9639428
9639919
9640185
9645562
9649550
9653138
9653904
9655192
9655894
9656670
9657269
9659029
9662149
9663577
9664587
9665430
9669020
9670359
9673888
9678364
9681582
9684668
9686998
9691468
9692342
9694154
9695028
9695624
9695833
9696033
9697250
9699552
9700520
9705138
9707499
9717659
9717845
9719328
9721351
9721673
9728229
9728320
9735119
9736431
9736509
9736827
9737334
9739898
9742859
9743620
9748300
9755570
9756672
9757998
9759977
9760489
9760821
9761555
9761787
9763858
9765630
9765672
9766881
9767516
9770024
9770191
9771436
9771659
9780097
9784179
9784803
9790571
9791374
9791874
9795602
9796530
9796932
9797551
9798603
9801242
9801421
9801462
9801707
9805812
9806591
9809832
9817982
9822928
9824478
9824679
9828314
9831296
9832543
9835724
9838402
9839758
9840667
9841602
9844110
9845588
9849026
9849685
9852822
9852870
9853305
9857690
9859300
9859478
9859800
9864962
9865330
9866303
9868097
9868996
9872423
9872475
9875155
9875475
9881426
9885619
9893077
9893695
9894612
9895893
9896221
9898401
9898933
9901931
9902029
9902729
9903061
9903916
9908720
9910183
9910270
9913764
9915946
9918902
9919267
9920827
9920847
9922284
9922544
9923111
9923920
9924578
9925585
9926747
9927012
9927455
9929304
9932748
9934383
9935881
9936941
9938114
9939948
9940028
9943866
9946796
9946914
9946970
9947516
9950025
9951399
9956526
9958031
9962236
9965277
9965702
9966289
9966733
9966790
9968676
9968718
9971529
9971850
9973011
9973738
9973941
9974205
9974773
9976476
9980422
9980847
9984178
9985379
9986049
9987606
9988307
9988928
9990075
9990539
9992010
9993224
9993970
9995689
9996395
9997533
9999537
10010325
10014313
10015035
10017073
10017947
10019964
10020799
10021860
10023058
10024008
10025354
10025577
10027382
10029511
10029884
10032226
10033212
10034713
10035547
10037036
10039133
10039868
10040500
10041712
10043638
10045387
10046329
10046839
10049256
10055140
10056194
10057233
10057896
10058889
10058973
10059121
10059480
10060858
10063188
10071836
10072069
10077503
10078575
10078593
10081827
10081978
10086433
10087836
10090772
10092663
10092979
10095271
10095917
10096289
10097368
10097481
10098841
10100638
10102931
10105289
10105568
10108453
10109572
10110399
10110958
10123654
10123961
10124905
10128912
10135718
10135888
10138754
10138908
10140768
10141511
10147915
10149337
10149839
10150290
10152296
10153728
10159672
10160684
10161935
10164009
10165116
10166060
10169515
10170432
10170547
10177272
10177762
10178074
10178331
10178653
10180442
10182776
10186315
10187610
10187862
10189235
10189508
10192561
10193238
10194525
10198905
10199532
10200116
10200397
10200856
10201813
10202696
10206065
10206147
10206806
10210591
10211025
10214413
10218951
10221809
10224682
10226460
10226461
10226871
10228470
10229017
10229688
10230892
10230905
10232190
10233886
10238449
10244912
10246801
10247172
10247342
10247837
10250702
10253689
10255701
10255909
10258318
10260366
10260621
10262098
10262482
10263583
10264607
10265842
10266735
10267091
10268757
10269357
10271246
10272079
10272825
10273630
10274534
10277517
10277840
10279252
10280563
10282347
10285724
10286577
10289007
10291976
10295210
10295866
10296030
10297193
10298782
10299772
10300945
10301144
10301239
10301932
10302980
10303463
10305863
10309632
10310282
10315306
10315790
10315968
10316229
10316673
10321308
10323084
10323646
10329479
10332859
10333294
10333851
10339265
10341633
10343521
10346856
10347178
10347591
10350246
10350606
10355143
10355178
10355202
10356458
10356838
10357428
10361896
10365901
10367895
10371825
10377139
10379345
10379833
10382481
10385312
10387360
10387542
10387659
10393102
10394564
10395728
10398361
10399143
10399710
10399910
10400257
10400560
10400836
10402252
10402306
10402957
10403347
10405133
10407238
10412489
10413140
10414295
10415058
10416834
10417093
10419739
10420391
10422095
10423929
10430757
10431583
10431867
10433775
10441487
10443380
10445866
10446463
10447151
10447177
10448937
10449164
10451739
10452425
10457735
10458421
10460726
10463420
10464103
10464647
10466283
10471431
10473221
10475045
10478219
10478816
10479381
10480871
10482690
10486609
10486759
10488700
10491296
10491414
10492502
10494028
10500126
10501147
10502711
10503038
10505755
10507609
10508299
10511554
10514850
10517147
10522057
10522693
10523796
10523936
10524919
10527553
10529146
10531295
10531669
10534211
10535695
10537488
10538366
10538648
10543575
10545849
10545871
10551642
10552057
10555047
10556819
10557981
10562563
10563816
10563945
10564775
10566138
10566636
10572687
10573734
10575328
10575837
10576203
10576727
10576918
10578498
10579864
10582088
10584857
10589441
10590084
10592588
10596116
10599758
10600432
10602841
10608954
10610565
10612770
10613461
10615186
10616746
10617112
10620664
10620801
10626567
10629207
10630706
10641891
10642774
10644120
10646405
10646423
10646668
10646973
10647311
10651185
10652135
10656206
10659287
10659370
10660478
10664355
10665096
10670827
10682617
10683979
10688328
10689273
10690386
10692425
10692820
10700407
10701196
10702256
10705332
10708144
10708935
10709271
10710869
10712392
10714531
10716279
10716834
10718595
10721784
10721822
10724366
10726860
10728556
10729509
10732128
10733284
10734623
10736256
10737579
10738199
10738900
10739826
10741019
10744590
10745898
10747922
10749113
10751744
10751946
10752605
10755362
10755765
10757129
10764593
10766396
10767024
10774214
10774888
10776664
10776783
10777965
10784758
10785740
10787582
10788846
10790519
10790895
10796357
10796728
10798819
10799416
10799755
10800889
10801496
10801948
10806832
10808227
10810953
10811762
10814753
10815905
10817671
10818018
10823396
10823770
10825398
10834272
10838564
10839408
10839577
10843599
10848796
10849488
10855008
10856785
10858082
10858627
10858847
10859872
10865314
10867100
10867827
10867914
10870678
10870858
10875697
10878034
10879370
10880648
10887501
10891948
10893972
10894590
10897532
10899566
10909583
10912073
10913259
10914152
10914990
10915593
10919636
10920045
10920495
10921863
10922257
10927609
10929930
10934455
10936648
10936691
10938360
10938545
10940045
10940292
10940873
10943542
10944866
10946049
10946246
10946957
10947570
10951206
10953531
10954174
10959153
10959830
10962527
10963369
10963376
10964224
10965105
10969146
10971316
10982309
10982957
10983939
10986052
10987798
10992193
10992451
10992715
10992746
10994649
10996915
10997307
10998375
10999345
10999591
11002099
11003987
11004517
11006898
11007185
11008393
11009305
11009602
11013724
11016282
11016470
11017705
11021306
11023118
11024923
11025189
11025389
11025409
11030389
11031839
11032369
11033399
11036494
11040349
11042304
11047397
11048334
11049112
11050969
11051711
11055616
11056444
11057209
11060123
11061889
11064301
11067285
11067545
11067618
11071023
11074759
11076496
11077676
11081794
11082234
11085155
11088848
11091881
11092347
11095856
11102582
11105572
11105790
11114699
11116023
11118562
11121805
11124114
11127460
11128695
11129496
11131730
11133640
11133664
11136033
11136378
11138535
11139775
11141160
11146065
11146273
11148543
11151576
11153975
11159590
11160687
11163518
11163705
11163907
11165160
11166376
11166726
11168523
11171948
11173475
11173551
11174520
11175527
11175986
11177083
11183878
11185449
11186301
11187334
11187788
11188289
11191684
11193181
11195676
11195874
11195949
11198328
11200357
11203391
11204185
11204314
11205647
11205778
11207182
11207698
11207963
11208212
11209954
11214360
11219105
11219755
11221069
11224060
11224539
11229938
11230666
11232761
11233884
11238884
11239035
11239778
11245003
11255094
11257762
11259483
11264298
11265638
11268782
11269361
11270256
11271049
11273645
11276065
11278298
11291593
11296184
11297336
11297504
11298372
11301354
11304076
11305031
11305843
11306502
11307470
11309489
11310061
11310732
11312916
11314424
11314739
11315043
11317648
11319857
11320542
11322018
11322711
11323692
11325626
11325791
11330583
11331938
11339325
11340777
11340815
11345285
11346012
11347080
11351918
11352709
11352995
11353481
11354499
11356675
11356916
11359734
11366828
11367821
11369444
11371985
11374132
11376147
11376455
11377914
11379202
11380721
11384063
11384134
11387120
11390801
11392640
11393531
11400729
11401588
11403371
11405540
11405942
11407352
11407628
11409161
11409473
11409982
11410085
11413995
11415180
11416114
11417405
11418950
11419815
11423742
11424394
11425221
11425327
11426760
11428268
11430903
11431086
11431836
11433216
11437205
11437806
11442662
11442774
11445431
11446236
11448393
11450373
11451381
11460068
11462023
11463372
11463703
11464923
11464975
11465700
11466816
11467942
11470156
11470572
11471507
11472154
11479535
11484213
11484239
11488680
11493001
11495531
11496157
11499248
11499274
11500604
11504140
11507126
11508836
11512952
11512965
11517412
11519360
11521730
11529919
11539106
11541273
11543885
11548246
11549402
11554081
11554677
11556702
11558072
11558274
11558613
11558935
11560233
11561268
11562070
11563118
11566869
11569566
11570467
11572244
11574860
11576528
11577122
11577197
11581753
11583477
11589923
11593153
11595231
11597868
11600835
11600860
11601765
11603060
11604650
11605554
11611669
11613111
11613676
11615600
11617550
11618560
11621432
11621839
11624634
11625533
11626140
11629061
11631090
11632229
11632709
11633746
11635468
11637500
11640143
11643063
11645038
11648669
11648701
11648971
11653558
11653914
11653997
11654360
11654601
11655486
11656901
11657140
11659576
11668713
11670281
11671730
11672149
11675352
11677106
11678025
11678113
11681216
11687457
11687536
11687603
11687683
11691320
11692372
11699425
11699647
11699984
11700616
11701868
11706702
11707474
11708659
11709456
11709913
11718918
11719806
11720339
11720704
11721697
11721937
11722627
11725170
11725243
11726568
11730021
11731242
11731244
11732403
11734172
11736704
11737396
11737558
11737840
11738678
11739101
11740423
11740477
11743921
11743927
11747953
11750371
11751105
11754827
11757861
11758046
11761218
11763685
11764087
11770198
11770787
11770798
11770961
11772318
11772363
11777751
11784537
11786008
11786058
11788661
11790758
11791434
11792790
11794686
11794817
11794994
11798971
11799084
11799475
11804205
11806811
11811818
11812058
11813634
11814298
11816721
11816909
11818171
11819260
11820466
11831301
11831958
11832674
11834772
11844453
11844486
11848402
11849990
11855022
11858978
11859820
11860358
11860645
11861230
11867360
11867843
11871022
11872584
11874217
11875940
11876542
11877747
11878691
11884279
11884801
11892052
11894465
11894544
11895189
11895635
11896025
11896259
11897703
11900574
11902293
11902610
11903357
11905895
11906016
11907131
11907804
11908432
11911557
11914691
11916513
11917764
11920077
11920275
11920595
11922115
11922351
11928539
11930251
11936819
11937395
11939684
11942508
11943251
11945082
11945645
11947018
11947626
11948033
11950456
11954410
11954634
11955622
11956888
11958763
11959695
11960409
11961520
11962612
11964081
11964259
11964447
11964716
11966143
11966985
11970220
11971277
11971341
11973852
11977461
11978351
11981277
11981620
11982124
11982291
11984155
11986623
11986853
11986909
11988217
11992185
11994357
11997020
11998092
11998192
11998290
12001782
12002328
12004019
12007298
12009294
12019718
12019906
12027151
12029229
12035354
12035619
12035772
12036728
12036811
12040322
12040729
12042054
12043484
12044485
12046609
12047813
12051942
12052360
12056700
12062319
12062816
12064435
12066595
12075418
12079973
12084715
12085843
12086056
12088894
12089251
12089866
12091786
12091808
12092605
12104736
12105693
12106847
12107985
12110324
12111570
12111732
12113218
12115880
12117296
12119366
12120127
12122469
12123062
12127054
12129452
12131923
12132355
12132475
12133275
12136762
12139799
12140032
12142741
12144161
12147685
12149026
12150465
12152445
12155107
12155389
12157065
12158978
12159520
12161477
12165142
12168331
12169772
12171202
12173292
12175377
12175444
12176422
12177151
12177928
12180335
12181313
12181448
12185176
12187093
12187855
12190012
12192943
12193274
12193845
12195529
12197366
12198206
12198560
12201535
12203588
12208387
12213033
12213970
12222059
12225672
12228847
12235929
12236111
12237361
12239202
12241408
12241409
12248166
12248879
12248947
12250218
12250666
12250951
12253271
12253797
12253954
12253978
12255926
12259781
12263195
12264634
12264754
12265259
12266096
12267778
12268092
12270304
12271105
12272650
12279570
12282430
12283265
12283445
12286599
12289461
12291159
12292375
12292400
12296863
12298935
12300572
12303958
12304041
12307692
12311753
12311919
12311997
12318130
12318186
12320015
12321046
12321227
12322729
12323827
12323917
12324873
12326963
12328949
12329961
12331526
12331901
12333389
12334486
12335627
12336949
12339159
12345641
12347517
12348039
12348420
12351664
12352134
12352368
12353282
12357322
12358793
12378248
12380487
12380738
12382607
12383456
12383513
12384342
12387972
12389228
12393510
12394137
12394716
12395108
12395181
12397788
12402034
12402496
12407572
12407920
12410556
12418071
12419156
12434803
12435815
12438452
12438760
12439452
12440229
12441220
12442311
12443567
12444713
12445474
12447477
12452788
12453594
12455700
12456764
12456910
12464565
12467831
12468979
12470892
12472338
12479504
12479577
12483409
12483739
12486251
12491774
12491924
12492359
12494306
12498479
12499826
12500323
12505368
12506513
12506650
12511764
12512901
12515713
12517975
12519655
12521309
12523360
12523537
12524848
12529500
12529791
12532362
12533044
12537244
12538309
12539470
12541253
12544114
12544159
12544431
12545149
12545463
12549421
12553560
12555472
12556530
12556738
12560485
12562550
12562892
12568177
12569598
12570099
12573481
12574275
12574931
12582028
12584729
12589583
12589996
12590106
12590340
12590474
12590959
12591249
12592868
12592878
12597415
12597576
12597829
12598895
12599314
12602342
12603436
12606253
12609971
12611397
12619395
12621770
12622989
12624660
12625650
12628166
12629448
12631084
12631613
12632877
12636172
12640318
12641876
12642117
12642891
12645234
12647652
12650353
12651615
12654189
12661613
12665962
12667551
12667914
12668551
12669690
12671753
12672088
12672153
12676103
12677013
12677565
12678249
12678435
12681617
12682488
12686382
12687867
12688027
12688935
12690633
12693845
12694452
12694536
12695520
12695797
12697831
12702038
12703946
12703997
12705545
12706867
12707198
12707510
12708427
12709007
12715722
12720778
12722211
12722906
12723869
12723890
12724580
12730156
12730767
12733371
12737042
12738724
12742612
12743408
12743765
12744650
12744779
12746670
12746838
12747244
12748371
12748561
12748795
12749083
12750280
12751094
12752337
12754799
12756913
12756914
12757304
12766752
12768385
12772374
12777015
12779107
12779568
12779618
12780474
12790381
12791537
12795320
12797806
12798280
12799362
12805272
12809603
12810328
12815038
12817779
12817907
12819294
12831500
12833299
12835337
12837480
12838387
12839351
12840094
12840234
12840978
12840997
12842106
12845707
12846398
12847378
12848383
12853457
12855346
12855614
12855729
12857950
12858723
12860066
12860393
12860720
12862988
12863875
12868127
12869080
12870655
12871405
12872052
12872519
12872550
12874083
12874745
12877548
12878384
12879766
12881971
12883276
12886724
12887409
12887473
12890789
12893084
12893152
12893392
12895854
12896628
12901203
12902947
12903502
12906041
12906106
12906193
12908762
12912050
12914856
12917632
12921367
12926325
12931465
12932295
12933086
12933114
12934127
12934950
12935660
12940660
12947576
12947712
12951757
12952269
12953794
12953980
12954960
12955008
12955306
12958607
12968920
12968922
12969339
12971317
12972514
12974299
12982670
12984554
12986717
12986915
12987161
12990785
12991441
12991664
12995365
13001360
13002417
13005735
13008371
13013826
13016619
13017773
13019191
13020783
13022266
13023543
13025515
13027502
13033239
13034372
13036028
13036068
13042548
13042842
13046863
13048815
13049654
13050217
13051513
13052105
13052354
13054056
13054557
13057843
13058242
13058328
13059028
13059112
13059847
13064169
13065176
13067586
13067883
13068961
13070788
13075168
13075485
13076775
13081366
13086667
13087012
13087835
13090901
13092156
13100762
13100888
13100914
13101391
13105285
13108224
13108641
13109278
13112062
13112568
13114244
13114403
13116069
13119146
13123140
13123495
13128706
13129097
13129579
13132275
13132418
13133244
13134645
13136915
13142640
13143737
13143896
13145788
13146675
13147025
13149262
13149872
13150055
13150502
13152666
13154319
13154577
13165517
13168524
13174175
13175930
13184644
13185215
13186278
13188349
13188459
13190745
13192142
13195321
13195820
13196395
13202472
13203269
13214962
13214994
13215595
13221093
13221525
13222787
13224581
13225558
13229016
13230986
13233322
13237332
13238251
13238947
13240811
13245397
13246968
13247466
13250925
13255187
13257048
13259732
13260034
13261876
13261968
13264130
13265700
13268121
13270167
13270861
13272442
13274648
13276536
13278650
13278819
13279112
13279907
13287445
13288355
13292084
13296613
13296790
13296796
13298102
13299046
13301510
13303601
13303895
13303960
13306127
13307051
13307959
13309897
13313691
13314322
13314989
13316261
13316289
13316357
13317474
13320004
13320496
13321830
13323010
13323035
13326889
13329550
13331010
13333977
13338707
13341170
13341185
13342292
13343586
13343720
13344240
13345883
13349226
13350183
13351357
13351723
13353206
13355743
13356632
13357336
13357705
13357779
13358073
13358861
13364520
13365692
13366963
13368681
13370165
13371330
13378422
13378557
13385472
13385655
13385816
13385921
13386131
13386264
13387330
13391401
13395429
13396649
13397501
13399563
13401418
13401562
13403796
13405390
13411516
13412151
13412731
13416760
13418148
13419032
13422579
13425000
13426467
13427034
13427181
13427760
13429446
13430522
13430804
13430945
13431464
13432410
13432896
13434389
13435589
13435878
13438035
13438434
13441161
13443065
13444752
13445539
13446172
13446236
13447717
13452657
13452939
13453295
13454923
13454964
13457437
13457877
13459493
13461103
13464750
13466409
13467125
13470455
13472391
13473154
13480273
13480720
13480910
13481447
13482321
13484922
13485347
13485954
13487330
13487617
13488557
13488807
13489871
13490173
13490716
13503057
13507770
13507787
13511894
13517885
13518405
13518771
13521068
13537605
13537935
13545024
13545042
13545864
13546556
13548347
13549090
13549829
13550013
13550623
13550773
13550978
13557451
13562430
13563292
13563316
13566036
13566394
13567257
13567318
13567546
13572182
13572680
13573646
13574473
13574840
13575876
13581276
13585388
13585769
13587793
13592312
13593453
13593750
13594039
13594396
13594548
13598219
13603877
13604707
13605691
13608220
13610318
13612931
13616264
13616628
13619277
13620133
13620183
13620696
13622069
13622300
13623041
13623637
13625632
13627809
13628763
13629481
13629862
13632051
13634536
13636020
13638739
13638794
13639491
13639678
13639949
13640614
13647977
13648235
13648816
13651242
13651982
13653191
13659204
13659707
13660205
13660313
13660526
13662467
13664600
13667033
13670430
13672594
13674631
13675343
13678299
13678447
13678797
13680727
13680832
13680971
13681352
13684177
13686187
13688467
13691300
13691852
13692973
13698441
13702130
13703285
13703927
13704310
13705295
13710559
13716517
13718311
13721286
13724893
13725072
13726689
13727342
13729285
13731920
13732931
13733925
13738935
13739185
13740894
13741799
13748013
13750226
13750755
13751131
13753832
13755477
13756432
13757067
13757725
13763772
13764794
13766012
13767029
13770416
13773217
13778856
13779244
13779847
13781190
13785466
13787303
13787694
13787804
13792625
13794102
13796026
13802664
13804065
13804434
13808455
13809605
13811661
13811676
13812615
13813688
13819519
13820075
13822307
13823132
13823209
13823437
13826203
13833005
13834237
13836484
13841961
13842598
13842687
13845771
13847955
13849555
13850710
13851373
13853189
13854793
13856821
13860505
13860756
13862965
13865006
13867930
13871086
13874014
13876209
13876436
13877704
13879770
13880886
13882186
13882455
13883343
13883851
13884081
13887895
13889145
13891249
13891530
13892585
13892865
13893451
13893754
13893808
13895293
13895556
13898028
13898055
13898816
13899589
13901462
13901792
13903941
13903990
13904653
13906307
13906714
13908095
13910294
13910524
13913346
13920191
13921095
13922544
13923035
13928868
13932109
13933944
13934091
13934115
13934887
13941357
13941539
13944601
13945528
13945557
13949094
13951626
13952093
13955385
13960812
13961012
13962426
13963384
13966511
13967313
13968402
13969743
13970049
13971995
13974588
13975162
13977363
13979025
13982544
13984794
13985386
13986179
13987044
13988216
13989412
13989516
13991958
13993514
13994631
13997663
13997688
13999229
14000157
14000360
14001728
14003779
14005205
14006476
14006969
14007126
14011043
14012189
14017962
14020237
14023378
14024280
14031740
14032258
14032311
14033541
14033618
14037008
14038402
14040044
14040365
14040508
14041515
14041919
14045995
14046290
14046788
14053167
14055534
14058050
14059670
14059826
14060113
14060717
14060745
14061827
14063651
14063999
14066382
14070988
14073703
14078222
14078551
14079006
14080193
14081202
14086042
14093208
14093295
14094266
14098608
14099321
14099653
14102161
14102556
14102602
14103133
14103997
14105371
14107116
14109392
14109916
14111028
14112629
14113051
14120010
14122766
14126237
14131703
14135453
14135758
14136148
14140063
14141942
14142133
14148447
14160185
14162965
14163385
14163415
14167544
14168539
14173798
14174939
14178186
14178260
14181015
14183455
14183989
14184261
14187178
14190225
14192375
14196233
14196585
14198333
14198998
14200224
14200829
14202537
14203338
14206103
14208063
14210615
14211460
14213000
14220249
14223061
14231409
14231676
14231768
14235340
14241275
14246139
14250384
14250709
14252974
14256263
14257593
14259703
14259920
14260590
14262520
14263284
14265771
14268960
14269782
14271609
14273466
14274178
14277214
14281396
14282786
14284554
14286338
14288679
14290630
14291300
14291458
14292541
14296177
14299875
14300179
14301683
14303644
14304202
14307103
14307131
14307687
14309189
14310449
14311860
14312405
14313359
14313385
14313785
14320051
14320909
14321212
14322297
14322642
14323481
14323713
14324404
14324985
14326630
14327006
14328196
14329862
14331723
14332174
14333516
14335857
14353768
14354821
14355660
14355670
14356919
14358215
14359575
14362097
14363232
14371759
14371908
14372952
14372970
14373530
14374400
14376582
14376727
14380353
14381743
14382309
14383671
14388006
14389089
14390626
14391723
14391867
14392941
14395840
14397051
14397225
14400449
14402365
14402594
14405131
14405462
14406622
14411988
14415186
14415962
14418608
14421433
14421725
14422425
14426276
14429190
14430128
14430158
14430358
14431164
14431739
14432926
14439209
14444647
14446900
14450725
14450854
14450956
14453726
14454360
14459420
14464459
14469762
14471478
14471590
14476938
14478928
14480620
14488750
14490945
14494809
14494838
14500591
14505283
14506329
14506607
14506688
14508237
14509140
14513450
14513859
14515590
14517385
14518764
14520985
14526707
14528460
14528630
14529611
14530970
14531465
14533059
14533761
14534460
14538546
14539219
14539510
14540724
14541732
14544931
14545817
14552830
14553063
14553747
14557194
14557551
14562124
14562251
14563803
14568201
14568273
14571917
14575118
14577242
14577896
14580630
14582082
14583766
14585175
14586262
14588040
14588379
14589638
14590438
14591690
14592721
14593799
14594684
14598816
14600556
14605841
14608048
14608244
14610802
14613390
14613718
14614387
14614555
14618903
14618935
14622982
14623390
14623438
14624641
14625916
14637128
14638183
14639801
14640376
14640843
14642109
14642147
14644349
14644428
14646734
14648421
14653734
14654418
14654944
14661315
14663762
14663872
14666480
14671376
14673820
14674055
14675817
14677606
14679052
14679721
14681030
14681280
14682255
14689872
14689907
14690722
14691973
14692064
14694165
14694936
14695534
14700490
14701250
14702592
14703121
14708884
14711868
14713080
14713566
14713870
14714465
14714717
14717874
14718363
14718977
14719638
14720841
14721373
14723512
14725304
14726293
14726983
14727673
14727785
14730012
14733857
14739846
14742007
14742439
14742713
14747538
14748221
14748420
14749996
14751921
14757124
14760431
14760820
14760862
14761656
14763242
14763606
14764908
14768409
14770328
14771228
14773335
14774450
14779187
14779202
14780306
14780770
14785897
14788289
14788531
14791716
14801229
14802218
14803261
14803548
14805991
14807036
14807293
14809082
14810170
14814082
14814267
14818188
14818642
14818705
14821714
14822258
14822450
14824417
14826735
14827172
14828445
14829749
14833885
14835735
14835871
14836612
14837198
14840179
14840477
14841250
14841696
14843707
14845908
14847494
14854443
14860005
14862332
14862914
14865855
14872835
14876746
14877421
14878113
14879379
14879577
14880246
14882270
14882353
14883910
14887364
14887829
14888352
14890273
14890279
14890302
14892588
14900678
14901380
14901914
14902375
14902734
14905344
14907251
14907254
14907493
14908488
14910666
14910931
14912325
14916283
14916314
14919229
14919751
14920153
14921206
14923357
14923469
14929105
14930914
14931172
14931732
14932146
14932550
14935372
14935820
14936737
14937249
14937285
14938258
14939072
14939306
14940722
14941820
14943113
14943810
14943814
14944645
14946234
14947949
14947975
14948694
14949552
14951854
14952337
14953857
14954785
14955124
14955850
14967521
14972920
14973084
14973442
14974076
14979228
14980922
14985131
14986062
14986414
14988748
14995041
14995184
14996529
14996738
14996746
14997329
14998304
15000722
15002497
15003913
15005646
15006940
15007914
15011463
15018108
15018386
15022278
15025232
15027994
15028118
15031749
15032543
15036647
15038035
15041213
15044473
15048859
15051860
15052820
15055520
15056280
15057251
15057913
15058835
15059911
15062205
15064646
15066540
15067653
15071435
15071872
15073879
15075011
15075845
15078447
15079368
15080121
15081888
15082312
15090184
15092424
15095471
15095887
15097740
15097775
15097968
15099082
15101340
15102102
15102757
15102897
15109701
15113155
15114320
15117081
15117743
15118499
15119005
15121456
15122856
15124070
15126223
15129806
15130675
15135417
15137102
15137448
15137607
15138350
15139051
15139867
15140890
15142360
15143990
15144230
15145233
15145641
15148290
15150746
15151616
15154807
15156385
15157645
15160699
15161614
15164068
15164606
15170574
15174112
15174609
15177383
15177755
15181601
15181618
15184692
15186069
15191061
15192299
15193836
15193853
15194696
15195539
15198677
15198763
15199233
15200083
15200463
15201595
15204175
15205909
15208453
15208479
15210227
15211901
15220480
15221364
15224445
15228768
15232177
15232814
15234499
15234799
15236065
15242056
15243271
15244749
15246288
15247721
15248098
15249047
15249322
15252725
15253386
15259271
15260994
15261151
15265027
15265517
15267099
15268758
15272519
15275259
15275368
15283637
15284267
15285816
15288187
15291407
15292740
15293168
15295108
15295690
15299344
15304127
15304190
15305748
15306226
15313841
15315940
15318081
15323535
15323696
15323989
15330717
15333842
15335914
15337327
15338183
15340680
15340839
15341083
15341318
15345023
15345445
15347279
15348242
15350493
15352819
15355720
15356177
15361060
15362714
15364083
15365227
15365485
15368093
15369553
15370391
15371748
15374576
15374768
15379711
15382921
15387623
15388372
15388883
15390230
15392042
15392092
15392338
15403174
15405041
15405815
15408965
15413112
15414938
15415712
15416001
15416522
15418948
15421947
15422831
15422901
15426547
15428423
15434065
15434581
15434650
15439764
15442519
15442947
15444194
15444528
15445682
15447703
15449257
15450507
15455141
15457855
15461534
15465427
15466698
15468135
15468527
15471136
15472825
15473431
15474756
15476399
15477217
15478745
15478942
15479606
15479815
15483903
15484559
15484869
15487334
15490702
15493182
15494268
15495678
15497645
15498584
15498850
15501636
15502082
15502467
15504562
15506307
15506850
15510406
15510765
15513502
15514312
15515631
15516700
15517591
15519582
15523437
15523697
15526432
15526595
15530964
15531120
15533188
15534859
15536905
15537155
15538424
15540651
15540933
15542684
15543208
15545531
15552537
15555338
15555905
15556773
15556834
15557574
15557662
15559544
15560065
15561793
15561917
15563615
15563907
15564046
15568164
15571292
15571368
15577650
15583848
15586994
15594565
15600953
15600972
15601007
15602199
15602404
15603216
15604735
15605026
15607273
15607685
15614394
15615311
15621739
15623779
15624081
15624488
15628149
15628753
15628793
15630422
15634265
15634752
15634949
15636212
15637143
15637540
15638764
15640512
15641848
15642814
15642894
15644794
15648927
15649538
15650387
15650494
15651592
15652181
15652736
15654684
15655298
15655701
15655852
15659475
15659588
15660484
15661860
15661980
15664088
15665220
15671327
15672146
15674347
15677208
15682151
15684802
15685872
15686878
15687345
15688711
15690122
15690164
15692956
15694616
15695293
15695539
15695772
15696491
15696874
15699666
15700066
15702479
15702714
15703722
15703788
15704382
15713290
15716361
15719056
15719477
15720053
15723927
15725068
15725501
15727478
15727795
15728573
15732134
15733039
15734342
15736345
15736701
15738312
15739637
15740180
15742879
15743798
15744055
15744439
15745428
15750229
15750367
15751171
15751425
15752295
15753864
15754941
15755316
15756001
15757669
15757931
15758657
15760154
15760474
15767774
15768567
15768673
15772352
15772972
15774421
15774791
15774839
15776721
15780455
15783144
15786791
15786897
15787287
15795360
15795436
15795851
15798231
15798286
15798571
15801426
15801828
15801842
15802448
15802482
15805465
15810467
15819742
15823458
15824618
15824763
15824946
15826301
15826504
15826708
15827964
15828734
15830162
15830271
15832482
15836819
15838236
15841069
15841238
15841401
15843769
15845212
15846224
15847994
15848318
15852349
15853876
15859996
15867431
15868252
15870682
15871025
15872139
15873196
15874662
15877179
15878453
15880445
15882936
15882937
15884306
15885494
15885559
15886214
15887678
15888851
15889908
15890608
15891796
15892420
15896889
15899060
15899333
15899381
15899812
15900682
15905922
15907312
15907522
15909055
15909154
15909631
15910651
15911577
15911870
15913159
15913209
15913577
15913644
15915740
15916306
15916326
15916709
15918913
15919783
15921104
15921541
15922550
15928402
15928834
15929684
15931285
15931814
15932526
15933019
15933526
15934659
15937321
15938887
15939249
15939961
15940657
15940806
15941185
15942618
15944115
15944472
15944951
15946669
15947456
15947476
15949024
15949582
15950943
15951494
15952252
15957744
15957927
15959951
15961353
15962620
15963205
15965559
15967885
15968241
15968990
15970623
15970840
15973870
15977080
15978134
15979843
15980554
15986369
15986423
15990920
15992257
15997959
15998851
16003134
16004051
16006555
16012823
16013246
16014262
16015601
16016449
16018556
16018835
16019099
16023093
16023311
16025130
16026291
16026565
16032790
16032931
16033523
16039596
16039774
16041667
16042924
16045725
16047737
16048902
16056450
16056696
16058202
16059252
16061499
16062392
16065455
16068263
16070145
16072046
16072850
16073958
16073976
16074532
16074712
16078232
16085302
16088001
16089081
16092843
16095740
16097502
16098387
16099050
16099946
16106119
16107745
16112485
16112970
16115021
16115317
16116566
16117901
16119398
16121849
16126934
16128603
16129489
16131587
16132308
16135345
16136503
16137644
16140521
16140737
16142296
16143689
16149559
16152434
16153576
16165571
16167260
16168977
16169002
16170380
16173135
16173731
16174149
16175061
16175515
16176187
16179925
16185956
16188158
16192471
16193667
16197875
16197944
16199921
16201993
16205228
16205987
16206331
16206547
16207640
16210690
16210897
16212929
16216445
16216902
16221390
16222355
16226952
16229467
16229977
16231610
16234296
16234534
16235046
16235054
16235307
16236661
16237839
16240047
16242568
16243020
16245497
16246607
16249689
16249955
16250545
16252079
16261323
16263089
16265939
16270020
16271766
16275606
16276265
16278601
16279729
16282149
16282667
16283264
16285454
16288560
16289254
16292094
16296767
16297280
16298877
16302887
16303272
16303892
16305645
16305878
16309030
16309781
16312050
16313140
16314958
16315081
16317875
16318574
16318743
16319997
16320975
16321612
16324277
16324324
16325012
16325654
16330020
16331699
16339458
16340258
16344428
16347072
16348398
16351739
16357433
16359876
16363854
16366749
16369868
16371784
16374197
16374414
16374936
16376266
16376347
16377411
16380328
16383868
16384580
16386223
16388955
16390140
16391326
16392490
16392942
16394991
16397039
16397385
16398950
16399772
16400004
16402926
16403280
16406893
16407335
16407967
16411079
16411870
16414270
16414433
16415004
16419055
16420739
16421597
16421643
16423244
16423766
16429418
16430780
16431796
16433660
16434001
16434753
16435165
16436979
16437116
16439593
16440087
16444527
16445452
16445565
16447987
16448669
16449192
16449234
16449897
16453248
16454141
16457145
16459119
16459877
16465037
16465220
16465315
16466067
16466292
16468213
16468803
16470448
16471877
16474722
16476384
16480161
16480792
16484920
16490706
16491048
16491782
16494047
16494774
16500773
16501961
16504363
16504619
16504659
16505043
16506458
16508362
16509014
16509043
16509482
16509636
16521118
16521684
16523780
16524434
16526229
16529006
16529830
16534363
16534400
16535079
16535458
16538330
16538586
16539023
16539047
16540213
16541359
16545308
16545831
16553675
16555907
16556707
16559463
16561382
16572656
16573084
16574641
16574835
16586523
16587200
16587643
16594795
16595071
16595542
16597396
16598472
16604180
16606977
16607138
16608176
16608427
16610271
16610926
16613282
16614976
16615039
16616329
16616606
16616614
16617926
16618592
16620642
16621123
16622043
16622269
16625980
16626442
16631447
16637541
16637890
16638154
16638428
16640447
16641065
16642527
16647037
16653648
16654182
16654509
16655498
16656529
16657454
16659165
16661996
16662873
16664183
16667267
16667572
16668760
16671571
16672517
16673330
16674521
16674701
16677240
16678379
16686691
16688165
16689876
16691404
16692276
16693035
16693054
16693282
16693549
16697884
16702589
16704595
16706470
16715169
16716902
16719153
16722717
16723013
16725744
16730872
16734586
16735137
16735414
16735535
16735838
16737022
16739345
16744150
16747390
16751399
16751935
16752579
16753220
16755312
16757134
16757851
16760275
16760690
16761903
16762860
16764666
16765463
16765682
16766886
16769134
16769994
16773597
16774939
16775105
16777494
16778493
16779675
16780192
16780445
16780525
16781987
16785277
16785870
16792204
16795135
16800071
16800179
16805844
16806538
16809673
16813680
16815323
16815671
16817924
16820732
16821457
16825125
16827016
16827494
16834631
16834849
16835155
16839711
16842013
16844697
16847117
16851043
16854307
16855050
16855133
16855161
16855951
16856838
16856857
16858117
16860656
16860820
16861312
16862401
16864436
16867014
16867177
16870815
16870881
16874286
16874855
16875018
16881032
16881944
16882125
16894213
16897874
16899873
16901460
16903062
16904432
16905125
16905237
16905500
16906489
16907242
16907870
16908625
16912435
16913006
16913898
16914354
16914875
16915372
16921306
16922727
16925256
16925329
16925714
16926412
16929284
16930052
16931878
16933252
16936927
16938340
16940305
16942632
16943178
16950177
16951462
16952391
16954083
16958894
16960252
16961345
16962830
16962833
16970898
16971552
16972065
16973503
16975819
16976891
16977841
16986717
16993808
16994092
16994497
16994538
16996381
17002868
17005211
17005383
17009460
17011048
17015089
17015177
17017077
17018223
17022055
17023667
17025597
17026438
17027264
17029936
17030694
17033281
17036534
17039093
17039880
17041056
17046134
17046642
17047096
17054966
17059541
17065172
17066416
17067123
17068279
17069313
17071341
17078740
17091015
17091350
17092264
17093658
17095108
17095579
17098537
17102400
17102687
17104407
17105583
17105855
17109390
17111015
17114328
17116193
17117975
17118122
17118189
17119634
17119916
17122303
17122567
17124216
17126897
17127612
17129513
17132553
17133133
17134688
17135974
17138497
17139968
17140503
17145248
17147134
17147740
17148077
17150233
17152896
17156009
17157195
17157405
17158031
17161830
17165252
17167281
17168719
17170298
17170364
17174044
17178271
17178883
17182631
17184115
17184269
17184813
17186426
17186828
17187163
17187636
17197400
17197700
17200323
17201204
17201616
17203139
17204411
17208439
17212370
17213061
17216969
17219864
17223560
17223599
17225125
17227388
17227493
17228163
17228413
17229828
17231183
17243033
17243985
17244252
17244503
17248933
17252017
17252163
17256855
17258628
17259478
17260560
17268413
17276730
17280193
17280947
17285801
17289228
17290186
17291515
17291647
17292001
17296557
17297793
17300577
17305565
17317903
17318255
17319290
17320279
17321125
17322454
17322517
17324085
17325664
17330782
17331561
17334009
17334761
17337119
17337887
17337941
17340049
17343445
17345887
17347329
17347402
17349432
17352277
17355116
17355652
17357084
17360195
17361041
17366315
17367402
17371650
17372487
17372685
17374398
17374666
17376129
17377892
17379219
17381891
17386609
17389454
17389941
17396291
17399456
17401611
17404169
17406852
17407055
17408269
17411234
17413517
17415440
17416141
17416626
17420272
17420640
17424125
17425358
17428438
17434065
17434142
17436723
17438205
17438917
17439118
17439913
17440321
17440979
17444893
17446387
17446977
17450402
17452524
17452739
17453553
17455417
17455491
17464146
17465699
17472216
17475397
17482922
17482993
17486608
17487121
17488171
17491805
17492738
17492789
17495901
17498161
17500320
17500427
17500834
17504114
17508141
17508583
17509461
17510698
17514091
17519554
17519786
17524271
17524445
17525261
17527858
17528566
17533763
17540895
17546376
17550123
17551042
17553522
17564484
17570239
17571536
17572852
17574193
17580071
17580382
17582397
17583034
17584878
17589419
17594063
17594321
17595539
17596377
17597554
17599423
17599681
17600420
17601334
17601873
17602395
17602943
17602981
17616429
17618247
17621655
17622624
17625403
17626936
17628354
17629672
17632650
17632983
17633012
17634079
17636133
17637224
17639014
17639249
17639967
17643419
17643736
17643804
17644470
17646598
17647557
17648106
17648118
17648830
17648887
17652720
17655683
17656020
17661106
17670027
17670727
17671438
17672338
17673428
17673519
17673810
17675679
17675695
17676661
17678514
17678825
17682069
17682260
17682509
17698846
17699347
17701145
17702705
17703049
17704418
17705073
17705398
17706237
17708150
17711478
17714344
17715204
17717255
17718167
17718420
17719470
17719583
17721821
17722096
17729508
17734209
17734359
17734727
17736324
17738371
17738444
17738559
17740219
17741219
17741419
17753525
17754488
17754649
17756476
17757084
17757751
17764224
17764306
17764358
17765525
17765923
17766534
17769025
17774459
17775789
17775976
17776558
17779500
17779685
17782121
17783767
17784721
17785040
17785517
17790377
17791622
17792576
17794232
17795525
17801462
17803098
17805154
17805357
17805527
17807426
17809607
17812847
17816033
17817206
17818224
17821132
17827690
17829724
17833274
17834094
17834740
17834876
17835202
17836831
17837486
17837910
17838978
17840810
17842592
17844977
17851139
17851786
17855300
17859287
17859298
17859425
17864229
17864938
17865330
17867287
17875125
17876441
17877359
17877893
17879901
17884455
17885104
17888437
17889673
17894113
17895092
17897693
17899667
17901059
17902916
17903118
17903340
17904126
17904301
17907250
17912226
17912313
17913257
17913918
17914142
17918301
17919194
17921888
17922163
17923777
17924019
17927184
17928571
17934030
17936005
17937532
17941424
17948219
17949014
17949691
17950357
17955747
17956227
17958134
17958178
17958698
17962997
17963521
17963616
17964959
17968181
17968334
17969075
17969887
17974376
17976515
17978543
17979209
17981661
17982277
17982783
17986945
17994489
17997570
17998459
18002991
18004643
18009502
18010422
18012150
18012293
18012721
18013027
18015148
18018675
18020060
18023575
18025651
18032152
18033319
18033501
18033838
18037267
18039080
18039639
18041365
18041627
18041828
18042736
18043353
18047485
18049096
18049895
18049988
18050629
18050913
18054651
18055553
18058403
18058818
18063349
18063926
18064030
18066956
18067322
18068889
18069660
18069913
18078407
18079408
18080149
18080336
18080628
18081823
18083991
18085190
18085323
18088868
18089359
18089986
18089987
18090573
18091374
18095603
18098448
18101877
18102683
18102837
18111364
18116069
18121168
18124145
18126188
18126552
18130539
18135804
18138616
18141041
18143445
18145480
18148753
18155812
18156321
18159650
18160201
18160723
18162038
18162341
18169033
18172093
18172318
18175884
18177525
18177660
18182160
18187203
18187357
18187755
18188054
18188240
18189176
18189997
18191179
18192084
18192495
18199161
18206685
18208386
18211498
18216837
18219040
18220658
18221319
18223883
18227348
18227722
18228464
18230118
18231187
18231743
18231983
18237113
18250088
18250217
18251600
18255645
18257094
18257359
18257679
18258140
18258930
18259137
18259272
18259835
18262038
18266408
18267223
18267862
18269254
18270755
18271704
18274912
18277926
18282742
18282840
18284241
18286010
18286117
18286590
18288029
18288557
18290354
18294056
18295507
18298869
18300616
18303587
18307002
18308374
18309764
18310253
18311149
18312441
18313930
18315478
18316624
18316715
18318027
18320154
18320429
18320786
18322153
18323081
18325580
18327467
18328979
18332573
18332741
18332844
18335397
18339054
18342086
18343686
18344082
18344778
18345636
18346028
18348073
18356173
18356428
18357680
18357851
18361095
18361395
18364318
18369339
18371625
18375929
18376641
18378691
18378948
18380214
18382108
18383108
18383608
18384256
18385017
18385569
18386118
18387407
18391607
18391609
18395496
18395752
18397589
18398845
18401758
18407747
18409897
18412712
18414712
18423098
18425088
18427253
18427952
18428168
18428430
18432520
18433014
18436514
18437414
18438881
18440250
18440834
18442143
18442555
18443148
18444462
18450034
18453022
18455450
18461040
18461134
18462230
18462841
18465606
18465761
18465876
18465884
18467319
18468856
18472256
18472662
18473960
18476666
18478669
18479803
18483533
18484956
18489608
18489803
18494379
18494826
18495115
18497023
18500999
18502650
18506567
18509464
18510332
18510403
18514813
18515768
18521151
18521868
18522556
18522776
18523541
18528188
18533184
18533494
18534306
18534488
18535319
18535963
18537263
18538117
18539463
18542068
18544363
18544540
18546581
18546871
18548812
18549966
18550322
18551192
18551267
18554455
18554536
18554944
18556628
18557255
18557648
18558430
18558826
18558858
18559195
18560129
18560959
18564879
18565510
18566233
18566402
18567858
18567874
18569885
18571123
18575258
18577471
18580058
18580101
18581625
18582389
18582692
18584971
