138
156
296
424
771
784
945
950
960
1066
1205
1231
1305
1342
1565
1876
2058
2071
2073
2134
2270
2275
2581
2734
3017
3029
3033
3078
3107
3249
3483
3510
3617
3664
3750
3804
3923
4253
4355
4668
4736
4784
5104
5230
5295
5324
5407
5437
5587
5675
5729
5776
5866
5955
6095
6096
6100
6156
6157
6236
6272
6504
6581
6823
6848
6864
6892
7061
7355
7390
7555
7925
7953
7974
7978
7999
8045
8075
8210
8211
8669
8678
8852
8908
8979
9003
9067
9319
9480
9481
9487
9593
9629
10031
10182
10337
10523
10538
10604
10609
10711
10853
10955
10968
11031
11050
11084
11096
11178
11409
11593
11722
11770
11976
11998
12007
12065
12237
12242
12283
12387
12422
12551
12672
12851
13028
13086
13133
13288
13313
13496
13765
13876
13917
13945
14240
14253
14273
14480
14486
14563
14603
14756
14971
15205
15422
15483
15572
15572
15653
15867
15984
16041
16079
16190
16253
16446
16455
16489
16606
16676
16680
16767
17055
17072
17150
17232
17449
17484
17491
17522
17950
18033
18105
18146
18165
18194
18273
18285
18416
18588
19124
19179
19225
19401
19548
19591
