34
55
84
294
673
683
744
749
775
820
907
1208
1347
1389
1398
1429
1692
1769
1919
1923
1988
2040
2056
2067
2173
2281
2411
2415
2658
2879
3034
3081
3093
3112
3182
3209
3309
3336
3449
3643
3693
3860
3889
3929
3970
4050
4081
4142
4206
4211
4231
4279
4294
4307
4422
4623
4634
4754
4860
4864
4906
5111
5248
5289
5307
5314
5613
5659
5736
5797
5827
5854
5908
5936
6145
6314
6354
6359
6423
6436
6464
6468
6497
6596
6659
6717
6758
6774
6824
6844
6859
6962
6988
7196
7517
7572
7586
7727
7778
7804
7858
7984
8024
8038
8064
8096
8096
8174
8204
8273
8379
8381
8475
8482
8534
8545
8688
8738
8742
8870
8928
9038
9235
9282
9539
9588
9642
9750
10015
10040
10153
10160
10182
10455
10468
10591
10623
10652
10803
10806
10865
10885
11152
11312
11364
