58
144
219
301
346
503
550
573
600
797
854
863
889
904
1079
1084
1159
1201
1271
1303
1307
1458
1512
1673
1699
1725
1873
2040
2062
2202
2301
2350
2397
2512
2531
2570
2679
2894
2906
2977
2989
3047
3233
3315
3387
3483
3521
3577
3841
3856
4029
4179
4306
4348
4381
4415
4456
4490
4511
4563
4593
4635
4669
4734
4754
4762
4917
4959
5000
5022
5096
5159
5178
5198
5207
5216
5716
5788
5793
5835
5927
5971
5978
5985
6007
6169
6264
6313
6315
6369
6427
6630
6723
6724
6799
6965
7011
7215
7367
7402
7483
7552
7713
7746
7796
7892
7964
8119
8147
8148
8393
8462
8464
8572
8714
8835
8897
8901
8909
8932
8990
9135
9335
9431
9474
9615
9690
9835
9891
9964
9985
9987
10218
10283
10374
10531
10576
10659
10664
10695
10723
10827
10962
10977
11067
11113
11252
11451
11564
11610
11724
11909
11943
11948
12032
12139
12212
12221
12447
12532
12596
12627
12635
12678
12703
12792
12823
12857
12879
12913
12923
12924
12929
12970
12980
13097
13138
13162
13214
13238
13275
13289
13498
13612
13639
13841
13843
13921
13965
13986
14019
14068
14106
14132
14284
14298
14315
14320
14325
14386
14413
14446
14470
14585
14633
14638
14726
14756
14795
15021
15021
15110
15171
15199
15217
15261
15356
15356
15481
15681
15991
15995
16006
16006
16096
