12
379
579
584
851
1039
1191
1293
1439
1467
1491
1510
1550
1668
1750
1881
1900
2117
2192
2235
2354
2386
2486
2501
2541
2595
2611
2748
2750
2807
2856
2972
2983
3158
3234
3363
3465
3619
3712
3787
3975
4073
4159
4493
4502
4505
4532
4559
4764
4876
4911
5014
5035
5097
5158
5187
5200
5296
5312
5392
5664
5667
5799
5917
6008
6149
6217
6362
6443
6453
6595
6679
6791
6872
7068
7080
7179
7391
7406
7438
7531
7547
7571
7612
7632
7734
7757
7787
7869
7940
8097
8111
8139
8150
8209
8376
8433
8555
8625
8808
8865
8995
9007
9137
9214
9353
9375
9657
9684
9912
9922
9969
10203
10256
10279
10311
