78
153
201
238
289
683
721
931
1043
1063
1118
1164
1241
1262
1383
1390
1661
1828
2269
2360
2492
2499
2604
2649
2727
2766
2774
2922
2969
3015
3089
3253
3310
3355
3553
3661
3713
3801
3823
3889
3957
4097
4107
4390
4404
4439
4505
4587
4900
4966
5087
5090
5090
5133
5245
5414
5535
5550
5657
5702
5714
5905
5920
6428
6565
6635
6668
6696
6804
6821
6894
6943
7045
7064
7122
7150
7235
7270
7284
7313
7477
7517
7601
7660
7727
7932
7940
7995
8016
8034
8035
8095
8122
8242
8399
8517
8645
8650
8668
8799
8912
9040
9241
9726
9753
9812
9830
9833
9847
9874
10088
10165
10186
10572
10575
10636
10719
10807
10880
10946
10989
10998
11017
11062
11068
11071
11159
11172
11223
11228
11341
11348
11417
11438
11439
11495
11540
11598
11612
11655
