70
75
127
509
573
593
623
635
667
689
690
695
919
936
990
1041
1089
1089
1115
1148
1167
1184
1203
1224
1295
1435
1480
1661
1823
1852
2121
2185
2222
2246
2428
2440
2477
2535
2589
2609
2879
2927
3267
3316
3409
3459
3517
3706
3752
3852
4059
4296
4325
4401
4421
4455
4460
4529
4552
4735
4796
5021
5086
5381
5460
5491
5512
5532
5609
5661
5672
5765
5767
5872
5902
6102
6147
6175
6235
6259
6280
6283
6295
6348
6391
6407
6413
6465
6484
6570
6622
6674
7044
7076
7303
7360
7600
7620
7802
7887
7894
7913
8016
8028
8080
8188
8200
8214
8240
8272
8319
8369
8391
8546
8755
8759
8882
8889
8935
9028
9080
9094
9188
9223
9243
9336
9373
9487
9571
9605
9640
9647
9804
9816
9828
10005
10057
10074
10099
10138
10302
10320
10397
10455
10587
10701
10891
11073
11394
11439
11453
11564
11671
11720
11729
11796
11838
11936
11968
12025
12225
12255
12288
12363
12518
12530
13111
13375
13376
13487
13562
13607
13737
13771
13822
13936
13987
14013
14037
14040
14117
