46954
47033
47160
47192
47263
47513
47567
48457
48779
48902
48968
49191
49711
49743
49957
49992
50000
50547
50709
50816
51113
51668
52269
52316
52584
53054
53177
53588
53805
53984
54255
54348
54547
54772
55110
55704
55843
55910
56623
57010
57066
57547
57685
57774
57944
57963
58034
58065
58112
58203
58232
58312
58514
59029
59101
59444
59480
59922
83155
147870
150882
153241
153732
155052
155752
156348
160438
162668
259750
260116
260241
260298
260388
260889
260966
262015
262722
263109
264003
264676
264893
265334
265350
265387
265490
265543
265699
265921
266281
266323
266342
266544
266767
266972
267134
267164
267547
267646
268070
268792
269415
269606
269949
270263
270455
271154
271443
271967
272686
272731
272826
273370
273945
274089
274126
274166
274373
274510
274557
275056
275228
275255
275497
275939
276348
276433
276497
276600
276611
276632
276674
277004
277791
277908
277937
278592
349941
349999
351620
352286
354102
355358
359440
360567
360595
360736
362415
362950
364824
445944
447471
447512
448016
448418
449515
449555
449983
451764
453633
460670
460776
463032
464145
521438
527059
607223
608167
608873
609093
609900
610321
611604
612439
614545
615755
616533
616933
617517
619341
728807
731043
731382
732528
746986
747226
747245
747495
747529
748196
748692
748814
748911
748994
749209
749398
749535
749619
749798
749831
751131
751337
751810
751973
752236
752854
753160
753412
754529
754642
754861
754929
755156
755176
755385
755735
756091
756286
756425
756663
756703
756807
756963
757715
758122
758677
758704
758855
759041
759584
760322
760822
760982
761171
761774
762359
763008
763183
807286
808979
817513
817868
818174
818325
818468
819034
819210
820113
820173
820680
821217
822195
822472
822647
822667
823578
824513
826218
826833
826885
827092
827413
827700
828479
828682
828976
829208
829862
830066
830271
830775
830923
830983
831204
832638
833085
833778
833929
834008
836276
836364
836632
837243
866532
867083
867278
867725
868353
868884
868982
869386
869455
869484
869524
870015
870339
870581
870665
870689
871311
871636
871642
871876
872244
872325
872397
872579
872622
872713
872716
873112
873179
873196
873265
873523
873760
874264
874370
874380
874669
874873
875017
875143
875216
875584
875889
875990
876055
876618
877253
877290
877441
878669
880484
881064
881176
881313
881355
881521
882064
884036
884418
885806
886137
886266
886541
886754
887681
888093
891940
892047
893999
894182
895360
896703
896793
897198
953690
959401
962774
1009639
1015354
1243235
1246522
1256152
1257630
1259242
1259894
1260115
1262884
1265958
1266305
1267765
1327405
1327516
1327566
1327812
1327875
1329162
1329504
1329561
1330856
1331402
1331709
1332475
1332958
1333071
1333083
1333139
1334276
1334378
1334522
1335249
1335516
1336285
1336325
1336377
1336385
1336518
1336885
1337068
1337105
1337134
1337391
1337460
1337687
1388312
1389491
1390408
1390417
1390516
1392127
1392277
1392850
1393224
1393516
1394006
1394242
1394535
1394925
1395176
1395880
1396285
1396445
1396793
1397354
1397879
1397989
1398214
1398683
1398787
1399260
1399324
1399606
1400881
1400981
1401258
1401261
1401584
1402327
1402564
1402578
1403063
1403175
1403189
1403217
1403693
1403782
1404033
1404279
1404390
1404979
1405008
1405018
1405049
1405399
1405967
1406016
1406119
1406260
1406307
1406706
1407078
1407897
1409316
1410051
1410214
1410776
1410927
1411132
1411143
1411318
1411784
1412237
1412289
1412303
1412885
1412916
1412963
1413385
1413460
1413479
1446000
1446380
1448391
1451267
1452691
1457041
1457116
1457379
1457780
1458543
1518995
1519133
1521986
1522660
1522825
1523031
1524726
1524763
1525247
1525287
1525774
1525861
1526634
1527042
1527991
1528785
1529233
1529583
1574334
1574352
1574417
1574579
1574746
1574831
1575068
1575150
1575330
1575517
1575756
1575792
1575970
1576045
1576422
1576468
1577845
1577854
1577927
1577975
1578187
1578240
1578942
1579381
1579517
1580138
1580231
1580717
1580724
1580779
1581209
1581389
1581513
1581539
1581613
1581630
1581667
1581831
1582676
1583254
1584223
1584427
1584892
1593652
1621086
1621176
1621256
1622279
1622830
1622919
1623648
1624036
1624856
1625513
1626120
1626987
1627274
1627609
1628450
1630383
1630702
1630998
1631391
1631833
1631920
1631924
1632165
1632241
1654786
1655048
1656943
1660016
1663016
1682318
1725379
1734992
1735592
1736650
1736749
1739238
1740269
1740310
1741286
1742243
1744062
1744644
1797873
1798876
1800303
1801777
1804868
1805309
1885108
1885825
1885914
1886350
1887787
1887883
1887983
1889239
1889326
1890716
1891145
1891340
1891709
1893151
1893192
1893311
1894094
1894391
1895264
1895295
1895437
1895756
1896238
1896504
1896514
1896575
1896871
1896933
1897116
1897169
1898495
1898728
1899767
1899895
1900186
1970453
2019961
2027462
2028709
2029530
2033512
2034463
2034544
2079150
2085624
2089156
2089203
2093495
2093782
2094692
2096063
2096737
2096793
2097263
2097446
2097997
2098534
2098593
2099469
2099870
2099871
2101464
2101748
2101988
2103552
2103790
2104101
2104678
2105141
2211190
2211212
2211736
2212015
2212228
2212309
2213726
2213909
2214110
2214200
2214715
2215992
2217180
2217286
2217512
2217644
2217894
2217934
2218070
2218188
2218211
2218694
2218793
2218932
2218985
2220026
2220120
2220645
2220727
2220767
2220820
2221115
2221359
2221469
2221782
2221847
2221948
2222409
2222507
2223011
2223191
2223196
2223266
2223329
2223426
2223995
2224811
2225383
2277903
2283913
2288654
2299450
2329110
2329227
2330298
2331034
2331417
2332351
2332584
2332823
2333323
2333658
2333828
2334193
2334267
2334811
2334977
2335733
2336083
2336134
2336181
2336554
2336722
2337226
2337423
2337747
2338159
2338261
2338410
2338445
2338575
2338619
2338798
2339062
2340059
2340855
2340896
2341201
2409187
2410190
2411703
2411711
2413090
2413166
2413183
2413550
2413686
2413742
2413770
2414650
2414913
2416523
2416602
2417503
2417603
2417744
2417832
2417915
2417917
2418348
2418460
2419460
2419814
2419941
2420279
2420366
2420858
2421020
2421525
2422446
2423250
2423360
2423436
2423574
2423663
2423772
2423800
2424045
2424087
2424278
2424486
2424547
2424908
2425704
2426231
2426683
2426944
2458483
2458501
2458532
2458637
2459017
2459333
2459442
2459566
2459588
2459799
2460562
2460712
2460819
2461178
2461334
2461790
2461841
2461920
2461993
2462080
2462211
2462469
2462481
2462637
2462670
2462686
2463162
2463370
2463729
2463764
2463949
2464027
2464136
2464186
2464258
2464355
2464625
2464761
2465609
2466597
2467014
2467279
2467440
2467591
2467837
2467883
2468021
2468174
2468264
2468701
2469240
2469591
2469961
2469969
2470316
2470345
2470458
2471165
2471225
2471355
2471647
2471989
2472239
2472444
2472522
2472587
2472825
2473367
2473596
2473661
2473812
2473935
2473963
2474211
2474806
2474836
2474859
2475423
2475430
2475626
2475776
2475797
2485123
2485992
2555039
2555821
2556164
2556434
2557033
2557105
2558100
2558751
2560792
2563397
2563562
2563652
2563780
2563891
2564042
2564264
2634900
2676170
2676233
2676241
2676526
2677050
2677944
2678203
2678356
2678651
2678663
2678735
2678844
2679036
2679053
2679064
2679131
2679648
2679839
2680277
2680322
2680366
2681084
2681182
2681238
2681434
2681442
2682312
2682499
2682794
2683485
2683635
2683733
2683995
2684195
2684244
2684626
2685320
2685322
2685436
2686018
2686023
2686058
2686156
2686591
2686931
2687248
2687266
2687270
2687385
2687598
2687814
2687842
2687873
2689025
2689099
2689157
2689292
2689550
2689618
2690408
2690803
2690871
2690958
2691037
2691253
2691364
2691639
2692223
2692258
2692433
2692625
2692763
2692799
2692806
2692996
2693227
2693705
2693735
2712774
2715150
2718598
2722099
2722189
2722481
2725637
2725947
2726029
2726321
2726502
2727127
2728359
2729256
2730204
2730705
2731799
2731895
2732081
2732816
2732974
2733257
2733566
2733866
2734761
2735417
2735523
2735658
2735745
2735809
2735989
2759952
2772351
2790871
2808836
2810271
2811961
2813253
2819427
2822167
2822846
2822876
2823403
2823568
2823605
2825795
2826176
2826413
2826562
2826639
2827422
2828148
2829193
2829223
2829945
2830238
2830602
2830944
2830957
2831161
2831371
2831634
2831855
2833034
2834086
2834117
2834756
2834874
2834996
2835126
2835651
2835752
2836568
2836759
2836995
2837159
2837636
2837718
2838861
2839363
2839467
2839829
2858514
2858705
2858716
2858794
2858842
2858938
2859033
2859060
2859274
2859891
2860593
2860672
2860992
2861071
2861319
2861591
2861775
2861869
2862131
2862544
2862963
2863039
2863824
2864172
2864295
2864797
2865029
2865298
2865810
2866212
2866679
2866764
2867034
2867175
2867613
2867644
2867813
2868142
2868165
2868742
2868955
2869105
2869573
2869742
2870166
2870594
2870663
2870983
2871127
2871230
2871303
2871383
2871531
2871591
2871676
2872658
2872673
2872684
2872911
2873367
2873779
2874310
2874729
2875379
2875591
2876432
2876856
2877005
2877199
2877624
2877687
2878668
2878901
2879065
2879201
2879456
2880249
2880261
2880280
2880610
2881396
2881940
2881972
2882092
2882117
2882500
2882577
2882623
2882808
2883780
2883868
2883970
2884306
2884379
2884724
2884745
2884767
2885181
2885681
2885761
2886223
2886266
2886810
2887237
2887417
2920957
2921437
2925583
2925624
2930929
2931575
3048695
3049264
3049792
3050032
3050117
3050272
3051383
3051569
3051747
3051828
3051871
3051948
3052249
3052256
3052381
3053162
3053608
3053969
3054319
3054425
3054580
3054932
3055809
3055901
3056999
3057021
3057561
3057602
3058132
3058133
3058305
3058470
3058668
3058947
3059363
3059713
3059886
3059912
3060182
3060841
3061167
3061195
3061593
3061708
3061864
3062002
3062449
3062499
3062513
3062632
3062868
3062929
3063102
3063550
3063609
3063610
3064090
3064200
3064469
3064645
3064691
3097099
3097379
3097657
3097664
3098221
3098565
3098678
3098953
3099053
3099102
3099339
3100068
3101194
3101284
3101448
3101779
3102013
3102475
3102643
3102918
3102950
3103225
3103400
3103697
3104043
3104458
3104997
3105262
3105430
3106061
3106185
3106191
3106692
3108042
3108042
3108468
3108532
3108741
3141467
3149265
3152088
3164291
3165824
3165912
3166755
3166945
3167207
3167666
3167716
3167978
3168498
3169713
3170225
3170890
3171375
3171401
3171501
3171738
3172383
3173056
3173394
3173586
3175030
3175031
3175194
3175469
3175743
3175898
3176271
3176762
3176845
3179004
3179179
3179605
3179952
3181032
3181038
3181359
3182128
3182338
3182406
3182589
3183103
3183140
3183339
3183427
3183644
3183672
3183718
3184011
3184316
3184345
3184507
3184541
3184601
3184633
3184747
3184880
3185087
3186471
3186494
3186837
3187310
3187327
3187646
3187781
3187955
3188445
3188924
3188928
3189236
3189259
3189438
3189544
3190425
3190680
3191275
3191415
3192070
3192815
3192872
3193017
3193072
3193112
3193130
3193647
3193651
3193710
3193714
3193879
3194110
3194272
3194695
3194743
3196755
3196844
3213979
3294663
3296118
3296138
3296576
3297726
3297932
3298921
3301318
3302234
3303809
3303955
3304609
3304647
3305638
3305752
3325559
3338055
3338149
3338249
3338286
3338417
3338454
3338503
3338735
3339228
3339663
3339775
3340372
3340765
3341049
3342177
3342921
3343476
3343565
3343919
3344550
3344638
3344809
3344867
3345217
3345291
3345402
3345409
3345772
3346321
3346548
3346616
3346670
3348337
3348690
3349122
3365660
3365800
3365910
3366076
3366156
3366269
3366358
3366576
3367003
3367233
3367289
3367597
3367742
3367854
3368120
3368166
3368470
3368624
3368746
3368819
3368865
3369343
3369365
3369627
3370019
3370096
3370214
3370367
3370504
3370858
3370928
3371182
3371225
3372555
3372815
3373075
3373192
3373256
3373642
3373983
3374072
3374117
3374314
3374793
3374820
3374854
3375075
3375559
3375623
3375765
3375908
3376004
3376105
3376399
3376438
3376502
3377497
3377517
3388101
3388387
3388840
3389926
3391222
3391420
3392731
3393177
3394080
3395740
3395762
3397151
3397194
3398146
3399099
3400938
3402380
3402714
3404206
3404338
3405431
3405847
3406561
3418441
3418963
3419037
3419266
3419306
3420424
3421105
3421376
3422819
3423502
3423614
3423956
3423994
3424060
3424090
3424655
3424834
3424918
3425253
3425527
3425578
3425610
3425639
3425936
3426112
3426491
3426692
3427071
3427233
3427348
3427523
3428390
3428591
3428644
3429415
3430014
3430293
3431244
3431511
3431767
3432266
3432541
3432570
3432841
3433031
3433543
3433989
3434316
3434380
3434528
3434718
3434859
3462419
3471971
3476027
3476506
3476519
3476545
3476756
3476985
3477049
3477482
3477587
3477680
3477735
3478121
3478494
3479232
3479517
3479599
3479605
3479940
3480281
3481191
3481417
3482645
3483324
3483384
3483622
3484608
3484696
3485378
3485531
3531546
3531634
3531685
3531704
3531929
3532280
3532420
3532479
3533292
3533639
3533783
3534093
3534523
3534558
3534631
3534646
3536010
3536328
3536433
3536824
3537614
3537790
3538328
3539938
3540050
3540954
3541337
3541821
3542327
3542796
3604035
3604403
3610129
3613549
3635246
3635292
3635754
3636356
3636474
3636570
3636612
3636654
3636785
3636847
3637082
3637185
3637205
3637428
3637543
3637815
3638111
3638195
3638292
3638376
3638602
3638740
3638867
3639135
3639363
3639710
3639984
3640611
3640909
3641115
3641140
3641284
3641690
3643051
3643613
3643651
3643818
3644137
3644173
3644331
3644944
3645067
3645798
3646081
3646178
3646294
3646487
3646620
3647909
3648077
3648837
3649451
3649729
3649963
3649995
3650558
3650680
3650691
3650759
3650796
3650901
3651033
3651079
3651183
3651225
3651452
3670368
3673626
3673831
3676162
3676293
3677232
3678986
3682433
3683069
3683327
3683657
3684522
3685517
3685960
3686030
3686381
3686469
3686484
3686536
3686585
3687258
3687339
3687618
3688950
3689693
3690140
3690395
3690569
3690733
3691025
3691465
3691613
3691704
3691910
3692191
3692731
3692941
3693431
3693550
3694161
3694381
3694806
3694832
3694910
3695554
3695726
3695894
3696444
3697024
3697170
3697292
3697927
3698276
3699347
3699448
3699667
3699829
3701119
3701899
3702565
3702775
3702861
3703134
3703138
3703563
3704623
3705101
3705457
3705572
3705585
3705585
3705681
3705975
3708305
3709243
3710048
3710370
3711137
3711174
3712756
3713954
3714102
3714707
3715065
3715541
3715826
3715849
3717018
3717403
3717622
3741247
3763353
3763649
3764187
3764347
3764684
3765124
3765259
3766027
3767216
3767534
3768122
3768151
3768229
3769064
3769501
3769915
3770799
3770936
3771153
3771328
3771423
3771798
3772044
3772150
3772731
3773029
3773427
3773755
3774148
3774402
3774665
3774771
3775243
3775436
3775550
3776075
3776223
3776714
3776855
3777115
3777434
3778116
3778155
3778167
3778195
3778220
3778640
3779019
3779368
3779604
3779657
3779953
3782072
3782565
3783318
3785165
3786464
3788317
3788977
3789080
3789436
3793362
3793624
3794686
3796952
3797328
3797949
3797991
3829755
3830934
3831625
3833176
3833714
3834533
3835525
3836771
3837008
3838551
3839515
3839583
3840282
3840367
3840684
3841775
3842850
3843089
3843824
3843861
3844891
3957707
3960046
3960556
3963180
3967231
3967817
3979818
3982331
3987451
3987468
3987608
3987961
3988309
3988620
3989150
3989498
3989505
3989708
3990008
3990163
3990754
3990968
3991418
3991866
3992031
3992127
3992675
3992986
3993185
3994073
3994105
3994141
3994749
3995329
3995343
3995957
3995979
3996076
3996082
3996093
3996411
3996782
3996843
3997491
3997703
3997867
3998118
3998187
3998291
3998325
3998356
3998605
3998646
3998761
3998868
3999272
3999586
4000936
4001261
4001528
4001651
4001707
4001752
4001823
4002215
4002319
4002331
4002413
4002674
4003092
4003330
4003336
4003877
4004428
4004530
4004961
4005343
4005355
4005596
4006264
4006839
4007058
4007214
4007267
4007918
4008048
4009274
4009679
4010059
4011065
4011661
4011690
4012466
4012933
4013050
4013960
4014479
4014498
4014525
4014703
4015059
4015191
4029801
4030638
4032126
4032426
4032786
4032970
4033265
4033570
4034512
4035576
4039721
4040272
4040641
4040850
4042431
4044282
4045735
4046088
4046558
4047003
4047677
4076134
4076567
4076782
4077017
4077333
4077432
4077849
4078125
4078285
4078339
4078646
4079326
4079770
4079938
4080074
4080110
4080472
4080787
4080873
4081285
4081289
4081395
4081556
4081845
4081994
4082175
4082200
4082277
4082280
4082571
4083171
4083244
4083376
4083408
4083718
4084449
4084811
4085130
4086020
4086042
4086230
4086238
4086774
4087068
4087187
4087365
4088028
4088103
4088119
4088352
4088380
4089158
4089194
4089666
4090295
4090526
4090623
4090743
4090872
4091045
4091178
4091189
4091464
4152665
4155383
4155609
4155633
4155929
4156344
4156385
4156619
4157401
4158465
4158503
4158555
4158587
4158833
4159208
4159322
4160540
4161010
4161042
4161074
4161404
4161543
4161749
4161813
4161984
4162009
4162470
4162605
4163609
4163991
4164248
4164641
4164765
4165655
4165762
4165826
4166566
4166625
4166729
4166772
4166776
4166917
4167683
4167853
4167916
4167930
4168192
4168193
4168599
4169153
4169163
4169177
4169293
4169457
4169610
4170030
4170589
4170845
4171051
4171191
4171346
4171636
4171678
4171816
4172148
4172286
4173130
4173149
4173548
4174076
4174153
4174241
4174396
4174457
4174506
4174924
4196815
4199101
4200686
4201005
4204643
4205627
4323838
4324415
4325056
4325488
4325494
4327736
4328080
4328798
4329133
4329491
4329669
4330671
4331031
4331352
4331423
4331509
4331843
4332008
4333461
4333538
4334494
4334992
4335185
4335598
4335941
4336093
4336198
4336239
4336553
4337744
4337752
4337862
4338168
4338456
4338809
4338892
4339084
4339178
4339506
4339520
4339857
4340258
4340641
4341391
4341831
4342006
4342355
4342431
4342494
4342558
4342732
4342816
4342887
4343198
4343484
4343804
4343819
4344042
4344142
4344168
4344484
4344819
4345005
4345494
4345508
4345993
4346208
4346498
4346712
4346843
4346880
4347097
4347611
4348103
4348534
4348565
4349055
4349149
4349363
4349573
4350686
4351199
4351966
4352167
4352447
4352634
4352760
4353299
4353548
4353664
4354226
4354255
4355133
4355519
4355700
4357027
4357038
4357292
4358909
4359268
4359418
4359697
4359811
4360481
4361383
4361800
4361964
4362007
4362113
4362298
4364735
4364891
4366090
4366398
4367558
4368300
4369038
4369447
4369579
4369941
4370277
4371324
4371544
4371826
4372248
4372407
4372741
4373252
4373456
4373486
4374173
4374830
4375212
4376526
4376556
4376753
4377098
4377459
4377734
4377777
4377865
4379530
4379948
4380390
4381286
4381620
4381996
4382664
4383306
4383670
4384261
4384331
4384569
4384784
4385149
4385607
4386258
4386723
4386783
4386785
4386972
4387245
4387413
4387517
4387689
4387941
4388040
4389176
4389227
4389330
4389470
4389979
4390225
4390495
4390584
4390615
4391245
4391253
4391383
4391437
4391956
4392699
4392786
4392816
4392894
4392958
4392977
4393012
4393624
4393919
4394130
4394220
4394540
4394730
4394880
4395040
4395298
4395355
4395852
4396100
4396355
4396377
4396413
4396446
4396550
4396814
4397660
4397746
4398007
4398069
4398440
4399117
4399845
4399897
4399993
4400941
4400972
4401055
4401297
4401337
4401562
4401574
4401781
4401885
4401927
4402691
4402956
4402957
4403064
4403331
4404145
4404430
4404468
4404601
4404682
4404940
4404991
4405540
4405685
4405753
4406462
4406747
4407189
4408000
4408525
4408857
4408900
4409022
4409067
4409089
4409254
4410155
4410451
4410619
4410722
4410737
4410757
4410944
4411153
4411237
4411543
4412589
4412625
4413137
4413397
4413901
4414125
4414134
4414551
4414947
4415192
4415619
4415854
4415886
4415923
4416106
4416673
4416779
4417100
4417277
4417425
4417769
4417798
4418144
4418226
4418460
4418680
4418817
4418958
4419118
4419245
4419273
4419422
4419769
4419799
4420885
4421690
4422000
4422270
4422573
4423413
4423473
4423576
4423756
4423994
4424136
4424186
4424443
4424843
4425138
4425782
4425821
4426236
4427554
4427775
4427779
4428760
4429020
4429373
4429474
4429485
4429836
4430001
4430034
4430517
4430726
4430833
4431082
4431229
4431680
4432030
4432054
4432153
4432314
4432698
4433035
4433189
4433335
4433449
4433633
4433766
4434698
4434703
4434958
4435012
4435394
4435556
4435818
4436142
4436176
4436391
4436463
4436559
4436706
4436898
4437083
4437137
4437409
4437504
4437593
4437802
4437866
4438089
4438283
4438455
4438722
4438810
4458240
4458329
4458497
4458673
4458901
4459021
4459138
4459307
4459919
4460122
4460603
4461111
4461260
4461770
4461837
4461959
4462272
4463118
4463171
4463383
4463990
4464053
4464312
4464325
4464747
4464994
4465634
4466206
4466483
4467428
4467606
4467647
4467678
4468996
4469069
4469765
4470522
4471514
4471821
4471930
4472871
4473396
4473596
4474242
4474245
4504950
4505147
4505375
4506783
4507733
4507866
4508130
4508444
4508744
4509156
4509380
4509624
4509890
4510126
4510160
4510424
4510639
4510998
4511209
4511965
4512388
4512496
4512962
4513012
4514018
4514113
4514117
4514294
4514398
4514475
4514537
4514609
4515652
4515912
4516401
4516520
4516817
4517078
4517895
4518170
4518210
4519131
4519174
4519350
4519542
4519947
4520263
4520639
4520908
4521163
4523022
4523561
4523587
4523617
4523789
4524142
4524189
4524235
4524241
4524498
4524538
4524919
4525065
4525134
4525145
4525419
4525437
4525748
4526360
4526557
4526569
4526582
4526666
4526816
4527601
4527718
4528194
4528389
4529358
4529451
4529519
4529697
4530015
4530065
4530127
4530829
4530986
4531173
4531443
4532021
4532202
4532454
4532554
4532671
4532682
4533669
4533831
4565670
4565814
4565895
4565952
4567541
4567790
4568061
4568092
4568212
4569750
4569771
4570301
4570448
4571209
4571346
4571784
4572593
4573641
4574092
4574267
4574589
4574640
4574943
4602676
4603504
4603636
4603897
4604130
4604190
4604209
4604668
4604906
4605457
4605687
4605827
4606472
4606708
4607575
4607592
4607732
4608021
4608098
4608454
4608461
4609832
4610310
4610927
4611428
4611736
4612419
4612496
4612753
4612882
4613442
4614083
4614107
4615060
4615174
4615436
4615449
4615501
4615658
4616359
4616727
4616884
4616906
4617015
4617086
4617265
4617485
4617873
4618093
4618803
4618833
4618858
4619465
4665744
4666089
4666745
4667771
4670102
4670946
4671038
4671257
4671427
4672838
4673350
4673439
4673983
4675715
4675874
4677127
4677472
4678059
4678401
4679053
4679401
4679637
4680570
4680610
4692718
4709126
4727348
4727383
4727537
4728128
4728353
4728778
4728821
4728846
4729133
4729489
4729740
4729789
4729842
4729844
4729884
4730091
4730918
4731513
4731536
4731675
4732051
4732061
4732066
4733175
4733432
4733438
4733594
4734493
4734699
4734724
4735083
4735127
4735486
4735805
4736475
4736487
4736515
4736548
4736556
4736741
4736897
4736993
4737456
4737462
4737895
4738142
4738681
4739029
4739203
4739374
4739491
4739507
4739660
4740021
4740865
4740901
4741563
4741736
4741755
4741919
4742043
4742744
4742798
4742958
4742978
4742980
4743367
4743971
4743992
4745166
4745608
4746651
4747309
4748741
4750036
4750465
4752371
4753165
4753315
4770714
4770905
4771757
4772762
4773926
4774183
4775638
4778279
4780322
4780639
4781098
4782606
4782711
4782835
4784802
4784876
4784982
4785489
4785979
4787254
4787758
4787959
4840549
4840671
4840770
4840908
4842664
4842921
4843079
4843116
4843276
4843892
4844159
4844381
4844547
4844698
4844811
4844929
4844996
4845309
4845378
4845410
4845517
4845683
4846015
4846093
4846264
4846322
4846703
4846834
4847029
4847915
4848137
4848770
4848820
4849189
4850248
4850265
4850691
4851158
4851230
4851362
4851664
4852273
4852581
4853024
4853123
4853340
4853475
4853597
4853707
4854113
4854470
4854967
4855125
4855161
4856129
4856321
4857416
4857427
4857542
4858106
4858166
4858180
4858441
4858973
4859054
4859065
4859176
4859323
4859989
4860221
4860413
4860428
4860892
4861647
4861900
4861987
4862086
4862181
4862573
4862778
4862895
4863227
4863237
4863298
4863511
4863931
4864000
4864165
4864278
4864519
4864713
4864773
4865247
4865717
4865840
4865947
4866132
4866354
4866421
4866689
4867042
4867104
4867313
4867495
4868126
4868411
4869115
4869570
4869729
4869773
4869922
4870681
4872180
4872210
4872291
4872450
4872512
4872933
4873797
4873965
4873981
4874080
4874412
4875993
4876050
4876749
4877250
4879832
4880292
4881850
4881960
4882089
4883497
4883908
4884641
4886120
4886392
4886727
4887153
4887172
4887585
4887603
4889051
4889664
4890002
4890079
4890319
4890940
4891283
4891428
4891552
4891867
4891950
4892142
4892238
4892288
4892843
4893480
4893598
4893604
4893724
4894093
4894179
4894246
4895187
4895321
4895326
4895380
4896383
4896778
4896910
4897088
4897644
4897789
4898112
4898342
4898387
4899295
4900068
4900202
4900662
4900833
4901001
4901022
4901044
4901052
4901152
4901533
4901581
4901745
4901830
4901990
4927850
4927878
4928424
4928995
4929094
4929470
4929637
4929682
4929802
4930149
4930285
4930381
4930757
4930779
4930848
4931107
4931129
4931451
4932199
4932496
4932669
4932785
4933135
4933231
4933285
4933728
4933924
4934183
4934803
4935047
4935625
4936097
4936164
4936535
4936671
4936831
4936896
4936963
4937491
4937592
4938252
4938845
4938988
4939116
4939126
4939981
4940155
4940374
4940635
4940641
4940960
4941012
4941148
4941293
4941490
4941935
4942178
4942303
4942961
4943096
4943512
4943652
4943889
4944800
4944821
4944859
4944973
4945175
4945387
4945507
4945540
4946576
4947089
4947112
4947367
4947376
4947405
4947444
4947758
4947873
4947983
4948020
4948356
4948517
4948822
4949188
4949270
4949608
4950238
4950882
4951037
4951041
4951248
4951729
4951954
4951958
4952360
4952433
4952698
4952828
4953232
4953266
4953498
4954260
4954442
4954491
4954893
4955030
4955044
4955308
4955600
4955656
4955859
4956198
4956585
4956715
4992231
4992557
4993310
4994034
4994124
4994171
4994424
4994945
4995556
4995648
4995779
4996349
4996355
4996467
4997393
4997947
4998033
4998403
4998425
4998908
4999776
4999804
4999860
4999930
5000756
5001177
5001606
5002511
5002637
5003331
5003553
5004738
5005574
5005655
5006159
5006236
5006351
5006379
5006620
5006759
5006796
5006849
5006896
5007199
5007423
5007656
5008021
5008397
5008558
5009006
5009211
5009589
5010052
5010316
5010461
5010634
5010874
5011079
5011155
5011276
5011510
5011595
5011785
5011855
5012344
5012504
5012798
5013057
5013221
5013282
5013699
5015312
5015854
5016572
5018210
5022303
5022560
5023632
5024691
5030688
5032874
5033961
5034981
5035068
5036740
5037981
5039559
5039976
5040092
5040156
5040221
5040385
5040731
5041648
5042035
5042417
5042969
5043034
5044579
5044874
5044938
5045249
5045570
5045618
5045920
5046228
5048029
5048620
5050145
5050868
5050942
5051389
5067288
5067448
5067547
5067642
5067991
5068141
5068501
5068705
5068794
5069043
5069389
5069956
5070348
5071509
5071745
5071999
5072373
5073095
5073353
5073555
5073569
5074026
5074290
5074342
5074680
5074896
5075247
5075352
5075944
5076040
5076074
5076304
5076411
5076976
5077140
5077534
5077955
5077991
5078697
5078921
5079085
5079312
5079329
5079568
5079856
5080046
5080061
5080299
5080435
5080622
5080645
5080973
5081328
5081355
5081556
5081964
5082103
5082904
5083290
5083712
5083868
5083909
5084027
5084134
5084206
5084273
5084350
5084469
5084506
5084537
5084573
5085582
5085770
5085984
5086373
5086558
5087262
5087495
5087706
5088076
5088407
5088512
5089012
5089239
5089350
5089423
5089806
5090179
5090403
5090659
5090762
5091245
5091379
5091426
5091624
5091907
5092098
5092458
5092727
5093140
5093321
5093518
5093634
5094286
5095159
5095304
5095843
5096164
5096267
5096536
5097339
5097547
5097562
5097706
5143861
5152385
5152508
5153232
5154797
5155035
5155064
5155227
5156698
5156761
5156819
5156899
5157842
5157985
5159735
5160120
5161875
5162271
5162446
5163040
5165392
5165532
5165884
5166022
5166223
5166512
5167173
5167431
5167757
5168148
5169828
5211147
5211240
5211857
5213335
5214029
5215340
5216323
5217247
5218402
5218786
5219002
5219505
5219963
5220086
5220242
5220494
5220608
5220694
5221288
5222196
5222629
5223140
5223357
5223529
5223925
5224069
5224838
5224927
5225059
5225131
5225202
5225821
5225916
5225916
5226058
5226472
5226986
5227087
5227945
5228011
5228208
5228648
5242168
5263971
5263974
5264312
5264360
5264601
5264712
5265798
5265884
5266086
5266234
5266292
5266335
5266657
5267455
5267867
5268066
5268218
5268239
5268249
5268275
5268794
5269253
5269254
5269294
5269499
5269843
5270078
5270708
5272120
5272123
5272328
5272508
5272771
5273540
5273640
5274079
5274702
5275586
5275924
5276233
5276265
5276612
5276687
5276721
5277035
5277494
5277497
5277572
5277967
5278289
5280177
5281034
5281275
5283062
5283575
5283812
5284035
5286244
5286782
5286975
5287271
5290160
5290245
5290551
5290634
5291862
5291955
5292093
5292568
5331346
5331819
5333015
5333934
5334673
5335425
5335588
5336108
5337624
5339113
5339590
5340153
5340498
5340616
5341372
5341427
5341539
5345097
5345123
5366294
5375755
5380610
5382371
5382388
5382485
5382643
5382984
5383005
5383234
5383247
5383492
5383778
5383787
5383925
5384119
5384146
5384198
5384346
5384675
5385987
5386191
5386230
5386653
5386725
5386825
5387064
5387603
5388198
5388748
5388826
5389219
5389427
5390066
5390289
5391334
5391907
5392203
5392424
5392587
5392646
5392933
5393165
5393508
5393898
5394049
5394316
5409956
5411630
5412183
5413543
5413645
5413783
5413804
5414343
5414967
5415179
5416059
5416068
5416536
5416751
5416800
5417148
5417302
5418135
5418215
5418222
5418429
5419015
5420780
5421135
5421707
5422069
5422528
5422710
5423180
5423288
5423670
5423834
5423891
5423954
5424234
5424252
5424375
5424835
5424935
5425007
5425357
5425667
5426106
5426219
5426386
5426572
5426912
5427102
5442904
5443189
5443254
5443539
5443567
5443852
5444171
5444209
5444216
5444393
5444557
5444855
5445214
5445729
5446037
5446095
5447552
5447637
5448055
5448091
5448170
5448327
5448446
5448536
5449051
5449317
5449644
5449754
5449766
5450130
5450970
5451041
5451109
5451185
5451197
5451877
5452026
5452131
5452846
5453081
5453211
5453266
5453274
5453874
5454193
5454748
5454792
5455180
5455433
5455682
5455832
5456123
5456147
5456610
5456860
5457693
5457831
5457977
5458082
5458128
5458575
5458853
5459143
5459446
5459502
5459536
5459610
5460153
5460749
5530281
5530424
5530568
5530598
5530683
5531002
5531102
5531610
5531862
5531961
5532868
5533444
5533597
5533649
5534110
5534723
5535052
5535225
5535252
5535283
5535303
5535846
5535960
5536100
5536155
5536228
5536418
5536586
5536746
5537205
5537378
5538705
5539012
5539229
5539274
5539347
5539580
5540043
5540047
5540178
5540376
5540447
5540694
5540710
5540742
5540849
5541074
5541253
5541575
5541604
5542008
5542042
5542197
5542267
5542385
5542767
5542930
5543092
5543912
5544426
5544779
5545166
5545188
5545292
5545567
5546017
5546058
5546224
5546586
5547048
5547151
5547338
5555735
5559911
5560136
5560199
5560333
5560847
5561551
5561593
5562077
5563380
5563741
5564938
5565234
5565397
5565972
5566282
5566343
5566723
5567879
5567932
5568081
5568224
5569025
5570190
5570472
5571743
5571994
5572518
5572692
5572999
5573904
5573923
5573943
5574337
5574570
5575219
5575883
5577320
5577645
5577905
5578324
5578415
5578880
5579236
5580086
5580892
5581997
5582847
5583069
5584220
5585782
5585874
5586375
5586619
5587269
5587311
5588223
5588949
5589044
5589851
5590189
5591329
5591523
5592337
5592745
5592827
5593988
5594080
5595189
5597099
5597486
5597685
5598425
5599523
5599558
5599794
5599869
5601171
5601273
5601516
5601601
5602149
5603367
5603476
5603522
5603845
5604355
5605385
5605539
5605700
5607127
5607441
5607672
5607817
5628159
5629722
5630547
5631247
5632148
5633027
5636445
5636708
5638370
5638770
5639492
5639560
5641194
5641369
5641897
5642058
5642161
5642172
5642887
5643130
5643161
5643582
5645081
5645233
5645587
5645957
5646032
5646556
5646943
5647277
5647918
5648025
5648030
5648113
5648130
5648365
5648711
5648721
5649294
5649442
5649639
5649813
5649954
5650057
5650207
5650229
5650635
5651889
5651908
5651980
5652213
5652731
5653023
5653027
5653153
5653402
5653535
5653703
5653883
5654797
5674707
5675943
5676967
5677220
5677388
5677647
5677875
5677882
5678111
5678181
5678582
5679345
5680886
5681271
5681472
5682378
5682423
5682806
5682846
5684273
5684290
5684955
5685207
5685596
5685695
5685815
5685916
5686382
5686480
5686684
5688276
5688510
5688974
5689085
5689134
5689140
5689353
5689776
5689787
5690031
5690566
5690631
5691412
5692438
5692514
5692633
5694632
5695265
5695455
5695599
5695661
5695728
5695762
5696093
5696510
5696535
5696874
5698306
5699065
5699068
5699286
5699411
5699518
5699880
5699962
5700015
5700323
5700588
5703155
5703234
5703254
5703539
5703725
5704629
5704660
5704894
5707779
5708964
5709067
5791671
5792561
5793071
5793795
5794879
5794913
5794931
5795050
5795878
5796532
5796962
5797047
5797379
5798514
5799034
5799638
5800844
5801007
5801115
5802932
5803218
5803234
5805807
5806361
5806390
5806561
5807058
5807841
5808648
5809691
5871180
5872332
5878637
5935989
5937031
5945559
5946946
5964325
5964856
5965708
5965887
5966602
5967638
5968797
5969728
5972477
5973044
5976439
5983914
5985453
5987466
5988410
5990909
5991214
5992418
5993059
6016945
6017056
6024473
6025081
6029247
6051145
6051146
6051604
6052423
6052551
6052566
6052957
6053004
6053222
6053433
6053684
6053910
6053928
6054090
6054238
6055002
6055556
6056010
6057064
6057630
6057757
6057787
6058220
6058283
6058573
6059105
6060089
6060446
6060802
6061107
6061530
6061858
6062941
6062991
6063102
6063448
6063536
6063652
6064986
6065404
6065636
6066708
6066874
6067629
6067831
6068283
6069265
6069413
6069504
6070163
6070388
6071569
6071757
6071816
6072177
6074049
6074131
6074169
6074300
6074522
6075042
6075467
6075548
6076107
6076224
6076943
6078535
6078769
6078988
6079002
6079259
6079545
6079763
6080131
6080417
6080447
6080868
6080968
6081011
6081133
6081251
6113531
6156444
6156462
6156531
6157456
6157754
6157858
6157949
6158726
6159585
6160555
6160750
6161511
6161579
6162214
6162246
6162447
6162630
6162662
6162854
6163523
6163533
6163683
6164094
6164225
6165019
6165424
6165594
6165737
6166184
6167519
6167876
6168002
6168877
6168933
6169584
6183240
6184576
6184616
6184779
6184991
6185731
6185772
6186022
6186179
6186556
6188164
6188263
6188419
6188439
6188624
6190017
6191120
6192099
6192358
6193105
6193502
6194529
6194617
6194814
6195018
6195242
6195262
6195492
6196538
6196819
6197198
6197716
6197821
6197860
6198051
6198505
6199261
6199371
6199781
6199784
6199882
6200026
6200035
6200335
6201037
6201884
6202036
6202117
6202745
6202856
6203288
6203329
6203473
6203514
6203579
6203818
6204127
6204138
6204552
6204672
6205064
6205366
6205558
6205737
6206266
6206671
6206765
6207248
6207293
6207371
6208523
6208538
6208767
6209437
6209539
6210929
6211103
6211249
6211816
6212034
6212116
6212527
6212845
6212919
6213189
6213277
6213980
6214475
6214609
6214775
6214822
6214901
6214947
6215193
6215653
6215677
6215835
6215895
6216199
6216339
6216347
6216669
6217279
6217467
6217775
6217822
6218418
6218946
6218969
6219255
6219360
6219392
6219497
6219642
6220317
6220625
6220654
6220828
6221362
6221440
6221464
6221869
6222145
6222729
6223415
6223489
6223679
6223964
6224635
6224935
6225995
6226185
6226280
6226392
6226416
6226703
6227170
6227252
6227444
6227485
6227573
6228080
6228454
6228578
6229205
6229347
6229580
6230426
6230499
6230808
6231598
6231881
6232063
6232413
6232445
6232897
6233531
6233930
6234284
6234540
6235113
6235418
6235754
6236116
6236444
6236877
6236902
6237312
6237369
6237699
6238002
6269946
6270090
6271042
6271539
6271863
6271912
6271953
6271987
6272546
6272690
6273003
6273517
6273883
6274026
6274618
6274717
6274894
6275001
6275159
6275946
6276436
6276448
6276710
6276992
6277073
6278195
6278996
6279051
6279666
6279740
6279821
6279974
6280371
6281253
6281326
6282050
6282295
6282406
6282511
6282558
6282563
6282570
6283283
6283601
6283797
6283950
6284747
6284811
6285335
6285513
6285627
6285653
6434227
6435942
6438122
6438401
6445475
6446589
6447952
6466675
6474851
6481367
6521567
6527042
6527246
6527958
6528586
6528876
6528918
6529156
6529711
6529965
6530706
6530948
6531610
6531760
6532052
6532139
6532795
6532889
6534628
6535247
6535399
6535571
6535695
6535913
6536432
6536434
6536589
6536812
6536897
6538081
6538258
6538927
6539200
6539440
6539681
6539762
6540132
6540548
6540961
6541081
6541435
6542411
6542444
6542588
6543181
6544150
6544529
6549868
6619672
6639310
6639520
6640668
6640735
6640880
6641006
6641537
6641570
6642068
6642383
6642388
6642936
6643805
6644053
6644157
6644486
6644527
6644656
6644836
6645841
6646136
6646816
6646847
6646859
6647002
6647077
6647284
6647416
6647742
6647815
6648237
6648241
6648832
6649229
6649289
6649565
6649867
6650434
6650746
6651041
6651420
6652164
6652226
6652723
6653314
6653336
6653707
6654331
6654520
6655043
6655353
6655475
6655807
6655906
6656220
6656313
6657016
6657422
6657671
6658239
6658383
6693503
6695538
6695703
6696579
6697451
6697968
6698015
6698523
6701612
6702378
6703939
6705144
6708079
6708140
6709544
6735173
6744301
6934629
6935139
6935671
6936013
6937492
6937697
6938334
6938406
6938651
6939368
6940280
6942123
6943386
6944247
6945433
6948246
6948427
6949224
6949516
6949538
6949832
6984895
6986069
6990106
6991456
6997057
7001039
7001193
7001317
7002894
7002944
7003155
7003547
7004186
7004272
7004466
7004501
7004871
7004984
7005290
7005425
7005457
7005592
7005595
7005707
7006016
7006429
7006825
7006943
7007078
7007423
7007646
7007836
7007888
7008011
7008091
7008465
7008591
7009007
7009114
7009125
7009929
7010694
7010795
7011271
7011425
7011482
7011619
7012453
7012468
7013129
7013281
7013325
7013643
7013742
7073836
7074517
7074689
7075340
7075447
7075928
7078250
7078809
7079312
7079362
7079584
7080316
7080890
7081128
7081694
7083082
7083962
7084089
7084222
7084849
7085141
7085167
7085506
7085561
7085651
7086291
7156296
7158172
7158549
7158771
7164267
7164902
7166678
7167311
7168654
7170459
7225690
7226017
7226086
7226317
7229091
7229534
7229689
7230310
7230385
7230740
7233448
7233569
7233974
7234893
7237755
7239455
7240272
7240678
7242340
7242367
7242750
7244267
7245597
7248456
7248716
7250986
7257651
7258101
7259491
7260422
7336677
7337840
7339843
7339927
7342536
7344190
7345120
7345555
7346903
7346904
7347567
7348145
7348914
7349403
7350355
7350483
7351142
7351880
7352045
7352612
7352684
7401222
7404777
7405060
7411707
7414369
7414808
7426568
7426729
7429348
7429389
7431618
7433861
7436268
7440245
7440312
7489604
7490173
7491087
7491467
7493315
7494031
7494541
7494583
7494778
7496746
7497782
7498152
7498395
7498552
7499623
7513585
7514051
7514054
7514284
7516789
7520273
7520587
7520705
7521473
7522148
7522435
7523867
7524296
7524763
7559366
7559421
7559453
7559947
7560099
7560198
7560226
7560356
7561008
7561386
7561835
7562197
7562374
7562781
7562868
7562979
7563486
7564343
7564401
7564917
7565009
7565055
7565687
7565745
7566261
7566377
7566459
7566663
7566820
7566822
7566963
7567297
7567466
7567706
7568523
7568558
7568727
7568779
7569146
7571033
7571064
7571727
7572261
7629634
7629736
7629834
7630180
7630465
7630768
7630942
7631816
7631876
7631909
7632129
7632287
7632305
7632344
7633503
7633727
7633814
7634248
7634373
7634502
7635038
7635371
7635489
7635533
7636167
7636305
7636554
7636742
7636814
7636945
7637056
7637130
7637201
7637209
7637862
7637957
7638209
7638255
7638690
7640669
7641106
7641314
7641810
7642418
7642465
7642533
7643730
7644613
7644750
7644764
7644915
7644964
7645011
7645067
7645145
7646560
7647102
7647178
7647194
7648097
7648178
7703886
7703963
7704609
7705002
7705464
7705561
7705635
7706723
7707233
7707334
7707401
7707414
7707896
7708214
7708750
7708791
7709391
7709697
7709883
7709963
7710291
7710390
7710788
7711034
7711563
7711680
7712083
7712206
7712321
7712535
7712739
7712968
7713104
7713217
7713560
7714348
7714350
7714663
7714804
7777468
7777953
7778630
7779899
7782689
7784177
7784803
7786549
7788766
7789352
7791375
7793658
7793756
7794157
7794717
7795238
7795604
7795612
7795753
7795882
7795883
7796178
7796234
7798256
7798283
7798352
7798422
7798469
7799061
7799134
7799183
7799348
7799706
7799769
7799829
7799907
7800957
7801032
7801149
7801328
7801422
7801770
7802252
7802415
7802933
7802982
7803211
7803429
7803458
7803485
7803803
7804054
7804231
7804446
7804501
7805387
7805613
7806338
7806434
7806509
7806802
7807135
7807162
7807934
7808197
7808605
7809349
7809569
7809679
7809855
7809880
7810115
7810391
7810402
7834227
7840195
7840853
7841821
7842900
7843448
7864922
7865301
7865758
7866036
7868822
7869058
7870343
7870508
7870934
7872350
7872798
7876224
7876535
7899280
7899669
7900929
7901682
7901721
7901982
7902219
7902531
7902994
7903445
7903698
7903851
7903940
7904125
7904477
7904654
7904696
7904921
7904983
7905406
7905845
7906084
7906226
7906231
7906591
7907117
7907270
7907622
7907873
7908502
7908520
7908584
7909081
7909191
7909253
7909490
7909597
7909619
7909627
7909649
7909823
7910118
7910642
7910689
7911050
7911063
7911235
7911386
7911711
7912258
7912347
7912834
7913217
7913291
7913292
7913457
7913492
7913572
7914028
7914351
7914430
7914697
7915033
7915088
7915283
7915777
7915861
7916006
7916344
7916620
7916976
7917725
7919207
7920015
7920640
7921819
7921886
7922142
7922161
7922789
7923235
7925465
7925657
7925816
7926083
7927125
7927188
7927819
7928189
7929102
7929253
7929890
7930871
7931331
7931605
7931951
7932755
7933266
7933344
7933410
7952595
7952631
7952694
7953129
7955033
7955504
7955507
7956375
7957030
7957073
7957575
7957848
7959455
7959465
7959922
7960065
7960465
7960518
7961948
7963804
7964632
7965310
7984469
7984959
7985220
7985567
7985704
7986473
7987494
7987965
7987984
7988412
7988559
7988606
7988609
7988686
7989053
7989370
7989388
7990731
7991370
7991414
7991727
7991740
7991926
7992098
7992180
7992590
7992715
7992904
7993085
7993085
7993450
7993456
7993869
7993907
7994003
7994411
7994776
7994949
7995420
7995714
7996182
7996572
7997767
7998204
7998709
7998888
7999194
7999548
8000459
8000644
8000748
8000948
8001080
8001365
8001824
8002871
8002929
8003271
8003560
8003650
8003748
8020949
8021637
8023637
8023769
8023828
8024219
8024387
8024452
8024724
8024753
8025382
8025547
8025707
8026288
8026457
8026977
8027002
8027294
8029040
8029627
8030123
8030288
8034149
8034219
8034638
8034684
8091788
8091951
8092052
8092154
8092190
8092413
8092599
8092644
8092855
8092974
8093104
8093389
8093449
8093556
8093608
8093865
8093936
8094749
8095043
8095698
8095702
8095719
8095914
8096583
8096622
8096976
8096993
8097837
8098135
8098194
8098263
8098418
8098588
8098594
8098631
8098897
8099165
8099295
8099785
8100178
8100401
8100550
8101122
8101256
8101305
8101731
8101756
8101958
8103019
8103191
8103552
8103736
8103929
8104022
8104102
8104497
8104670
8104881
8104940
8105025
8105056
8105368
8105661
8105909
8106143
8106243
8107102
8107447
8107710
8107811
8107821
8107992
8108085
8108252
8108279
8108772
8108800
8108816
8108955
8108981
8109021
8109228
8109642
8109705
8109767
8110321
8141442
8141784
8141980
8142332
8142614
8142968
8143760
8144586
8145534
8146241
8146312
8147137
8147603
8149703
8150269
8150398
8150801
8151098
8152135
8152166
8152453
8152562
8152766
8153439
8153809
8153811
8153886
8154380
8155316
8155981
8156824
8156840
8157462
8157581
8157653
8158445
8158585
8158651
8158680
8158708
8159091
8159347
8159937
8159961
8160795
8161030
8161810
8161974
8162100
8162125
8162358
8162381
8162586
8162764
8163422
8163426
8163548
8163599
8163656
8164126
8164138
8164316
8164945
8165004
8165077
8165662
8165879
8166049
8166894
8167131
8167212
8167672
8167761
8167969
8168010
8168583
8168686
8169488
8171487
8171706
8173015
8174213
8174526
8175341
8175964
8176207
8176791
8177011
8177481
8178737
8179607
8180495
8344720
8345431
8348860
8349614
8351403
8496797
8497012
8498453
8499143
8499795
8499887
8500247
8501330
8501344
8501503
8502021
8502641
8502693
8503018
8503139
8503268
8503562
8503631
8504454
8504583
8504835
8505605
8505967
8506019
8506272
8506436
8506995
8507898
8508521
8509695
8511118
8511782
8512221
8512762
8513145
8513347
8513766
8514289
8515114
8515680
8515850
8516018
8516058
8516370
8516378
8516512
8516903
8517729
8517808
8518395
8519279
8520343
8521636
8521950
8594624
8622229
8624488
8624659
8625206
8625829
8626398
8626868
8626968
8628398
8628551
8628828
8629002
8630804
8631763
8632830
8633753
8635009
8636368
8637796
8641918
8643412
8717782
8718094
8720830
8729629
8729733
8732447
8734007
8735168
8746613
8750769
8752438
8785620
8793479
8843359
8843871
8844678
8844724
8845401
8845712
8845712
8845732
8846854
8847051
8847759
8848115
8848173
8848366
8848647
8850462
8850507
8850731
8851103
8851485
8851566
8851655
8851837
8851877
8872704
8874145
8874836
8875608
8877073
8877097
8877806
8877916
8878361
8879603
8879918
8885072
8891764
8891779
8892134
8895218
8896733
8897204
8905216
8905672
8907880
8908851
8909396
8910054
8910404
8989711
8990031
8990395
8990599
8990860
8991032
8991083
8991130
8991138
8991578
8992271
8992511
8992684
8992704
8992955
8993031
8993184
8993640
8993797
8993803
8993973
8995373
8995399
8995601
8995730
8995884
8995940
8996464
8996901
8996978
8997250
8997382
8997668
8997689
8997824
8998438
8998447
8998542
8998686
8999348
8999478
9000488
9001148
9001235
9001290
9001559
9001784
9002903
9003473
9004039
9004060
9004143
9004368
9004375
9004482
9004499
9004564
9004706
9005125
9005340
9005877
9006050
9006700
9006721
9006849
9007089
9007373
9007394
9007507
9007892
9008296
9023789
9028066
9028103
9029443
9035939
9036382
9037500
9059939
9060127
9060303
9060496
9060580
9060742
9061219
9061472
9061573
9062472
9062508
9062566
9062659
9062865
9063001
9063015
9063601
9063669
9063990
9064316
9064405
9065044
9065533
9066234
9066494
9066634
9067275
9067325
9067618
9068140
9068961
9069180
9069238
9069507
9069706
9069886
9070119
9070256
9070316
9070627
9070894
9071250
9071968
9072094
9072145
9072556
9072958
9073451
9073502
9075276
9075936
9076395
9078739
9079830
9081083
9121842
9122012
9122107
9122330
9122513
9123487
9123946
9123948
9123960
9124159
9124402
9124689
9125190
9125256
9125289
9125331
9125444
9125647
9125800
9125805
9125843
9126496
9126964
9127414
9127446
9127848
9128270
9128573
9128744
9129067
9129616
9129888
9130089
9130795
9131554
9131591
9131931
9132358
9132671
9132852
9133094
9133261
9133539
9134008
9134087
9134651
9134862
9135032
9135387
9135727
9136287
9136457
9136815
9137079
9137315
9137468
9137689
9137851
9137950
9163694
9164228
9185867
9187106
9187967
9189320
9192820
9197473
9234767
9238864
9314443
9322616
9395198
9398131
9398803
9401134
9402216
9404153
9406451
9406571
9447491
9450320
9451958
9454409
9455041
9455098
9456621
9458189
9459097
9473278
9487476
9488355
9488794
9489020
9489479
9490042
9491454
9491633
9493885
9493953
9494471
9494626
9494902
9494979
9494999
9495286
9495344
9495625
9496536
9497372
9498414
9499007
9499833
9500612
9501215
9501616
9502165
9502473
9502676
9502703
9503288
9514400
9514570
9514609
9515388
9515596
9515783
9515991
9516003
9516061
9516444
9516648
9516663
9516876
9517244
9517390
9517527
9517696
9517830
9518349
9518683
9519158
9519373
9519683
9519691
9519707
9519712
9519734
9520066
9520079
9520164
9520345
9520394
9520846
9521122
9521619
9521710
9521714
9521929
9522224
9523993
9524042
9524660
9524908
9525401
9525778
9572723
9574535
9574541
9580523
9585693
9659109
9659123
9659357
9661964
9663128
9663156
9663211
9663256
9663267
9663334
9664495
9664550
9664722
9665074
9665177
9665196
9665356
9666910
9667122
9667290
9667352
9667788
9667820
9667982
9668146
9668548
9668572
9668726
9669053
9669142
9669158
9669531
9669594
9669705
9670252
9671342
9671379
9671707
9671938
9672107
9672227
9672775
9673781
9673968
9674136
9674753
9675159
9675184
9675373
9676229
9676971
9676976
9677477
9677580
9677675
9677905
9677929
9678606
9678904
9679140
9679648
9679859
9680337
9680713
9681208
9681537
9681750
9681772
9681788
9682013
9682187
9683799
9684071
9684850
9685034
9685256
9685391
9685803
9685943
9686007
9686358
9686404
9686721
9687150
9687327
9687546
9687658
9687834
9688608
9688945
9689327
9690489
9690540
9690804
9691736
9691737
9692064
9692341
9692507
9692810
9692928
9694039
9694706
9694833
9694861
9695361
9695865
9696672
9696724
9729361
9730311
9730398
9730708
9730992
9731278
9731680
9732026
9732560
9732632
9733504
9734272
9734545
9734550
9734579
9734641
9735473
9735586
9735714
9735971
9736103
9736667
9736730
9736852
9737037
9738117
9738242
9738445
9739041
9739346
9739432
9739447
9739820
9739936
9740244
9740403
9740454
9740487
9740937
9741446
9741985
9742250
9742327
9742598
9743024
9743129
9743304
9743889
9744260
9744400
9745083
9745429
9745663
9745888
9746330
9746395
9746625
9746662
9747135
9747428
9747616
9747949
9800959
9893518
9911647
9912116
9912808
9912939
9914452
9915561
9915654
9915937
9919099
9919970
9920867
9921166
9921611
9923062
9923531
9923618
9942785
9943174
9943508
9943977
9945165
9945235
9946079
9947381
9947557
9947610
9948039
9948150
9948315
9948900
9948990
9949013
9949129
9949774
9949914
9950028
9950956
9951316
9952706
9985204
9985391
9985744
9985917
9986546
9987047
9987070
9987120
9987409
9987547
9987749
9987785
9987850
9988239
9988513
9988854
9989034
9989248
9989351
9989374
9990619
9990984
9992002
9992648
9993295
9993460
9993481
9993828
9993973
9994005
9994063
9994300
9994599
9995169
9995323
9995509
9997922
9999372
9999564
9999824
10000209
10000306
10000414
10000510
10000554
10000769
10001146
10001170
10001328
10001847
10002049
10004058
10004515
10004592
10004746
10005052
10005262
10005357
10005575
10005592
10006351
10006922
10007359
10007450
10007989
10008139
10008142
10008270
10008548
10008630
10008787
10008999
10009018
10009575
10010038
10010378
10010386
10010595
10010988
10011084
10011557
10012405
10012588
10012735
10012796
10012853
10013169
10013401
10013619
10013804
10014109
10014694
10014988
10015337
10016029
10016133
10016236
10016979
10017577
10017633
10049277
10052646
10052852
10054442
10054716
10055935
10055945
10056939
10057274
10057291
10057608
10058378
10059095
10061494
10063431
10066056
10066529
10066942
10067298
10067633
10068960
10070425
10071431
10074805
10074931
10075128
10076926
10077588
10078188
10078338
10134764
10135194
10135341
10136145
10136724
10136752
10136897
10137276
10137436
10137646
10138248
10138396
10138397
10138465
10138688
10138850
10138968
10139324
10139662
10140184
10141281
10141657
10142244
10142578
10143484
10143597
10144167
10144560
10146007
10147231
10147915
10148498
10148537
10149340
10149416
10149917
10171805
10172270
10174132
10174668
10175530
10175750
10176956
10177479
10177903
10177935
10179063
10180319
10182607
10183597
10183801
10184259
10187234
10200979
10201370
10202310
10202444
10202717
10202858
10204060
10206446
10206788
10206859
10209561
10210183
10211672
10213290
10213368
10214017
10214053
10214130
10214423
10214467
10214709
10215508
10216118
10216130
10216514
10219942
10221997
10224182
10224885
10225752
10227481
10227557
10229145
10229284
10230293
10231031
10231118
10231361
10232936
10233063
10234008
10234019
10234201
10234328
10234617
10234759
10235647
10235892
10235968
10236577
10236628
10236809
10237187
10238533
10238735
10238976
10239185
10239444
10240099
10240351
10240364
10240984
10241540
10241778
10242239
10242855
10242890
10242938
10242966
10243531
10243825
10243959
10244182
10244249
10244365
10245136
10245995
10277515
10277584
10277601
10277740
10277831
10277852
10277939
10278013
10278162
10278759
10278877
10279514
10279623
10279664
10280113
10280206
10280225
10280381
10281164
10281210
10281269
10281994
10282260
10282596
10282851
10282938
10283983
10284012
10284251
10284404
10284602
10284821
10284920
10285305
10285408
10286043
10286169
10286255
10286408
10286578
10286673
10286799
10286829
10287216
10287412
10287828
10287864
10288280
10288659
10288948
10289213
10289243
10289311
10289775
10289999
10290136
10290263
10290362
10290476
10290538
10291200
10291294
10291500
10291503
10292416
10292511
10292519
10292583
10292693
10292875
10292926
10293166
10293218
10293241
10293391
10293428
10293795
10293932
10294052
10294252
10365045
10365897
10366898
10368661
10369503
10370122
10370691
10370892
10371698
10372509
10372847
10372849
10373165
10374005
10374688
10377101
10377234
10377480
10377936
10382781
10384053
10385556
10400659
10402455
10402665
10410357
10410414
10410617
10410679
10411004
10411214
10411309
10411696
10411843
10411987
10412467
10412498
10412607
10412681
10413653
10413778
10413868
10413909
10414316
10414424
10414708
10414754
10414819
10415042
10415173
10415182
10415711
10415895
10416194
10416213
10416529
10416586
10416889
10417000
10417223
10417464
10417669
10417718
10417914
10418095
10418098
10418415
10418576
10418616
10418889
10419005
10419175
10419290
10419298
10419354
10419403
10420072
10420122
10420477
10420537
10420548
10420556
10421617
10421626
10421862
10422229
10422711
10422944
10423405
10423574
10424529
10474138
10478474
10481946
10501819
10502095
10502261
10502947
10503426
10503439
10503483
10504297
10504435
10504524
10504625
10504739
10504857
10505000
10505680
10505837
10506172
10506556
10506933
10506936
10507543
10507558
10507656
10507674
10507887
10508076
10508687
10508738
10508818
10509396
10509468
10509595
10509800
10510059
10510110
10510160
10510606
10510764
10511120
10511348
10511549
10512170
10512510
10513045
10513385
10513423
10513901
10514028
10514779
10515074
10515295
10515347
10515359
10515694
10516596
10516743
10516772
10516797
10590471
10590476
10590879
10590964
10592887
10596390
10597309
10599533
10602129
10602949
10604209
10669853
10670891
10671884
10671910
10672162
10672232
10672406
10672685
10673686
10673710
10673997
10674238
10674354
10674488
10674529
10674729
10675192
10675717
10676218
10676289
10676408
10676604
10676783
10677085
10677167
10677266
10677337
10677346
10677931
10678313
10678822
10678935
10679001
10679002
10679050
10679084
10679732
10679937
10680143
10680159
10680407
10680629
10681202
10681454
10681953
10682286
10682294
10683385
10684078
10684304
10684326
10684834
10685617
10685767
10685770
10915079
11119089
11119397
11119483
11119848
11120291
11121118
11121587
11122018
11122053
11122457
11122481
11122504
11122613
11122768
11123074
11123692
11123736
11124030
11124119
11124350
11124523
11124634
11124667
11125189
11125488
11125600
11125848
11126138
11126745
11127290
11127541
11128079
11128702
11128712
11128901
11128987
11129229
11129837
11130374
11131393
11131486
11132159
11132470
11132689
11133293
11133923
11134227
11135076
11135098
11135195
11135681
11137152
11137694
11137801
11137875
11137889
11137958
11138023
11159708
11177495
11178405
11178414
11178562
11178604
11179057
11179456
11179655
11179724
11180351
11181376
11181383
11182756
11183414
11187408
11188743
11189492
11190067
11191196
11192158
11205906
11244983
11245054
11245161
11245236
11245327
11245793
11245991
11246357
11246533
11246652
11247762
11248239
11248551
11248782
11248972
11249410
11249592
11249647
11250109
11250432
11250782
11251011
11251140
11251671
11251767
11251785
11252210
11252352
11253100
11253247
11253257
11253361
11253599
11254434
11254541
11254591
11254663
11254721
11255158
11255648
11255786
11256038
11256071
11256261
11256393
11256394
11256953
11257071
11257182
11257225
11257469
11257498
11257568
11257765
11257766
11258271
11258984
11259249
11259737
11259801
11259862
11260088
11260095
11260129
11260158
11260353
11260384
11260595
11260629
11261817
11262036
11262135
11262669
11262907
11263011
11263034
11263402
11263665
11263739
11264420
11264622
11264804
11264879
11265459
11333655
11333716
11334332
11334349
11334640
11334827
11335097
11335623
11335631
11336962
11336981
11337436
11337442
11337595
11337754
11338476
11338761
11339152
11339323
11339596
11339610
11340427
11340460
11340638
11340642
11340643
11341697
11342723
11342996
11344018
11344277
11345070
11346614
11346690
11347480
11347575
11347640
11348092
11348298
11348851
11348886
11348887
11349263
11349272
11349288
11349415
11349433
11350225
11350273
11351494
11351515
11352103
11352786
11352914
11353541
11354442
11354453
11354511
11355134
11355156
11355643
11355741
11356253
11357144
11357676
11358075
11358692
11358858
11359642
11359897
11360392
11361872
11362060
11363196
11363836
11363904
11364581
11364671
11364857
11365170
11365226
11365386
11365580
11365590
11365677
11387158
11431120
11431133
11431525
11431703
11431866
11432218
11432654
11432769
11432863
11432997
11433634
11434011
11434138
11434535
11434878
11436448
11436603
11437009
11437181
11437328
11437512
11437901
11438029
11438146
11438624
11438636
11438776
11439308
11439472
11439476
11439542
11439679
11439697
11439698
11441113
11441194
11441497
11441528
11441942
11441954
11442130
11442521
11442936
11442979
11443410
11443977
11444260
11444710
11445390
11445770
11445889
11445933
11446192
11446224
11446456
11446512
11509080
11509525
11510117
11514257
11514719
11515209
11515357
11521339
11524500
11524546
11524752
11525558
11525804
11525921
11527154
11527334
11527945
11528361
11528631
11529737
11529809
11530252
11530268
11530301
11530907
11531447
11531703
11532102
11532424
11532838
11532989
11533929
11534142
11534505
11534714
11535624
11535989
11537549
11538063
11538071
11538574
11538745
11538778
11539305
11539575
11540256
11540276
11541119
11542178
11543017
11544303
11544329
11544652
11546179
11546559
11546628
11546942
11547550
11547629
11547861
11548956
11549636
11549930
11578579
11593588
11593593
11593709
11594130
11594949
11595197
11595631
11595742
11595807
11595926
11596578
11596675
11596947
11597006
11597032
11597040
11597224
11597375
11597450
11598083
11598092
11598190
11598468
11598707
11598716
11598729
11598968
11599661
11599765
11600019
11601741
11601796
11601966
11602025
11602690
11603035
11603137
11603155
11603260
11603633
11603710
11603836
11603971
11604038
11604826
11604846
11604956
11604996
11605185
11605227
11605414
11605860
11605992
11606117
11606354
11606662
11606856
11607429
11607530
11607608
11607756
11608169
11608177
11608180
11608445
11608608
11608710
11654786
11725562
11725907
11750812
11750857
11750917
11750925
11751043
11751112
11751161
11751500
11751847
11752022
11752083
11752094
11752331
11752590
11752843
11752993
11753427
11753461
11753515
11753896
11753944
11754096
11754521
11754787
11755166
11755228
11755326
11755698
11756360
11756499
11756730
11757035
11757815
11758050
11758511
11759200
11759216
11759803
11760561
11760620
11760853
11761201
11761240
11761244
11761292
11761948
11762273
11762916
11763174
11763419
11763494
11763821
11763916
11764170
11764207
11764254
11764710
11765277
11765569
11765793
11765810
11765892
11765951
11766183
11766317
11766353
11766614
11766914
11767005
11767210
11767609
11767957
11768258
11768909
11769044
11769411
11769753
11769843
11769893
11769956
11771274
11771329
11771370
11771406
11771413
11771730
11772394
11772435
11772581
11772735
11772856
11772888
11773048
11774282
11774309
11774553
11775101
11775388
11775446
11775634
11775702
11775915
11776039
11776214
11776902
11777129
11777553
11777873
11778104
11778403
11778559
11778588
11778598
11778669
11780197
11780848
11785731
11791121
11825434
11825717
11825800
11825932
11826015
11826079
11826346
11826549
11826681
11827235
11827568
11828228
11828357
11828593
11828631
11828778
11829091
11829330
11829432
11829701
11829721
11830059
11830129
11830157
11830203
11831066
11831106
11831143
11831338
11831507
11831780
11831901
11831907
11832009
11832023
11832027
11832142
11832213
11832255
11832360
11832584
11832701
11832831
11832982
11833153
11833363
11834080
11835267
11836210
11836386
11836389
11836911
11837171
11837969
11838013
11838131
11838278
11838521
11839369
11839475
11839621
11840009
11840355
11840442
11840855
11840904
11840986
11841979
11842280
11843057
11843258
11843805
11844426
11845139
11845303
11845521
11845532
11845772
11846189
11846201
11846382
11846457
11846483
11846495
11846686
11846991
11847272
11847471
11847537
11847972
11848676
11849248
11849517
11849789
11878625
11902402
11902633
11902649
11903084
11903720
11904380
11904381
11904550
11904848
11905126
11905890
11906281
11906327
11906881
11907402
11907403
11907550
11907742
11907836
11907909
11908604
11908907
11908932
11909170
11909581
11910952
11911291
11911948
11912094
11912698
11913133
11913729
11914001
11914855
11915455
11915589
11915855
11916417
11916752
11916823
11916897
11916935
11917029
11917921
11918173
11918199
11918347
11918460
11918491
11918750
11919306
11919387
11919416
11919888
11919910
11920178
11920309
11920356
11939227
11940042
11940878
11941299
11941402
11943229
11943414
11943437
11944146
11944904
11946322
11946781
11946822
11949941
11950435
11951573
11952288
11953708
12049095
12049827
12050380
12050799
12050812
12051132
12051900
12053262
12053282
12053770
12053775
12054637
12056159
12056418
12056578
12056960
12057164
12057183
12057465
12057519
12059097
12059212
12059265
12059782
12059794
12060149
12060306
12060329
12061094
12061292
12061822
12061833
12062074
12062423
12062453
12062524
12062959
12063157
12063215
12063609
12064442
12064698
12089874
12090378
12092163
12092184
12092343
12094189
12094238
12094487
12094706
12095502
12096341
12096410
12096579
12096724
12097316
12098039
12099281
12099384
12099561
12100721
12102303
12102552
12102702
12171707
12171795
12172567
12172765
12174388
12174545
12175020
12175596
12175708
12175739
12176423
12176766
12178391
12178958
12180367
12182196
12183581
12183684
12185484
12185760
12188931
12189852
12190043
12192751
12193792
12193861
12197123
12198047
12200074
12204568
12205050
12222236
12223451
12223500
12224689
12226484
12226556
12226610
12227391
12227887
12227982
12228247
12230031
12230414
12230827
12231018
12231871
12232787
12233423
12234301
12234362
12260314
12298242
12300137
12315028
12316560
12319081
12321330
12324434
12324799
12327684
12331852
12474188
12474270
12474309
12474732
12474738
12474999
12475007
12476048
12476095
12476109
12476431
12476443
12476628
12477113
12477356
12477388
12477430
12478043
12478072
12478174
12478272
12478509
12478587
12478733
12479324
12479424
12479581
12479594
12479683
12480074
12480306
12481204
12481331
12482003
12482273
12482631
12482682
12482943
12483367
12507132
12507507
12508865
12509106
12510069
12511183
12514037
12514153
12517837
12518866
12545093
12545190
12545668
12546134
12547306
12547551
12548532
12548659
12548789
12549442
12549595
12552315
12554800
12555101
12555377
12555626
12555662
12555775
12557706
12560608
12560939
12640883
12642462
12667589
12670318
12672429
12672511
12672743
12674450
12674826
12674858
12677902
12678572
12680035
12681407
12681522
12685054
12685322
12748757
12749874
12833187
12833614
12834777
12835098
12836638
12837823
12838539
12839139
12839587
12839761
12841026
12841125
12842742
12843214
12845811
12845994
12847116
12847274
12847720
12849463
12849927
13087492
13087566
13087611
13087615
13087676
13088099
13088192
13088318
13089152
13089276
13089490
13089509
13089523
13089701
13089871
13090024
13090745
13090790
13090863
13091458
13091504
13091761
13091936
13092106
13092454
13092484
13092719
13092892
13093172
13093778
13093889
13093977
13094058
13094318
13094827
13095439
13095899
13096272
13096280
13096282
13096461
13096847
13097267
13097307
13097565
13098062
13098441
13098555
13098653
13099041
13099635
13099778
13100045
13100081
13100159
13100232
13100335
13100569
13100602
13100914
13101039
13101089
13101190
13101257
13101377
13101454
13102223
13102807
13102987
13103204
13103375
13142763
13162146
13162438
13162776
13163179
13164450
13165318
13166249
13166860
13169413
13170129
13170539
13171041
13171950
13172722
13172994
13174346
13181736
13188874
13188954
13189118
13189322
13190306
13190680
13191648
13191682
13191950
13192330
13192971
13193307
13193639
13194187
13194326
13194653
13194810
13195194
13195421
13195670
13195966
13196131
13196552
13197168
13198093
13198110
13198275
13198334
13198349
13198858
13200338
13200445
13200572
13201059
13201546
13201610
13201858
13202187
13202342
13202959
13203057
13255890
13269562
13270225
13316061
13316068
13316714
13317727
13317851
13317950
13317962
13318136
13318703
13318820
13318842
13319116
13319200
13319535
13319555
13320078
13320423
13320821
13320868
13321071
13321625
13322131
13322357
13322586
13322608
13322652
13322785
13323485
13324012
13324224
13324409
13324529
13324574
13324725
13325339
13326350
13326427
13327093
13327513
13327536
13327779
13327921
13327944
13327995
13328013
13328057
13328217
13328462
13328733
13329021
13329147
13329275
13330058
13330061
13333063
13334279
13334362
13334553
13336715
13338296
13339331
13343196
13344164
13344372
13344588
13470046
13471650
13471681
13472379
13472652
13472957
13472970
13473137
13474025
13474037
13474328
13474846
13475069
13475512
13476579
13476620
13478804
13482602
13484964
13486334
13488344
13489634
13490947
13491933
13492744
13492771
13512233
13527107
13528848
13532197
13532840
13532848
13532974
13533340
13535176
13536202
13538139
13538878
13539298
13541698
13632877
13633084
13633088
13633527
13633692
13633955
13634156
13635280
13635473
13637562
13637865
13638489
13638850
13638943
13639630
13640097
13640265
13642500
13642613
13643201
13643782
13645608
13646440
13647136
13647671
13711683
13712272
13714294
13714395
13714530
13714536
13716159
13716493
13717101
13718326
13720015
13720308
13720525
13721169
13721364
13721370
13722451
13723005
13723146
13723647
13724392
13802921
13802990
13803865
13804253
13804305
13804498
13804702
13804736
13805023
13805251
13805458
13805721
13805731
13805890
13806055
13806159
13806344
13806383
13806950
13807199
13807268
13807297
13807302
13807302
13807412
13807466
13807924
13808072
13808185
13808239
13808330
13808600
13811361
13811413
13811430
13811680
13811821
13811909
13812353
13812795
13812854
13812932
13813226
13813638
13813937
13814145
13814892
13814931
13815362
13815473
13817356
13817471
13817834
13818137
13818912
13819123
13819152
13819218
13821576
13822604
13822783
13823641
13824408
13824875
13825304
13826279
13827005
13827332
13827650
13828306
13830771
13860849
13861503
13862216
13862443
13862989
13864262
13864376
13868108
13868340
13868597
13869055
13870812
13871020
13890744
13891612
13891962
13893181
13894730
13894936
13896515
13897655
13898295
13899038
13901564
13902254
13902622
13903218
13903667
13903919
13904232
13904336
13905338
13905712
13905962
13906174
13906259
13906274
13906774
13906909
13906950
13907004
13907103
13907360
13907486
13907505
13907584
13907632
13907658
13907834
13908687
13908710
13908741
13908825
13908873
13908904
13909348
13909481
13909994
13910361
13911111
13911524
13911851
13911895
13912082
13912509
13912722
13913175
13913480
13913618
13913777
13914502
13915064
13915529
13915857
13916633
13916833
13917089
13917159
13917948
13918114
13918204
13918659
13918909
13918930
13919367
13919444
13919659
13919896
13920119
13920584
13920796
13921427
13921526
13921673
13921753
13921894
13921953
13922376
13922670
13922924
13923381
13923415
13923809
13923916
13924544
13924597
13924662
13925023
13925029
13925140
13925509
13926085
13926551
13927457
13927761
13928331
13929281
13929445
13929630
13929660
13930299
13997942
13998831
14001230
14002384
14002990
14005850
14005974
14006041
14007281
14007432
14086739
14087544
14087561
14087966
14088454
14088777
14089251
14089394
14089881
14090122
14090575
14090628
14090936
14091233
14091355
14091426
14092023
14092199
14092414
14092553
14092612
14092715
14093002
14093416
14093419
14093433
14093490
14093884
14094299
14094317
14094506
14094579
14095637
14095727
14096402
14096453
14096726
14097111
14097216
14097296
14097683
14097699
14098385
14098741
14098800
14099260
14099588
14099855
14100171
14100248
14100305
14100697
14101079
14101284
14101562
14101954
14102110
14102169
14102399
14102409
14102426
14103428
14122234
14125425
14125768
14128353
14128598
14129016
14129309
14130298
14131708
14132611
14135095
14135854
14135888
14136349
14139434
14141242
14141253
14142580
14142673
14143123
14144051
14144197
14144286
14144808
14144879
14145042
14145439
14145923
14146030
14146411
14146554
14146600
14147055
14147347
14147355
14148175
14148249
14148292
14148676
14148873
14149269
14149512
14149541
14150205
14150335
14150610
14150936
14151099
14151478
14151614
14151904
14152264
14152394
14152779
14152828
14152888
14153079
14153266
14153795
14153801
14153962
14154284
14154917
14154981
14155395
14155984
14156407
14156760
14157525
14220523
14221530
14222368
14222536
14222615
14222702
14222723
14223341
14223479
14223825
14225382
14225515
14225723
14225974
14226020
14226356
14226470
14226680
14226837
14227292
14228206
14228440
14228829
14229281
14229803
14230109
14230306
14230635
14231018
14232059
14232678
14233044
14233607
14233643
14235057
14235079
14235605
14235894
14236037
14236040
14236141
14236216
14236301
14237240
14237786
14237813
14238385
14238714
14238841
14239125
14239128
14239273
14239745
14241113
14241320
14241909
14241994
14242457
14242591
14243639
14243738
14244337
14247490
14250293
14250838
14255481
14292065
14293051
14293495
14293752
14294189
14294737
14295169
14295199
14295239
14295819
14297946
14298542
14299957
14300759
14300975
14303114
14303254
14304483
14305058
14305569
14306541
14306762
14306829
14308492
14308519
14310224
14312559
14312679
14312753
14315568
14315684
14317598
14318755
14319586
14321717
14323075
14326502
14328152
14341927
14342058
14342317
14343056
14343825
14346701
14346934
14347488
14347532
14348153
14348322
14348348
14348547
14351111
14351723
14351779
14352431
14352661
14352684
14353482
14354074
14354933
14365527
14392042
14392153
14395625
14395785
14395842
14396441
14399852
14400339
14401254
14402166
14403180
14403351
14403517
14403569
14403976
14404072
14404449
14404985
14405033
14405208
14406190
14406326
14406517
14406849
14407109
14407308
14407726
14408384
14408717
14408993
14409405
14410438
14410468
14412155
14412214
14412332
14412499
14412862
14412947
14413058
14413624
14413878
14413981
14414010
14414013
14414148
14414441
14414701
14414766
14414934
14414964
14415372
14416318
14416769
14416854
14416983
14417082
14417241
14417391
14417405
14478640
14484259
14486140
14486390
14487164
14489601
14535823
14540066
14554583
14555165
14555319
14555332
14555364
14555419
14555471
14555598
14555913
14556495
14556495
14556701
14558020
14558294
14558439
14558594
14558806
14558893
14559569
14560585
14560785
14560938
14561495
14561811
14562018
14562797
14562862
14563099
14563377
14563411
14563430
14563846
14563849
14564127
14565448
14565741
14566069
14566432
14567530
14567649
14568100
14568732
14568735
14568902
14568937
14569082
14604483
14618298
14633732
14633823
14633944
14634202
14634383
14634515
14634664
14634702
14634950
14634994
14635105
14635310
14635509
14635593
14636205
14636574
14637273
14637608
14637884
14637984
14638068
14638574
14638856
14639281
14639433
14639496
14640352
14640373
14640450
14640537
14640670
14640750
14640894
14640931
14641295
14641746
14642584
14643000
14643118
14643136
14643394
14643677
14644160
14644574
14644798
14644901
14645147
14645400
14645543
14645817
14646063
14678129
14683025
14683219
14685505
14686151
14690818
14691110
14693706
14694061
14695821
14697057
14697486
14697599
14699542
14699604
14699890
14700719
14700728
14700730
14701122
14701279
14701342
14701352
14701793
14702184
14702676
14718308
14718309
14718361
14718967
14719439
14719834
14720568
14721128
14721937
14722062
14722500
14722645
14723000
14723671
14723692
14724310
14724543
14724714
14725075
14725471
14725694
14726624
14726735
14726851
14726975
14727189
14727632
14728006
14728222
14728818
14728890
14729657
14729895
14730718
14731703
14781011
14795227
14833959
14834051
14835188
14835283
14835408
14836091
14836395
14836549
14837190
14838764
14839183
14841228
14841379
14841718
14841974
14842133
14842199
14842277
14842605
14843214
14844906
14844975
14845243
14845246
14845381
14845518
14845538
14845583
14845898
14846546
14846564
14847700
14847828
14847959
14848127
14894736
14894916
14896654
14896659
14898173
14898212
14901884
14903899
14904890
14905315
14905882
14911497
14912187
14914499
14916878
14921186
14957555
14959094
15043516
15044614
15045215
15045602
15045750
15047942
15048967
15049576
15050640
15050829
15051097
15052037
15053498
15053635
15054716
15055137
15055327
15055332
15075374
15075824
15075842
15076103
15076557
15076699
15076709
15076787
15076933
15076994
15077222
15077269
15077351
15077465
15077509
15078529
15078615
15078701
15078763
15078889
15079040
15079128
15079156
15079373
15080264
15080652
15081285
15081353
15081858
15081911
15081937
15082100
15082389
15083290
15083455
15083716
15083969
15084149
15084164
15084412
15084434
15085014
15085222
15085759
15085761
15085892
15085918
15085959
15086016
15086560
15086665
15086881
15087382
15087489
15088405
15088410
15088848
15089212
15090161
15090273
15090551
15090719
15091029
15091442
15091964
15092105
15092309
15092423
15141417
15142222
15145920
15145921
15147598
15152955
15153363
15154761
15154958
15155389
15155678
15155895
15156234
15156386
15156686
15156751
15156866
15157089
15157282
15157402
15157430
15157467
15157844
15158005
15158079
15158124
15158506
15158632
15158871
15159072
15159153
15159208
15159518
15159583
15159587
15159696
15159744
15159772
15160541
15161582
15161711
15161717
15162102
15162310
15162409
15162895
15163020
15163059
15163234
15163309
15163484
15163726
15164469
15164504
15164826
15164828
15164840
15164862
15165071
15165346
15165399
15167065
15167618
15167687
15167965
15168348
15168945
15169496
15169727
15169809
15169836
15170198
15170398
15170399
15188751
15246007
15250776
15253818
15253942
15254451
15258163
15349026
15358257
15366068
15368185
15371903
15373779
15377794
15381111
15383192
15383846
15406152
15406538
15406572
15406930
15408360
15408870
15408961
15409073
15409364
15409570
15409765
15410277
15410787
15410842
15411405
15411884
15413044
15413618
15414335
15414621
15415490
15416265
15416285
15416287
15416332
15416956
15417002
15417285
15417934
15418105
15419149
15419178
15419428
15421384
15421567
15423147
15424971
15425963
15432125
15433752
15438792
15438909
15438917
15439125
15439615
15439746
15440543
15440707
15440808
15440854
15440866
15441017
15441239
15441550
15441623
15441782
15442099
15442235
15442274
15442714
15442780
15442807
15442857
15442940
15443006
15443018
15443059
15443882
15443903
15443956
15444034
15444084
15444135
15444320
15444424
15444435
15445178
15445202
15445530
15445579
15446280
15446541
15447119
15447388
15447709
15448534
15466921
15585608
15585789
15585843
15585873
15585999
15586099
15586151
15586167
15586594
15587324
15588658
15588702
15588727
15589564
15589602
15589648
15590066
15590795
15590817
15591172
15591694
15591723
15591778
15593309
15593414
15593554
15593932
15594578
15594796
15595111
15595190
15595670
15597906
15598469
15599820
15601179
15603514
15607753
15610916
15611622
15628990
15629171
15629584
15630093
15631049
15631534
15633207
15633274
15638492
15641565
15641682
15642597
15643796
15644658
15644825
15645063
15646374
15646418
15646782
15647084
15648825
15650497
15651939
15651987
15652357
15652865
15654197
15655020
15655089
15656166
15656648
15725404
15726113
15726887
15730629
15749008
15749056
15749192
15749241
15749512
15750083
15751044
15751767
15751872
15751946
15752449
15752859
15753231
15754651
15754748
15755703
15756412
15756438
15756700
15756731
15756759
15757321
15757451
15757786
15757949
15758110
15758381
15758751
15758783
15758956
15759029
15759251
15759420
15760566
15761063
15761201
15761210
15761364
15761491
15761661
15762027
15762202
15762221
15762332
15762510
15762827
15763472
15763751
15763890
15764470
15872976
15874450
15875334
15875375
15875827
15875955
15876077
15876184
15876471
15876954
15877216
15878098
15878174
15879378
15880418
15881019
15881509
15881942
15884050
15884060
15884245
15884691
15884993
15885274
15885829
15886169
15886400
15886954
15887514
15888306
15888810
15889683
15889781
15890471
15890904
15891319
15891743
15892070
15892361
15892589
15892624
15920272
15920401
15920552
15920931
15921116
15921566
15921591
15921678
15921706
15921769
15921805
15922259
15922338
15922571
15922692
15923011
15923080
15923212
15923247
15923267
15923955
15924299
15924334
15924702
15924733
15925341
15925449
15925499
15925971
15926192
15926411
15926595
15926616
15926810
15926918
15928056
15928092
15928735
15928770
15929011
15929019
15929568
15929665
15929744
15929800
15929943
15929971
15930011
15930869
15930997
15931049
15931312
15931420
15931427
15931497
15931605
15931675
15932171
15932534
15943638
15943970
15944279
15944340
15944483
15945102
15945247
15945606
15945994
15946068
15946417
15946446
15946527
15946535
15947362
15947593
15949407
15949783
15949861
15950708
15950808
15950853
15951649
15952103
15952276
15952380
15953549
15954336
15954963
15955246
15955384
15990740
15993845
15994741
16055999
16056936
16060319
16061075
16063168
16063517
16063640
16067868
16070404
16252830
16253000
16253815
16254826
16255158
16255413
16255748
16256174
16256198
16256290
16256406
16256537
16256798
16257136
16257394
16257954
16258108
16258582
16258905
16259303
16259962
16260192
16260304
16260500
16261426
16261568
16261744
16261928
16262123
16453982
16454335
16454499
16454782
16455118
16455377
16456157
16456922
16457355
16457408
16457559
16457730
16458721
16458826
16458918
16458966
16459048
16459096
16459560
16459992
16460272
16460620
16460963
16461087
16461285
16461444
16461727
16461799
16462125
16462159
16462502
16462561
16462746
16462823
16463628
16463954
16464891
16465002
16465006
16466288
16467032
16467043
16467680
16467873
16468475
16468513
16469029
16469985
16470017
16470037
16470077
16470332
16470376
16470579
16470672
16470948
16471185
16471224
16471440
16471466
16472352
16472412
16473014
16473100
16473156
16473870
16473904
16474713
16474951
16475396
16475487
16477915
16477975
16478022
16478623
16478636
16478930
16479353
16479403
16479711
16480089
16480916
16481887
16482014
16482060
16482403
16482730
16482852
16483204
16483323
16483905
16484006
16484211
16484754
16486121
16486256
16518032
16518209
16518791
16518810
16519187
16519724
16519823
16521238
16521426
16522414
16523188
16523317
16523618
16523741
16523829
16524286
16524711
16524713
16525902
16527335
16527489
16527634
16529145
16530009
16530069
16530490
16530558
16563948
16573974
16577465
16600288
16600331
16600503
16600689
16601414
16601536
16603199
16604035
16606053
16606191
16607040
16607659
16608520
16608832
16608838
16609628
16609767
16609871
16609914
16609986
16610292
16610311
16610715
16611269
16611644
16611779
16612221
16612514
16612688
16613843
16614257
16616170
16617322
16617444
16617467
16617979
16617999
16618166
16618362
16619230
16893319
16894942
16907173
16913007
16917671
16918225
16918387
16918642
16919165
16919372
16920532
16921446
16921697
16923588
16925145
16964156
16964568
16966644
16967082
16968984
16990910
16990958
16991215
16991604
16992153
16992503
16992587
16992694
16992858
16993121
16993734
16993975
16994476
16994660
16994921
16995237
16995259
16995384
16995445
16996186
16996431
16996628
16996690
16996809
16996885
16996995
16997163
16997301
16997359
16997531
16997637
16997717
16997811
16998022
16998135
16998370
16998412
16998552
16998973
16999490
17000051
17000072
17001065
17001175
17001356
17001788
17001821
17002658
17002909
17003486
17003969
17004581
17004624
17005092
17005314
17005353
17005483
17005880
17005978
17182760
17258058
17258427
17258870
17259596
17259678
17260326
17260637
17260710
17261640
17262082
17262822
17262885
17263477
17263486
17264152
17264809
17265555
17266262
17266978
17268015
17268287
17268327
17269069
17269817
17269856
17269871
17271157
17272059
17272172
17273600
17274430
17369394
17370014
17370852
17372377
17373443
17375127
17376960
17381980
17383132
17383132
17385801
17386191
17425672
17426236
17430651
17430717
17430992
17432622
17438249
17438963
17457440
17459195
17463091
17490628
17490707
17491233
17491287
17491343
17491410
17492131
17492180
17492314
17492541
17492717
17492770
17492860
17493388
17493653
17493738
17493916
17493925
17494352
17494973
17495142
17495377
17495460
17495488
17495762
17495778
17495976
17496091
17496985
17497194
17497525
17498143
17498324
17498520
17498555
17498803
17498994
17499011
17499102
17499108
17499262
17499282
17499362
17499609
17499683
17500384
17500484
17500876
17501112
17501126
17501176
17501545
17502244
17502325
17502351
17502556
17502635
17502722
17502903
17502979
17502993
17529243
17575719
17576702
17579811
17587798
17588070
17588944
17590177
17590725
17590959
17591232
17591788
17592075
17592383
17592482
17592497
17592627
17592928
17593044
17593325
17593361
17593517
17594631
17594673
17594813
17595304
17596208
17596539
17596867
17597237
17597567
17597579
17597600
17597662
17597762
17597957
17598013
17598516
17598997
17599148
17599228
17599316
17600239
17601371
17602422
17602524
17602871
17603202
17603274
17603370
17603412
17603498
17603792
17604156
17604332
17604960
17605481
17605516
17605567
17605988
17606057
17606395
17606438
17607256
17607778
17607808
17609152
17609727
17609775
17610843
17611610
17611621
17611643
17611778
17612436
17612741
17612799
17613821
17614522
17614957
17615133
17615535
17616011
17616837
17617436
17617903
17618028
17618068
17618225
17618441
17618486
17618714
17618977
17618995
17619123
17619182
17619234
17619989
17620347
17620615
17621037
17622160
17622179
17622701
17623241
17623441
17623879
17624317
17624914
17625913
17625933
17626156
17626284
17626350
17626385
17626567
17626711
17626733
17626788
17626909
17627130
17627561
17627565
17627595
17627737
17627790
17628740
17628958
17629116
17629255
17629306
17650527
17650640
17650721
17651802
17653053
17653793
17654098
17654759
17655730
17655834
17655919
17656084
17656188
17656717
17657477
17657585
17658086
17658257
17658378
17658390
17659205
17659311
17659379
17672283
17672668
17782022
17782149
17782302
17782834
17782854
17783672
17784229
17784675
17784938
17785279
17786029
17786047
17786163
17786630
17789186
17789249
17789268
17790049
17790573
17790762
17792450
17792566
17792832
17793125
17793932
17794205
17794319
17795627
17796467
17817006
17817309
17818443
17818710
17819581
17820376
17820431
17820557
17820705
17822726
17825803
17825886
17826180
17826700
17828632
17828750
17830247
17830518
17830571
17831139
17831447
17832441
17859780
17859854
17859959
17862365
17862499
17862546
17862557
17863238
17864591
17864607
17864661
17865080
17865553
17866139
17866751
17866768
17867177
17867723
17867809
17868555
17868565
17868608
17868790
17868890
17869031
17869159
17869578
17869971
17870096
17870145
17883661
17883991
17884152
17884197
17884603
17885337
17885459
17885475
17886128
17886162
17887607
17887613
17888238
17888245
17888667
17889378
17889527
17889867
17890053
17890143
17890312
17890502
17890528
17890903
17891449
17892271
17892497
17892544
17892742
17892947
17893237
17893522
17894201
17894415
17895007
17895890
17896073
17896443
17896453
17896562
17896936
17897404
17897741
17897930
17897996
17898289
17898618
17899127
17900272
17900399
17900436
17900481
17900646
17901047
17901187
17901864
17901945
17902240
17903910
17904124
17906569
17906611
17907790
17908335
17908391
17909614
17913125
17995706
17997034
17997817
17997936
17998270
18001416
18001588
18004444
18004985
18005504
18006940
18007728
18010374
18010980
18032040
18038523
18038654
18038737
18039245
18039293
18040535
18040569
18040632
18040852
18041295
18041880
18041970
18041973
18042006
18042040
18042700
18043816
18044215
18044729
18045128
18045383
18046491
18046637
18046839
18047015
18047452
18047517
18048287
18267470
18268967
18270306
18270843
18271801
18273811
18275726
18278696
18348377
18349313
18353180
18353385
18354149
18354389
18354641
18355876
18355933
18356599
18358447
18358877
18358900
18358936
18359179
18359284
18359698
18359989
18360108
18360223
18360851
18361505
18361585
18361703
18361765
18361907
18362021
18362243
18362503
18362810
18362921
18363839
18363868
18364243
18364324
18364394
18364535
18364560
18365065
18365155
18365580
18365699
18366183
18366823
18366825
18367344
18367538
18367577
18367906
18368098
18368139
18368298
18368565
18369236
18369970
18370149
18370445
18370529
18370629
18370786
18371621
18371854
18372758
18372805
18372928
18373561
18373592
18373713
18373937
18374266
18375020
18378084
18380181
18380234
18391592
18392166
18393062
18393223
18393875
18395055
18395228
18396205
18397283
18398346
18402623
18403649
18403765
18404520
18405228
18405959
18406493
18406736
18407993
18408641
18409142
18409596
18410355
18455144
18456907
18457730
18459136
18461066
18461527
18469649
18472547
18474696
18475999
18478456
18479182
18480183
18480315
18480475
18480910
18481176
18481478
18481561
18482642
18482984
18483267
18483294
18488632
18488848
18490838
18490901
18491241
