1762
5187
6714
6790
7759
8766
9225
10322
15657
16345
16817
17158
22330
27109
28794
32248
33413
36174
36836
37592
38098
40549
41443
43038
43616
44931
46188
48989
52166
54318
55111
55925
57194
57515
59862
60198
60815
62213
63446
66501
67135
67358
67427
68118
68848
69204
69239
70756
71413
72435
72975
75618
78451
79554
79672
83831
84761
85468
86529
87258
90718
92614
92925
93956
95694
97082
98237
98708
100512
101322
101729
102656
102743
103353
103491
109613
114514
115398
115853
116753
117396
117546
117548
117895
118560
118644
119359
119815
120340
120357
122848
123560
123686
124888
126193
126416
128076
131083
131091
132337
133413
137284
137738
138128
139137
140669
141370
142480
142610
147574
148755
151312
153960
158739
160632
160993
163614
166187
168060
169132
169297
172938
174718
178565
178642
181223
182705
183578
185707
186124
190053
190972
192983
193599
193725
194021
194168
197486
200217
201109
202322
202416
205420
208458
209466
209530
211220
213168
215538
224049
225867
226104
227990
229129
229195
235690
235728
242407
243519
244113
249455
249821
251816
252922
253452
255843
257010
257192
257529
260958
262771
263330
265056
265259
266047
267247
274439
275833
277804
278013
281460
282428
284449
285027
286173
286816
288461
288656
290102
290616
292222
293071
293397
297326
297587
298843
303125
303752
304331
305385
305566
317654
321291
323097
323894
324113
325317
327565
328425
332028
333370
335967
338262
338570
339644
342980
344261
344853
350708
352021
352994
357298
358010
360060
360317
361583
363477
367557
370702
374986
376598
376934
377230
382538
382726
389971
392049
392668
393841
395989
398270
398771
400174
401656
403297
403663
405211
405872
405997
412587
417643
419076
419840
423730
424786
426378
427673
428573
429073
429521
429690
431994
435383
440445
442568
446834
447843
448649
449951
452568
453435
458225
459830
460218
461858
464164
470026
470491
470701
473901
474723
478574
483299
489556
490209
490632
490815
490976
491081
493554
495023
496191
496844
498934
498942
499924
501760
502099
506338
506651
506750
508019
510169
511220
513731
517745
518534
523659
523931
526557
527962
529089
532870
536653
536920
538215
539498
541342
543937
544297
544618
546697
547739
550634
550839
551101
552453
555321
556319
557699
558972
567404
567516
568961
574867
576128
577850
578999
580020
581119
583238
583420
587108
590953
591556
595004
595248
595969
598341
598610
600660
600823
606581
610885
612022
612862
616214
616481
619911
622134
625308
625905
626470
627960
629779
631750
633142
637420
640537
641638
641876
643139
644177
644803
647484
648008
653559
659653
660002
660266
660540
662559
663177
664639
665806
666084
666351
668410
671219
674355
675338
681619
684063
684298
686060
687849
689295
689964
691273
691523
692498
708106
710594
710626
711227
716613
717450
717613
717884
718104
718861
720157
720390
721032
721984
722403
722759
725945
729609
733251
733925
736334
744498
747197
748277
752039
754936
756698
757583
757988
759693
760157
764129
764904
766191
767244
768772
770006
770314
770506
770797
770846
771812
772282
774301
783673
784693
785037
789179
792335
797279
800899
802387
802777
803443
803642
805749
806864
811601
811616
812720
813184
818210
819013
819064
825141
827574
828310
830895
832371
832756
834315
834968
835786
838129
838169
838276
838553
839968
841872
842524
847356
847707
851164
851440
852973
853285
853794
853897
857807
858992
859926
861217
862762
863627
871471
872643
873914
875632
877664
878171
878534
879171
880310
881760
881789
887542
892234
893280
893558
893639
895188
896091
901160
901205
901477
902195
902509
906467
909508
911005
911362
911841
913559
914346
914366
915914
916472
917833
922487
924619
924634
924817
926841
930583
931508
933101
934341
938986
941963
942350
942846
943110
944411
946698
946811
951054
956791
957924
959580
959620
964056
964119
965050
966908
968765
974466
974597
974930
979059
989811
990077
990533
990884
991060
991187
993316
995501
996588
997002
997997
998024
998242
1000076
1005768
1006095
1008568
1009836
1012329
1013142
1015311
1015793
1019183
1019692
1022753
1024796
1025160
1029147
1034412
1037224
1038837
1039494
1040112
1041315
1041410
1044734
1045584
1046767
1046943
1048151
1049734
1051149
1054849
1055271
1058173
1059628
1060455
1061245
1061301
1061748
1062737
1067303
1068521
1068918
1068981
1069148
1069442
1074182
1074594
1075116
1075487
1076449
1078348
1079410
1080319
1081325
1088288
1089625
1095327
1096219
1100502
1101419
1107172
1110710
1111207
1113981
1114353
1118199
1118216
1121290
1122313
1122972
1126109
1126157
1126592
1130977
1132587
1132765
1133087
1135969
1136426
1137942
1138150
1141279
1143049
1145453
1145951
1149410
1153672
1155533
1158416
1159518
1160844
1162823
1163335
1163667
1164401
1164633
1166704
1168476
1168518
1169727
1170362
1172870
1173037
1174282
1174505
1182807
1185215
1185496
1185959
1192456
1194712
1194895
1204851
1211073
1211096
1213960
1215216
1218055
1224740
1224888
1227745
1230891
1231336
1231528
1232734
1234218
1236937
1236992
1237689
1237876
1238147
1238812
1248666
1252129
1252883
1257737
1261164
1262122
1265600
1267634
1271184
1272004
1272650
1272786
1273112
1274741
1275396
1275820
1276888
1278720
1280502
1284026
1287937
1288612
1289304
1290570
1290768
1291437
1293461
1293544
1295101
1298555
1299543
1300836
1303442
1304420
1304555
1308283
1310200
1310962
1313119
1316050
1316381
1316741
1316779
1318981
1319060
1321366
1323053
1328366
1329050
1329785
1329995
1331174
1333218
1334342
1334817
1339464
1340478
1345396
1347479
1351264
1352783
1359461
1361064
1367262
1368850
1372891
1372979
1374879
1375771
1377416
1377792
1378982
1382761
1382774
1385955
1388924
1392967
1393376
1393826
1395194
1395588
1400940
1403261
1407229
1408055
1408339
1410247
1417959
1419852
1422338
1423477
1426112
1426399
1428817
1429331
1432734
1437403
1439426
1439528
1442284
1442596
1442631
1443085
1443741
1446138
1447862
1448527
1448800
1449304
1451072
1451770
1452304
1453438
1455065
1455806
1456922
1457361
1458290
1458294
1458365
1458935
1460376
1460931
1461948
1462854
1463276
1464595
1466354
1467273
1471066
1472172
1475609
1475919
1477795
1481941
1483499
1483740
1484514
1486857
1489540
1491043
1492302
1493913
1495076
1495532
1497495
1498352
1503088
1503830
1503858
1504825
1506521
1507474
1510093
1511249
1512588
1514664
1514924
1515491
1516300
1516958
1517965
1519127
1519392
1519835
1521684
1525128
1526763
1528261
1529321
1530494
1533591
1536040
1537902
1541935
1543312
1545455
1546143
1546169
1547929
1548156
1550731
1551417
1556727
1557413
1564709
1566863
1571668
1572284
1574556
1586403
1586790
1592221
1593177
1601707
1604942
1607149
1607701
1611797
1615931
1615933
1616350
1618328
1619525
1621310
1629681
1631565
1638077
1638388
1640403
1641040
1642884
1647425
1653306
1654191
1654460
1656130
1656537
1659353
1660207
1661351
1662290
1662503
1666444
1672169
1672865
1673601
1673747
1674222
1676184
1676868
1679475
1681354
1687405
1687845
1689611
1689639
1690522
1691368
1693037
1694349
1694738
1696485
1697686
1707489
1708206
1708894
1709114
1709879
1714526
1720377
1722339
1723360
1725032
1725911
1726374
1730454
1731189
1733675
1738310
1740033
1749613
1750746
1753250
1753697
1753887
1754424
1755298
1757899
1758324
1758931
1760307
1760594
1762345
1764569
1767338
1771922
1772565
1775069
1780362
1784755
1785321
1785462
1785549
1789976
1790146
1790325
1790344
1792125
1792568
1796274
1797777
1797913
1799777
1800848
1801271
1807452
1807801
1807880
1810697
1811246
1812604
1812607
1812846
1813841
1816019
1816284
1817678
1821636
1821667
1824582
1825104
1825506
1828852
1831971
1833887
1836300
1836517
1842892
1843914
1844632
1845947
1847536
1847673
1847872
1848168
1848809
1850215
1856648
1859247
1862535
1863095
1867687
1868614
1868643
1872180
1874712
1875179
1878471
1883898
1884098
1885512
1886162
1886304
1887411
1887955
1888035
1889247
1889590
1890545
1891541
1895349
1897003
1899609
1902250
1903528
1911144
1911523
1915239
1916399
1916544
1916727
1918082
1920619
1921453
1921738
1925973
1926653
1927875
1928127
1931500
1933598
1936425
1938233
1939121
1939654
1940019
1941012
1941252
1941942
1944485
1944558
1945883
1949336
1953359
1954852
1956193
1958836
1959558
1963388
1965539
1965651
1971287
1973096
1973354
1973914
1974328
1974732
1977554
1978002
1978919
1983518
1989906
1989925
1989960
1991152
1991357
1991533
1991957
1993268
1996302
1998142
2005281
2010412
2013233
2015503
2016063
2019180
2019280
2022015
2024421
2025741
2028588
2028704
2029300
2032646
2032800
2034260
2035691
2038499
2042090
2043168
2043917
2044035
2045438
2046474
2048265
2049325
2052727
2053261
2056177
2056414
2057254
2057915
2064185
2067560
2074346
2075817
2075867
2078772
2081745
2082331
2083094
2085971
2088246
2091124
2091517
2093827
2095663
2096813
2098225
2099536
2101320
2104697
2105550
2107980
2110949
2114183
2114839
2115003
2116166
2117290
2120455
2122610
2125168
2127851
2128054
2130217
2135942
2137039
2137198
2139090
2139977
2140327
2142564
2143174
2143357
2143804
2145968
2147310
2149013
2149100
2151166
2155075
2155361
2161829
2163007
2165844
2166959
2168284
2169863
2171558
2172960
2177650
2180769
2180773
2182013
2182720
2183876
2184910
2186903
2187498
2187703
2189923
2191311
2194110
2194287
2196976
2197314
2200604
2205398
2219146
2226512
2227127
2227378
2227827
2230339
2232928
2233200
2234084
2234212
2235393
2235939
2236253
2249313
2250920
2251029
2255909
2257562
2257584
2259729
2264035
2265491
2267899
2268527
2275717
2276391
2278167
2278286
2279468
2282940
2284614
2285574
2286009
2286707
2289815
2297618
2305162
2308758
2311245
2311745
2313238
2314295
2314868
2316089
2318477
2320903
2325096
2327078
2329710
2331124
2334220
2338709
2338857
2339207
2341137
2341242
2341381
2341762
2344587
2346597
2348877
2351710
2352205
2354690
2355318
2356504
2356714
2357340
2361139
2364561
2366590
2368028
2369607
2369673
2373929
2376244
2377393
2378103
2378775
2380243
2383277
2383791
2385833
2388896
2391704
2393586
2395487
2396291
2397399
2397417
2397973
2398153
2401673
2406362
2408527
2409226
2409442
2409704
2413794
2414288
2415547
2418738
2420316
2421576
2424630
2425545
2427999
2428537
2432325
2433042
2438048
2438076
2438188
2446954
2448623
2449509
2451607
2452328
2455365
2457706
2464837
2466639
2476706
2477469
2478275
2478895
2480108
2480418
2481710
2482244
2482571
2483560
2484591
2485516
2487227
2490058
2490935
2492245
2494347
2500317
2502841
2504530
2506247
2506272
2507650
2510405
2512079
2512145
2513610
2514293
2518467
2519455
2520698
2520806
2522597
2525292
2530469
2530625
2531043
2536057
2536488
2538636
2540373
2541531
2547069
2547075
2547295
2547914
2548677
2551682
2552383
2553384
2553636
2557434
2560179
2563858
2564234
2564635
2565531
2566567
2567225
2570356
2572867
2576210
2579500
2580468
2582386
2584258
2585602
2585648
2587708
2590851
2591095
2591137
2594124
2594560
2599393
2599952
2606002
2608925
2609290
2609979
2611166
2613390
2613968
2615591
2617034
2618629
2618972
2619476
2619703
2621507
2623975
2624205
2624261
2628850
2631591
2633423
2634587
2636194
2636844
2638101
2638799
2638839
2639638
2640014
2640338
2641585
2649727
2650125
2651071
2652491
2653401
2655127
2655568
2656165
2658871
2659672
2661544
2661941
2665443
2670157
2671123
2671373
2673218
2680187
2682857
2684095
2685288
2685407
2687442
2687732
2688529
2689957
2690967
2691810
2695400
2696739
2700584
2700952
2703055
2707624
2708239
2708502
2708874
2710592
2710618
2712709
2716503
2717134
2717801
2719073
2719101
2719169
2720286
2722816
2723308
2724642
2726107
2726414
2731718
2737121
2738080
2743451
2744535
2744782
2745799
2750553
2753941
2755556
2758445
2758518
2759561
2761610
2762549
2765716
2767545
2772477
2773321
2773326
2775202
2776904
2777336
2782457
2784846
2786680
2789549
2792692
2792944
2793429
2794326
2794895
2796258
2798943
2800613
2801487
2801748
2801821
2805105
2807504
2813119
2814216
2817047
2817234
2817436
2818689
2819905
2820255
2821248
2822467
2823228
2824642
2828435
2830886
2830990
2833873
2834836
2835052
2836938
2838152
2840305
2843888
2844757
2849499
2851184
2851530
2851689
2852432
2853133
2862015
2862705
2862917
2870395
2872123
2877807
2878004
2879062
2879884
2885450
2887214
2887832
2888728
2894901
2896527
2902359
2902986
2903570
2903851
2904310
2905267
2906150
2909519
2909601
2910260
2914045
2914479
2927418
2929217
2931255
2933955
2935168
2936158
2936436
2940328
2942944
2946285
2951979
2954422
2958400
2962024
2962852
2963617
2966531
2968297
2970709
2973693
2973953
2974026
2977431
2978303
2979448
2979858
2980178
2980180
2980335
2983896
2989790
2991812
2992044
2992614
2994336
2995821
2995824
3003889
3004543
3005056
3006494
3008345
3010951
3015230
3022187
3024682
3025135
3026784
3027048
3028697
3031378
3032093
3033994
3037034
3037614
3039169
3040455
3046281
3047723
3048288
3050212
3052162
3053172
3053411
3055573
3057302
3057637
3061772
3062085
3064776
3069084
3072262
3075522
3079908
3082165
3087821
3088500
3090508
3092086
3094986
3095211
3097721
3099956
3100299
3102661
3104240
3104585
3111223
3112624
3112993
3115588
3117568
3118576
3127047
3130888
3131884
3132347
3134176
3134488
3135283
3136874
3140375
3140819
3141158
3141720
3142556
3144904
3145594
3148615
3148916
3149945
3151314
3152553
3154114
3155526
3161825
3163083
3164450
3165198
3165646
3166702
3167265
3167914
3169555
3169645
3171643
3175990
3177048
3182502
3182586
3183641
3185745
3186349
3186537
3187092
3187694
3189241
3190751
3196567
3197666
3197953
3201290
3204669
3204683
3206551
3207534
3207654
3207922
3208019
3209220
3209300
3211126
3211353
3212173
3212483
3214413
3214559
3215001
3215336
3219244
3219275
3220064
3222245
3223104
3225819
3228482
3233262
3236168
3239066
3242410
3242519
3243039
3244757
3246674
3248138
3249332
3253166
3253767
3253809
3255410
3255793
3256642
3260042
3261635
3263784
3264158
3266700
3268184
3269977
3270855
3271137
3277681
3279439
3279969
3283923
3284417
3285105
3285500
3287303
3287412
3291023
3291058
3292767
3299297
3300717
3304241
3305582
3307021
3309001
3311663
3311945
3313621
3315534
3316076
3321641
3323423
3324446
3327142
3328638
3328989
3333488
3335715
3338635
3339356
3339830
3341490
3342902
3343844
3345743
3346000
3346629
3353642
3353875
3354559
3358006
3358363
3363040
3363668
3363925
3366171
3374630
3377366
3379675
3380582
3381546
3382289
3382429
3383173
3383192
3384301
3387902
3388593
3389573
3390578
3395652
3399726
3400105
3402234
3404323
3405317
3405953
3408243
3408609
3409080
3417182
3418656
3420367
3421895
3422767
3424054
3424239
3428160
3428614
3428677
3431686
3432230
3432422
3434389
3436707
3437144
3438417
3439721
3443386
3443703
3444929
3445089
3447197
3450617
3450783
3450885
3458008
3460712
3460844
3462044
3463554
3464153
3464213
3465475
3467630
3468682
3470382
3472803
3474384
3475953
3477032
3477813
3477955
3477979
3478537
3480807
3481933
3483536
3488107
3489347
3491840
3495288
3496763
3497539
3498352
3500743
3500982
3501216
3501950
3502933
3503641
3513330
3513905
3514677
3515069
3515130
3520671
3523661
3523879
3531067
3531966
3533840
3536445
3539091
3540609
3541201
3542424
3544056
3546760
3547161
3547511
3549261
3550191
3550603
3552970
3553664
3555413
3556002
3560216
3566044
3567646
3568112
3568342
3569585
3570381
3574451
3574967
3577483
3579103
3579259
3579546
3580150
3580178
3581260
3583084
3583432
3585815
3591154
3593365
3596462
3598930
3605732
3606964
3609211
3613941
3614011
3617170
3618314
3620358
3621688
3622629
3624191
3626464
3631640
3632683
3633459
3634896
3636961
3638000
3640154
3640545
3642447
3644745
3649863
3650944
3651088
3651765
3652111
3653279
3655094
3656361
3656946
3659300
3661626
3661982
3662731
3664364
3664581
3668123
3668609
3672321
3673146
3676097
3677750
3677926
3682502
3683513
3688042
3688219
3688225
3689531
3690475
3692939
3695030
3695324
3695389
3697556
3698480
3699388
3703409
3703741
3705469
3705591
3707044
3710304
3710659
3711826
3711829
3714417
3714777
3716069
3717704
3719237
3719943
3723243
3723337
3723562
3726356
3728027
3732376
3734381
3737769
3738951
3739139
3739468
3741263
3743351
3744553
3745146
3755054
3755220
3755511
3755917
3756613
3759291
3762166
3763780
3779240
3779958
3781269
3782329
3790755
3790823
3791451
3792480
3793660
3794104
3795327
3796485
3797007
3799095
3801139
3802346
3802557
3803282
3803347
3805157
3805923
3806525
3806640
3809955
3809964
3813030
3814366
3814453
3819916
3821295
3823016
3824770
3830060
3830870
3834033
3836912
3838293
3839099
3842030
3844165
3846966
3847074
3852739
3853433
3856568
3858711
3861467
3863386
3874660
3875088
3877255
3878606
3879061
3879793
3880418
3882285
3882501
3882736
3888046
3889217
3889418
3890213
3890621
3891279
3895193
3896687
3897277
3900702
3902824
3903039
3903853
3905717
3905791
3911986
3912059
3915891
3916221
3918733
3924454
3924872
3926238
3926910
3934197
3935031
3936679
3938881
3945638
3946775
3947116
3947824
3948998
3949789
3950600
3952601
3952844
3953376
3953959
3956402
3957538
3959112
3959447
3959512
3963462
3964372
3964924
3965608
3965794
3971186
3971586
3974559
3976456
3977887
3979932
3980152
3983529
3985890
3996050
3996236
3997719
3999742
4000064
4001072
4003087
4003395
4004854
4006142
4007661
4011003
4011074
4014060
4017741
4018788
4019090
4020932
4021024
4023186
4024756
4027177
4029223
4030822
4031063
4033881
4040975
4041968
4043591
4046132
4048288
4049169
4055932
4058430
4058444
4059050
4062067
4067069
4070410
4074605
4078483
4079304
4080878
4082135
4084417
4084510
4085860
4087671
4089708
4090207
4090295
4090491
4091336
4094961
4097169
4103409
4108971
4112245
4115492
4118000
4119297
4120613
4121954
4126161
4132062
4132134
4133915
4136655
4142731
4142799
4144265
4148489
4154608
4162785
4163511
4163969
4164130
4166066
4168268
4171063
4173350
4184343
4184991
4186227
4186435
4186542
4186801
4187290
4187393
4188055
4189043
4190799
4193402
4195500
4195694
4197090
4197118
4197309
4200543
4201278
4202343
4203636
4204022
4204421
4205971
4208882
4209151
4214474
4215412
4217121
4219412
4219470
4226581
4229104
4231900
4233299
4233649
4237412
4241769
4246386
4246691
4249955
4250698
4250781
4250809
4251599
4252486
4252505
4253765
4256304
4256468
4256960
4258049
4260340
4260884
4263042
4266391
4266688
4267059
4267320
4267603
4267845
4269743
4270383
4270688
4271024
4272025
4272996
4275686
4278326
4282105
4284413
4286910
4288845
4290972
4293369
4293863
4296076
4296612
4301930
4302176
4303682
4304732
4306979
4313704
4315203
4316132
4316927
4319342
4319590
4322218
4333541
4334903
4339252
4340197
4340291
4344589
4346560
4348142
4352763
4358992
4364554
4366881
4367463
4370404
4376331
4379565
4380057
4380409
4380769
4385769
4387025
4387885
4390212
4390365
4393844
4394921
4396072
4396441
4397174
4397876
4401191
4405302
4412098
4412111
4414245
4415060
4421567
4422717
4424773
4424788
4425727
4426800
4432631
4433187
4435419
4436244
4436321
4436549
4440066
4441105
4442150
4442264
4442896
4448308
4450082
4451116
4452011
4456274
4456391
4458902
4459156
4459632
4459923
4460210
4463724
4463929
4464503
4464552
4465734
4467825
4470478
4473149
4473515
4474574
4476478
4479290
4482662
4483706
4485025
4488040
4489190
4491395
4492646
4494959
4495157
4495477
4496997
4497233
4503421
4505119
4509973
4510386
4510496
4510730
4510864
4511349
4511639
4513258
4513268
4517436
4519081
4520036
4520671
4521329
4527376
4528398
4529616
4530633
4534020
4536751
4537581
4538334
4541864
4541871
4543071
4546200
4547811
4548116
4551447
4551825
4552524
4553654
4554584
4554829
4556253
4561833
4565296
4567938
4571388
4575220
4576832
4578762
4579603
4580429
4583101
4583859
4588308
4588450
4590353
4592624
4594472
4595117
4596083
4596135
4597315
4598276
4603061
4603460
4603546
4604246
4604330
4605065
4609387
4610394
4612804
4613101
4614179
4616006
4623220
4623603
4630897
4631968
4632151
4633485
4637547
4639658
4640159
4641005
4641533
4641715
4647784
4650106
4656679
4658265
4658731
4660955
4662680
4662743
4665336
4666543
4668605
4669962
4673136
4674921
4677122
4677677
4678407
4679336
4681028
4685839
4687197
4690327
4690881
4694166
4694428
4694444
4696308
4698500
4698710
4698964
4699240
4705067
4711200
4711739
4713315
4713387
4713501
4713983
4714543
4715121
4717501
4719477
4720934
4721456
4722344
4723569
4724511
4726625
4728077
4734037
4734124
4734695
4738937
4744276
4746043
4748786
4749932
4755705
4757980
4761121
4762124
4762278
4762822
4764435
4764837
4765172
4765645
4775409
4775709
4778876
4781638
4781762
4785393
4786187
4790291
4791989
4795859
4797309
4797759
4798662
4798690
4801363
4805926
4807824
4808793
4809572
4809811
4810793
4811161
4811226
4812235
4812294
4814661
4816106
4817554
4818410
4818821
4822917
4826067
4827951
4828901
4828930
4829734
4831031
4831055
4833830
4833876
4836659
4836925
4837800
4842022
4842734
4843114
4844876
4847619
4848543
4849129
4849136
4849171
4851288
4856054
4856286
4858162
4858777
4859073
4860909
4861610
4862231
4863378
4863842
4865313
4866527
4867273
4868992
4869698
4870836
4872840
4881983
4883469
4884585
4884649
4884924
4885312
4886800
4892915
4893558
4896389
4896814
4897412
4897673
4898944
4899045
4900409
4900737
4903435
4906808
4907113
4907503
4911418
4913297
4913488
4919802
4924055
4926278
4930776
4931324
4934010
4934115
4934785
4935035
4936450
4937805
4945359
4945844
4947895
4948191
4949440
4950775
4952272
4954723
4956295
4958159
4959728
4961884
4963244
4963587
4964015
4965188
4965286
4965675
4966037
4967082
4971164
4971461
4972105
4972482
4973431
4973706
4977109
4977770
4985183
4985333
4987274
4989870
4989988
4991076
4992602
4998700
5000675
5006119
5008444
5011245
5013813
5017193
5017628
5018185
5028601
5028834
5034268
5035340
5035358
5038592
5038743
5041563
5042860
5043405
5043625
5044650
5050092
5051878
5052605
5052692
5055456
5055636
5063879
5065749
5067120
5068955
5069102
5069126
5069898
5076368
5076550
5078556
5080985
5085673
5085674
5085767
5086070
5086175
5087586
5088413
5088945
5090068
5090139
5090462
5095017
5096740
5104091
5105662
5106514
5107547
5108001
5108502
5111897
5113394
5115889
5116087
5116162
5120577
5121769
5122335
5124431
5125085
5126880
5129657
5130481
5132544
5132953
5134684
5137858
5137875
5144893
5146598
5147430
5150746
5151566
5152095
5153017
5158875
5161771
5161814
5166368
5166688
5172639
5176832
5183421
5188012
5189164
5189332
5190200
5191898
5193358
5193510
5194128
5195556
5199396
5202260
5203630
5204013
5206463
5208477
5209163
5210942
5211371
5212041
5213971
5214735
5217222
5220411
5221233
5223060
5225067
5228377
5230065
5234133
5235221
5235599
5236191
5236626
5236746
5237480
5242202
5244625
5245099
5248067
5248502
5249030
5250845
5251443
5251712
5251960
5255826
5256849
5264248
5273743
5274894
5275150
5275412
5280447
5281768
5282618
5283496
5284945
5286252
5286439
5288634
5290760
5291643
5292989
5295274
5295292
5295537
5295842
5296180
5300054
5301004
5305075
5308234
5315835
5317234
5317615
5319346
5320726
5322513
5323813
5326439
5328632
5328675
5330344
5330529
5332029
5332276
5332857
5335751
5336644
5339338
5339613
5341227
5341469
5344634
5346021
5349251
5349422
5350308
5350336
5351319
5356813
5363383
5366838
5367273
5369210
5374243
5380595
5383549
5385052
5385269
5386850
5387434
5389509
5391174
5393603
5395497
5397311
5399632
5400371
5402279
5404695
5406290
5408660
5409043
5409159
5409277
5410013
5411704
5411977
5414682
5420135
5421753
5422732
5428175
5428401
5428701
5431565
5431808
5433083
5433675
5435642
5439296
5440539
5441006
5441991
5445645
5446603
5451882
5453267
5453511
5456393
5457159
5459880
5460901
5461008
5461229
5463562
5464435
5469436
5469743
5470599
5472485
5472582
5472943
5473704
5477257
5479531
5479553
5485324
5485739
5488729
5490501
5491663
5498113
5499092
5501693
5503667
5505059
5506916
5507118
5507340
5508126
5508301
5515198
5517238
5517947
5519188
5521608
5522212
5522252
5523881
5524743
5531009
5531867
5532170
5533255
5533600
5534439
5534671
5535362
5536378
5537269
5539260
5543115
5543375
5546110
5546273
5550642
5550798
5552866
5554537
5557005
5559735
5560619
5563700
5568023
5572149
5575546
5577710
5579747
5580459
5581452
5581459
5582370
5583202
5591517
5591621
5592378
5592846
5593841
5595172
5597257
5597780
5605624
5607856
5609888
5610336
5612278
5612306
5612412
5612889
5614616
5614897
5615386
5615717
5616603
5616665
5618630
5618998
5619540
5619564
5621589
5622266
5623414
5624702
5625607
5633694
5636124
5636834
5637343
5641577
5643489
5644547
5644755
5648502
5650567
5650909
5656194
5657615
5658116
5661182
5663795
5667128
5667492
5670141
5670997
5671047
5671560
5672971
5673519
5674051
5678099
5679224
5680562
5683615
5689883
5690306
5691322
5692661
5693509
5695616
5695895
5696159
5700153
5700371
5702190
5704090
5706059
5706444
5712408
5712783
5713290
5714704
5718854
5720792
5723271
5728392
5729685
5729729
5731477
5736179
5736928
5737439
5738786
5740598
5740648
5740894
5750286
5752983
5753825
5753832
5754680
5755561
5759602
5764028
5764737
5765129
5767086
5772227
5773501
5775168
5778980
5779929
5780120
5783360
5783931
5793074
5794566
5797137
5797675
5798480
5799811
5800065
5803170
5805929
5806937
5808569
5818367
5820156
5820205
5822836
5827340
5829862
5832167
5832632
5833632
5834844
5835625
5838925
5841764
5842300
5843732
5846843
5847689
5851891
5853543
5858402
5859322
5861050
5863365
5864423
5864982
5866866
5866997
5867684
5878950
5882871
5888330
5888338
5889033
5889475
5891601
5893678
5894466
5903999
5905144
5908182
5908228
5909088
5909294
5911006
5911018
5914154
5914227
5916388
5918593
5919126
5923507
5924125
5924290
5924349
5926763
5926940
5928251
5932903
5933194
5935765
5936447
5940647
5941712
5942873
5944656
5945702
5946491
5947551
5950627
5953439
5954230
5954566
5956164
5957032
5958506
5963171
5965861
5966263
5966732
5968390
5969546
5971335
5972877
5973399
5978537
5981429
5981511
5981655
5983293
5983634
5984386
5988754
5991551
5991712
5992750
5993001
5994845
5995500
5997856
5999550
5999613
6000903
6001070
6006728
6007558
6008542
6011071
6014094
6014429
6015343
6016737
6018187
6018658
6021616
6031016
6033506
6034692
6035585
6036423
6039454
6039526
6040468
6042064
6053381
6054363
6056205
6057469
6059142
6059518
6064980
6065351
6067442
6068039
6069791
6069825
6075311
6077222
6081545
6081796
6081846
6083098
6089014
6092311
6095734
6097452
6098268
6098640
6100263
6104865
6105983
6106562
6114652
6117977
6118502
6121531
6122885
6124323
6127397
6130188
6132067
6133172
6134384
6134870
6135174
6135769
6136021
6139054
6140681
6141688
6144144
6144216
6144338
6146386
6148294
6149875
6150681
6152258
6153350
6154206
6154945
6155329
6157124
6157217
6157262
6158181
6160498
6160896
6163926
6167638
6168737
6169316
6171542
6171768
6174081
6174620
6175104
6175282
6175543
6175987
6180622
6182398
6182960
6187683
6188606
6191462
6194010
6198059
6201013
6203034
6204648
6206540
6210534
6210889
6216100
6216491
6216973
6219669
6219812
6220638
6222039
6222953
6225184
6227239
6227291
6228283
6229019
6230948
6231576
6231683
6234103
6237890
6238207
6239497
6244088
6249389
6249734
6250557
6253623
6255961
6259617
6261727
6263262
6264026
6264544
6267417
6268900
6274905
6275503
6275732
6276990
6277418
6278856
6283402
6284307
6287090
6289114
6291214
6292880
6293612
6293769
6294639
6295982
6296523
6297261
6306018
6308846
6310376
6310945
6311269
6313612
6315319
6316643
6317826
6318023
6318734
6319347
6322983
6325308
6325951
6330930
6335833
6336451
6337368
6338649
6338977
6341157
6341689
6344687
6344785
6345485
6345817
6346672
6349910
6353429
6355679
6356271
6357064
6357929
6359101
6360297
6360401
6362843
6364399
6365516
6368548
6368573
6373375
6373743
6374716
6376510
6377409
6380836
6380888
6381513
6383561
6383743
6383860
6389303
6390765
6391929
6393034
6394382
6396891
6398696
6401966
6404994
6405538
6409148
6416132
6416758
6417034
6418929
6419202
6420227
6424209
6425949
6429169
6430502
6430930
6432870
6433452
6437106
6440666
6441032
6441356
6442135
6444924
6446138
6446719
6449314
6449470
6451963
6453750
6455234
6458884
6466428
6469509
6470398
6473555
6473992
6475999
6477131
6477965
6480567
6481488
6482241
6486737
6492040
6493756
6493868
6499216
6502967
6505723
6509194
6514660
6516862
6518685
6518900
6520884
6523650
6524214
6526573
6526980
6527927
6528471
6532944
6533134
6540564
6541038
6542400
6549473
6550846
6551429
6551933
6552494
6553831
6554601
6554864
6556276
6556874
6557967
6558176
6560589
6562153
6562480
6565197
6567051
6567741
6570996
6574933
6577726
6578366
6580540
6584130
6586189
6586241
6586446
6588720
6589104
6590205
6591229
6592464
6593357
6593713
6595379
6595979
6597868
6598701
6599447
6600252
6601156
6604139
6605380
6613986
6614112
6614138
6614615
6618509
6619274
6619714
6622635
6626328
6629361
6629827
6633336
6634778
6635384
6638141
6640315
6641226
6643375
6647279
6648411
6649545
6650475
6653869
6656162
6658520
6658799
6661684
6662803
6663630
6664189
6674343
6675195
6675562
6675634
6676055
6678446
6680302
6681153
6685948
6689447
6690947
6693594
6693726
6697842
6698980
6699349
6699673
6702994
6703157
6703423
6704342
6704556
6704596
6705445
6706323
6707187
6709759
6711615
6713363
6713818
6714249
6714542
6717046
6719366
6721220
6722155
6722771
6725407
6726782
6728370
6728417
6728489
6730222
6731320
6733874
6735044
6739257
6744830
6745482
6745527
6746068
6748470
6748961
6752784
6754559
6755614
6756300
6756452
6757093
6759182
6763278
6766061
6766419
6767981
6768782
6769030
6769524
6772305
6773402
6774763
6777872
6786289
6786607
6787302
6787575
6789249
6790897
6797520
6797576
6797677
6797738
6799574
6799594
6803473
6805615
6805643
6806898
6809311
6811920
6814273
6814547
6818921
6819246
6820229
6824323
6826626
6827137
6828468
6828765
6830577
6831582
6832939
6833299
6833341
6833650
6837505
6840136
6841263
6844086
6846679
6847132
6849395
6853756
6859817
6861627
6862193
6862728
6862817
6863002
6864582
6866454
6866834
6867373
6870639
6871513
6873325
6874199
6874795
6875004
6875204
6876421
6878723
6879691
6889949
6891145
6894369
6895803
6897723
6898010
6899730
6900906
6901178
6904713
6906338
6909651
6911516
6913298
6913445
6913512
6914957
6915239
6918979
6919664
6919728
6923044
6925339
6925407
6925647
6928109
6928883
6933458
6935202
6935757
6937905
6938405
6939053
6940915
6944206
6944521
6948754
6949183
6951792
6954149
6963638
6964346
6969543
6976675
6982484
6984634
6987449
6989449
6997835
6998806
7001488
7001608
7001695
7002979
7007355
7010500
7013933
7015018
7015806
7018459
7018614
7021454
7022252
7031476
7032156
7033103
7034554
7036444
7036985
7037522
7037784
7039997
7045199
7047532
7048661
7050940
7051734
7051946
7052516
7054580
7057070
7057536
7059514
7060254
7060369
7060891
7063605
7066203
7066332
7068092
7073207
7074959
7075505
7075516
7077022
7077634
7080295
7081066
7082129
7085331
7086977
7088556
7089751
7094818
7098190
7101476
7104977
7105440
7107123
7107221
7112536
7114680
7115608
7115811
7117179
7119230
7120656
7121927
7122420
7122577
7124515
7124517
7127721
7128024
7129639
7131065
7131553
7135964
7137120
7137252
7140393
7140417
7142097
7143749
7144936
7147059
7158461
7160229
7162013
7164354
7166305
7166975
7168216
7171372
7176392
7178697
7179226
7183326
7186151
7186521
7190855
7192600
7193143
7196699
7197058
7199795
7200605
7201924
7208965
7210518
7213910
7217620
7218591
7218604
7221014
7222099
7224708
7224920
7229908
7235493
7236742
7238156
7238646
7239075
7244188
7248743
7253485
7254613
7255033
7257796
7257974
7259135
7260033
7260195
7262199
7266386
7270254
7271610
7272519
7273454
7275962
7277440
7281665
7282549
7283374
7284590
7285235
7286599
7286786
7287797
7288614
7289361
7290523
7291159
7291361
7292020
7294777
7295180
7296544
7304008
7305983
7307431
7307807
7308423
7308698
7309189
7310935
7313065
7313382
7313797
7317932
7318081
7324738
7327130
7328533
7331469
7333360
7333676
7335968
7336614
7336986
7338065
7338178
7339538
7342383
7342395
7344202
7347177
7347913
7351337
7358174
7361574
7362758
7362930
7366571
7370283
7372079
7372205
7374161
7376160
7377747
7379349
7380719
7381412
7381524
7381787
7382776
7383529
7384157
7384912
7388722
7389293
7390804
7393775
7397190
7398562
7399952
7400441
7401337
7402629
7404118
7405666
7406812
7406903
7408215
7409965
7411581
7413333
7415813
7416899
7418309
7420276
7421215
7421481
7424267
7424713
7425098
7428837
7429831
7431256
7433860
7441322
7445486
7446074
7447917
7454896
7458915
7461252
7462588
7463866
7470719
7471220
7477382
7478029
7481543
7485530
7485541
7485668
7487805
7490729
7493885
7496813
7499008
7499235
7500503
7502569
7503685
7504985
7505254
7506142
7506650
7507185
7508217
7508736
7509573
7513422
7516981
7522261
7522613
7523353
7526470
7527008
7530810
7531471
7534107
7534613
7534748
7538105
7538680
7539880
7539974
7540816
7541570
7541634
7549146
7549294
7550273
7551568
7554632
7555899
7556960
7558957
7559238
7560184
7561904
7566438
7567450
7572447
7574056
7575796
7576524
7577905
7578143
7579275
7584661
7585804
7588103
7589978
7590859
7592622
7593843
7596474
7597225
7598087
7598103
7603643
7604376
7610628
7613329
7614591
7617165
7628938
7630790
7633751
7634512
7639192
7646533
7646684
7648398
7648456
7650957
7653215
7653724
7656033
7657726
7657920
7663918
7666978
7667203
7670769
7672410
7672545
7677045
7682013
7685907
7688444
7688899
7690802
7691673
7692924
7693204
7693423
7695052
7695772
7697615
7697995
7699712
7700723
7702428
7704217
7704455
7705831
7707010
7708835
7709343
7710306
7713575
7713781
7714731
7717626
7717992
7721875
7722825
7726337
7729879
7729889
7736156
7738820
7739457
7741142
7746193
7746433
7748699
7752240
7753754
7755139
7758798
7762101
7764772
7766944
7767726
7777545
7779237
7787367
7789562
7796798
7798822
7799440
7802382
7804416
7809723
7813914
7814082
7818063
7819547
7819815
7819895
7823733
7826663
7826781
7826837
7827383
7829892
7831266
7836393
7837898
7838481
7839971
7840232
7842189
7843064
7844086
7847426
7847549
7848660
7854977
7856952
7858479
7861206
7866619
7868012
7869019
7870148
7871968
7872275
7872933
7877371
7877977
7879696
7879713
7883820
7889811
7890888
7891451
7893100
7900591
7902422
7906029
7908316
7908386
7908799
7909048
7910155
7910438
7910447
7910981
7911797
7912259
7922378
7922685
7923629
7927636
7937521
7937671
7938039
7939636
7941683
7941756
7941871
7944731
7946867
7949605
7950017
7950169
7950673
7950897
7952613
7952777
7964488
7967902
7972047
7978108
7978278
7979998
7981485
7981731
7984239
7986127
7986657
7989038
7989325
7990533
7991445
7991742
7995864
7999765
8000667
8004403
8005135
8005186
8005269
8005500
8006025
8006557
8007711
8009533
8012691
8014017
8016582
8017155
8017211
8020534
8021199
8023094
8023929
8024589
8025895
8026533
8027255
8029850
8033686
8034026
8035002
8037204
8038404
8038900
8038980
8039745
8041775
8042107
8044117
8046165
8046511
8048076
8048898
8049130
8052052
8052406
8057533
8059799
8060813
8061647
8064701
8066592
8069022
8070655
8070805
8072448
8073314
8073371
8074639
8078988
8081594
8086601
8086841
8088417
8089081
8091504
8091896
8095384
8096642
8096825
8096920
8097672
8097897
8099818
8100408
8102053
8103482
8106327
8108699
8110600
8114366
8114856
8118632
8119010
8119055
8120442
8121432
8124919
8132463
8135584
8137624
8138833
8140487
8143683
8144406
8148641
8153781
8154611
8155402
8155430
8156443
8158989
8160047
8160729
8162305
8163342
8164565
8166697
8167750
8167763
8168417
8169615
8170565
8171911
8172134
8173939
8176068
8176441
8178783
8179769
8181270
8182104
8183593
8184626
8185760
8186367
8186819
8191703
8193098
8195824
8198963
8199061
8200462
8202231
8202338
8202811
8204250
8204778
8206575
8210277
8211728
8215090
8216197
8219315
8224510
8228842
8229628
8238102
8238303
8240877
8244125
8246106
8247134
8248752
8255323
8256768
8257302
8257617
8259207
8262276
8262311
8263377
8263833
8264602
8268447
8272428
8273741
8277492
8278256
8279330
8280116
8281443
8284115
8288833
8291678
8292165
8300553
8303541
8305969
8311559
8311653
8312749
8313360
8316583
8324070
8325090
8325445
8328347
8329961
8330516
8331161
8331705
8332296
8335872
8340706
8341478
8342663
8343460
8343917
8355468
8355764
8356365
8357656
8359679
8360691
8361494
8362730
8363580
8364715
8365358
8365708
8365881
8367294
8368161
8371856
8372716
8374767
8375679
8375932
8376982
8377095
8379333
8379608
8387020
8389416
8389543
8392180
8395147
8395172
8396077
8397372
8398962
8399866
8403385
8403411
8407972
8411413
8416273
8418365
8418826
8419732
8423987
8429544
8431967
8437225
8437522
8440005
8440217
8445449
8445833
8446190
8449902
8462559
8462564
8463182
8464289
8465990
8466142
8466183
8466618
8467119
8467868
8468121
8468838
8468884
8472590
8473161
8479043
8480572
8482065
8485974
8486010
8487495
8488333
8488579
8491954
8493638
8496034
8498812
8499038
8501597
8502614
8503332
8504153
8505818
8505874
8507468
8509038
8509860
8511893
8517351
8517752
8519274
8519448
8520333
8521943
8522880
8525395
8526568
8530802
8530990
8532225
8535826
8537638
8539443
8539709
8539909
8539929
8544884
8544947
8546505
8546983
8554598
8555613
8558474
8565615
8566117
8568950
8572660
8577652
8578152
8579560
8580440
8583793
8584293
8584743
8589013
8590038
8590186
8591348
8596374
8597637
8598083
8598578
8601336
8602429
8603902
8605348
8611239
8611284
8614354
8615678
8623033
8627220
8630261
8630686
8631273
8631717
8631774
8633660
8633702
8637072
8637547
8637774
8638470
8638689
8639466
8642396
8644879
8647082
8647347
8647840
8648650
8652085
8652797
8653887
8654654
8659656
8659789
8659930
8662319
8664432
8666178
8670573
8670831
8671095
8671126
8673029
8675295
8675687
8676755
8678009
8679248
8683165
8686931
8689884
8695569
8697458
8697537
8700549
8704097
8705732
8711249
8714997
8717447
8720593
8727805
8729148
8729440
8730006
8734980
8735834
8737409
8738753
8739420
8739871
8745334
8745677
8747990
8749037
8749505
8752160
8754804
8757754
8757780
8759110
8762646
8765632
8767342
8771458
8771471
8775771
8775795
8778164
8778509
8780666
8781906
8783291
8788196
8788404
8790674
8794166
8797574
8798543
8801322
8802855
8804273
8805591
8808569
8808902
8808931
8809230
8811396
8811685
8816670
8817232
8819680
8820438
8822969
8823290
8824451
8825178
8825381
8825645
8826213
8827916
8831862
8832287
8835618
8836819
8837489
8838153
8839216
8841397
8842786
8845080
8847019
8848259
8848758
8855410
8856207
8857081
8860980
8861650
8865655
8865673
8866055
8866591
8867408
8869313
8872956
8875630
8880163
8881856
8882677
8885107
8885450
8886564
8887621
8889087
8891825
8892588
8894364
8894623
8897269
8897921
8899625
8901459
8908081
8908119
8908219
8908262
8909308
8909695
8910309
8910731
8912471
8912784
8912993
8917227
8917726
8921637
8923601
8924492
8931690
8932549
8934332
8936501
8936903
8938415
8939375
8942075
8942835
8943806
8944468
8945390
8946466
8948760
8951201
8953095
8954208
8955531
8957974
8959019
8961065
8961869
8962153
8966398
8967110
8970146
8974328
8975940
8983434
8983467
8987383
8991970
8992603
8993025
8993152
8993365
8994458
8997065
8999911
9002604
9005851
9007701
9008578
9010536
9011451
9012145
9012443
9013216
9015673
9017874
9021934
9023765
9032270
9035386
9038588
9039012
9039130
9043162
9044075
9048730
9050618
9053930
9058157
9058769
9062517
9066170
9066430
9068808
9070985
9071507
9071743
9074740
9077802
9078850
9082234
9082662
9083936
9085928
9088419
9088420
9089789
9090977
9091042
9091697
9093161
9094334
9095391
9096091
9096575
9097151
9101800
9103594
9110817
9111103
9114016
9114173
9114256
9114739
9114813
9115907
9119545
9119871
9120557
9124011
9124434
9125991
9126055
9126702
9128012
9129017
9129140
9132770
9135479
9136391
9138574
9139875
9144304
9148587
9149977
9151055
9152209
9153223
9153718
9154815
9155895
9157699
9160806
9164300
9164438
9165128
9168500
9169573
9175247
9181998
9182199
9183874
9183994
9184499
9185336
9187018
9187332
9189544
9190345
9191890
9201427
9202618
9204993
9207226
9208801
9210526
9211193
9212544
9214386
9215886
9218129
9218842
9219599
9223522
9224282
9224696
9225353
9226640
9229634
9229674
9230376
9237697
9238782
9254028
9254990
9255160
9255797
9265412
9265857
9265900
9266107
9272089
9275408
9281062
9287432
9288808
9291365
9294862
9294890
9298568
9303574
9305156
9306748
9313561
9313859
9317022
9319165
9319180
9319567
9321865
9321900
9323070
9323121
9323390
9328027
9328420
9329469
9329905
9330527
9331588
9337646
9339316
9340244
9341472
9347403
9347955
9350218
9350243
9350296
9350952
9351901
9352030
9352111
9354842
9355590
9356528
9357120
9357289
9357393
9359261
9362467
9366062
9367660
9367947
9368672
9368842
9372396
9372659
9374479
9375717
9377213
9377221
9380787
9382926
9383191
9386444
9388201
9389404
9389547
9390082
9391813
9392330
9392340
9393287
9394894
9396141
9397975
9398857
9403193
9405927
9407122
9410142
9412737
9414476
9414924
9415458
9416309
9417124
9418200
9420417
9420787
9421917
9422386
9423029
9423459
9426740
9427015
9427372
9428739
9429667
9432166
9434053
9435565
9439137
9440276
9440756
9441793
9443515
9445547
9448190
9451110
9453085
9460104
9461885
9463147
9465321
9469526
9471691
9479135
9482076
9482506
9484051
9485149
9487715
9488509
9489165
9496262
9501917
9502517
9503727
9505396
9505634
9506831
9508907
9510610
9514265
9514564
9518820
9519490
9522114
9528061
9528227
9528365
9528712
9530674
9534658
9535834
9536845
9541933
9543031
9543148
9550170
9551552
9553713
9554145
9554419
9559244
9559927
9560126
9562738
9562799
9563943
9565015
9570568
9571005
9573212
9573892
9575037
9575396
9577397
9578117
9578774
9583729
9584423
9585430
9586396
9589604
9595489
9600008
9600337
9600792
9601979
9602988
9605504
9607485
9608743
9609409
9609664
9610916
9611087
9614331
9614631
9619471
9619735
9622277
9623257
9623825
9623988
9625442
9630240
9632716
9637195
9637269
9639463
9641702
9645228
9648577
9649424
9652257
9654713
9654755
9656807
9657445
9658580
9661573
9664123
9666868
9666939
9670554
9671067
9672117
9675751
9676684
9676735
9679847
9682107
9683702
9683970
9684085
9686306
9687079
9688422
9688749
9689076
9691344
9692231
9696483
9697436
9699011
9699740
9703815
9704542
9710202
9714869
9717870
9720294
9721557
9722151
9722950
9726258
9731028
9734046
9735123
9736642
9738256
9738942
9739787
9745306
9746499
9747198
9747897
9749842
9751332
9756430
9757475
9759117
9759438
9759581
9760588
9760992
9765068
9765363
9765861
9772240
9778218
9780409
9782092
9783582
9783994
9785609
9785935
9786761
9788851
9790197
9795189
9796427
9797964
9797981
9798824
9799667
9802657
9803239
9804495
9806131
9806307
9807566
9808908
9824003
9828577
9832816
9833121
9834309
9837120
9838066
9838879
9840070
9840250
9842789
9843928
9848091
9849186
9850014
9851156
9852368
9855295
9856702
9857972
9859639
9860901
9862616
9862795
9864412
9865065
9867008
9869643
9870654
9871648
9876658
9878524
9881314
9882713
9883354
9884752
9887406
9888421
9892060
9892505
9892919
9900354
9900621
9900872
9905302
9908386
9908532
9913310
9915922
9920283
9921439
9926118
9926714
9928739
9930025
9930615
9931373
9932663
9935631
9936439
9937129
9937679
9939475
9942240
9945841
9945991
9949062
9951757
9952178
9952754
9956244
9958477
9968404
9969015
9969717
9970013
9973335
9973804
9980997
9983828
9985763
9989141
9990608
9991977
9992561
9993870
9994282
9994875
9996189
10010856
10010985
10012368
10016320
10016602
10018256
10018586
10021083
10021100
10022497
10024572
10028882
10030496
10037427
10038205
10039399
10040386
10041586
10042586
10044398
10045029
10048870
10050078
10052790
10053827
10054898
10059970
10064380
10065182
10066271
10067612
10067918
10069864
10072457
10073031
10075232
10076960
10077218
10077799
10080225
10080965
10082174
10088187
10088690
10089188
10089296
10089509
10091450
10093583
10098702
10098739
10099418
10099797
10102669
10102925
10103362
10103386
10104552
10105698
10113609
10116431
10122442
10123161
10124081
10126198
10127971
10128614
10130267
10133475
10133878
10136226
10139576
10141052
10141745
10142726
10144660
10144825
10149617
10150972
10162576
10163306
10163656
10169071
10171288
10171791
10172304
10173031
10173159
10176972
10177941
10179264
10181099
10182498
10183501
10186034
10187068
10188107
10189789
10190165
10190915
10192654
10193400
10193427
10194951
10196357
10201865
10202395
10204231
10205681
10209984
10213638
10216476
10217297
10218929
10220607
10223464
10223776
10223911
10225559
10227963
10229202
10230093
10230435
10230858
10232700
10236860
10239562
10240065
10242302
10246118
10251296
10251544
10252601
10252725
10253208
10256227
10256482
10256783
10259196
10259431
10260439
10260505
10268011
10268523
10270048
10270234
10271214
10271262
10271560
10274861
10282807
10284918
10285587
10286397
10286607
10287949
10291490
10293004
10293269
10294172
10295976
10299047
10302820
10303196
10305429
10307204
10310658
10313209
10314247
10322654
10325093
10335018
10335752
10338017
10338744
10344743
10345931
10352249
10353336
10357584
10358421
10358619
10360332
10360600
10362063
10363641
10365139
10365412
10370864
10375236
10377475
10377588
10378075
10380785
10383796
10385499
10385641
10389170
10390212
10393091
10393367
10394389
10395224
10395427
10404382
10405439
10408757
10411118
10414846
10415774
10416176
10416795
10417847
10420486
10420665
10420706
10420951
10422813
10423526
10423594
10424865
10425313
10425598
10427918
10428444
10428601
10428625
10430573
10434428
10437842
10438978
10441849
10447760
10448933
10451313
10451479
10452769
10455135
10455682
10456353
10457557
10457570
10458855
10460551
10465114
10471577
10472725
10473057
10475565
10475960
10476006
10476537
10477401
10478775
10480520
10482796
10483320
10484432
10486033
10486455
10490607
10495621
10498700
10503357
10503788
10504129
10506824
10507003
10509762
10511539
10513143
10513165
10515283
10517159
10518244
10521078
10526650
10527057
10529852
10530751
10531358
10534279
10536987
10537141
10537392
10539010
10539383
10544564
10546607
10548033
10551703
10552036
10557242
10559685
10561356
10563844
10563937
10565179
10568751
10568800
10568846
10570436
10570535
10571037
10575692
10580128
10583988
10584120
10586072
10591948
10596531
10596927
10599598
10601749
10603024
10606785
10606916
10607033
10607243
10607859
10610633
10611049
10611502
10620870
10624793
10626308
10628561
10634255
10636892
10639983
10640989
10642310
10646248
10647591
10650218
10651660
10655349
10655555
10656937
10657388
10657469
10658757
10661129
10662288
10664057
10666589
10667281
10667443
10667725
10668563
10668986
10670308
10670362
10673806
10673812
10677838
10686851
10689264
10689343
10689988
10690434
10690824
10691058
10692502
10695373
10697092
10697409
10698325
10699455
10701961
10702800
10705910
10708566
10709889
10710894
10718942
10720830
10724165
10724487
10724900
10729921
10730727
10730848
10731168
10739088
10740296
10740604
10748326
10750705
10752617
10754799
10754993
10766681
10767358
10767801
10769629
10770919
10772323
10772374
10778517
10779239
10784054
10786104
10786629
10788629
10791384
10794861
10795430
10797614
10798735
10799127
10802154
10802889
10803141
10803877
10806450
10807026
10807248
10807343
10807368
10809951
10811048
10811069
10821440
10821901
10826957
10828459
10829109
10832273
10835742
10836634
10839726
10842573
10843174
10845092
10845652
10845831
10846981
10847550
10847742
10848803
10848982
10852291
10852302
10853738
10854498
10854823
10858671
10860158
10862738
10863357
10867198
10872608
10879441
10882892
10884865
10890169
10892328
10892402
10895092
10897075
10897738
10897990
10900946
10904007
10906341
10907262
10907714
10910736
10914716
10915629
10916105
10916691
10917150
10917162
10918332
10919664
10920333
10921487
10925380
10928189
10928564
10930052
10931149
10932290
10933612
10935822
10942304
10944180
10945007
10945177
10948043
10948197
10950057
10950338
10957204
10958626
10959128
10959579
10961396
10961927
10962174
10965374
10970854
10973407
10974881
10984091
10985161
10986167
10986634
10988000
10989411
10989453
10992245
10993905
10994582
10994828
10995061
10995724
11000143
11001366
11001882
11001951
11007065
11009820
11010248
11012902
11014200
11014546
11014681
11016724
11020266
11023432
11024180
11024585
11024719
11025543
11025702
11026047
11027038
11027730
11029632
11031128
11032931
11035723
11037068
11037931
11039452
11039493
11041203
11042036
11045389
11045420
11047541
11048490
11049588
11054189
11057531
11059059
11063440
11063551
11063786
11068932
11070743
11071044
11072081
11073642
11073695
11083522
11084247
11088957
11091698
11091826
11093213
11093662
11094012
11095596
11096092
11096819
11100020
11106263
11106282
11109166
11111943
11115412
11118537
11120609
11122022
11122878
11125375
11125534
11125778
11126013
11129718
11130140
11131974
11132557
11134006
11134271
11134591
11135052
11135842
11136049
11136184
11136747
11138950
11143320
11144135
11144606
11146390
11149062
11151858
11154136
11154627
11155170
11160519
11160628
11161112
11162169
11163128
11165805
11167785
11169259
11169925
11172123
11173002
11175117
11175658
11177239
11179445
11181333
11183447
11183616
11183909
11184704
11192787
11195756
11201932
11204954
11206315
11208376
11210127
11210616
11211882
11214671
11214785
11217788
11223445
11223461
11225472
11226710
11230845
11233058
11235645
11235688
11237212
11237976
11238279
11240558
11240756
11241572
11246159
11249280
11252572
11254703
11258302
11261608
11264280
11265646
11266417
11268652
11270318
11271472
11272610
11274949
11276195
11276357
11277843
11280505
11281921
11283991
11284752
11287094
11287687
11295811
11296946
11297025
11297413
11298451
11299283
11299645
11300730
11304225
11306332
11307645
11307877
11308514
11312382
11314348
11315582
11318183
11320928
11322599
11323589
11326105
11327387
11329023
11329552
11330816
11333344
11334039
11337348
11337762
11341879
11343636
11345949
11346523
11347471
11348930
11350982
11353532
11354880
11355355
11359598
11360176
11360559
11361443
11361643
11363631
11364127
11365288
11365596
11365778
11365939
11365955
11366294
11366776
11370149
11370193
11375012
11375199
11376548
11379755
11380196
11380297
11380349
11381090
11383633
11384367
11388089
11391123
11391308
11394480
11399391
11401906
11402416
11404049
11406735
11406973
11407485
11407493
11407746
11409100
11410278
11412486
11415102
11416719
11418182
11419717
11419771
11421863
11422041
11423747
11424992
11426082
11427284
11429684
11429855
11431326
11431861
11438492
11438702
11439098
11439435
11444694
11447309
11447742
11451039
11452236
11452593
11452655
11453457
11456119
11456466
11456876
11462405
11463194
11463703
11467032
11467583
11468105
11469420
11469723
11476853
11478090
11480913
11481220
11481372
11482589
11485251
11487291
11488400
11489851
11491427
11493951
11500166
11501060
11502262
11506418
11508361
11509351
11510524
11510723
11510818
11511511
11512559
11513042
11515442
11519211
11519861
11524530
11524906
11527899
11530026
11531044
11531053
11535602
11536664
11537523
11540578
11547643
11549756
11550719
11550880
11552707
11553315
11557460
11559553
11563467
11565365
11567985
11568160
11573692
11577695
11578495
11579559
11580746
11584440
11587673
11588187
11593426
11596841
11597129
11600705
11601077
11603344
11603694
11605743
11608427
11609781
11610655
11612512
11614217
11615943
11616232
11622439
11623075
11623272
11624662
11625133
11627391
11627433
11630681
11630843
11632590
11635286
11636099
11636350
11640001
11642836
11644133
11646172
11646975
11647525
11647618
11648330
11649587
11653259
11653463
11655565
11657018
11657209
11667821
11669774
11672651
11673904
11675688
11677114
11685112
11686384
11692696
11695112
11695350
11695487
11696835
11699295
11701119
11703873
11704963
11707814
11710755
11711222
11714756
11714892
11721460
11722036
11724325
11727149
11727892
11729723
11730286
11731659
11732267
11732674
11736997
11737049
11738569
11742814
11743139
11745404
11748693
11750023
11752133
11753819
11754349
11754743
11756085
11756925
11759117
11759680
11760668
11762533
11763277
11763571
11763791
11765364
11766778
11770453
11777156
11777737
11778792
11780410
11780985
11781452
11782591
11785375
11790297
11792378
11793612
11794081
11794991
11796717
11796972
11805074
11805386
11805643
11805965
11807754
11810088
11814040
11816841
11817381
11821159
11821497
11821597
11823916
11826832
11826942
11827337
11828054
11833336
11838032
11838904
11844236
11844811
11848452
11850963
11851916
11852946
11853126
11854777
11855101
11856121
11857749
11866623
11867616
11867703
11870306
11871007
11873140
11877420
11877686
11878191
11880415
11884774
11886298
11889173
11889785
11890938
11891451
11894620
11901330
11902081
11902898
11909524
11913549
11913749
11917827
11922028
11922228
11922819
11922984
11924455
11924530
11928197
11928902
11930526
11930571
11930888
11932542
11938068
11938554
11940722
11941075
11942958
11944078
11945017
11945332
11945864
11952533
11954501
11955136
11955716
11959745
11961133
11962017
11963912
11965396
11967932
11969129
11970862
11973113
11976053
11977445
11979895
11982852
11983103
11986117
11989830
11990902
11991852
12000728
12003906
12005582
12014214
12016605
12027302
12028199
12029370
12030655
12030954
12032316
12033714
12034440
12034874
12036621
12036882
12040086
12042299
12045917
12047114
12048885
12053744
12054798
12056507
12057218
12063033
12063087
12063369
12064104
12064904
12066517
12067119
12069198
12069282
12069331
12071495
12071648
12073410
12075603
12075794
12078630
12080246
12081967
12084577
12085657
12090102
12095957
12099978
12101930
12102769
12103332
12104628
12105220
12105469
12107171
12107672
12108001
12110294
12110578
12112480
12112547
12114348
12114460
12118894
12119037
12120689
12122692
12128003
12128809
12130915
12131979
12132125
12137526
12137555
12139841
12147931
12148633
12149167
12149628
12149987
12150171
12154089
12160041
12160578
12162270
12164758
12165649
12166693
12167325
12169835
12170252
12170707
12171502
12174978
12175874
12176448
12177119
12178073
12179729
12181022
12186959
12188595
12190651
12190854
12191024
12192677
12199048
12201495
12201605
12204213
12208596
12210207
12212412
12213103
12214828
12216388
12216754
12220306
12220443
12224231
12224351
12225147
12225153
12225725
12225930
12227056
12228810
12229232
12230498
12234300
12236791
12237853
12239218
12241870
12244659
12246877
12248742
12250684
12251948
12252497
12254150
12254681
12255833
12257425
12259415
12262996
12263797
12263976
12266867
12271317
12273857
12276081
12278820
12280634
12280771
12283248
12283742
12288182
12289107
12289220
12291642
12294439
12294548
12295894
12298237
12303667
12310534
12311137
12312480
12316756
12318593
12318984
12319094
12320336
12324982
12325398
12327286
12327479
12328593
12328689
12331613
12332042
12332408
12332925
12336656
12338160
12340121
12340679
12343580
12343608
12344164
12345666
12346926
12348337
12348882
12349836
12349862
12353694
12354473
12357714
12366658
12369757
12376045
12378191
12378398
12380430
12383946
12384403
12388891
12389856
12391444
12392081
12392170
12395254
12397438
12399038
12400193
12401034
12401122
12404225
12410466
12410545
12410612
12410692
12414329
12417785
12419445
12423991
12424480
12426319
12426553
12428162
12428185
12428671
12430420
12433267
12433775
12435026
12435583
12435789
12436402
12438652
12439438
12439632
12440570
12442623
12442679
12445238
12446161
12446621
12459415
12461140
12468838
12469351
12470948
12474958
12475343
12475963
12477716
12477949
12480710
12484724
12486533
12490803
12490824
12491141
12491209
12491875
12494003
12494962
12495511
12495523
12496235
12496292
12500125
12503088
12503425
12508511
12514985
12515491
12517167
12517326
12518992
12520505
12521373
12521721
12524042
12524245
12524670
12524692
12529011
12530322
12530901
12530993
12533826
12533941
12535824
12538436
12538896
12542360
12542675
12543075
12544426
12551644
12555776
12557387
12558186
12558279
12558920
12559204
12562942
12563844
12571070
12571312
12576107
12577260
12578357
12578511
12578909
12579208
12579394
12580330
12581151
12582333
12583238
12583649
12590315
12594728
12596000
12600028
12603959
12604650
12605058
12606203
12607736
12608398
12611201
12612037
12613419
12615624
12616929
12619621
12624895
12624971
12625606
12626307
12632479
12632887
12633015
12633126
12634607
12641826
12642288
12644551
12645229
12646904
12647395
12649701
12653372
12658942
12659738
12660095
12660980
12661109
12663000
12663168
12663574
12664251
12664658
12664850
12665825
12666304
12668258
12669106
12669308
12669883
12670999
12672125
12674135
12675380
12675690
12677776
12677911
12683411
12685477
12686742
12688790
12688895
12691502
12694097
12701092
12703152
12703607
12704423
12706667
12706780
12707463
12707608
12708899
12711716
12713143
12713315
12713675
12713898
12714897
12718275
12719847
12723275
12726883
12727282
12727579
12728630
12729484
12730399
12731487
12732991
12735928
12736710
12737277
12737477
12737824
12738127
12738403
12739819
12739873
12740524
12740914
12742700
12744805
12750056
12750707
12752891
12759686
12760481
12761158
12761824
12767214
12767694
12768838
12771019
12774259
12777445
12778618
12779636
12782544
12786888
12787423
12787760
12788008
12788916
12790440
12790650
12792774
12795798
12802216
12803166
12809122
12809620
12810963
12811645
12811780
12812515
12813242
12813347
12817285
12818656
12818938
12819235
12826595
12829439
12830295
12833049
12833472
12833875
12835541
12835823
12840530
12841829
12847448
12847945
12849564
12851724
12859925
12866725
12871292
12873085
12873279
12873352
12874570
12878660
12879491
12880195
12880248
12880680
12886206
12895918
12898742
12899442
12900153
12901053
12902143
12902234
12902525
12904231
12904404
12904818
12908245
12912150
12913501
12916350
12918634
12919607
12920749
12922054
12922602
12928401
12935184
12936219
12938933
12939855
12942109
12942113
12942674
12942675
12942818
12948437
12949701
12949821
12953487
12955035
12956554
12956845
12959092
12959504
12966213
12967130
12967497
12968053
12968647
12968660
12968722
12969458
12975002
12975913
12982903
12987711
12989731
12990877
12997164
12998615
12999435
13003640
13003899
13004106
13004275
13004432
13005110
13006815
13008583
13011008
13012196
13012317
13012533
13015408
13016814
13017898
13022519
13026138
13030325
13031227
13033043
13034647
13036675
13040359
13040610
13042819
13045124
13048001
13050298
13052715
13056358
13056529
13058117
13058601
13064420
13066620
13071734
13072724
13074678
13075601
13075851
13075914
13077217
13077243
13079004
13090470
13097229
13099049
13101959
13102497
13103014
13103528
13104669
13105819
13107762
13107868
13109869
13112054
13118235
13120307
13120713
13130544
13133930
13134013
13137507
13138099
13139156
13139220
13141731
13145340
13146230
13148249
13152179
13157493
13159699
13160187
13162835
13172575
13172691
13174163
13177198
13178526
13181844
13182848
13182917
13184629
13186470
13187654
13188349
13188410
13188423
13188450
13188873
13190635
13191170
13192058
13192980
13193053
13193744
13195283
13196328
13197642
13201112
13202415
13203629
13203735
13207577
13207731
13210394
13210773
13211232
13211794
13212736
13214401
13216432
13217935
13218111
13218417
13219897
13220215
13220473
13221510
13224464
13229354
13232225
13233865
13239528
13240392
13241681
13242333
13243160
13243266
13244699
13246207
13248842
13249025
13249775
13251155
13255144
13255782
13256628
13257957
13258020
13259588
13261167
13266285
13267064
13269920
13271076
13274859
13277345
13277819
13278901
13282881
13284333
13284371
13288841
13289568
13290636
13295474
13296265
13296551
13297037
13298055
13301869
13305019
13308249
13310992
13310993
13311579
13312380
13316609
13319454
13322883
13323689
13323843
13330603
13331998
13332106
13333902
13336098
13350331
13355100
13358259
13359915
13361478
13361786
13366062
13367903
13370337
13370909
13371449
13373147
13380597
13381143
13383174
13386757
13387114
13390844
13393767
13395477
13396834
13398027
13399391
13401355
13402891
13403245
13404124
13404235
13404947
13406568
13416500
13416846
13418013
13419127
13419972
13421094
13421881
13423391
13428301
13430040
13430180
13431163
13436476
13443418
13443737
13444079
13450765
13456037
13457037
13458396
13458891
13460485
13461187
13461589
13462567
13466645
13466936
13467520
13469158
13470372
13483887
13487099
13487295
13488179
13490848
13494284
13496208
13497298
13503922
13504277
13504729
13506315
13508286
13510019
13513356
13519985
13526111
13526171
13527106
13530044
13530294
13530555
13533790
13534072
13535823
13536347
13538670
13545676
13553305
13553537
13554885
13558022
13558196
13559012
13563715
13571807
13574142
13574274
13574628
13579184
13580420
13583204
13588192
13597583
13597616
13598264
13599209
13599631
13600042
13603580
13603706
13604559
13607263
13621393
13627296
13627485
13627913
13628219
13630340
13633867
13635252
13638767
13640843
13648651
13650469
13650592
13653386
13654085
13654254
13655508
13656486
13657123
13664729
13666790
13667927
13668703
13672675
13673498
13676126
13677759
13681748
13686176
13690632
13691651
13693448
13694327
13694814
13695835
13697653
13697758
13703498
13703860
13707627
13710623
13711193
13711944
13712178
13713018
13713146
13719756
13721395
13722979
13723636
13724069
13727817
13729459
13731824
13734041
13735497
13737056
13741169
13745870
13746426
13747209
13747477
13748313
13753353
13754377
13755824
13757171
13757256
13758160
13759722
13763182
13764254
13764743
13768503
13768622
13768806
13771117
13771718
13772970
13778448
13787803
13793819
13798819
13798970
13799913
13802980
13804121
13804190
13806167
13808239
13811474
13812233
13812577
13812793
13813886
13815564
13818102
13818223
13819338
13820011
13820639
13823764
13826898
13828294
13831567
13832698
13834034
13834252
13834558
13839114
13841416
13844100
13846520
13851141
13852666
13856715
13859724
13862578
13863571
13865894
13866186
13868963
13870149
13871671
13874322
13880681
13882096
13884542
13885299
13886406
13888150
13889201
13893111
13894848
13896028
13901371
13903949
13904112
13907750
13907816
13911221
13911790
13911953
13917967
13918228
13919937
13920842
13927056
13929269
13929798
13930174
13937238
13939773
13940430
13949445
13951554
13952711
13953859
13955772
13957218
13965085
13965267
13966517
13968358
13970564
13970565
13980195
13980479
13980884
13980925
13982768
13989255
13991598
13991770
13995346
13995442
13997580
13997717
14000298
14001611
14002861
14003314
14004417
14005135
14005320
14006293
14010494
14010569
14013160
14013757
14013838
14014246
14015930
14016557
14016950
14017732
14018128
14018160
14018497
14019431
14020261
14024181
14024812
14025535
14025704
14027337
14027884
14031040
14032287
14033551
14036713
14037516
14041689
14043087
14045897
14048135
14049258
14049842
14050063
14052937
14056998
14057164
14057242
14063375
14063431
14064316
14068130
14069380
14071484
14071765
14072820
14073100
14073686
14073989
14074043
14075528
14075791
14078531
14078779
14081891
14083586
14084701
14084741
14085715
14088173
14088220
14091272
14100148
14100815
14101663
14102129
14102568
14103892
14104707
14105262
14111350
14112605
14112908
14119878
14119943
14119952
14121211
14124715
14130682
14131131
14132713
14133336
14133360
14136770
14138893
14142752
14143096
14144465
14145120
14145445
14146284
14148197
14151525
14155127
14159009
14160269
14161525
14162517
14162642
14165850
14166423
14166428
14167040
14168683
14174933
14175098
14175270
14175352
14177542
14178788
14179324
14186741
14190888
14193896
14197181
14197421
14199378
14201803
14204336
14205028
14206325
14206333
14206874
14206921
14207192
14208415
14208704
14209870
14212062
14212421
14212457
14214205
14214478
14214889
14216203
14217120
14218406
14218986
14219026
14219986
14221834
14223147
14223187
14223879
14224737
14227509
14227999
14229049
14230121
14230413
14231085
14235953
14237578
14237655
14238288
14239656
14240541
14242736
14242768
14243538
14244084
14250648
14251174
14253278
14253402
14253682
14253972
14269253
14269662
14270318
14272934
14273838
14277848
14280637
14282500
14282570
14286131
14287640
14292683
14292851
14292954
14295507
14299164
14302196
14303796
14304192
14304888
14305746
14306138
14308183
14318642
14319143
14320090
14321089
14321927
14323146
14323271
14323667
14325405
14327956
14329333
14332010
14334186
14334218
14334386
14336307
14337684
14338016
14344789
14349492
14350226
14355488
14355822
14357688
14359014
14359279
14361818
14362859
14364925
14365122
14371178
14372770
14373683
14375851
14380867
14380936
14381308
14382221
14383194
14383444
14384557
14386293
14386424
14387084
14392993
14394601
14394655
14401357
14402379
14403637
14404252
14407948
14407987
14409513
14411187
14412340
14414732
14415219
14420402
14420953
14424689
14427001
14428455
14428987
14433716
14434560
14434729
14438751
14440848
14443333
14447094
14457078
14458402
14460941
14464184
14466493
14469839
14471074
14471875
14474109
14479587
14481174
14482275
14483391
14484057
14485881
14487579
14489491
14492190
14493109
14493366
14493750
14494739
14499540
14499678
14500482
14500736
14501606
14503175
14504252
14504627
14505312
14508607
14510816
14514283
14515800
14518353
14518550
14518882
14519915
14523410
14523966
14524412
14524470
14530899
14532151
14534303
14539613
14541737
14542391
14545125
14546577
14548261
14549670
14550757
14552318
14552350
14552442
14555475
14560727
14560946
14561851
14562556
14563880
14572189
14572247
14572481
14579087
14579238
14582218
14582832
14584242
14585510
14588113
14588332
14588646
14591047
14592845
14596293
14596416
14596841
14597018
14597206
14597862
14598744
14607421
14607512
14610160
14611627
14613696
14614310
14614688
14614895
14620593
14624224
14628423
14628721
14631141
14633555
14636599
14636607
14640016
14640416
14642544
14643062
14646128
14648751
14648837
14649307
14650157
14650537
14651669
14652543
14654437
14656052
14658553
14659417
14661975
14665252
14666639
14668697
14669011
14670346
14675733
14678072
14678503
14679114
14681642
14684019
14685146
14689611
14690772
14692626
14693500
14695108
14695382
14697526
14697821
14701767
14706331
14708451
14713552
14714316
14715378
14716716
14717122
14720528
14721482
14721798
14723959
14726135
14732052
14733839
14735080
14736314
14737514
14738699
14739680
14740753
14740863
14744419
14747384
14749667
14751590
14752291
14752776
14756422
14756790
14760275
14761508
14762640
14763480
14763754
14764076
14766199
14770506
14772144
14772232
14774170
14775184
14775484
14775854
14776633
14783999
14787016
14787435
14790638
14792392
14793725
14796200
14797344
14802128
14802937
14803806
14808662
14808774
14811431
14812236
14814590
14818663
14820418
14829132
14833966
14834392
14836593
14837814
14840128
14841620
14843473
14844677
14851898
14853899
14854157
14855528
14865229
14868197
14870453
14870949
14874911
14878697
14884379
14884992
14885555
14888274
14889079
14889763
14891920
14892319
14895046
14896950
14898637
14899424
14900057
14900121
14901602
14906711
14906738
14908751
14909052
14911303
14912516
14912729
14913427
14913597
14913884
14916394
14920618
14928903
14933119
14934131
14936768
14937076
14937768
14938545
14939536
14940627
14941883
14943580
14943770
14943915
14944046
14944568
14945661
14946847
14948000
14951283
14952123
14952513
14952883
14959927
14961063
14962079
14965825
14966985
14967589
14972402
14972519
14973880
14978211
14978282
14982692
14983647
14986864
14986971
14987637
14988658
14989145
14991161
14991599
14991785
14992329
14993503
14996065
14996114
14998337
14998457
14998742
15001697
15002210
15005655
15005836
15007338
15008436
15008526
15009482
15011572
15013558
15014708
15014843
15015000
15015445
15017507
15020534
15022743
15026811
15027070
15028907
15029147
15029346
15034415
15035875
15036713
15038070
15040898
15041090
15046033
15051663
15052145
15052577
15055011
15057647
15057847
15063026
15068902
15072703
15079175
15082321
15082559
15088384
15088613
15089139
15090886
15093927
15094490
15095743
15098345
15101538
15102737
15104982
15105593
15106922
15111240
15112063
15112226
15116507
15117535
15125246
15130645
15130809
15131167
15131458
15131697
15131729
15131999
15133501
15135047
15137025
15137388
15137586
15137629
15138514
15139929
15141108
15142155
15145446
15148723
15149966
15150057
15155171
15155863
15156314
15156982
15157247
15158820
15159296
15159887
15162694
15167295
15167770
15174699
15176651
15179306
15179615
15180882
15183094
15187195
15191786
15191828
15192030
15192160
15192310
15193949
15194678
15195727
15198061
15198774
15199292
15199866
15202708
15205994
15208519
15210164
15210987
15211805
15212784
15217695
15220520
15220812
15221512
15225363
15228277
15229215
15229245
15229445
15230251
15230826
15232013
15235513
15237199
15238955
15242431
15244381
15246071
15248525
15258463
15265123
15266356
15267174
15270396
15270499
15273985
15276762
15279841
15280680
15281662
15284125
15284273
15285182
15287714
15289460
15293448
15297082
15297174
15297649
15297914
15300975
15301135
15303210
15303221
15303649
15307451
15309348
15314975
15324087
15325386
15325761
15328290
15329008
15330115
15330281
15330763
15332562
15332912
15335024
15336804
15337165
15341430
15341553
15343086
15344223
15347035
15349297
15350977
15352631
15355537
15358177
15359676
15369967
15377048
15377442
15385202
15385959
15387658
15389223
15389571
15389820
15389840
15393476
15394780
15395412
15397101
15400184
15406826
15407266
15408471
15409379
15411077
15414289
15414906
15415929
15417399
15419029
15419269
15420272
15420680
15423329
15425785
15430337
15431255
15432228
15432512
15432566
15436379
15436978
15438228
15438721
15442955
15445771
15447173
15447435
15448161
15449658
15449978
15452753
15458071
15458177
15461856
15462476
15464274
15466918
15471593
15472689
15476052
15476731
15476845
15479501
15480928
15482181
15484323
15487634
15495287
15495628
15497489
15499526
15499967
15500369
15504005
15504872
15508486
15510905
15511023
15512005
15512616
15515823
15519369
15520692
15521312
15522013
15522484
15522939
15524132
15526335
15527703
15532226
15532404
15533355
15533511
15542179
15544599
15545117
15545714
15547904
15551010
15551704
15553267
15554148
15554500
15556248
15556913
15558139
15558744
15560452
15561253
15564018
15565978
15569664
15571226
15572859
15574582
15575184
15576389
15577333
15582921
15583242
15585311
15586626
15588845
15589854
15589898
15593102
15598887
15601545
15602171
15602394
15603685
15605640
15606361
15606821
15609787
15610877
15614938
15617189
15619515
15622416
15622873
15627756
15629410
15630945
15631737
15632820
15636932
15637313
15638652
15639630
15644155
15645294
15645583
15645940
15646092
15648595
15650623
15651150
15653206
15659343
15659620
15659706
15659735
15661113
15663002
15672200
15672840
15673337
15674678
15675984
15677672
15678009
15678948
15682229
15682935
15684641
15685742
15687646
15690245
15691363
15691913
15695809
15700039
15701093
15701545
15704022
15705132
15708214
15708480
15709070
15710604
15716486
15721392
15723416
15724905
15726172
15726357
15727732
15728250
15729516
15730096
15731875
15732140
15736763
15738058
15738310
15739683
15739956
15743009
15743686
15744973
15746758
15747879
15753347
15757036
15758191
15758833
15759216
15760201
15762722
15765702
15765764
15767974
15769944
15770431
15771393
15771654
15773155
15773397
15773411
15777916
15778934
15786919
15787310
15787403
15788090
15792152
15796331
15798142
15801919
15802550
15806678
15807885
15807938
15811257
15811501
15814428
15815509
15817130
15817439
15817611
15821347
15823469
15826270
15827610
15827795
15828024
15828987
15829008
15829698
15835274
15835885
15838213
15838354
15839603
15840087
15846035
15846126
15846878
15850432
15852398
15856978
15861277
15861968
15864269
15864276
15865398
15870076
15870102
15874543
15878864
15881394
15882020
15882875
15887021
15887555
15887800
15887822
15889267
15891268
15892763
15897920
15900293
15900928
15904088
15905015
15906350
15906687
15908993
15909355
15909779
15909883
15912148
15912381
15912662
15916606
15917654
15920540
15920746
15925215
15926216
15926957
15927144
15927436
15928631
15930799
15931998
15932131
15935676
15936167
15937713
15938968
15939217
15939251
15941619
15945298
15949419
15950736
15951865
15951881
15952323
15956403
15957069
15963315
15963910
15965174
15965568
15966696
15970492
15972559
15974177
15974838
15977402
15980867
15981241
15981983
15983637
15984706
15985262
15985502
15990632
15994904
15998369
15999805
16000560
16001134
16003123
16003403
16004140
16006596
16006826
16012765
16014344
16014674
16023397
16026309
16026945
16027202
16028257
16031652
16031744
16034390
16037477
16037787
16038599
16038781
16039612
16040256
16041556
16042410
16043756
16046361
16048656
16048833
16050874
16051164
16053105
16054259
16054615
16055474
16055596
16056995
16057647
16059745
16060159
16060575
16061624
16064996
16083394
16085140
16086229
16088608
16090603
16092927
16093186
16094466
16095136
16098325
16098510
16098904
16100978
16103334
16103839
16106830
16107982
16109748
16110095
16115473
16117200
16121156
16121998
16122536
16122823
16123408
16129538
16130021
16136207
16137026
16139227
16142088
16145368
16148090
16149045
16149857
16150516
16151484
16153503
16154075
16154746
16156930
16158438
16158753
16159057
16161662
16164135
16164686
16164963
16165084
16165387
16166571
16168894
16173699
16176939
16177478
16178411
16178808
16179697
16181958
16182234
16182238
16182626
16183646
16187058
16188177
16188178
16189117
16190047
16196458
16196523
16198062
16199539
16206003
16207469
16209589
16213395
16214512
16218394
16221475
16223839
16224406
16225317
16225451
16225971
16227614
16230957
16231914
16233088
16233454
16234937
16237474
16238363
16239067
16239436
16239510
16239804
16240592
16246844
16249610
16251392
16253259
16255677
16256309
16257993
16259830
16260670
16261024
16263999
16266052
16270851
16275669
16276412
16281929
16282198
16284186
16287208
16292371
16292590
16293007
16293988
16302269
16306469
16308334
16309989
16310118
16310220
16312990
16313624
16318684
16322382
16327933
16329695
16330734
16331136
16332830
16333984
16334059
16334338
16334547
16334952
16335085
16337609
16338521
16340560
16341942
16342256
16342583
16345115
16347473
16350601
16351655
16352694
16353357
16354350
16354434
16354582
16354941
16356319
16358649
16362026
16362126
16362224
16365392
16365716
16367953
16368967
16371232
16373970
16379303
16387473
16387622
16388666
16388684
16389244
16390114
16392255
16394352
16395028
16396384
16398280
16398411
16398588
16402565
16402678
16403069
16405318
16407459
16408871
16413074
16413174
16414752
16421814
16425876
16428478
16435166
16435279
16440773
16442248
16442814
16443418
16445895
16450459
16455640
16455928
16460089
16460447
16461555
16461649
16463325
16463972
16468425
16469353
16470910
16475155
16476459
16478012
16481210
16482558
16483169
16485213
16488878
16492067
16493508
16494938
16497028
16499113
16499180
16500158
16500887
16501664
16502113
16502737
16504021
16516993
16518456
16518543
16522037
16524219
16527175
16527540
16529100
16529120
16531987
16532300
16536640
16538740
16540718
16545209
16545656
16545945
16547853
16551829
16553480
16557397
16559186
16561225
16561620
16569385
16574268
16575098
16575111
16575692
16576087
16576903
16577254
16578032
16579716
16585804
16586244
16587481
16587974
16588286
16591452
16593646
16594808
16596449
16597512
16604661
16605122
16605427
16606085
16606158
16608090
16608352
16608722
16608743
16609696
16609715
16610243
16613092
16613128
16619349
16628149
16630361
16631724
16632222
16638273
16639320
16639842
16640914
16641423
16642313
16642504
16644084
16647287
16647462
16649860
16652331
16652763
16652883
16653683
16657170
16660207
16660440
16662039
16665678
16666219
16666223
16668090
16670165
16671210
16671287
16672462
16673198
16674300
16674967
16679898
16679981
16681089
16684966
16685707
16691438
16693068
16693543
16694660
16695670
16696092
16697917
16700496
16704164
16704566
16706407
16709627
16711277
16711440
16712797
16712842
16718801
16719337
16719981
16720622
16722714
16724536
16725253
16727677
16728092
16729305
16730755
16733091
16737101
16738020
16738716
16740580
16745166
16749144
16750154
16750480
16750912
16751762
16753363
16753892
16754604
16755097
16755604
16756737
16759399
16760965
16761327
16762039
16762735
16762884
16763263
16766034
16766513
16768114
16768459
16768897
16769986
16771031
16771756
16779283
16781152
16784820
16785252
16786514
16788308
16789285
16792743
16794056
16795300
16795621
16796543
16799637
16800824
16801537
16808171
16808174
16809079
16809086
16809153
16811668
16815841
16816235
16821653
16821798
16825923
16826926
16827748
16834672
16842941
16843571
16845120
16847983
16848352
16849093
16849927
16852770
16853631
16859734
16862144
16869698
16870042
16870837
16871188
16871614
16872774
16874913
16879781
16880531
16884343
16884830
16885027
16886290
16887221
16887618
16888842
16890590
16891926
16892892
16892972
16894872
16899005
16899616
16901419
16903429
16903684
16906295
16913318
16915770
16917950
16923374
16928480
16933551
16936057
16936064
16936999
16938149
16945741
16945933
16950323
16951865
16953230
16953851
16954062
16955178
16956410
16956620
16959686
16964000
16964134
16965946
16967252
16969344
16970439
16970513
16972738
16974270
16976104
16977270
16981227
16984128
16991588
16992106
16992159
16993389
16993466
16996856
16998327
16999825
17003685
17005270
17005340
17006518
17011076
17012406
17012487
17013551
17016468
17020008
17020720
17022363
17025095
17026280
17027466
17028630
17029082
17030883
17031478
17031757
17032015
17032456
17033262
17035166
17036833
17040161
17040195
17042316
17044097
17044557
17046814
17048065
17049730
17049805
17049964
17053263
17054361
17056866
17059465
17061165
17063029
17067448
17067780
17067943
17068637
17073355
17074905
17076037
17076303
17079744
17080676
17081228
17081990
17082010
17082760
17084636
17088487
17090715
17091769
17094485
17094679
17095841
17096512
17097323
17099303
17102245
17103773
17107163
17110279
17112752
17116613
17128315
17131490
17134046
17134052
17134991
17140104
17141108
17145466
17146259
17146485
17146707
17149896
17154774
17158097
17158417
17158909
17159182
17161139
17162958
17163890
17164449
17165997
17171115
17171765
17173079
17176070
17176549
17182259
17182879
17183178
17186559
17189364
17191939
17192107
17192369
17192543
17195846
17197383
17198130
17198592
17201958
17204370
17204694
17207291
17208555
17210461
17217010
17218276
17219013
17224874
17225968
17228744
17230315
17239266
17239531
17239684
17240640
17240723
17244234
17244641
17245966
17247396
17248397
17251268
17251294
17253742
17255634
17256569
17257227
17259289
17260806
17264192
17264779
17264948
17265816
17268520
17269032
17269746
17270796
17272063
17282001
17282198
17285091
17286186
17291975
17294696
17295952
17298865
17303921
17304103
17304115
17305355
17306414
17308142
17309609
17310170
17310884
17311093
17312047
17315437
17316147
17316432
17319715
17321559
17323485
17325234
17326176
17326686
17329103
17333327
17333335
17334647
17335313
17337363
17337844
17338764
17338990
17342701
17343163
17344367
17351420
17351642
17351979
17352611
17355042
17358340
17361024
17366484
17369628
17372899
17377325
17378386
17382540
17384250
17384767
17385140
17389154
17391470
17391581
17394467
17394757
17395091
17397514
17406673
17409330
17413579
17416022
17416624
17417300
17418348
17419193
17423704
17426226
17428800
17429779
17431475
17439307
17439448
17440791
17442981
17443573
17445512
17447567
17450567
17450686
17450850
17452239
17454160
17454161
17455361
17455908
17458143
17459719
17460334
17465472
17465578
17470283
17475382
17478419
17480473
17481564
17483354
17483589
17484307
17489285
17490734
17491746
17491904
17492416
17494030
17495097
17499057
17500263
17501624
17502471
17502483
17503216
17503422
17504316
17506717
17513190
17513272
17513324
17514491
17514889
17515500
17517991
17523425
17526335
17527504
17529108
17530037
17532710
17533242
17537282
17540115
17540945
17541253
17544728
17544758
17544928
17546087
17550574
17550808
17553710
17555155
17555968
17558713
17559908
17559935
17559972
17562596
17563613
17565508
17565761
17567065
17568002
17569227
17571175
17571571
17572547
17573750
17576333
17591274
17593348
17594455
17595399
17598854
17599771
17599886
17601031
17602916
17605495
17605938
17609141
17609819
17610936
17612355
17617986
17618502
17619641
17622086
17623539
17624079
17624599
17624939
17625071
17632368
17633232
17636517
17639450
17641173
17641330
17645206
17645696
17647278
17648814
17651288
17652711
17657363
17657558
17662810
17666206
17667029
17673159
17675281
17675475
17676241
17677033
17679307
17683562
17685352
17685422
17685701
17687729
17688395
17690847
17691463
17691969
17694602
17697786
17698972
17700858
17704545
17706058
17706924
17712366
17716267
17716957
17718387
17718763
17719443
17720727
17723804
17724014
17729419
17730691
17731114
17731692
17735161
17736516
17736990
17738058
17738521
17739147
17740640
17741740
17743312
17744808
17744939
17745380
17745942
17747292
17747591
17749983
17750225
17753410
17762923
17763912
17764955
17767901
17769217
17770135
17770669
17772677
17777231
17777880
17781213
17782449
17784899
17785668
17789194
17789264
17792067
17792422
17794237
17794796
17795359
17798491
17800738
17800829
17803685
17805543
17808468
17810813
17811350
17812502
17814423
17815093
17816120
17822427
17822518
17830629
17830707
17831025
17831532
17833271
17833398
17834950
17839348
17839420
17843064
17848046
17851227
17857235
17857300
17858118
17858449
17863022
17863888
17864393
17866256
17868911
17873805
17874303
17879972
17883101
17883262
17883515
17884581
17885000
17888028
17889122
17891939
17896106
17896671
17897499
17898591
17900977
17901436
17903289
17903463
17905934
17909424
17913273
17914441
17914766
17914822
17915142
17918412
17918941
17919618
17920734
17923896
17927088
17938101
17938762
17938986
17943598
17944704
17945035
17946651
17948131
17953935
17956611
17961093
17962182
17964139
17964399
17966148
17966398
17968581
17968877
17971608
17976736
17980195
17981968
17982818
17983900
17991753
17998376
18001629
18004188
18004975
18006151
18010624
18010644
18010895
18012528
18016630
18017101
18019218
18023014
18025718
18029908
18032474
18036513
18039389
18044439
18047887
18047956
18048157
18049080
18050653
18056603
18057724
18057928
18063059
18064844
18066207
18069542
18076708
18076795
18077766
18082108
18084597
18087911
18089179
18089525
18089950
18090038
18091335
18091794
18094693
18095840
18097767
18097943
18098812
18100795
18102534
18102696
18102769
18103556
18104749
18106932
18107461
18108307
18110343
18113950
18129802
18130736
18131281
18131409
18132278
18132446
18134351
18136826
18139239
18141281
18141329
18141611
18143807
18143996
18150574
18151260
18154402
18155864
18155995
18157149
18157399
18158180
18158947
18159998
18160171
18161945
18164681
18173522
18175472
18175699
18176216
18177059
18178157
18178391
18180089
18180329
18182817
18182988
18183193
18183967
18188067
18188079
18200223
18202077
18203153
18204837
18210292
18213085
18214239
18215657
18217249
18218732
18220009
18221981
18224121
18224893
18225130
18225407
18228036
18229677
18230676
18232566
18235628
18239417
18240917
18241032
18242973
18243000
18243372
18243582
18245445
18246172
18246875
18248829
18250225
18252766
18258909
18262576
18264718
18264945
18265030
18266369
18269265
18270664
18276239
18276525
18279679
18279986
18280291
18280539
18281512
18281655
18282016
18284126
18284221
18290481
18291106
18291958
18292389
18295660
18295692
18296425
18297540
18303376
18305466
18306981
18307167
18310267
18313761
18313847
18314617
18314831
18320460
18321825
18325515
18325844
18325950
18326340
18334413
18334489
18334904
18337284
18337339
18337624
18340479
18340916
18341947
18342152
18342504
18347103
18347395
18348237
18348586
18351388
18357490
18358627
18361134
18361811
18362696
18368168
18371864
18373034
18373629
18374000
18374659
18375099
18375175
18377476
18380355
18384705
18385194
18385906
18386105
18386419
18386898
18387098
18390466
18391965
18394914
18396047
18401951
18402717
18404005
18404707
18405483
18406082
18407842
18411742
18411755
18412082
18412118
18412518
18412594
18414350
18414766
18415314
18416873
18417972
18418734
18419914
18423274
18424346
18425830
18431164
18431495
18434813
18439137
18439411
18439501
18445777
18446369
18446864
18451847
18454013
18458629
18460532
18464224
18468095
18470923
18473386
18473401
18474508
18477246
18479171
18484374
18487681
18488293
18489045
18491403
18492171
18492225
18494333
18497729
18500171
18501613
18501686
18503716
18506590
18507731
18508164
18510141
18510458
18511236
18514797
18515702
18517005
18519008
18519364
18520975
18522300
18523050
18523617
18524485
18524546
18525286
18525374
18526913
18527679
18527831
18529629
18530771
18531619
18531758
18532017
18538686
18539080
18541453
18546564
18548598
18548745
18549324
18551010
18551273
18552368
18552509
18553028
18553153
18554460
18557539
18558330
18562716
18566161
18566483
18568051
18570628
18573293
18576226
18576402
18576551
18576587
18578969
18579609
18579689
18583062
