0.07142857142857142
4.666666666666667
0.16666666666666666
0.5714285714285714
1.5
0.06666666666666667
1.0666666666666667
4.333333333333333
1.5
5.222222222222222
0.16666666666666666
0.07142857142857142
0.07692307692307693
9.833333333333334
0.09090909090909091
0.1111111111111111
1.1818181818181819
0.8333333333333334
0.09090909090909091
0.14285714285714285
0.07692307692307693
0.1111111111111111
0.07692307692307693
0.3
0.08333333333333333
0.09090909090909091
2.5454545454545454
6.2
4.857142857142857
0.1111111111111111
0.7857142857142857
0.23076923076923078
5.0
0.8
1.125
0.42857142857142855
1.3333333333333333
3.2222222222222223
0.8823529411764706
0.5
0.375
1.1
2.1
1.1111111111111112
0.05
0.05555555555555555
1.1111111111111112
1.2727272727272727
3.727272727272727
2.7142857142857144
0.9090909090909091
0.21428571428571427
3.357142857142857
0.125
0.09090909090909091
0.07692307692307693
3.3
0.4166666666666667
2.923076923076923
5.444444444444445
2.8181818181818183
0.08333333333333333
0.16666666666666666
0.2222222222222222
0.07692307692307693
0.18181818181818182
1.1111111111111112
0.36363636363636365
0.1111111111111111
0.16666666666666666
0.06666666666666667
0.1111111111111111
0.125
0.125
0.08333333333333333
0.1
1.8333333333333333
0.06666666666666667
0.07142857142857142
0.125
4.5
1.3636363636363635
0.07142857142857142
4.111111111111111
0.1
0.7777777777777778
1.4666666666666666
0.125
0.0625
0.1111111111111111
0.2222222222222222
0.14285714285714285
0.06666666666666667
0.125
0.07692307692307693
0.1
0.1111111111111111
0.08333333333333333
4.833333333333333
1.8571428571428572
1.0
2.2
0.1
0.16666666666666666
0.2222222222222222
0.125
0.2
0.1
0.125
0.09090909090909091
0.07142857142857142
0.08333333333333333
0.07692307692307693
0.1
0.2
0.1
0.09090909090909091
7.5
3.2142857142857144
0.5
0.0625
3.625
3.111111111111111
0.09090909090909091
0.09090909090909091
0.25
2.0
0.25
0.14285714285714285
1.4666666666666666
3.0
0.625
0.45454545454545453
0.1
0.07142857142857142
0.125
2.076923076923077
1.6666666666666667
0.07142857142857142
0.08333333333333333
0.08333333333333333
0.1
0.1
0.06666666666666667
0.08333333333333333
0.08333333333333333
0.16666666666666666
0.07142857142857142
0.07692307692307693
0.14285714285714285
0.06666666666666667
2.8125
0.6470588235294118
0.1
0.1111111111111111
0.125
0.08333333333333333
0.2727272727272727
0.07692307692307693
0.6666666666666666
3.1666666666666665
4.0
0.5
2.75
0.09090909090909091
0.07692307692307693
0.08333333333333333
0.07692307692307693
0.14285714285714285
0.1111111111111111
0.3333333333333333
0.46153846153846156
0.3333333333333333
0.07142857142857142
0.1111111111111111
1.2857142857142858
2.6
0.16666666666666666
0.09090909090909091
0.1111111111111111
0.07142857142857142
0.08333333333333333
0.1
3.0714285714285716
0.16666666666666666
0.125
0.06666666666666667
0.7777777777777778
2.75
0.1
0.0625
0.09090909090909091
0.08333333333333333
0.08333333333333333
3.3333333333333335
0.07142857142857142
1.8461538461538463
0.5
8.2
0.8461538461538461
2.5
2.0
2.25
0.4444444444444444
0.15384615384615385
0.8
1.263157894736842
5.125
0.6666666666666666
0.7
0.08333333333333333
0.06666666666666667
1.5384615384615385
0.1
0.1111111111111111
1.1428571428571428
2.4
0.058823529411764705
0.058823529411764705
0.14285714285714285
0.08333333333333333
0.125
0.2222222222222222
0.14285714285714285
0.18181818181818182
1.25
0.125
0.1
0.07692307692307693
0.06666666666666667
0.05263157894736842
0.125
0.08333333333333333
3.6666666666666665
1.7272727272727273
0.08333333333333333
0.1111111111111111
0.07692307692307693
0.07692307692307693
0.125
1.375
1.125
0.16666666666666666
3.5
1.1
0.1111111111111111
0.6666666666666666
1.8888888888888888
1.8
5.2727272727272725
0.14285714285714285
2.3
3.8181818181818183
1.9090909090909092
0.5
0.16666666666666666
0.07142857142857142
2.875
2.3636363636363638
1.7333333333333334
0.2857142857142857
0.6666666666666666
0.125
0.09090909090909091
0.14285714285714285
0.2727272727272727
0.29411764705882354
0.1111111111111111
2.6153846153846154
0.4
0.125
0.3076923076923077
0.06666666666666667
0.058823529411764705
3.6
5.0
1.5454545454545454
1.4444444444444444
1.25
0.5
0.6363636363636364
0.2
0.9
4.0
0.1111111111111111
0.041666666666666664
6.2
0.07692307692307693
0.08333333333333333
0.06666666666666667
0.1111111111111111
0.09090909090909091
0.14285714285714285
2.727272727272727
2.1818181818181817
0.375
0.25
0.5625
0.6666666666666666
3.5384615384615383
0.38461538461538464
0.18181818181818182
0.08333333333333333
0.2
0.46153846153846156
0.23076923076923078
0.0625
0.1
0.07142857142857142
0.07692307692307693
0.14285714285714285
0.09090909090909091
0.07142857142857142
0.08333333333333333
0.75
0.8181818181818182
0.7777777777777778
2.5
2.1
1.7
0.8333333333333334
0.7333333333333333
4.384615384615385
1.4545454545454546
0.1111111111111111
0.14285714285714285
0.07692307692307693
0.1
0.3125
3.25
0.09090909090909091
2.4
4.6923076923076925
1.5
0.09090909090909091
0.08333333333333333
0.125
3.8
6.0
1.8888888888888888
1.4
0.125
0.1
0.08333333333333333
0.1111111111111111
0.08333333333333333
0.1
0.1
2.4166666666666665
0.6666666666666666
0.09090909090909091
0.1
0.5333333333333333
6.1
2.6363636363636362
1.7272727272727273
0.1111111111111111
9.5
0.3076923076923077
0.07142857142857142
7.125
1.0666666666666667
0.09090909090909091
0.1
0.16666666666666666
0.1
4.333333333333333
2.6
4.7
0.08333333333333333
0.06666666666666667
0.1111111111111111
1.5555555555555556
1.8333333333333333
0.09090909090909091
0.1111111111111111
0.09090909090909091
0.14285714285714285
2.5625
1.0
0.625
0.25
0.1111111111111111
1.1666666666666667
1.5555555555555556
0.4166666666666667
0.09090909090909091
0.15384615384615385
0.16666666666666666
0.08333333333333333
0.1111111111111111
1.8888888888888888
4.1
0.8888888888888888
0.23076923076923078
0.09090909090909091
0.07142857142857142
0.08333333333333333
0.16666666666666666
0.07692307692307693
0.09090909090909091
0.46153846153846156
1.0
0.2
0.08333333333333333
1.0
2.130434782608696
0.2
0.1111111111111111
0.25
0.07142857142857142
0.14285714285714285
0.09090909090909091
1.3636363636363635
3.0
3.875
0.07142857142857142
0.07142857142857142
0.5
0.09090909090909091
0.125
0.4166666666666667
0.5833333333333334
0.2
0.07692307692307693
0.06666666666666667
0.6
2.0
0.125
0.18181818181818182
0.09090909090909091
0.08333333333333333
0.08333333333333333
0.25
0.9
0.7777777777777778
0.1
0.1111111111111111
0.07142857142857142
0.14285714285714285
1.7777777777777777
0.2727272727272727
0.07692307692307693
0.08333333333333333
0.375
0.18181818181818182
7.571428571428571
3.888888888888889
0.07142857142857142
0.9285714285714286
0.4444444444444444
0.6666666666666666
2.1333333333333333
0.09090909090909091
0.07692307692307693
0.16666666666666666
0.06666666666666667
0.09090909090909091
0.125
0.36363636363636365
0.1
0.25
0.08333333333333333
0.058823529411764705
0.06666666666666667
0.1111111111111111
3.75
1.25
2.909090909090909
4.2
3.1
5.444444444444445
3.125
0.07142857142857142
0.058823529411764705
1.2857142857142858
4.0
1.0
0.15384615384615385
1.4166666666666667
0.2
0.375
0.9166666666666666
0.07692307692307693
0.1111111111111111
0.0625
2.9
11.857142857142858
4.25
0.08333333333333333
0.06666666666666667
0.2222222222222222
0.6428571428571429
0.08333333333333333
0.09090909090909091
1.6
6.0
0.26666666666666666
1.0
0.09090909090909091
1.0
6.25
0.1
0.09090909090909091
0.09090909090909091
4.2727272727272725
0.06666666666666667
3.2
2.142857142857143
3.0
1.8571428571428572
0.1111111111111111
0.25
4.166666666666667
3.0833333333333335
7.333333333333333
0.125
0.09090909090909091
1.5454545454545454
2.3076923076923075
0.8333333333333334
9.333333333333334
6.666666666666667
0.21428571428571427
0.6153846153846154
0.07692307692307693
0.09090909090909091
3.4285714285714284
0.5625
0.14285714285714285
0.05555555555555555
7.625
2.5454545454545454
0.36363636363636365
0.125
2.642857142857143
0.23076923076923078
0.15384615384615385
7.571428571428571
0.14285714285714285
0.125
0.1111111111111111
0.125
0.16666666666666666
0.125
0.07692307692307693
7.888888888888889
5.666666666666667
0.09090909090909091
0.3333333333333333
0.125
0.5
3.4285714285714284
0.14285714285714285
0.09090909090909091
2.1333333333333333
5.6
0.058823529411764705
4.5
0.3333333333333333
0.09090909090909091
0.4666666666666667
2.3333333333333335
0.1
0.3333333333333333
0.5714285714285714
2.5714285714285716
6.166666666666667
1.7692307692307692
5.0
0.3333333333333333
0.5555555555555556
0.6666666666666666
0.0625
0.2
0.875
0.125
0.2
0.07692307692307693
0.14285714285714285
0.07142857142857142
0.1
5.142857142857143
1.7
3.888888888888889
1.2105263157894737
0.05263157894736842
0.14285714285714285
0.09090909090909091
0.14285714285714285
6.166666666666667
0.07692307692307693
0.1
0.1
0.08333333333333333
0.5555555555555556
0.8
5.666666666666667
4.444444444444445
3.3
0.5
4.705882352941177
0.14285714285714285
0.9375
3.5714285714285716
1.8181818181818181
0.06666666666666667
0.875
0.1
9.2
0.058823529411764705
0.1
0.06666666666666667
0.07692307692307693
0.08333333333333333
0.08333333333333333
0.07142857142857142
1.1111111111111112
1.4
0.09090909090909091
2.6363636363636362
0.5
1.5
2.4545454545454546
6.454545454545454
2.75
0.8
0.16666666666666666
0.1
0.42857142857142855
0.25
3.727272727272727
1.3
0.09090909090909091
0.07142857142857142
0.07692307692307693
0.08333333333333333
0.16666666666666666
1.7777777777777777
2.142857142857143
0.05555555555555555
0.125
0.125
1.7777777777777777
3.2222222222222223
0.09090909090909091
0.8181818181818182
0.6666666666666666
0.6086956521739131
3.5454545454545454
1.7142857142857142
6.875
1.75
0.2
0.8
0.1111111111111111
0.1111111111111111
0.1111111111111111
0.125
0.6666666666666666
0.2222222222222222
0.3333333333333333
0.125
6.75
3.7
4.0
1.6
0.1
0.058823529411764705
0.05263157894736842
0.16666666666666666
0.1
0.08333333333333333
0.2
4.916666666666667
0.3333333333333333
0.14285714285714285
0.47058823529411764
1.2
0.07692307692307693
0.08333333333333333
0.125
0.1111111111111111
3.8181818181818183
1.0
0.08333333333333333
1.7
0.7894736842105263
0.25
0.1
0.0625
0.08333333333333333
1.6923076923076923
4.461538461538462
0.05263157894736842
0.2
0.16666666666666666
0.2857142857142857
0.125
0.23076923076923078
0.45454545454545453
0.1
0.09090909090909091
0.0625
0.18181818181818182
0.07692307692307693
0.1
2.727272727272727
1.1818181818181819
3.8461538461538463
1.1538461538461537
0.14285714285714285
0.08333333333333333
0.1
0.47058823529411764
0.4444444444444444
0.16666666666666666
0.10526315789473684
0.07142857142857142
3.3076923076923075
0.5
0.3333333333333333
0.16666666666666666
0.38461538461538464
0.07692307692307693
0.6428571428571429
5.545454545454546
0.1111111111111111
0.07692307692307693
0.14285714285714285
0.07142857142857142
0.3
0.125
0.08333333333333333
0.125
2.3076923076923075
4.7272727272727275
0.18181818181818182
0.05263157894736842
0.08333333333333333
0.08333333333333333
0.125
0.9333333333333333
4.1875
4.555555555555555
0.125
0.2
0.1111111111111111
0.125
3.25
3.2222222222222223
2.4285714285714284
1.125
5.2
0.9230769230769231
1.8333333333333333
1.1818181818181819
0.058823529411764705
5.111111111111111
0.14285714285714285
1.2
0.1111111111111111
0.09090909090909091
0.08333333333333333
0.1
0.1111111111111111
0.45454545454545453
0.09090909090909091
0.05
0.07692307692307693
0.375
1.8181818181818181
2.0
0.07692307692307693
1.7272727272727273
1.2857142857142858
0.1
3.6666666666666665
1.6
0.1111111111111111
0.06666666666666667
3.0714285714285716
2.272727272727273
0.2222222222222222
1.3571428571428572
2.3076923076923075
0.09090909090909091
2.0
0.5
0.8
1.1428571428571428
0.09090909090909091
0.09090909090909091
0.16666666666666666
0.2857142857142857
1.8571428571428572
0.1111111111111111
2.9
3.5
0.21428571428571427
0.1111111111111111
0.14285714285714285
0.06666666666666667
0.1
1.0
0.2727272727272727
0.07142857142857142
0.09090909090909091
0.06666666666666667
0.125
0.07142857142857142
0.1
0.08333333333333333
0.07692307692307693
0.07142857142857142
0.09090909090909091
0.14285714285714285
0.0625
0.125
0.07692307692307693
0.2
0.09090909090909091
4.3
3.0
0.3333333333333333
0.4444444444444444
0.0625
0.09090909090909091
0.06666666666666667
0.14285714285714285
0.06666666666666667
3.625
2.875
1.5833333333333333
0.07142857142857142
0.5
0.07142857142857142
0.14285714285714285
0.07142857142857142
0.2
0.11764705882352941
0.08333333333333333
0.07142857142857142
0.07692307692307693
0.07142857142857142
4.777777777777778
0.2
0.08333333333333333
0.08333333333333333
1.7692307692307692
0.5454545454545454
1.2857142857142858
0.1
0.07142857142857142
0.1
3.25
2.0
9.5
1.7
0.15384615384615385
0.07692307692307693
0.125
0.06666666666666667
0.6666666666666666
0.0625
0.125
0.2
0.07142857142857142
0.125
0.1111111111111111
0.6
0.1
0.23076923076923078
0.2
2.0
2.8181818181818183
0.09090909090909091
0.0625
0.36363636363636365
0.25
0.09090909090909091
0.1
0.25
0.09090909090909091
0.1
0.08333333333333333
0.9
0.25
2.6153846153846154
6.833333333333333
0.1
0.1111111111111111
0.7142857142857143
0.07692307692307693
0.1111111111111111
0.75
0.07142857142857142
0.06666666666666667
0.07142857142857142
0.1111111111111111
0.14285714285714285
0.1
0.1111111111111111
0.07692307692307693
3.0
0.2222222222222222
0.5384615384615384
0.2857142857142857
0.1111111111111111
0.5
4.25
0.058823529411764705
3.2857142857142856
3.6
0.625
1.5454545454545454
1.5
1.1428571428571428
1.5
1.2
0.07142857142857142
2.2142857142857144
0.375
0.1111111111111111
0.125
0.14285714285714285
0.07692307692307693
2.6923076923076925
1.3636363636363635
1.625
1.7058823529411764
4.444444444444445
0.07142857142857142
0.1111111111111111
0.125
0.6666666666666666
0.08333333333333333
0.07142857142857142
0.2
0.058823529411764705
0.5
1.6666666666666667
0.1111111111111111
0.1
0.11764705882352941
0.1
0.25
0.09090909090909091
0.0625
3.6666666666666665
4.333333333333333
0.7272727272727273
0.18181818181818182
0.08333333333333333
0.125
0.09090909090909091
0.6363636363636364
6.428571428571429
0.2
0.07692307692307693
4.166666666666667
0.18181818181818182
0.2222222222222222
0.25
1.0
1.0714285714285714
4.125
2.5454545454545454
0.6363636363636364
3.6363636363636362
1.4
0.09090909090909091
0.08333333333333333
0.14285714285714285
0.1111111111111111
0.09090909090909091
0.06666666666666667
1.3333333333333333
10.166666666666666
1.75
0.07142857142857142
0.1111111111111111
0.07692307692307693
4.555555555555555
2.0
0.125
3.6923076923076925
0.6666666666666666
0.1111111111111111
3.2222222222222223
2.8181818181818183
0.07692307692307693
0.25
1.5714285714285714
0.1
4.4
2.4285714285714284
3.0555555555555554
1.3333333333333333
0.1
