215
258
472
2685
7675
9648
10439
11843
14341
17045
17694
20061
21234
22845
23080
25091
28710
32237
32313
34539
35986
42910
42984
43267
44245
44599
45373
47162
49871
50309
53904
55066
58888
59150
60539
64296
66904
74756
75434
75842
81257
84081
86031
86575
88604
89882
89893
90303
90632
90638
91193
91295
93467
94083
94816
98474
99112
103589
104072
104410
104439
104565
105312
107637
113195
113326
116106
118872
119468
119820
120012
122346
125538
125607
133381
137199
137618
139839
148826
149325
154666
156879
162588
163252
165828
165934
166887
167781
168533
168570
169196
173763
175838
177315
179057
182654
183896
184266
185055
185391
186992
187631
188565
188586
188941
189391
191261
192677
197597
198382
199517
201918
203160
212798
214420
216245
217172
217182
217694
228932
232175
233271
234923
235680
236463
238530
240004
241462
247273
252721
254543
255686
256229
258114
258664
259094
259575
261289
262931
264156
264370
266654
268021
268263
272606
274002
276287
276828
281793
282912
283581
289791
290871
290992
295283
295475
296994
297865
302128
304801
305661
307157
308513
308952
312680
314902
318359
320215
321562
322511
322534
322537
326288
327414
327887
328515
330171
331609
331883
333510
333808
336592
337741
344900
345660
345873
351629
352403
354705
355486
357666
357760
365723
370060
371843
371888
372140
373253
374321
375229
375845
378495
379054
380684
383706
385011
389165
394939
398115
398465
401240
407800
408391
408855
409506
410213
412290
413362
415796
416772
419782
422347
427557
428330
428895
429176
437833
438435
438554
439635
442536
446609
448087
448131
448506
449324
451872
452494
453242
459318
459456
462669
462902
464045
466684
466810
468411
468468
469054
470092
476299
476664
480643
480648
481693
482839
484106
486088
487174
489022
493956
496454
497830
498459
499359
502826
504386
510510
513948
514629
515475
515504
516257
517352
519365
522056
522156
523983
526495
528318
528451
531066
532244
532930
533530
534188
534908
536907
542329
545195
546595
548264
549096
549845
549995
550156
550537
551728
553778
554262
556449
557231
561371
564083
567858
568545
572024
572068
574492
577537
579233
581192
583339
584146
584242
588232
588622
589608
589941
590494
591591
592474
593056
595724
597878
598283
600418
600981
603241
604681
606769
607672
609678
609709
610648
611719
617111
623022
624078
624638
624977
625555
627392
627745
627928
629063
629802
634613
635081
635091
636454
636952
640220
642239
645305
645927
646075
646490
647433
647859
651303
652472
653308
653658
654704
655715
657648
660383
661788
662455
663247
665650
666035
666258
666974
669272
671335
671576
674977
675040
675484
677064
678029
678381
681741
683556
684819
685427
687672
692197
693222
697339
699350
699397
700951
706342
707719
707825
708812
710052
711433
714214
716729
717065
717525
718372
722569
723639
727071
727435
730333
731607
732533
735651
736617
738736
741956
743360
747894
749743
750892
752003
752539
752685
753736
754449
758582
762656
763139
764210
764861
767424
771964
772118
772420
772734
773866
773940
775544
778048
778322
781436
781630
782149
783495
785748
786205
786582
786847
788302
788322
788560
791505
792553
793998
796463
796860
797084
799758
801266
801985
805305
807065
808639
810368
810627
814357
819111
820640
820925
825624
825651
826888
827282
828352
831979
832480
833333
833959
834604
836385
839246
841088
842495
842926
844919
846457
850530
851457
851643
853783
858788
859505
866931
869072
871688
872447
873457
875862
876760
877214
881810
882149
882255
883012
884614
885492
887998
890140
894007
906943
911839
912054
913197
913880
917630
922556
924283
925339
925935
925959
928547
928589
928808
929597
931410
933606
935403
937674
938611
944019
946846
949205
951008
951550
954119
954165
955559
955981
961300
961764
966306
968139
976682
980950
982541
985259
989052
990336
991344
992108
994220
996340
997023
1000142
1000258
1002761
1005804
1012673
1013034
1013204
1015586
1020480
1021789
1021842
1023369
1025208
1030106
1030546
1032081
1033542
1037535
1038647
1038704
1038966
1040764
1042618
1055266
1055511
1056648
1059235
1067068
1070091
1072630
1073348
1073519
1074151
1076064
1076387
1077613
1084906
1087046
1090059
1090715
1091782
1096014
1096840
1098719
1099979
1104116
1104276
1104984
1106798
1116165
1116231
1117967
1118223
1119026
1120428
1122025
1123116
1126057
1129094
1129644
1131549
1131825
1132541
1132839
1133448
1138692
1139363
1140968
1145656
1151681
1152685
1153766
1154274
1154338
1154538
1156665
1157413
1158356
1159423
1161137
1161959
1162232
1164116
1164741
1167640
1168311
1168906
1171865
1174008
1176030
1176827
1177974
1178490
1178617
1184839
1190234
1192559
1193234
1193259
1194357
1194999
1195336
1195635
1198385
1200840
1204392
1206265
1206808
1220649
1223165
1224092
1224858
1225602
1229440
1229807
1230810
1232066
1232765
1234081
1236919
1243497
1244098
1244640
1247971
1249269
1251409
1251890
1253566
1253931
1254480
1260006
1260377
1260406
1268058
1270937
1274815
1275201
1275400
1278563
1280574
1283021
1283890
1285729
1287754
1293146
1293664
1296013
1296806
1297067
1297621
1303027
1303244
1304981
1307565
1309010
1314608
1320001
1323018
1325490
1326833
1329104
1329820
1330685
1336737
1336827
1339146
1347263
1351140
1354912
1355155
1356674
1358623
1358853
1361031
1363978
1366387
1367100
1368308
1373193
1373276
1373499
1373530
1374149
1374409
1380865
1385461
1386573
1388112
1390340
1391253
1392957
1394394
1394903
1395782
1397656
1398116
1402796
1403306
1407633
1408875
1409301
1409326
1416201
1418079
1418547
1423929
1425939
1426760
1427796
1427933
1429876
1430340
1435488
1437071
1438470
1438506
1440657
1443813
1447677
1449118
1449201
1450283
1452177
1455208
1456638
1462082
1464818
1465192
1465502
1466686
1467355
1468079
1468407
1471902
1473284
1474216
1477007
1477781
1479071
1479458
1481256
1482930
1482941
1485736
1485883
1485961
1486719
1489276
1490225
1491720
1493554
1494088
1494551
1499304
1504643
1504865
1505726
1505908
1507920
1507948
1516881
1517016
1519774
1521329
1521511
1521921
1522831
1523799
1527175
1529974
1531568
1532380
1533157
1535169
1535591
1537242
1538271
1538806
1540459
1540623
1542010
1546192
1548120
1549599
1549989
1550146
1551098
1552567
1553699
1554758
1558792
1559838
1562653
1565044
1565767
1565948
1566675
1566687
1572401
1575127
1576413
1580394
1587927
1588606
1591121
1591679
1591953
1595007
1599098
1601832
1602580
1603258
1603939
1605399
1605813
1606472
1607320
1607835
1608602
1610872
1611005
1611018
1611181
1612526
1615911
1616550
1617464
1618534
1623339
1626812
1629262
1633292
1638807
1639154
1641272
1642684
1645317
1646648
1648740
1649586
1649944
1650121
1652820
1655122
1656693
1657185
1657335
1658009
1662178
1663176
1669943
1670073
1672209
1674500
1681595
1682132
1682404
1688379
1690495
1691269
1691280
1693816
1694607
1695005
1695047
1698052
1699213
1701694
1702286
1705207
1705364
1713152
1713563
1717448
1717962
1718605
1719448
1720553
1723781
1725138
1727339
1731254
1733798
1735166
1735484
1737299
1738366
1740818
1741087
1742448
1746438
1749320
1750311
1752373
1753817
1756111
1756692
1758538
1759202
1760082
1760546
1763947
1765797
1766882
1772243
1774566
1777822
1778584
1780434
1780995
1785114
1785992
1787511
1788312
1789257
1790401
1794571
1796824
1796915
1797473
1797727
1798343
1798500
1801543
1804439
1804624
1805212
1807722
1809859
1812003
1812950
1817850
1818468
1818712
1824417
1825906
1826274
1829181
1830146
1832320
1834157
1836546
1838849
1839057
1841886
1842919
1843284
1843530
1846674
1847438
1850438
1854720
1857695
1858862
1863418
1866420
1866509
1866848
1867340
1868171
1870799
1871097
1871193
1876274
1879452
1879580
1882443
1884439
1884549
1885830
1887634
1888313
1893427
1893853
1894540
1896037
1901405
1904145
1904500
1906257
1910120
1910451
1910902
1916067
1916907
1917950
1919480
1922985
1924487
1926500
1927837
1928610
1928977
1933222
1933693
1934499
1936032
1936957
1941705
1945349
1946870
1948993
1953385
1961455
1965678
1967048
1967279
1968134
1968858
1969409
1970434
1970480
1971957
1972659
1976659
1977001
1981048
1982117
1985400
1988360
1988993
1989102
1994148
1994561
1994658
1996516
1998180
1998677
1999324
2002318
2002920
2003971
2004083
2004211
2005323
2006397
2009198
2009672
2010317
2010922
2013058
2013677
2017938
2022139
2025434
2030051
2034144
2034516
2037378
2041575
2042141
2042751
2043922
2046820
2050817
2051571
2051682
2051905
2055019
2055793
2058641
2059910
2060215
2061599
2062816
2067392
2072052
2074215
2082738
2084948
2089671
2093387
2093529
2093530
2094388
2094716
2095332
2095973
2098648
2100118
2102961
2103807
2104614
2106760
2107339
2113687
2116058
2122140
2122455
2122631
2123306
2124247
2124295
2125210
2125651
2127658
2130168
2131121
2131656
2132942
2132991
2134009
2137088
2139394
2141580
2144767
2146387
2149635
2154594
2165259
2167666
2168120
2168818
2170038
2170959
2173269
2178621
2178683
2179175
2180627
2180955
2186545
2187397
2188058
2191010
2191151
2191430
2194437
2194740
2197779
2200066
2206854
2209649
2210557
2211636
2212950
2215455
2216374
2217567
2220241
2221058
2230722
2232690
2237247
2238296
2238314
2239948
2242023
2242088
2242724
2245392
2247540
2248432
2249296
2250082
2254722
2254886
2255084
2261361
2262342
2262457
2262877
2263546
2264820
2271032
2275420
2279630
2280605
2280775
2283391
2287151
2291404
2292518
2294169
2297523
2306212
2306654
2307424
2307972
2310703
2311617
2312732
2314166
2316803
2317100
2318660
2324095
2324286
2325619
2329875
2335177
2335544
2336782
2338749
2338872
2339089
2341046
2341488
2345827
2346953
2347622
2348065
2349977
2354384
2357838
2359412
2360609
2361690
2362403
2364184
2364790
2367861
2371493
2372801
2376527
2378171
2382148
2383035
2383631
2383642
2383884
2384706
2385049
2385149
2386443
2390008
2391212
2391663
2392753
2393996
2394452
2394957
2397245
2402997
2404441
2404762
2404880
2405841
2405946
2405960
2410809
2412057
2418441
2420489
2420527
2423754
2424203
2427709
2428597
2431579
2431740
2432391
2436233
2436384
2436620
2438682
2440405
2441013
2441150
2441690
2442889
2443002
2444682
2445572
2451252
2452191
2452684
2452792
2452917
2453824
2454595
2456726
2457250
2457430
2461047
2461125
2461854
2464417
2465016
2465764
2467904
2468591
2469539
2469592
2471014
2471322
2472617
2476298
2486906
2489480
2489766
2492588
2496221
2499604
2500038
2506813
2507090
2507601
2507720
2508326
2511629
2514099
2515473
2516756
2517703
2518663
2519577
2522699
2523712
2525673
2526667
2534808
2542153
2546282
2546630
2553167
2553350
2559087
2561854
2562584
2562955
2563327
2565296
2570634
2570937
2572148
2572482
2573055
2574654
2577859
2578915
2578940
2578950
2584108
2585039
2585712
2587392
2591724
2594144
2596172
2596565
2600813
2602640
2606821
2612999
2613035
2613526
2615947
2617053
2618456
2618573
2619606
2619627
2621318
2622623
2622823
2623388
2626133
2626302
2627423
2633843
2633892
2634566
2635329
2637303
2638048
2642061
2642397
2642751
2643452
2643543
2645040
2646895
2647397
2648200
2649843
2659278
2660052
2661615
2662655
2667354
2671164
2672256
2672387
2673278
2673914
2676380
2677059
2678557
2678687
2679040
2679677
2683481
2683509
2685788
2687079
2688286
2693571
2693737
2695718
2696618
2697917
2698514
2698923
2699556
2709945
2715752
2717320
2720340
2721272
2726427
2728187
2729095
2731369
2731921
2732121
2732234
2735241
2737344
2739301
2739983
2741042
2741150
2742144
2742218
2743519
2744091
2750023
2750746
2755569
2755597
2755959
2757846
2760437
2760948
2762105
2769143
2772535
2772994
2773353
2776105
2777938
2778099
2778790
2779759
2781935
2784233
2784483
2785270
2785375
2785785
2785942
2787594
2788001
2789925
2794155
2795219
2797124
2802687
2805134
2806129
2807444
2811739
2812460
2812849
2814351
2815822
2819039
2824836
2825405
2827180
2833911
2833956
2835342
2840054
2840489
2841093
2841794
2843737
2854970
2855439
2857227
2860334
2861681
2863712
2864438
2867438
2869268
2869815
2870045
2871896
2878647
2880271
2880757
2885798
2886069
2896486
2898879
2899339
2907059
2909757
2911193
2913602
2914344
2914924
2919077
2920077
2921961
2922211
2922761
2925901
2928450
2929393
2930526
2931851
2932832
2935489
2936642
2937432
2938620
2940133
2943730
2944422
2944522
2946115
2949028
2949135
2949862
2951432
2952124
2953081
2953660
2956975
2957644
2960995
2964315
2964593
2964983
2966832
2968185
2968270
2968960
2969837
2971526
2978353
2978610
2980055
2981076
2982494
2986810
2987120
2987563
2988210
2992587
2993063
2999170
2999629
3000709
3001641
3004821
3005080
3008390
3016727
3017213
3017495
3019754
3020317
3020489
3022773
3023141
3024125
3024216
3025422
3025504
3025593
3028078
3028083
3036409
3038874
3040737
3041468
3041798
3044000
3046748
3046951
3049749
3050451
3051485
3057806
3058522
3063221
3064239
3067330
3069151
3069937
3072135
3072808
3073993
3075395
3075872
3078265
3079927
3080501
3081636
3081870
3083166
3085055
3086524
3088878
3091210
3091532
3093470
3098670
3100994
3103438
3104030
3106141
3110121
3113752
3115131
3115352
3115837
3115887
3116252
3121823
3121958
3122955
3125120
3125353
3125773
3127301
3128165
3129381
3131040
3131925
3138923
3143076
3144812
3144943
3149806
3151491
3151730
3154662
3155445
3155959
3156978
3157350
3157653
3159385
3162599
3165689
3166937
3168600
3169021
3171855
3172214
3172770
3176785
3179611
3180166
3188231
3188771
3189208
3193973
3195194
3195877
3197030
3197492
3197795
3198375
3200487
3208848
3208993
3210648
3211001
3212469
3215201
3215630
3216369
3216934
3219085
3220028
3223048
3223318
3223608
3224558
3224940
3226419
3228580
3229372
3233605
3233687
3234380
3235368
3236711
3238174
3240702
3240960
3242588
3243509
3244843
3245969
3248814
3249440
3249479
3250746
3251026
3254712
3255164
3255811
3256670
3260350
3262153
3263010
3264887
3265553
3265598
3265958
3268830
3269691
3269999
3272446
3274470
3275243
3275324
3277022
3278342
3280546
3280883
3280968
3281090
3282327
3285741
3285821
3290110
3290342
3291612
3297258
3302414
3304274
3308631
3312196
3315169
3319029
3322836
3323149
3325060
3330239
3331749
3332442
3332787
3334086
3335421
3335569
3335639
3336342
3337036
3338003
3338019
3338088
3339292
3341980
3343209
3346064
3346980
3347731
3352377
3352930
3353701
3355255
3366360
3367031
3367323
3368110
3368325
3375421
3377128
3383811
3384538
3391582
3393458
3397108
3399155
3400342
3401500
3402961
3404935
3408873
3409696
3411093
3411515
3412019
3414146
3415178
3421624
3422747
3425605
3426156
3426435
3427514
3428001
3431332
3431805
3432386
3434173
3435320
3435761
3436331
3437395
3442613
3442777
3443737
3447020
3448400
3450404
3451331
3457045
3457830
3458040
3458177
3460563
3460959
3461923
3462534
3464236
3468173
3469145
3473102
3473325
3475098
3475173
3475799
3475913
3478870
3486093
3488552
3489261
3490496
3493431
3493547
3494624
3496982
3497389
3501135
3501358
3503569
3506453
3509138
3509509
3510772
3512454
3517618
3519136
3520016
3521609
3522889
3523426
3524708
3525452
3527998
3532805
3534100
3534221
3537455
3537954
3540984
3547399
3550858
3552485
3553344
3554706
3557221
3557442
3557817
3559783
3564283
3565561
3566431
3569060
3570906
3575351
3575746
3580947
3583002
3583879
3584887
3586543
3587006
3591460
3592392
3593605
3594621
3594622
3596440
3599130
3599465
3600614
3605101
3606079
3608091
3608856
3608875
3613214
3614808
3615306
3616977
3621380
3624054
3625789
3629483
3629508
3631070
3635286
3637155
3637205
3637309
3638194
3639123
3639744
3640853
3642381
3644981
3646010
3647306
3648137
3648784
3650305
3652608
3654442
3655826
3659117
3660747
3660844
3663183
3663393
3665031
3672539
3673580
3676141
3677241
3680305
3681200
3682216
3683265
3683776
3687638
3687811
3688107
3690607
3690719
3691941
3692463
3693352
3694018
3697126
3697637
3698485
3699787
3702458
3703620
3704131
3704145
3707112
3710059
3714437
3721261
3721517
3722893
3724555
3725172
3725518
3726567
3727068
3729292
3729705
3730685
3731143
3731297
3731513
3731531
3740098
3742432
3742759
3748245
3748262
3749167
3755324
3756212
3762031
3762313
3762649
3763410
3763490
3766867
3770165
3770580
3770782
3771099
3771415
3773147
3774188
3778280
3778736
3781797
3781913
3784206
3784998
3785883
3792804
3792819
3793597
3795349
3797494
3797840
3803914
3810128
3811199
3813304
3816787
3817782
3818452
3819175
3821644
3826276
3827273
3829179
3829467
3830388
3833796
3835034
3839826
3842609
3844619
3850870
3852121
3852177
3853395
3856173
3860230
3860618
3861146
3864624
3865831
3867738
3869265
3870632
3872447
3874585
3875232
3880289
3886609
3887170
3887561
3888102
3889145
3893990
3896725
3896856
3902827
3905297
3908369
3911215
3915935
3916541
3917685
3919558
3919591
3919623
3919777
3920924
3920998
3921106
3923663
3924714
3926487
3927617
3933546
3936523
3937334
3938233
3940106
3940574
3941874
3943820
3945601
3947182
3949449
3949579
3950354
3951033
3951266
3952687
3954282
3956340
3959124
3961156
3962711
3964879
3965433
3966086
3966961
3971379
3973431
3975458
3977638
3979495
3981186
3981423
3984168
3985965
3986130
3991289
3992254
3994769
4000335
4000793
4004209
4007380
4007475
4010651
4011600
4013366
4013401
4017601
4020121
4025378
4028963
4030881
4030949
4032095
4033188
4034512
4037644
4043140
4043880
4045343
4045880
4046494
4046718
4047747
4048861
4049732
4049864
4049968
4050007
4052921
4053050
4053505
4055363
4057719
4058123
4059034
4061484
4061889
4063740
4066012
4067156
4071639
4072003
4073264
4074324
4074358
4076422
4084416
4084647
4084704
4086745
4087681
4089639
4089671
4090867
4090996
4091663
4094265
4094702
4098402
4100891
4102916
4104984
4106627
4106734
4110491
4110770
4111150
4111724
4118268
4121784
4125102
4129399
4129499
4130216
4131615
4131815
4135412
4137727
4147430
4148539
4150800
4150970
4153208
4154265
4154300
4154641
4162272
4165077
4167298
4170117
4170549
4170975
4172700
4173399
4175404
4177406
4178540
4179365
4180069
4184496
4185426
4186045
4187801
4189446
4192117
4193235
4203283
4206795
4207862
4212210
4212775
4214128
4214250
4219096
4219509
4225669
4226370
4226543
4227842
4229237
4235648
4237442
4240511
4242100
4242757
4243029
4243368
4245052
4246733
4252468
4257014
4259047
4259707
4260579
4268094
4270359
4272669
4273508
4275004
4276460
4279335
4279901
4280312
4281064
4283568
4285804
4290772
4291568
4294283
4296987
4298298
4298578
4299896
4302438
4303363
4303665
4304157
4305587
4306523
4307028
4310182
4310492
4311024
4311962
4312689
4314677
4314786
4318254
4319168
4319818
4321324
4322157
4324338
4325096
4325360
4330190
4331102
4331617
4336066
4336609
4336953
4338208
4339694
4340475
4342604
4343225
4345514
4348057
4350710
4353735
4359821
4360084
4360525
4362258
4366417
4369016
4369387
4370236
4371835
4376970
4377781
4378445
4379602
4380560
4384903
4385848
4387151
4387605
4391019
4394363
4394830
4395013
4396421
4396953
4397553
4398221
4403858
4404603
4410472
4413575
4415503
4416879
4418244
4421214
4422216
4423263
4423751
4424196
4427278
4430025
4431516
4432458
4436400
4436600
4442118
4445817
4446878
4448587
4453458
4454320
4456121
4460715
4461063
4462938
4464900
4464920
4468526
4472173
4475592
4476293
4476332
4477036
4477461
4481342
4481416
4481580
4482455
4484176
4484726
4484741
4485553
4487244
4489156
4489809
4493184
4493710
4495068
4496822
4503168
4505859
4510227
4510398
4512965
4513529
4514226
4524162
4524212
4526094
4526344
4529066
4535256
4540167
4544243
4545606
4545994
4546336
4546819
4547264
4550770
4551371
4553019
4553253
4554959
4557779
4558406
4561761
4564090
4564525
4565594
4567819
4567967
4569054
4570142
4573767
4578796
4583662
4585418
4585854
4586632
4589544
4592464
4593725
4597221
4601093
4601184
4605888
4607912
4610303
4611089
4613210
4623927
4626423
4627439
4627789
4632166
4635580
4635819
4637494
4638029
4638741
4644172
4644464
4648310
4648795
4651171
4651277
4652940
4653547
4656229
4656396
4658202
4659610
4660013
4661177
4661961
4664841
4666970
4667071
4668507
4669851
4670148
4684169
4686570
4696721
4700320
4705152
4706399
4709761
4712375
4713920
4715594
4715942
4717065
4717369
4720149
4720756
4721875
4724616
4727057
4728773
4731229
4731320
4735618
4738309
4738581
4738583
4739483
4739782
4741181
4741592
4743400
4744171
4747293
4753077
4754279
4755854
4758237
4760026
4761282
4762036
4762601
4770374
4772558
4776679
4779266
4779585
4781972
4782327
4783752
4785702
4787328
4791570
4792613
4798635
4799268
4799348
4799764
4803847
4804435
4805796
4808679
4809674
4812139
4814299
4819444
4819565
4821992
4823605
4825396
4826443
4826622
4826762
4829639
4830120
4830683
4831502
4831862
4834972
4835630
4835897
4835947
4841456
4842367
4847865
4850286
4850787
4857817
4857852
4858633
4860443
4860452
4860919
4861493
4862444
4863744
4863771
4864836
4865665
4866360
4867559
4868818
4870945
4871184
4872649
4872789
4874443
4875273
4875457
4876621
4883538
4883800
4886352
4888389
4891747
4892165
4893792
4896650
4897403
4898126
4898130
4898257
4899435
4902488
4903310
4903806
4904272
4905488
4906396
4908485
4909713
4909938
4911139
4911420
4911900
4912435
4913149
4916845
4922997
4928588
4929148
4930354
4932491
4932795
4933557
4933913
4935125
4935907
4937690
4940317
4942324
4942665
4942794
4943496
4943919
4948290
4950429
4951873
4952665
4953253
4953848
4956216
4956397
4957837
4958935
4959991
4960513
4961909
4962632
4963657
4964059
4964879
4966641
4967876
4967969
4970805
4975932
4976182
4978485
4979311
4982005
4983776
4983943
4984837
4985275
4989372
4990611
4991289
4993774
4995871
4996094
4998838
5002455
5002955
5003601
5005891
5009137
5009749
5009929
5011562
5015455
5023441
5026233
5026472
5032840
5040551
5040587
5040728
5041999
5044166
5046666
5048091
5049161
5049242
5049283
5049696
5053229
5053852
5054094
5054487
5054684
5054736
5055021
5059030
5060037
5061507
5063050
5063105
5063424
5064020
5066642
5071324
5071438
5072061
5072465
5073660
5075483
5076943
5077108
5080178
5081723
5082197
5083916
5086552
5090240
5091318
5091934
5092630
5095360
5095555
5097924
5099940
5104262
5105812
5105956
5108767
5113680
5118942
5119288
5133758
5139359
5139899
5140193
5141590
5145271
5146542
5146703
5151539
5152923
5159359
5159405
5160495
5162080
5163182
5164986
5167271
5167507
5168492
5169440
5169703
5178008
5179855
5182409
5183300
5184944
5185867
5188676
5198067
5201400
5205609
5210409
5213904
5217030
5218528
5219583
5220803
5220963
5222674
5223392
5225746
5226979
5229001
5229129
5230324
5230533
5231103
5231954
5233943
5236793
5241839
5247565
5247749
5248247
5248475
5250146
5253401
5254251
5255836
5259536
5260227
5260246
5260301
5260506
5264177
5265036
5266377
5270416
5275788
5278399
5279077
5280643
5281565
5282902
5285878
5286237
5288900
5289011
5291786
5294021
5295583
5298039
5299141
5299194
5299275
5301150
5304034
5304926
5307175
5311164
5311687
5312101
5312391
5312951
5314801
5315441
5317299
5317679
5319792
5319913
5320482
5321525
5321647
5327550
5330283
5333632
5336764
5340160
5340890
5341951
5351467
5353180
5353382
5353404
5354402
5356887
5357849
5358363
5360155
5367638
5371412
5373807
5374834
5375189
5380364
5384920
5389794
5390530
5392815
5392841
5394727
5395159
5395939
5396204
5400629
5400707
5408365
5412357
5413322
5415190
5417319
5417540
5417637
5417813
5419303
5420725
5423474
5423548
5431256
5434330
5436001
5436955
5437022
5437274
5438454
5438666
5438722
5441044
5443052
5449510
5450093
5450198
5452293
5452951
5453673
5453690
5456558
5458803
5460988
5464414
5467837
5470211
5470933
5479772
5480067
5484115
5488405
5488409
5488552
5489028
5490689
5491836
5493299
5495206
5495369
5500860
5500995
5504346
5504568
5507558
5510314
5511318
5512023
5515418
5515986
5516772
5518433
5524428
5524815
5528950
5534953
5536708
5539116
5539263
5539445
5542732
5549919
5553220
5554257
5554448
5563571
5566512
5572984
5573682
5578461
5578628
5579803
5583939
5586713
5588737
5589055
5593227
5596654
5599091
5599241
5601314
5603053
5603761
5604955
5608728
5609525
5609659
5610965
5615094
5617171
5621483
5623909
5624418
5624865
5626867
5628820
5633583
5635525
5636875
5642772
5647390
5647446
5647644
5649189
5653140
5654071
5654494
5655881
5657273
5658358
5660079
5660764
5661863
5661922
5662813
5663452
5666776
5666927
5667332
5670546
5672899
5675410
5677001
5678732
5680494
5680848
5685753
5686684
5687290
5688224
5689012
5691538
5692880
5693068
5695151
5695242
5696013
5696724
5697125
5697962
5702961
5704601
5705240
5707715
5707904
5711338
5712799
5712930
5717589
5717792
5722169
5723476
5723988
5725006
5726788
5729964
5731198
5732625
5733494
5736320
5736848
5736918
5737286
5738009
5739267
5740433
5743687
5745288
5745372
5745442
5746720
5747683
5747993
5749879
5750211
5752693
5753830
5753934
5756897
5758477
5759025
5759408
5759939
5760752
5761750
5762036
5762354
5765545
5768416
5768611
5775945
5776648
5778691
5779679
5781414
5781987
5783741
5786040
5786475
5787762
5796100
5797028
5797235
5797724
5798104
5798647
5798939
5802928
5803120
5803361
5808534
5808767
5810330
5813546
5813925
5815166
5816455
5819745
5819888
5821455
5821461
5825426
5825722
5827403
5830230
5830449
5834420
5835355
5837010
5838850
5841295
5842211
5843244
5845326
5847484
5848667
5849292
5849494
5855816
5856310
5856482
5857490
5858506
5860720
5862365
5863815
5864913
5869243
5869531
5869536
5869746
5871224
5871598
5877131
5879392
5882590
5883527
5884966
5885719
5886209
5886371
5886718
5887297
5890053
5892017
5892590
5895313
5896930
5897516
5898827
5899931
5901462
5903166
5905735
5907983
5916586
5917031
5918094
5918211
5918780
5920903
5922709
5923513
5930467
5931636
5931751
5932115
5935044
5937878
5938724
5943996
5944182
5948494
5949272
5950473
5957269
5959685
5962333
5964330
5973472
5975857
5976350
5979226
5981287
5984698
5987320
5987775
5988830
5988835
5991399
5994143
5995878
5996158
5996448
6002074
6002484
6002997
6004195
6005506
6011717
6012649
6012730
6013045
6013909
6014530
6015204
6017946
6020298
6022522
6022638
6029452
6030944
6037782
6041930
6042801
6044668
6044993
6045654
6049201
6049439
6050380
6053864
6054585
6054963
6059692
6064483
6064625
6066229
6067538
6068064
6068994
6069500
6069722
6073639
6074636
6075308
6078473
6080948
6084495
6086881
6088246
6090717
6090921
6092844
6095107
6097894
6100422
6104878
6107740
6108315
6110469
6111317
6111887
6115078
6122175
6122819
6131702
6132100
6132500
6136611
6150665
6151525
6157995
6162655
6164513
6166524
6170192
6171223
6173886
6174993
6175509
6175752
6176026
6176554
6178471
6180736
6182641
6185244
6187002
6188076
6196864
6197557
6198423
6199188
6199844
6200604
6202355
6203629
6203686
6205378
6214979
6215994
6217004
6221161
6222368
6226513
6226805
6235281
6235728
6238617
6239309
6240103
6244211
6245597
6247380
6247446
6248228
6249492
6250739
6251158
6252527
6253382
6253725
6254642
6256276
6257884
6263192
6263814
6264462
6266616
6266783
6267296
6267511
6269481
6269534
6269752
6272692
6273615
6283667
6284632
6285121
6285204
6288755
6290243
6296175
6298011
6299686
6299860
6300025
6303519
6303723
6305234
6309400
6309608
6313623
6316431
6316445
6318633
6320935
6321014
6322438
6323628
6324883
6329249
6331524
6331912
6333896
6334376
6335448
6337759
6338461
6339692
6341959
6343087
6343137
6348193
6348566
6349596
6351186
6352191
6353580
6353836
6355758
6355967
6356498
6356703
6359031
6359215
6359231
6359564
6361205
6361278
6362978
6365755
6366585
6366665
6366764
6366894
6371699
6372051
6373274
6373909
6376779
6377388
6377536
6380349
6380690
6382516
6385417
6385560
6389015
6392178
6392498
6395448
6398621
6399186
6399764
6406287
6413891
6423252
6429633
6432535
6432695
6432799
6435706
6437586
6438208
6445278
6445460
6448799
6449526
6451799
6453081
6456054
6456911
6459946
6460371
6462281
6463412
6463655
6467288
6469177
6471453
6472505
6477364
6477469
6481071
6482334
6483258
6484098
6485411
6492062
6495394
6497097
6501587
6506757
6510402
6511492
6513546
6517252
6520215
6520278
6520493
6520740
6521162
6526705
6526981
6532484
6533950
6537141
6538030
6540982
6543226
6549918
6550133
6550151
6551491
6552035
6555883
6558611
6559788
6560700
6561153
6561690
6563115
6564604
6565713
6565741
6569761
6570242
6576836
6577159
6577269
6580712
6581146
6582227
6582897
6584584
6584677
6586044
6586336
6588803
6589299
6589782
6590643
6591254
6592156
6592166
6593420
6599048
6600284
6601028
6601240
6602363
6603333
6607000
6608765
6613545
6616664
6616870
6617346
6617390
6618987
6623061
6628872
6632884
6632929
6633260
6634133
6634146
6636505
6637432
6639919
6644864
6647211
6647526
6650302
6650717
6651615
6651784
6652803
6655315
6656264
6658802
6658963
6660319
6661935
6662221
6662544
6667076
6671141
6672951
6673474
6675423
6676750
6678103
6678544
6681828
6686393
6686685
6688363
6688624
6689000
6689598
6690194
6691193
6691593
6694825
6695196
6699658
6701352
6703825
6711380
6712423
6713570
6718271
6719870
6721814
6723482
6723715
6724825
6724929
6726986
6728845
6736769
6737093
6740905
6742689
6745233
6746794
6746799
6747642
6749246
6749882
6752608
6752776
6754232
6754770
6757308
6758897
6759678
6760121
6760195
6761046
6764805
6765391
6765436
6765644
6765786
6765794
6765911
6769666
6770176
6773832
6774989
6776388
6777800
6781182
6782493
6784526
6784610
6784828
6785396
6785478
6785725
6787818
6789390
6791886
6796174
6799254
6802854
6804508
6804796
6805860
6806639
6807739
6810013
6812246
6812349
6814216
6814640
6814998
6816966
6820685
6822547
6824311
6826796
6835015
6838277
6839544
6840804
6841358
6841392
6841701
6842596
6842827
6843102
6843161
6843327
6844521
6845524
6845801
6847123
6848450
6849362
6851026
6851527
6855394
6858229
6859122
6859751
6862446
6864254
6867081
6867443
6869542
6873128
6873429
6873914
6876655
6878066
6881326
6884824
6885331
6887858
6888466
6889280
6889785
6890477
6890862
6891546
6892810
6892853
6892886
6893885
6895420
6897712
6897760
6898427
6900882
6901429
6904441
6905518
6906162
6913564
6913651
6913884
6914311
6916049
6918548
6919449
6930258
6934778
6935313
6935630
6935686
6938783
6942797
6943741
6944165
6944444
6945355
6945938
6946011
6946090
6946146
6946231
6946836
6949230
6954339
6955240
6958463
6961726
6962773
6963737
6963901
6965558
6967474
6968140
6969472
6970757
6975251
6976405
6978826
6978861
6980196
6981701
6981929
6984783
6984975
6987729
6988750
6990853
6992146
6992193
6995428
6996689
6997222
6998895
7000509
7003517
7003966
7004495
7007621
7009275
7013647
7014675
7014865
7016668
7017525
7017746
7021842
7022587
7026376
7030836
7031284
7031954
7033956
7034365
7034773
7035046
7036504
7038272
7039001
7042926
7044362
7047455
7050486
7052225
7052709
7054196
7055113
7060852
7065590
7066584
7069541
7070643
7072925
7073417
7080109
7082136
7084034
7087059
7089232
7092182
7095333
7095768
7096399
7099210
7099839
7102613
7102675
7106088
7107111
7107712
7117870
7119333
7122628
7122964
7123220
7125117
7126540
7131429
7132219
7132839
7133419
7135645
7136309
7136400
7137486
7138592
7140539
7141624
7143396
7145763
7148214
7149412
7149767
7155122
7161929
7161959
7162046
7162864
7163538
7163709
7170039
7170763
7171406
7171820
7175466
7179640
7181330
7181517
7182329
7183466
7185900
7187841
7197314
7197619
7199619
7200448
7203730
7204870
7205165
7206010
7208582
7210558
7210648
7211047
7212793
7213065
7214528
7216709
7216969
7218033
7220060
7220781
7221135
7221812
7222343
7224127
7224310
7228899
7229191
7229887
7230558
7235900
7238513
7241728
7243670
7243809
7246185
7249508
7250904
7254765
7255386
7255925
7256535
7256629
7257419
7257530
7259071
7264660
7265001
7265065
7266011
7267043
7269220
7269223
7271007
7274750
7279734
7280375
7280540
7283575
7287019
7288866
7291878
7293104
7294478
7295231
7296235
7300676
7301171
7302675
7303130
7303994
7306610
7312061
7316583
7320853
7321432
7322226
7322616
7323662
7325279
7325383
7325937
7331600
7334399
7334514
7335153
7339605
7340603
7341576
7348053
7349608
7361882
7362547
7367578
7373674
7373684
7374076
7375456
7381998
7386387
7386400
7386602
7387407
7390830
7391092
7392458
7393503
7394497
7396012
7396312
7397970
7400875
7403017
7404307
7406119
7407730
7412333
7414508
7415391
7419385
7422031
7426424
7427943
7429035
7429586
7431355
7431886
7432811
7436693
7436807
7436990
7438287
7439784
7442787
7445472
7445514
7447644
7448708
7449883
7449887
7452976
7453373
7456750
7456759
7457950
7459598
7462258
7462759
7463367
7466002
7467521
7471004
7471931
7472978
7474198
7475043
7477993
7478115
7479180
7481429
7482230
7483252
7485802
7488239
7489857
7493696
7494480
7496309
7498876
7499514
7499850
7502088
7505011
7507315
7510722
7512538
7513596
7513907
7514746
7515204
7516168
7518018
7518647
7522887
7523565
7529042
7530553
7532029
7534025
7534446
7538609
7541468
7544214
7545603
7545979
7546359
7548025
7548093
7551898
7552645
7553009
7553533
7555368
7556559
7556951
7557072
7559775
7560124
7560838
7561963
7565071
7568572
7572370
7573125
7576397
7577674
7581159
7585232
7585466
7587979
7589600
7591450
7592569
7592987
7596681
7599877
7601529
7602464
7604172
7604255
7607273
7607412
7608294
7609927
7610008
7610479
7614642
7614857
7616605
7617048
7617811
7622524
7626304
7630753
7642183
7642736
7645418
7646037
7647809
7648569
7657997
7658054
7662742
7663220
7664035
7664063
7664133
7666855
7667065
7667184
7669583
7670922
7673602
7676393
7676422
7679146
7681658
7681705
7681771
7681959
7681980
7682220
7687769
7688367
7689450
7689966
7692960
7693365
7696181
7697306
7697805
7699005
7699266
7699880
7701372
7702975
7704804
7705650
7713540
7714841
7717235
7722942
7724585
7730169
7731678
7733560
7734598
7734775
7735926
7738071
7741059
7742448
7744866
7747843
7747931
7753781
7761715
7763274
7765333
7765432
7765571
7768663
7772426
7773772
7773971
7774703
7776388
7781313
7782347
7782576
7782808
7783700
7787207
7787616
7789085
7791172
7793841
7795505
7798298
7798316
7799341
7800640
7803664
7804864
7815157
7815949
7816896
7817325
7818141
7818666
7821980
7822171
7823008
7831459
7833755
7836991
7837617
7839177
7840441
7841559
7842218
7850030
7852444
7854859
7856114
7857969
7860687
7861654
7863977
7864706
7867244
7868652
7870396
7873327
7874329
7874332
7876582
7880025
7880840
7880859
7881226
7881579
7885614
7885686
7887457
7891029
7893309
7896932
7899240
7900137
7900272
7900574
7903465
7904263
7904884
7907265
7908125
7913621
7914161
7923082
7926602
7929785
7930548
7932071
7933332
7936348
7938393
7941601
7942569
7944500
7946462
7947883
7949101
7949516
7950762
7952553
7952601
7954044
7954062
7956067
7959001
7960721
7961240
7963933
7965076
7966076
7966565
7967144
7968405
7968557
7968807
7969307
7969940
7975284
7979021
7979377
7980531
7980639
7981382
7985089
7988462
7988918
7991196
7996330
7997909
7999097
8000284
8002657
8006917
8008806
8011729
8013001
8014018
8014320
8015949
8020286
8021751
8023203
8024602
8030019
8032237
8034077
8034330
8034339
8034688
8039039
8040585
8040624
8041648
8042382
8047736
8049545
8051539
8052950
8054579
8055801
8058657
8061215
8061574
8062809
8063257
8065838
8066378
8069414
8072573
8073006
8075028
8076014
8076406
8078407
8081354
8083167
8085007
8085712
8086062
8086721
8087189
8088956
8091871
8094112
8094852
8099678
8101109
8101190
8105914
8105956
8107555
8108064
8110513
8113413
8116253
8116370
8118894
8120899
8122532
8125691
8127329
8127542
8127683
8127977
8130285
8131149
8131354
8134837
8135288
8135662
8136209
8138167
8139095
8141534
8143281
8145551
8145624
8146054
8148027
8149255
8149301
8151475
8152700
8155336
8155515
8157093
8157745
8158479
8159288
8163600
8167163
8169263
8170991
8175023
8175156
8177865
8178977
8181000
8181841
8184640
8187707
8190189
8190308
8193315
8194726
8197152
8197285
8198259
8199017
8199296
8200405
8200816
8202570
8203475
8211127
8215610
8216377
8216396
8216415
8217025
8218114
8218584
8219029
8219695
8220119
8225364
8227361
8228422
8229032
8231631
8232319
8233998
8236098
8240309
8241351
8243267
8244116
8248132
8249511
8250841
8251146
8251333
8252809
8253853
8254599
8255000
8256057
8258021
8258271
8260227
8260462
8272487
8272549
8273936
8274353
8277340
8279741
8286772
8286827
8286956
8289062
8292592
8297199
8297449
8297583
8302945
8303841
8304108
8307242
8310557
8314106
8314662
8317154
8317655
8319256
8319654
8323394
8323522
8323526
8324125
8326641
8327404
8327773
8331071
8332468
8335413
8336825
8337001
8340280
8342050
8343170
8345218
8346397
8347803
8350080
8350563
8353132
8353701
8354690
8355423
8356491
8357829
8362354
8363855
8363932
8365283
8371692
8371704
8372644
8373083
8374927
8376074
8377308
8377457
8382749
8383646
8385391
8385505
8387280
8390283
8392927
8400751
8401642
8401737
8403848
8404680
8405934
8409196
8409680
8411354
8422437
8422483
8422744
8424335
8427093
8427930
8429577
8432273
8433226
8433308
8437096
8439075
8440190
8442820
8446493
8446596
8446773
8447317
8449018
8450964
8452182
8455031
8455466
8457785
8460447
8461743
8462896
8470207
8473026
8474068
8474581
8478930
8479127
8480103
8481695
8482629
8482963
8484667
8484878
8486130
8491890
8493821
8496656
8497327
8497770
8498306
8499017
8499533
8499926
8500660
8502181
8502410
8503208
8504365
8505904
8506475
8506938
8510794
8511166
8512595
8513332
8513977
8514670
8515648
8519660
8520425
8520730
8525505
8525740
8529418
8531073
8532411
8537824
8539425
8539555
8540561
8542519
8546817
8547409
8549041
8549387
8552093
8553108
8553755
8555012
8555677
8556858
8560020
8562840
8567567
8568094
8568220
8569699
8569771
8570634
8570937
8572519
8574580
8575763
8578286
8584541
8590519
8595421
8597599
8599108
8599777
8602418
8604171
8604437
8610840
8611544
8612168
8616091
8616145
8623669
8624749
8626465
8629896
8630363
8631419
8632289
8633626
8633830
8634603
8637586
8637602
8640135
8643297
8646591
8646811
8646898
8648846
8651238
8652954
8654050
8656253
8660904
8665104
8669971
8674407
8675293
8677094
8678381
8679172
8681097
8681400
8682659
8682809
8683288
8684084
8687658
8689856
8691536
8700876
8701958
8705459
8706548
8711326
8714916
8719024
8723122
8724980
8725141
8725804
8727068
8727750
8732042
8733830
8736164
8737169
8737704
8738872
8738877
8742505
8744628
8745049
8746704
8747842
8748139
8751914
8752469
8753928
8754772
8754969
8755936
8762340
8763977
8765121
8768274
8772911
8773198
8773439
8775756
8776229
8779235
8780494
8780952
8783791
8786345
8788548
8789939
8793685
8796847
8798635
8800062
8801787
8804115
8805100
8805942
8806468
8807524
8810503
8814386
8820279
8821155
8821910
8822951
8823688
8825964
8827052
8827073
8827862
8827951
8828760
8833336
8833434
8836688
8838051
8838362
8841569
8844136
8845096
8846139
8846281
8847046
8847201
8849570
8849750
8850919
8851613
8856274
8856317
8862115
8863776
8868568
8868851
8873830
8874249
8874447
8878693
8879873
8881112
8884637
8885321
8886317
8886609
8889403
8890224
8894928
8894957
8895079
8896491
8896561
8899590
8899625
8899797
8899858
8901054
8901371
8902242
8902770
8903535
8903583
8904654
8906319
8906961
8909366
8911326
8911541
8911573
8913254
8914750
8915231
8917245
8920647
8920864
8922292
8924941
8925088
8925838
8925925
8927172
8928478
8929133
8929572
8929760
8930668
8931132
8934435
8935908
8936019
8939110
8941516
8942521
8943369
8944417
8948761
8951908
8953477
8958289
8961973
8963059
8965358
8966654
8969738
8970114
8970708
8972067
8974266
8975928
8976136
8980555
8980742
8981502
8985539
8986296
8991542
8993555
8997095
8997620
8998461
8999372
8999877
9000498
9001526
9001849
9003329
9004740
9006115
9006393
9007085
9011457
9012346
9012657
9016479
9019616
9023424
9023723
9025745
9027051
9034754
9038452
9038813
9040322
9041648
9042865
9043166
9044500
9044524
9045753
9056661
9064168
9066077
9066352
9067022
9067988
9071086
9071700
9072224
9074760
9075956
9080308
9088430
9091433
9093602
9094139
9095222
9097916
9098335
9099489
9101133
9101768
9101996
9105084
9108625
9109941
9113034
9115741
9117676
9119057
9123009
9123402
9128281
9128664
9129171
9129703
9136802
9140005
9140774
9143139
9144746
9146706
9148554
9150231
9150605
9154862
9156471
9158748
9159545
9159610
9159921
9162015
9162087
9164298
9165199
9165310
9167829
9172836
9173287
9174190
9177461
9179625
9187759
9189721
9190222
9190632
9194687
9197497
9198715
9198769
9198862
9200037
9200974
9201623
9202105
9202819
9203544
9206017
9206297
9207203
9207270
9208855
9208891
9210278
9211198
9214366
9221674
9228742
9228992
9229808
9230743
9234560
9235456
9235775
9239199
9241335
9241690
9244353
9246837
9247007
9250600
9252865
9253903
9256033
9256776
9256846
9257545
9259198
9259263
9261564
9262917
9266210
9266990
9269956
9270127
9270268
9270752
9270963
9271026
9271713
9272726
9272990
9273762
9276826
9278195
9278310
9278315
9280122
9280514
9280579
9281228
9282151
9283381
9284511
9286796
9290490
9290763
9290818
9298096
9301979
9309318
9312416
9314246
9316839
9317162
9328580
9329046
9330730
9333496
9335891
9337066
9337370
9338369
9344981
9346018
9347433
9353557
9354495
9355442
9357099
9357965
9359589
9359740
9359745
9360049
9368222
9369769
9371114
9376038
9378274
9379246
9383134
9385237
9387840
9390284
9394632
9396927
9398676
9398914
9399546
9403294
9410915
9413428
9416833
9418028
9421273
9422912
9425530
9426495
9426726
9426922
9427673
9429212
9430891
9432940
9434498
9436019
9436107
9436737
9437633
9438012
9438560
9438804
9439468
9443247
9443893
9446845
9452033
9457236
9457779
9461312
9468070
9470448
9470664
9470804
9470809
9471637
9477037
9479307
9479514
9480755
9484869
9487579
9488679
9490468
9492010
9493041
9494056
9494669
9496158
9496620
9496961
9497738
9504993
9507243
9508613
9515775
9516373
9520357
9521328
9523013
9523562
9525404
9526624
9526683
9527113
9532457
9534169
9539333
9540187
9542217
9542375
9543026
9543091
9543871
9545637
9545688
9547477
9550433
9551134
9552338
9553656
9554897
9557625
9560480
9563708
9567837
9568365
9569618
9570796
9571866
9572083
9572899
9573849
9574027
9578213
9578672
9578901
9583015
9586825
9588397
9588877
9591262
9595249
9595739
9596178
9597010
9597800
9601295
9601801
9602219
9603360
9607901
9609192
9610270
9613102
9614261
9615101
9615417
9615446
9619632
9621855
9623552
9624472
9626079
9626789
9629721
9633984
9634387
9635989
9638385
9639019
9639058
9639100
9640145
9640574
9644691
9644904
9646951
9648301
9648357
9648580
9651572
9663821
9664153
9666704
9667862
9668200
9668504
9669473
9670291
9672477
9673674
9677307
9677602
9680749
9682010
9684634
9684925
9686121
9686523
9687585
9688248
9688593
9691093
9696050
9699104
9704322
9704942
9707073
9707702
9708349
9713131
9713164
9713170
9716118
9720474
9721445
9725551
9727955
9730237
9732417
9732785
9733919
9737262
9737400
9740579
9741334
9742639
9743358
9744362
9745063
9748804
9752648
9755196
9757696
9759507
9761845
9764397
9766159
9770098
9771057
9774227
9774502
9775118
9776292
9777342
9777558
9779359
9780578
9783656
9784420
9784788
9786755
9788129
9788254
9791697
9791728
9792835
9806305
9807337
9812254
9814474
9815929
9816517
9819151
9819463
9819798
9823111
9828315
9831116
9831407
9835591
9836084
9837778
9837878
9839070
9840611
9840673
9841753
9841983
9844317
9845688
9846275
9846378
9848474
9848708
9848713
9856921
9858855
9860946
9863029
9865184
9865186
9866844
9872835
9874541
9876993
9877830
9878244
9878636
9880055
9882543
9882627
9884928
9885988
9887522
9887564
9887858
9891201
9891504
9892229
9893431
9893915
9896780
9899460
9900002
9900111
9902417
9904024
9904765
9906897
9912591
9912688
9917875
9918047
9919721
9920966
9921238
9922399
9931319
9931320
9931985
9934646
9935705
9936163
9937079
9938471
9941065
9943404
9944776
9945144
9946963
9947710
9951135
9951895
9952833
9955076
9955679
9956657
9959459
9960673
9965460
9969123
9974193
9974609
9977856
9978498
9979812
9982195
9982431
9987093
9990063
9991340
9991858
9992338
10001068
10001845
10003103
10005098
10006035
10006486
10008239
10008933
10009107
10009602
10010066
10018370
10022386
10025581
10028039
10028084
10030237
10030840
10035373
10036352
10036528
10038400
10038533
10039498
10043480
10045204
10045396
10048050
10049228
10050002
10050787
10053057
10053234
10055271
10059753
10061182
10061922
10067377
10067881
10069256
10069822
10071042
10072603
10077366
10078502
10078535
10078909
10079453
10082266
10085047
10085624
10085805
10089247
10091111
10092673
10094962
10095028
10097578
10098127
10101245
10101641
10110473
10111813
10113719
10114765
10115393
10119185
10120512
10123819
10124472
10125775
10131881
10132465
10134036
10138604
10143323
10144667
10149318
10150735
10154876
10162643
10163158
10163682
10165209
10168558
10172527
10172596
10173152
10177538
10179474
10182770
10184118
10187603
10195379
10199832
10199839
10202449
10204892
10206514
10210497
10210712
10215021
10216392
10218643
10220820
10221277
10229349
10229788
10230202
10230316
10230614
10230824
10232681
10232902
10234614
10234695
10234737
10235441
10241353
10245437
10245860
10246905
10249637
10250041
10251356
10252332
10256875
10257175
10261261
10266243
10272227
10272883
10275184
10277144
10277354
10277950
10280254
10284606
10288630
10288663
10288946
10297170
10297656
10301948
10303411
10303819
10304061
10310064
10310498
10318575
10319159
10319912
10321594
10323238
10326703
10333479
10333545
10333546
10334392
10334601
10336967
10338525
10342059
10347174
10349937
10354379
10354507
10355013
10355280
10355570
10357472
10358224
10363141
10363920
10365099
10366123
10366567
10368558
10369470
10369944
10377538
10384634
10385797
10387605
10387650
10388487
10388900
10389906
10391777
10392589
10396579
10397796
10400991
10401141
10402836
10403168
10404377
10411147
10411481
10412918
10416300
10417232
10420138
10422496
10424098
10424157
10426756
10427559
10431582
10431944
10432445
10434497
10435256
10435400
10435702
10438929
10439311
10440140
10442864
10443362
10446419
10447999
10448136
10448155
10451180
10451954
10453128
10455627
10457015
10460396
10461082
10464981
10467089
10468304
10472339
10473580
10474525
10475421
10476105
10478859
10479193
10479399
10480026
10482561
10482753
10483901
10484396
10487678
10488049
10488882
10490813
10492380
10497754
10498782
10499901
10501181
10507293
10508438
10512387
10516575
10518176
10518366
10519581
10519918
10520742
10521873
10522358
10523539
10524668
10527719
10532776
10534250
10535273
10539654
10540347
10546639
10548546
10553679
10553969
10554083
10556038
10558742
10560048
10560602
10565705
10566942
10568038
10568116
10570344
10572503
10573383
10573524
10576077
10576345
10579074
10582359
10585159
10586625
10588047
10588651
10589541
10592516
10595291
10595412
10596231
10596378
10596807
10599875
10600016
10600852
10601378
10601709
10605106
10607016
10608393
10608837
10609829
10610003
10610135
10613682
10614472
10617277
10619789
10620783
10621891
10625460
10626178
10628045
10630812
10632608
10633499
10635263
10637706
10643065
10643218
10643285
10643920
10645319
10646384
10646717
10651350
10652018
10655128
10655962
10662259
10666845
10668769
10669217
10676343
10676515
10677430
10677924
10678519
10679438
10682243
10682798
10683780
10685868
10686315
10687059
10692419
10693054
10694011
10695036
10695564
10696708
10696926
10698792
10700057
10701632
10702108
10702392
10705962
10706464
10706782
10707002
10707474
10707580
10708877
10711183
10711479
10713046
10714852
10715865
10716608
10717043
10717229
10718905
10722593
10723065
10723456
10725814
10731149
10732191
10733846
10734041
10735214
10736534
10739636
10740665
10742353
10748176
10748985
10755313
10755640
10756130
10757559
10758750
10759663
10762302
10763002
10765603
10766131
10772990
10774527
10775032
10775157
10777563
10778248
10784368
10784541
10784936
10785195
10789600
10790984
10797046
10803604
10806058
10806802
10809522
10810550
10815893
10820539
10821816
10822947
10824351
10826223
10826446
10826584
10827395
10827918
10830902
10831826
10832294
10833900
10838060
10840201
10842512
10842722
10842771
10845045
10846373
10848524
10848809
10850166
10851011
10852443
10852691
10855015
10857445
10859198
10865415
10865777
10867671
10868044
10869975
10871001
10873247
10876036
10876143
10876754
10877719
10878075
10880453
10880804
10886822
10886910
10890087
10891966
10893598
10895656
10897460
10898436
10898528
10901026
10901319
10901991
10904793
10908078
10912848
10914155
10916832
10916885
10918044
10921863
10923401
10925533
10925733
10926394
10929698
10931006
10935688
10936374
10942220
10942322
10942414
10944619
10944748
10947132
10947493
10950698
10952864
10953258
10954492
10954680
10966101
10967952
10972514
10973037
10982585
10983634
10985833
10986129
10987323
10988797
10991587
10993346
10994997
10997441
10997488
10997811
10997863
10998433
10998629
11001939
11002120
11005819
11006830
11007373
11010329
11012935
11014632
11015304
11016595
11023151
11023395
11025488
11025882
11027524
11036537
11038448
11038902
11040361
11042530
11043646
11049450
11052232
11054097
11054409
11055823
11055919
11059368
11059671
11060197
11061949
11066535
11066558
11071518
11072938
11073267
11074526
11075476
11076193
11077270
11078478
11079776
11085525
11087242
11090907
11095850
11096469
11097765
11099283
11101003
11101929
11102474
11102603
11102930
11105260
11105274
11108378
11109624
11110629
11111683
11111890
11114309
11114855
11115571
11116712
11118347
11118430
11119166
11119648
11122410
11122882
11124520
11124828
11127267
11127528
11130695
11131654
11131829
11132469
11133348
11134669
11135328
11138300
11140314
11142662
11143194
11143392
11143421
11144895
11145954
11147111
11149505
11150172
11156515
11157352
11158543
11160250
11160421
11166333
11168100
11169741
11171833
11173909
11174381
11174983
11175703
11180876
11182336
11184099
11188066
11188688
11189520
11190913
11192878
11194515
11195665
11195922
11198396
11198457
11199806
11206985
11207460
11213401
11215600
11222166
11223511
11223996
11227237
11229311
11232001
11232289
11234702
11235685
11236042
11243863
11246159
11246161
11247241
11252788
11256459
11257464
11257555
11259239
11260025
11262727
11264001
11265626
11270049
11272967
11274340
11276655
11277917
11280258
11283767
11284197
11286970
11288262
11293405
11293648
11296717
11299036
11300781
11301639
11302316
11303308
11304272
11305099
11305211
11305454
11307346
11307602
11307926
11311916
11313916
11315231
11317257
11320000
11320389
11322678
11323576
11323643
11327597
11328689
11328894
11330178
11331290
11333293
11333763
11334477
11337591
11337848
11340647
11340674
11341981
11341985
11344361
11345214
11348845
11353968
11354499
11361409
11365136
11369362
11372494
11375765
11377339
11379809
11380628
11381944
11383591
11384026
11384540
11387838
11389209
11390251
11391269
11391430
11393992
11396968
11397217
11397633
11399976
11400773
11401057
11403670
11406472
11407665
11412669
11413626
11413832
11415291
11416268
11417935
11418121
11420105
11421518
11422047
11432242
11435006
11435342
11435983
11437859
11439308
11442308
11442501
11443272
11443317
11444144
11448129
11449864
11452076
11452706
11456928
11457889
11459275
11466941
11467276
11469426
11470428
11474040
11474160
11481169
11489065
11489255
11490238
11494924
11495799
11498339
11500324
11500620
11501438
11501930
11502048
11503133
11504742
11506145
11508685
11508768
11512072
11513128
11518299
11520224
11521685
11522242
11522392
11524226
11524841
11525105
11525907
11526130
11527773
11530212
11531532
11532029
11532460
11533626
11536022
11538417
11540531
11542778
11543256
11543436
11545931
11547315
11551742
11553986
11554645
11556614
11557860
11558166
11558633
11561636
11561880
11563248
11563654
11564871
11567806
11569453
11572370
11572602
11574329
11575920
11576025
11577222
11578193
11579561
11579937
11581271
11583741
11585784
11588139
11589577
11591193
11593699
11595633
11597520
11598770
11600677
11601574
11602143
11607766
11608472
11610030
11612312
11612472
11617066
11621600
11623842
11625442
11631006
11632702
11636271
11636460
11637047
11638827
11640265
11640412
11640508
11641309
11643502
11643861
11645510
11645547
11647259
11647788
11647859
11652843
11652927
11655423
11657528
11660493
11661114
11664789
11665030
11665990
11670114
11671687
11675712
11676870
11678493
11680355
11680506
11681042
11682018
11682980
11683234
11683732
11684107
11685512
11689482
11692074
11695966
11696243
11698518
11698735
11699883
11702154
11703057
11703421
11705957
11707461
11708680
11710126
11714523
11714704
11714861
11720610
11722901
11723447
11727794
11730137
11735425
11736041
11736074
11736098
11736929
11740584
11740946
11749550
11750605
11750874
11751216
11752014
11754325
11755747
11757214
11757220
11758103
11759812
11760168
11761677
11763212
11764330
11766148
11766510
11767216
11767665
11769285
11769303
11773584
11774323
11777653
11780826
11788349
11797599
11802396
11804430
11805775
11807356
11809496
11810085
11813091
11813929
11813943
11815522
11816388
11816600
11824047
11824298
11826531
11829198
11829324
11830845
11835304
11835427
11837366
11839171
11839356
11843416
11843817
11844142
11847102
11847981
11850328
11852232
11853150
11853213
11854215
11855584
11855987
11857233
11862800
11863627
11866530
11868794
11869383
11874388
11879317
11884892
11887013
11891415
11891830
11894560
11894925
11897228
11898099
11898582
11898645
11900422
11901782
11902210
11905222
11906183
11906372
11906427
11906838
11907566
11909084
11911729
11916669
11917219
11919179
11921574
11922251
11923703
11928568
11931803
11932956
11935666
11936457
11937343
11939531
11943490
11943619
11945624
11945720
11946495
11947454
11947698
11949093
11950693
11951806
11954639
11954829
11958964
11964749
11973132
11973671
11974486
11976273
11979725
11981269
11983786
11995086
11995727
11996464
12003303
12003908
12004791
12004831
12005988
12007744
12010719
12012089
12013329
12014310
12016946
12018453
12021426
12025556
12027551
12027969
12028356
12030598
12034995
12035976
12036812
12038398
12042869
12045563
12047827
12049318
12054800
12055256
12056033
12058220
12059063
12059625
12059901
12061177
12061808
12063152
12064492
12064666
12068630
12068800
12069210
12069736
12071748
12073347
12074671
12079095
12079265
12081611
12083428
12083880
12084131
12084715
12090642
12091451
12095990
12096659
12098258
12098896
12098903
12099147
12099295
12099997
12100836
12102116
12103168
12107329
12109081
12113661
12119070
12119986
12124043
12124093
12126285
12127032
12129484
12130158
12134261
12135425
12136034
12137916
12143246
12144507
12147641
12149287
12150624
12152525
12153318
12161924
12162008
12166610
12167538
12167870
12172245
12174110
12174603
12175523
12177635
12177910
12183887
12184496
12185571
12187232
12188468
12188525
12189090
12189891
12191223
12194618
12195957
12196839
12197388
12200103
12201236
12203317
12204143
12204360
12209457
12209461
12211021
12214698
12219428
12220915
12230253
12231061
12231259
12233068
12234095
12234437
12235215
12236086
12237041
12240089
12243834
12244023
12246564
12250919
12252369
12253701
12255026
12255630
12256940
12259528
12259797
12263676
12268956
12273916
12274228
12277909
12278338
12282024
12285171
12286456
12291537
12291899
12292797
12294873
12298124
12298171
12301208
12301352
12305288
12313964
12314802
12316486
12317923
12321189
12322663
12325850
12331952
12335779
12337556
12341134
12344250
12344278
12344606
12351963
12355767
12356334
12357002
12357140
12358403
12358944
12361100
12361513
12363127
12363377
12364230
12365170
12365355
12367127
12367478
12369266
12379877
12380761
12380896
12381765
12386969
12390449
12392581
12393644
12394041
12394387
12396131
12400134
12402520
12402594
12404778
12405182
12407062
12407197
12408569
12409821
12417253
12417467
12420562
12420871
12422687
12424515
12426001
12430348
12430505
12435071
12435606
12437330
12438553
12442742
12443114
12443947
12446008
12450952
12456886
12459710
12461723
12461748
12462086
12463765
12464049
12465790
12466526
12468154
12470378
12471637
12472292
12473444
12473990
12478656
12478767
12482737
12483780
12487769
12488426
12489945
12490162
12491619
12491936
12492368
12492808
12500720
12501254
12502773
12503735
12506188
12507326
12509033
12509509
12510704
12511427
12514110
12516666
12516747
12518798
12519098
12519986
12522682
12526159
12528051
12532502
12534676
12535093
12535283
12535872
12543806
12543978
12544693
12545379
12545738
12546592
12547354
12549303
12549310
12553000
12554587
12555678
12558032
12558419
12558533
12563104
12564238
12564629
12567367
12568045
12573147
12575282
12576328
12576468
12576615
12578096
12580762
12581705
12582256
12582792
12587172
12587256
12588517
12588843
12589076
12589698
12595713
12595786
12598548
12599072
12601487
12602837
12602935
12603793
12610469
12611025
12612394
12615326
12618986
12619480
12619647
12620766
12621053
12623745
12625693
12629893
12633312
12636675
12637320
12638619
12640497
12640707
12641384
12642214
12647006
12647965
12651340
12652300
12656149
12657124
12660948
12663179
12663397
12670481
12672155
12675004
12680068
12681773
12684101
12685741
12687726
12687906
12689108
12689238
12693184
12693233
12695142
12695768
12697854
12698536
12699047
12705320
12706239
12706364
12707003
12707226
12710758
12716076
12717031
12718185
12718511
12719011
12719359
12720893
12727795
12727897
12733393
12733497
12734276
12738984
12739944
12740072
12742453
12744422
12745478
12747019
12747309
12748649
12751312
12753482
12753657
12755739
12756004
12757507
12760422
12763665
12767322
12769932
12770422
12770697
12772986
12775057
12775599
12777076
12779583
12782148
12782210
12786432
12787547
12788630
12788634
12788710
12789016
12793692
12794913
12800365
12800515
12804358
12805633
12805890
12806326
12806649
12811238
12811903
12813328
12814281
12814366
12815521
12816419
12818337
12819755
12820394
12820528
12822771
12823278
12824117
12825364
12828220
12829199
12832558
12835968
12836324
12838341
12842260
12842827
12845072
12845081
12847153
12849834
12852626
12853249
12853695
12858011
12858214
12859002
12860280
12860966
12862550
12863479
12863812
12865958
12868034
12870170
12871444
12871984
12875238
12875778
12876092
12880290
12882588
12886650
12887319
12888158
12893636
12896400
12896610
12898183
12901854
12903936
12905715
12907559
12907622
12907995
12909045
12909325
12910209
12911305
12911694
12913730
12915631
12916260
12918676
12924585
12925037
12926736
12930979
12931253
12932546
12934643
12935334
12936643
12936680
12937454
12938156
12939629
12940706
12945883
12946331
12952074
12954855
12956797
12956874
12957081
12957837
12958005
12958772
12959485
12959874
12960374
12960833
12962075
12964259
12966752
12968054
12971115
12973748
12975091
12975637
12976281
12983943
12984791
12986447
12990468
12994912
12995428
12996602
12998443
13000181
13005788
13006318
13011401
13017486
13018594
13019172
13019850
13020612
13023419
13024539
13025247
13027441
13034057
13035015
13035545
13039418
13039475
13040818
13047420
13048333
13050085
13052707
13053199
13054970
13057498
13066786
13067557
13069910
13074853
13081780
13083897
13083930
13088921
13089702
13094270
13094755
13095480
13096873
13101926
13104890
13105559
13108323
13112623
13123621
13128586
13129476
13129865
13131506
13131779
13132802
13133564
13135770
13136358
13141179
13141372
13141820
13145359
13148833
13150711
13152657
13155026
13155860
13160071
13162166
13163107
13163618
13166202
13167368
13169395
13173329
13177437
13177470
13178456
13178925
13179130
13181218
13183201
13189665
13193017
13193337
13193705
13195569
13195682
13197302
13209789
13214422
13214930
13216323
13218987
13221864
13224565
13226190
13226379
13232317
13239710
13241601
13242714
13245866
13247315
13251511
13251668
13251944
13253881
13254496
13258912
13261144
13266520
13268261
13268362
13269182
13271004
13278272
13281306
13283992
13286707
13287839
13290767
13291161
13291173
13292092
13299447
13299513
13299754
13301483
13303246
13304006
13306946
13310089
13311800
13318450
13318889
13319468
13324883
13328122
13328881
13334792
13338637
13339518
13341218
13341599
13342930
13343794
13344515
13346716
13349174
13350349
13352387
13353929
13354718
13354801
13355353
13359410
13360161
13360473
13360576
13362153
13363379
13367297
13367305
13368635
13369246
13371115
13372253
13376135
13377981
13378935
13380186
13380230
13380269
13381805
13382603
13389385
13390641
13390753
13391194
13392408
13393480
13402059
13404303
13407674
13408028
13409076
13411834
13412730
13413865
13416653
13417168
13418958
13420493
13421912
13422757
13422980
13424905
13425592
13429972
13432246
13434412
13438618
13438826
13440876
13441147
13441394
13441925
13442274
13443798
13445551
13445987
13449020
13449115
13449119
13455826
13456034
13460944
13461260
13465125
13465988
13468855
13471107
13473979
13474519
13477050
13477368
13480317
13481203
13482506
13484736
13484769
13489827
13489948
13491748
13492683
13494418
13495102
13499288
13499292
13499350
13501421
13504449
13504919
13510188
13510432
13510785
13511379
13511943
13513910
13515254
13517434
13521240
13521787
13524240
13524252
13530808
13534081
13534315
13535536
13536279
13538375
13544341
13549326
13549751
13550332
13551168
13552820
13553730
13558028
13562049
13563957
13565562
13565766
13568166
13570311
13570477
13573311
13574910
13575331
13576159
13577110
13578098
13579307
13579769
13580261
13585769
13587029
13588792
13596690
13597021
13597765
13598044
13599847
13602883
13604118
13604214
13609450
13610321
13612289
13614063
13616858
13620572
13620756
13623823
13625898
13626044
13627152
13635956
13637372
13639446
13639479
13641288
13641311
13644106
13644167
13644356
13644450
13649185
13650779
13650845
13654971
13657935
13663054
13664144
13665676
13666003
13667493
13669259
13671420
13672208
13672886
13681662
13685858
13686110
13686424
13686806
13688159
13689101
13689123
13692022
13694495
13694998
13696875
13697379
13700152
13702215
13703265
13704536
13704620
13704772
13705359
13705651
13705981
13707737
13708556
13709606
13709837
13710339
13713972
13716447
13718380
13719155
13722226
13722624
13723607
13728448
13728643
13729370
13729833
13730051
13732729
13737735
13738519
13740620
13745267
13745980
13747953
13748371
13748786
13749247
13750908
13752914
13753140
13753374
13753814
13754509
13754755
13756478
13756759
13756962
13759647
13761777
13762341
13767782
13770266
13770866
13772544
13772929
13773138
13774305
13780992
13782677
13783138
13784767
13789401
13790818
13791395
13793460
13795250
13795679
13800727
13800892
13801068
13808412
13810870
13814559
13814898
13816373
13817587
13818071
13818666
13824133
13824594
13824674
13826112
13827394
13830858
13831191
13832074
13834171
13834172
13835386
13835991
13836439
13836544
13839225
13839270
13840734
13842881
13843748
13846201
13850425
13857650
13859802
13860723
13861054
13861668
13864718
13864774
13865823
13867722
13869019
13869434
13874025
13877474
13878315
13879698
13879869
13881584
13883083
13886245
13887846
13892840
13894299
13897968
13906315
13909454
13909465
13913429
13915093
13915156
13915419
13916638
13916765
13917197
13923879
13923928
13923978
13924689
13926369
13927638
13931095
13931360
13931683
13932000
13933365
13935351
13939172
13941951
13946067
13948306
13948947
13949018
13952154
13954121
13956781
13959999
13960595
13960625
13969097
13970171
13974383
13975660
13976004
13977635
13980216
13980335
13983776
13983789
13984665
13986763
13988387
13992749
13993494
14000234
14002658
14005708
14006290
14006544
14006675
14009965
14010608
14012739
14016551
14017873
14018623
14019581
14021670
14024712
14025236
14027679
14029259
14031259
14031856
14035824
14037074
14038196
14041656
14041657
14041719
14044331
14045539
14045615
14045690
14046223
14046261
14047275
14052476
14053380
14053650
14055923
14057713
14058264
14059497
14060276
14061808
14065377
14065555
14067208
14072752
14076035
14077920
14078958
14079357
14083152
14085113
14087452
14087496
14087933
14088290
14094205
14095174
14096715
14104012
14106705
14107467
14110606
14119137
14120255
14121650
14126059
14128176
14132976
14134156
14137910
14140889
14144125
14144356
14144943
14147286
14149515
14154948
14158244
14161053
14161605
14165852
14169167
14169402
14171003
14171832
14172889
14173058
14175095
14176140
14178395
14182364
14185512
14186331
14186891
14187118
14187725
14190656
14191600
14192134
14192781
14194116
14195368
14195370
14200198
14200341
14201579
14202028
14203036
14203207
14205456
14211542
14214350
14214376
14217402
14218872
14219798
14221340
14224280
14225841
14225859
14227585
14231466
14231559
14233328
14234002
14240275
14240282
14245707
14247492
14248818
14249718
14251669
14258130
14258981
14259408
14260698
14265875
14268336
14270910
14271646
14271668
14272275
14272428
14286082
14286105
14289648
14290601
14292067
14296442
14297247
14299789
14299966
14299968
14301414
14303363
14307658
14309414
14309611
14311188
14311233
14313657
14315685
14321801
14325482
14331786
14335411
14335594
14335976
14336212
14337944
14337979
14338047
14339523
14341309
14349754
14352201
14353536
14354084
14359450
14363577
14366336
14367606
14370378
14371443
14373913
14374408
14374559
14376006
14379767
14381951
14382458
14387429
14387709
14387758
14388000
14390274
14395122
14395787
14397972
14403858
14404581
14406193
14407056
14407940
14408224
14412086
14412642
14414246
14414986
14416851
14419673
14420574
14422971
14425386
14426232
14426496
14427892
14429084
14430002
14432208
14438624
14439522
14442477
14444314
14446797
14448225
14450251
14451076
14455165
14455460
14456319
14457670
14458844
14460234
14463927
14463986
14468005
14468787
14469335
14469712
14472904
14480775
14482056
14483039
14483952
14485522
14491432
14494408
14495015
14495585
14496609
14497563
14499032
14501228
14501392
14504875
14509423
14514042
14515266
14515549
14517949
14518207
14519486
14522102
14523053
14525795
14526958
14527528
14528548
14530050
14530366
14532226
14534122
14536564
14539315
14541904
14542393
14544528
14549633
14551049
14552440
14554221
14556746
14556982
14557197
14560941
14565224
14565510
14566362
14569408
14569819
14571734
14572523
14572984
14574940
14576401
14583866
14585386
14585766
14586355
14592576
14598085
14598096
14598911
14599539
14599968
14603678
14604484
14605881
14607328
14608922
14611718
14615317
14616253
14618082
14618553
14619542
14622851
14626188
14626316
14628014
14628716
14630176
14630705
14631529
14631536
14631552
14632455
14632724
14634211
14634852
14638371
14639998
14645239
14648409
14648565
14650712
14651187
14651646
14653410
14660444
14662850
14664360
14667086
14667651
14668693
14669550
14669821
14671440
14671614
14672131
14672336
14674566
14677949
14678697
14682037
14682187
14682579
14684664
14685326
14688774
14694222
14694960
14697873
14702216
14703328
14703835
14706167
14706199
14707345
14709445
14710932
14711052
14714371
14715529
14715755
14716072
14719169
14719857
14719989
14721489
14723405
14725739
14726890
14727515
14728967
14729559
14731277
14731698
14732326
14732382
14734501
14739561
14740339
14742413
14744576
14745968
14747641
14748191
14748840
14749450
14754538
14754976
14760112
14760435
14765063
14768048
14770504
14776803
14778207
14779245
14779820
14790863
14792914
14799231
14801069
14802563
14804560
14806562
14810339
14815032
14815806
14816982
14817798
14820186
14820361
14828477
14829245
14831309
14831840
14833066
14833671
14834641
14835857
14836549
14838594
14841035
14841466
14841776
14843076
14843131
14843636
14847374
14848037
14848620
14855882
14857935
14860237
14861224
14862853
14863062
14864939
14866006
14869364
14871717
14872100
14873161
14875155
14876200
14877295
14877402
14879166
14879749
14881579
14885571
14886598
14887388
14889023
14889285
14892909
14893681
14893949
14896034
14904890
14905653
14906115
14906965
14907428
14908594
14908778
14909924
14910121
14910553
14912277
14913188
14918496
14922821
14925620
14926229
14927481
14932777
14940725
14941308
14943116
14943779
14947476
14947703
14952102
14953433
14953468
14953488
14957034
14959599
14959760
14960118
14962728
14963161
14963278
14966801
14966934
14968794
14969914
14970022
14974033
14977402
14978372
14978669
14979327
14981567
14983666
14985679
14986705
14993310
14994186
14999226
15002169
15002208
15003241
15004934
15007341
15008215
15008306
15009842
15013381
15015021
15015890
15016841
15017420
15019332
15020481
15020639
15021010
15023758
15024521
15025130
15025408
15028341
15029288
15032662
15034174
15037253
15039326
15040416
15042102
15042865
15043843
15049962
15051702
15053800
15057475
15057799
15058691
15061201
15061818
15064271
15064377
15065821
15065936
15067337
15070595
15076095
15078548
15078879
15079940
15080011
15080307
15081210
15082064
15086750
15087548
15089588
15092219
15092522
15094002
15096712
15098724
15110377
15115728
15116704
15117350
15117635
15118747
15121944
15122124
15124197
15124500
15127398
15133264
15133268
15133723
15134603
15141145
15142387
15144652
15147540
15151302
15152513
15154566
15155511
15158492
15160136
15160176
15164814
15171657
15173048
15174971
15179449
15182763
15183209
15183354
15184691
15184808
15186238
15188838
15189642
15189962
15193097
15196626
15197491
15201158
15204008
15205178
15210090
15213122
15219556
15220471
15223606
15227054
15228976
15229419
15234217
15242016
15244553
15245425
15250338
15257142
15257201
15259201
15259685
15262079
15262315
15265211
15265391
15266133
15266839
15266886
15269374
15270442
15272899
15274473
15278353
15278506
15281740
15282780
15283408
15283820
15284092
15284753
15286977
15287174
15287462
15292912
15293003
15293098
15294347
15297921
15298247
15299003
15300690
15301654
15304866
15306453
15309675
15311888
15317422
15319576
15320690
15321066
15321184
15321387
15323221
15323655
15323833
15324636
15325172
15328263
15329349
15337612
15337632
15338488
15340001
15344430
15346271
15347949
15350415
15354343
15355270
15356524
15357650
15358711
15361534
15362819
15370081
15370287
15373749
15375778
15376802
15379241
15379686
15381238
15381303
15382436
15384788
15386419
15387584
15388993
15391336
15392599
15396422
15398688
15398959
15400596
15408542
15409879
15413545
15414190
15414791
15424135
15427977
15431463
15432998
15434869
15436351
15437973
15438588
15440775
15440904
15443111
15444822
15446835
15448955
15449487
15453633
15456035
15458873
15460637
15460784
15461120
15463269
15465146
15468219
15470652
15471368
15473687
15475131
15477345
15479008
15481590
15483517
15483843
15495292
15509636
15512080
15512815
15512947
15512962
15515681
15517222
15519504
15521080
15522348
15523601
15524659
15531695
15533393
15535070
15535585
15537080
15538374
15546746
15547790
15553037
15553219
15556227
15560166
15560374
15560958
15561793
15562186
15562465
15563270
15565647
15569646
15569750
15571738
15572517
15579430
15582381
15583208
15583272
15585278
15588715
15590248
15592571
15594399
15595351
15595533
15599220
15599602
15600726
15609741
15612260
15615763
15616388
15617296
15618886
15619805
15620190
15623278
15625526
15626070
15628853
15630364
15630847
15631668
15631669
15633866
15635083
15640709
15640793
15642429
15642749
15644176
15647683
15649744
15649987
15650458
15653154
15653422
15654098
15656300
15659639
15661584
15663441
15663582
15665109
15665657
15666917
15667253
15673237
15680690
15681091
15683027
15683355
15683985
15686920
15687085
15687671
15693577
15695571
15699470
15700191
15702504
15702778
15706250
15706452
15706981
15709823
15714305
15716711
15718421
15720356
15724000
15724397
15726294
15726467
15728846
15730316
15730470
15731636
15732243
15732801
15739654
15739779
15740888
15745662
15748294
15748317
15749206
15751914
15753387
15755199
15756037
15756187
15756393
15757567
15760622
15761872
15764620
15766653
15767757
15767956
15768930
15769354
15773294
15773809
15774465
15775447
15776528
15779279
15784523
15785038
15785451
15786761
15787513
15788483
15790764
15794073
15798000
15798348
15798482
15799064
15799714
15801951
15805076
15806962
15807550
15807575
15812483
15813549
15813978
15816680
15816724
15817054
15820195
15820564
15821010
15821115
15825393
15827093
15830537
15830845
15834928
15837506
15839600
15845722
15846355
15846585
15847887
15848311
15852480
15852759
15858559
15861298
15861305
15861446
15864527
15864764
15865520
15871634
15877182
15877197
15878242
15878526
15878542
15879537
15879733
15879887
15880044
15881560
15881962
15882953
15886873
15887973
15888948
15889641
15890446
15891679
15892061
15892960
15894303
15894553
15896658
15896678
15897381
15900192
15905083
15907423
15908615
15909764
15912540
15912903
15913066
15913416
15914299
15914470
15915197
15917361
15918511
15920986
15924044
15928648
15929867
15932502
15933464
15934992
15937006
15940358
15940982
15943583
15943701
15946272
15947238
15947683
15948090
15948707
15950764
15951375
15952833
15953996
15954447
15957825
15958197
15958458
15962778
15963513
15966825
15966922
15967438
15970590
15974808
15975229
15975700
15978690
15980178
15980465
15981645
15984857
15987459
15989267
15989507
15991261
15991536
15993981
15994608
15996733
15998076
16000718
16004148
16006561
16008089
16010740
16012781
16016372
16019325
16021018
16021306
16026349
16027167
16029511
16030091
16030104
16030197
16033929
16034663
16035846
16036598
16036996
16038105
16045345
16045447
16046863
16048066
16049378
16052615
16054477
16055579
16055990
16058801
16061036
16061157
16061569
16063316
16067622
16068614
16069228
16070993
16071967
16072960
16072975
16074780
16083960
16086713
16086775
16087820
16090508
16092212
16095816
16102218
16105870
16110812
16112840
16114205
16118494
16124447
16131771
16133738
16134004
16135910
16136977
16138610
16138696
16140790
16146009
16147447
16155263
16155382
16155671
16158001
16159592
16160360
16160843
16164106
16166319
16169400
16171790
16175043
16181461
16184973
16185185
16186700
16186959
16187505
16187635
16189843
16191667
16192216
16194301
16196359
16198799
16203894
16205458
16205652
16208230
16210422
16211372
16212182
16213551
16214008
16218590
16219532
16227238
16228526
16229159
16230954
16234364
16234413
16235423
16237135
16242287
16242545
16243877
16244636
16248118
16254410
16254818
16257037
16257085
16258315
16258971
16261051
16262065
16263764
16264284
16264487
16266087
16266379
16267076
16267552
16267599
16267719
16267800
16271164
16271260
16271324
16272481
16272649
16273295
16273628
16279062
16279860
16280331
16280482
16282055
16283919
16285973
16289492
16291552
16292525
16293543
16293990
16294310
16294646
16294962
16296139
16297208
16300464
16301704
16308297
16309024
16309908
16310395
16310914
16311788
16311915
16317741
16319713
16321840
16323214
16323728
16326510
16328781
16329640
16330609
16333742
16337254
16338239
16339600
16343261
16343996
16345192
16351462
16352759
16353951
16354854
16357948
16360766
16364400
16365245
16367393
16367989
16368805
16369561
16369808
16372987
16374582
16377820
16378277
16378760
16380286
16382461
16383497
16389781
16392373
16394631
16399661
16401938
16403712
16405674
16410620
16412517
16418079
16419558
16419777
16423723
16424188
16424430
16425202
16427191
16428038
16428389
16432477
16433443
16435981
16436434
16441639
16443684
16443799
16444312
16447139
16450064
16451775
16452199
16452693
16459404
16462764
16463078
16463132
16464327
16465219
16467703
16468064
16471512
16471999
16473549
16476074
16476412
16476751
16479586
16480995
16482279
16483648
16484057
16488142
16489569
16490248
16491588
16494882
16497947
16498572
16499425
16503324
16506116
16507917
16509170
16513046
16514055
16514447
16517803
16522496
16523426
16523570
16527956
16529307
16531733
16531886
16533545
16534214
16534493
16535476
16535603
16543025
16544081
16544394
16546116
16547603
16550041
16550121
16553307
16554864
16555847
16557891
16565889
16567439
16567629
16574195
16574870
16576656
16577010
16580890
16582237
16582582
16584193
16586496
16586666
16587366
16587776
16588455
16589018
16589748
16592302
16594377
16596848
16597073
16597345
16598497
16601031
16601108
16601945
16604244
16604582
16605452
16606730
16612823
16612902
16614900
16614941
16615344
16616629
16619361
16623393
16625095
16626469
16626660
16627691
16627829
16629455
16631020
16634331
16637915
16637990
16646704
16646831
16647492
16650990
16651363
16652170
16654815
16655080
16663504
16664373
16664449
16665844
16666109
16666986
16667164
16668183
16669421
16670123
16672643
16672982
16674723
16674918
16675095
16678246
16679069
16681371
16685817
16688099
16689298
16697570
16698202
16698770
16704668
16705292
16705366
16708419
16708882
16710620
16713622
16720068
16721173
16724559
16724766
16727123
16736755
16742907
16750763
16752166
16752477
16754237
16759779
16760199
16761768
16765363
16767971
16768230
16770271
16771035
16772976
16773392
16773880
16774183
16774387
16776069
16778878
16782686
16785055
16786035
16786155
16787533
16790794
16794102
16794111
16795051
16800804
16802664
16808919
16811589
16812814
16814416
16814569
16814699
16815397
16815778
16819440
16819658
16819816
16824644
16825563
16828512
16831442
16837952
16843067
16845514
16845981
16846545
16850912
16852794
16857218
16862089
16867399
16868976
16869020
16870016
16870885
16871229
16876367
16878214
16878671
16879801
16882730
16883146
16886811
16888123
16893690
16893949
16893988
16898011
16899552
16900134
16901813
16905076
16905750
16909365
16912835
16912871
16914167
16914649
16915368
16918627
16919169
16921501
16921585
16923975
16924339
16925168
16932733
16933013
16935529
16936088
16937688
16940354
16940972
16941839
16952530
16954296
16957116
16959080
16960622
16961749
16962644
16962810
16963494
16964351
16966611
16968101
16974692
16976737
16978219
16983552
16984477
16988173
16991522
16991745
17000550
17002339
17006898
17006902
17007414
17007755
17007771
17009799
17009936
17010268
17015780
17017817
17019375
17020801
17021458
17022161
17024021
17024820
17026908
17032261
17033130
17033276
17036995
17039173
17040213
17044343
17047343
17049621
17052698
17055506
17059514
17060227
17060728
17061294
17061890
17062985
17064035
17066653
17067701
17071876
17072765
17073538
17073791
17073984
17075410
17076268
17076785
17077483
17087086
17087577
17088996
17096035
17097416
17101841
17104892
17105026
17107681
17108074
17108321
17110037
17115041
17116524
17117347
17119432
17125107
17125326
17126320
17126974
17127360
17129078
17130845
17133776
17135987
17137200
17139597
17142385
17145622
17146944
17149032
17153739
17153974
17156167
17159841
17161385
17161629
17173399
17174681
17175866
17175972
17176753
17178989
17179504
17181304
17182867
17182979
17184483
17187167
17187513
17188979
17189389
17191084
17192255
17194147
17196455
17196839
17201612
17203921
17204468
17207669
17208112
17208912
17210737
17214801
17215437
17217720
17219299
17220291
17223826
17224898
17227775
17232544
17233674
17234046
17234873
17241245
17244193
17244486
17246014
17246451
17248044
17250351
17250673
17250880
17251146
17252101
17254910
17257070
17258419
17259503
17262162
17263428
17263957
17265318
17267853
17268325
17270769
17273821
17273848
17274537
17279887
17281257
17282208
17282367
17285164
17285592
17287023
17291309
17292494
17293559
17293918
17295794
17296322
17299154
17299385
17301899
17303400
17303529
17304908
17305399
17306986
17307377
17309915
17318525
17318875
17321275
17323575
17325374
17327163
17327436
17328279
17328299
17328901
17332912
17336154
17338267
17340672
17343367
17343374
17343415
17346312
17349157
17350410
17353021
17353183
17353185
17353463
17355351
17356770
17357898
17359769
17360011
17361231
17361273
17363933
17368228
17373805
17373890
17374467
17380657
17380663
17384228
17386606
17387450
17387640
17399147
17400511
17403354
17403821
17404065
17404640
17404886
17405484
17407368
17409116
17410697
17420566
17423069
17425767
17426137
17426407
17430499
17431264
17432896
17434585
17435468
17437559
17440196
17441372
17442909
17443306
17443410
17445554
17445967
17449093
17451460
17451900
17452620
17460891
17463690
17464335
17464438
17467217
17468382
17473202
17475030
17478556
17480579
17481606
17487294
17488635
17488876
17493247
17494085
17494873
17495677
17497991
17499799
17503719
17506817
17508174
17508417
17509903
17511172
17514510
17517055
17520182
17520912
17522089
17523871
17524333
17525654
17525869
17526419
17527871
17531382
17532226
17532451
17534661
17535486
17535513
17536229
17536542
17536801
17539470
17542312
17544830
17545923
17548197
17548430
17548797
17550589
17552198
17552320
17558383
17559041
17561153
17566043
17566991
17568088
17569236
17579246
17587067
17589618
17590804
17591914
17592645
17593866
17595769
17600380
17601226
17602401
17603313
17605120
17605142
17610847
17612873
17613457
17614500
17615377
17618147
17619483
17621578
17621732
17623501
17630295
17633718
17636615
17639366
17639496
17646429
17647278
17647764
17650822
17654821
17659591
17659631
17660919
17661086
17666389
17669093
17671117
17673926
17675000
17676841
17679153
17686863
17688460
17693949
17695283
17697476
17698620
17700117
17701405
17702191
17703765
17706188
17709039
17710426
17713122
17713669
17714598
17715191
17715802
17716819
17717600
17717846
17723175
17723993
17726636
17732822
17734051
17734802
17735087
17737065
17738133
17739241
17740257
17740764
17741059
17745650
17749325
17749500
17753551
17757287
17757739
17758812
17763166
17764861
17768637
17770554
17771143
17771184
17771949
17772219
17774882
17775787
17775806
17777476
17779793
17783748
17784938
17785715
17791310
17791880
17791937
17796345
17796877
17796935
17797359
17799222
17799962
17800311
17803013
17805388
17805537
17805683
17806669
17806922
17808029
17811007
17815990
17818139
17818213
17818878
17821535
17822969
17823705
17824906
17827297
17831914
17832520
17832957
17833448
17833919
17836462
17837676
17840518
17840768
17840850
17843378
17843405
17844098
17845014
17847833
17849207
17852668
17854880
17855593
17856973
17859675
17861874
17864807
17865034
17866147
17869487
17870776
17870991
17872203
17875555
17880180
17886538
17888477
17895588
17895716
17897638
17899287
17902395
17903634
17904463
17904856
17906253
17906339
17907132
17909678
17911573
17911644
17915181
17915972
17922444
17924361
17925597
17927598
17928227
17928725
17928843
17930992
17931955
17934754
17939021
17939228
17941212
17942227
17942581
17942647
17943356
17946036
17947562
17949299
17951455
17955218
17955451
17956812
17959213
17960277
17961006
17961797
17964265
17965385
17974994
17975485
17975590
17976593
17976895
17978952
17979695
17980601
17981380
17982151
17988033
17988206
17991142
17996772
17997630
18000518
18001934
18001940
18003744
18004771
18008731
18009982
18010899
18015280
18015597
18016667
18018680
18019035
18019900
18023228
18024559
18027342
18028360
18029255
18029401
18030205
18030413
18030643
18030815
18037884
18038381
18038581
18044389
18044680
18047083
18047174
18047650
18050234
18051005
18051303
18051680
18052149
18057317
18060340
18060614
18061150
18062052
18065835
18066007
18067695
18069861
18070869
18071485
18071783
18073442
18074692
18076987
18079814
18086297
18089636
18091340
18094830
18096241
18099655
18101214
18101887
18103367
18108602
18109230
18110287
18111201
18112527
18113339
18115209
18116297
18117866
18118214
18125312
18127320
18127537
18130484
18130791
18132017
18132744
18137789
18138803
18139444
18140253
18140293
18140626
18146303
18150157
18153072
18153226
18153767
18154981
18158541
18160435
18163141
18165454
18166094
18167514
18171955
18172049
18177660
18178206
18179047
18182221
18182729
18184460
18189717
18198694
18199725
18200362
18201776
18203327
18211515
18214092
18215163
18216220
18216624
18217179
18219435
18219732
18220273
18221350
18221357
18221365
18225304
18226149
18226437
18228384
18229278
18231647
18231999
18232132
18233037
18234220
18234319
18236030
18236166
18239387
18239597
18240997
18243233
18246934
18249570
18251622
18254277
18254611
18256802
18258115
18259578
18261907
18261919
18262038
18262517
18263973
18269215
18272200
18273310
18273709
18277403
18281217
18284555
18288752
18289969
18290288
18291021
18291230
18292557
18292766
18296038
18296933
18297238
18299286
18301291
18302529
18304492
18305441
18309470
18312587
18313219
18316807
18319802
18321127
18325322
18326098
18326814
18332116
18332135
18336133
18336286
18341331
18342123
18343821
18344568
18346688
18350158
18352732
18353737
18355299
18355708
18357187
18357237
18358309
18360109
18361393
18363612
18364271
18368487
18371123
18380275
18384064
18387165
18387233
18391867
18392118
18393021
18393807
18394909
18395488
18396693
18397845
18398120
18398373
18398620
18398806
18398874
18399934
18400872
18401428
18402547
18406212
18407442
18407929
18410052
18410065
18414448
18415732
18418688
18421325
18422712
18423709
18424791
18425202
18427147
18427690
18430237
18432089
18433015
18434342
18434945
18435483
18435542
18435842
18435909
18436442
18436966
18437987
18440220
18441204
18442042
18443018
18443861
18448047
18451971
18455598
18463986
18464674
18465954
18468814
18469288
18471444
18472573
18472847
18473422
18473598
18477340
18479715
18484384
18484786
18485217
18490653
18490966
18491561
18492375
18493238
18496739
18506468
18512568
18514127
18515130
18517514
18519460
18521274
18524104
18524817
18527689
18528890
18529927
18529987
18531592
18531657
18538901
18540336
18542317
18546648
18549534
18552312
18554160
18554571
18557423
18562785
18564003
18566988
18569058
18573339
18575349
18576597
18581938
18582948
18584599
