46954
47033
47160
47192
47263
47513
47567
48457
48779
48902
48968
49191
49711
49743
49957
49992
50000
50547
50709
50816
51113
51668
52269
52316
52584
53054
53177
53588
53805
53984
54255
54348
54547
54772
55110
55704
55843
55910
56623
57010
57066
57547
57685
57774
57944
57963
58034
58065
58112
58203
58232
58312
58514
59029
59101
59444
59480
59922
83155
147870
150882
153241
153732
155052
155752
156348
160438
162668
259750
260116
260241
260298
260388
260889
260966
262015
262722
263109
264003
264676
264893
265334
265350
265387
265490
265543
265699
265921
266281
266323
266342
266544
266767
266972
267134
267164
267547
267646
268070
268792
269415
269606
269949
270263
270455
271154
271443
271967
272686
272731
272826
273370
273945
274089
274126
274166
274373
274510
274557
275056
275228
275255
275497
275939
276348
276433
276497
276600
276611
276632
276674
277004
277791
277908
277937
278592
349941
349999
351620
352286
354102
355358
359440
360567
360595
360736
362415
362950
364824
445944
447471
447512
448016
448418
449515
449555
449983
451764
453633
460670
460776
463032
464145
521438
527059
607223
608167
608873
609093
609900
610321
611604
612439
614545
615755
616533
616933
617517
619341
728807
731043
731382
732528
746986
747226
747245
747495
747529
748196
748692
748814
748911
748994
749209
749398
749535
749619
749798
749831
751131
751337
751810
751973
752236
752854
753160
753412
754529
754642
754861
754929
755156
755176
755385
755735
756091
756286
756425
756663
756703
756807
756963
757715
758122
758677
758704
758855
759041
759584
760322
760822
760982
761171
761774
762359
763008
763183
807286
808979
817513
817868
818174
818325
818468
819034
819210
820113
820173
820680
821217
822195
822472
822647
822667
823578
824513
826218
826833
826885
827092
827413
827700
828479
828682
828976
829208
829862
830066
830271
830775
830923
830983
831204
832638
833085
833778
833929
834008
836276
836364
836632
837243
866532
867083
867278
867725
868353
868884
868982
869386
869455
869484
869524
870015
870339
870581
870665
870689
871311
871636
871642
871876
872244
872325
872397
872579
872622
872713
872716
873112
873179
873196
873265
873523
873760
874264
874370
874380
874669
874873
875017
875143
875216
875584
875889
875990
876055
876618
877253
877290
877441
878669
880484
881064
881176
881313
881355
881521
882064
884036
884418
885806
886137
886266
886541
886754
887681
888093
891940
892047
893999
894182
895360
896703
896793
897198
931657
931662
932065
932150
934073
937576
938495
940719
943315
944135
945395
953635
959346
962719
1009584
1015299
1243180
1246467
1256097
1257575
1259187
1259839
1260060
1262829
1265903
1266250
1267710
1327350
1327461
1327511
1327757
1327820
1329107
1329449
1329506
1330801
1331347
1331654
1332420
1332903
1333016
1333028
1333084
1334221
1334323
1334467
1335194
1335461
1336230
1336270
1336322
1336330
1336463
1336830
1337013
1337050
1337079
1337336
1337405
1337632
1388257
1389436
1390353
1390362
1390461
1392072
1392222
1392795
1393169
1393461
1393951
1394187
1394480
1394870
1395121
1395825
1396230
1396390
1396738
1397299
1397824
1397934
1398159
1398628
1398732
1399205
1399269
1399551
1400826
1400926
1401203
1401206
1401529
1402272
1402509
1402523
1403008
1403120
1403134
1403162
1403638
1403727
1403978
1404224
1404335
1404924
1404953
1404963
1404994
1405344
1405912
1405961
1406064
1406205
1406252
1406651
1407023
1407842
1409261
1409996
1410159
1410721
1410872
1411077
1411088
1411263
1411729
1412182
1412234
1412248
1412830
1412861
1412908
1413330
1413405
1413424
1445945
1446325
1448336
1451212
1452636
1456986
1457061
1457324
1457725
1458488
1518940
1519078
1521931
1522605
1522770
1522976
1524671
1524708
1525192
1525232
1525719
1525806
1526579
1526987
1527936
1528730
1529178
1529528
1574279
1574297
1574362
1574524
1574691
1574776
1575013
1575095
1575275
1575462
1575701
1575737
1575915
1575990
1576367
1576413
1577790
1577799
1577872
1577920
1578132
1578185
1578887
1579326
1579462
1580083
1580176
1580662
1580669
1580724
1581154
1581334
1581458
1581484
1581558
1581575
1581612
1581776
1582621
1583199
1584168
1584372
1584837
1593597
1621031
1621121
1621201
1622224
1622775
1622864
1623593
1623981
1624801
1625458
1626065
1626932
1627219
1627554
1628395
1630328
1630647
1630943
1631336
1631778
1631865
1631869
1632110
1632186
1654731
1654993
1656888
1659961
1662961
1682263
1725324
1734937
1735537
1736595
1736694
1739183
1740214
1740255
1741231
1742188
1744007
1744589
1777728
1777736
1777846
1778152
1778440
1778793
1778876
1779068
1779162
1779490
1779504
1779841
1780242
1780625
1781375
1781815
1781990
1782339
1782415
1782478
1782542
1782716
1782800
1782871
1783182
1783468
1783788
1783803
1784026
1784126
1784152
1784468
1784803
1784989
1785478
1785492
1785977
1786192
1786482
1786696
1786827
1786864
1787081
1787595
1788087
1788518
1788549
1795004
1796007
1797434
1798908
1801999
1802440
1882239
1882956
1883045
1883481
1884918
1885014
1885114
1886370
1886457
1887847
1888276
1888471
1888840
1890282
1890323
1890442
1891225
1891522
1892395
1892426
1892568
1892887
1893369
1893635
1893645
1893706
1894002
1894064
1894247
1894300
1895626
1895859
1896898
1897026
1897317
1952920
1954099
1954790
1956341
1956879
1957698
1958690
1959936
1960173
1961716
1962680
1962748
1963447
1963532
1963849
1964940
1966015
1966254
1966989
1967026
1968056
1968978
2018486
2025987
2027234
2028055
2032037
2032988
2033069
2077675
2084149
2087681
2087728
2092020
2092307
2093217
2094588
2095262
2095318
2095788
2095971
2096522
2097059
2097118
2097994
2098395
2098396
2099989
2100273
2100513
2102077
2102315
2102626
2103203
2103666
2209715
2209737
2210261
2210540
2210753
2210834
2212251
2212434
2212635
2212725
2213240
2214517
2215705
2215811
2216037
2216169
2216419
2216459
2216595
2216713
2216736
2217219
2217318
2217457
2217510
2218551
2218645
2219170
2219252
2219292
2219345
2219640
2219884
2219994
2220307
2220372
2220473
2220934
2221032
2221536
2221716
2221721
2221791
2221854
2221951
2222520
2223336
2223908
2276428
2282438
2287179
2297975
2327635
2327752
2328823
2329559
2329942
2330876
2331109
2331348
2331848
2332183
2332353
2332718
2332792
2333336
2333502
2334258
2334608
2334659
2334706
2335079
2335247
2335751
2335948
2336272
2336684
2336786
2336935
2336970
2337100
2337144
2337323
2337587
2338584
2339380
2339421
2339726
2407712
2408715
2410228
2410236
2411615
2411691
2411708
2412075
2412211
2412267
2412295
2413175
2413438
2415048
2415127
2416028
2416128
2416269
2416357
2416440
2416442
2416873
2416985
2417985
2418339
2418466
2418804
2418891
2419383
2419545
2420050
2420971
2421775
2421885
2421961
2422099
2422188
2422297
2422325
2422570
2422612
2422803
2423011
2423072
2423433
2424229
2424756
2425208
2425469
2457008
2457026
2457057
2457162
2457542
2457858
2457967
2458091
2458113
2458324
2459087
2459237
2459344
2459703
2459859
2460315
2460366
2460445
2460518
2460605
2460736
2460994
2461006
2461162
2461195
2461211
2461687
2461895
2462254
2462289
2462474
2462552
2462661
2462711
2462783
2462880
2463150
2463286
2464134
2465122
2465539
2465804
2465965
2466116
2466362
2466408
2466546
2466699
2466789
2467226
2467765
2468116
2468486
2468494
2468841
2468870
2468983
2469690
2469750
2469880
2470172
2470514
2470764
2470969
2471047
2471112
2471350
2471892
2472121
2472186
2472337
2472460
2472488
2472736
2473331
2473361
2473384
2473948
2473955
2474151
2474301
2474322
2483648
2484517
2553564
2554346
2554689
2554959
2555558
2555630
2556625
2557276
2559317
2561922
2562087
2562177
2562305
2562416
2562567
2562789
2633425
2674695
2674758
2674766
2675051
2675575
2676469
2676728
2676881
2677176
2677188
2677260
2677369
2677561
2677578
2677589
2677656
2678173
2678364
2678802
2678847
2678891
2679609
2679707
2679763
2679959
2679967
2680837
2681024
2681319
2682010
2682160
2682258
2682520
2682720
2682769
2683151
2683845
2683847
2683961
2684543
2684548
2684583
2684681
2685116
2685456
2685773
2685791
2685795
2685910
2686123
2686339
2686367
2686398
2687550
2687624
2687682
2687817
2688075
2688143
2688933
2689328
2689396
2689483
2689562
2689778
2689889
2690164
2690748
2690783
2690958
2691150
2691288
2691324
2691331
2691521
2691752
2692230
2692260
2711299
2713675
2717123
2720624
2720714
2721006
2724162
2724472
2724554
2724846
2725027
2725652
2726884
2727781
2728729
2729230
2730324
2730420
2730606
2731341
2731499
2731782
2732091
2732391
2733286
2733942
2734048
2734183
2734270
2734334
2734514
2748307
2748538
2748554
2748989
2749625
2750285
2750286
2750455
2750753
2751031
2751795
2752186
2752232
2752786
2753307
2753308
2753455
2753647
2753741
2753814
2754509
2754812
2754837
2755075
2755486
2756857
2757196
2757853
2757999
2758603
2759038
2759634
2759906
2760760
2761360
2761494
2761760
2762322
2762657
2762728
2762802
2762840
2762934
2763826
2764078
2764104
2764252
2764365
2764396
2764655
2765211
2765292
2765321
2765793
2765815
2766083
2766214
2766261
2770976
2789496
2807461
2808896
2810586
2811878
2818052
2820792
2821471
2821501
2822028
2822193
2822230
2824420
2824801
2825038
2825187
2825264
2826047
2826773
2827818
2827848
2828570
2828863
2829227
2829569
2829582
2829786
2829996
2830259
2830480
2831659
2832711
2832742
2833381
2833499
2833621
2833751
2834276
2834377
2835193
2835384
2835620
2835784
2836261
2836343
2837486
2837988
2838092
2838454
2857139
2857330
2857341
2857419
2857467
2857563
2857658
2857685
2857899
2858516
2859218
2859297
2859617
2859696
2859944
2860216
2860400
2860494
2860756
2861169
2861588
2861664
2862449
2862797
2862920
2863422
2863654
2863923
2864435
2864837
2865304
2865389
2865659
2865800
2866238
2866269
2866438
2866767
2866790
2867367
2867580
2867730
2868198
2868367
2868791
2869219
2869288
2869608
2869752
2869855
2869928
2870008
2870156
2870216
2870301
2871283
2871298
2871309
2871536
2871992
2872404
2872935
2873354
2874004
2874216
2875057
2875481
2875630
2875824
2876249
2876312
2877293
2877526
2877690
2877826
2878081
2878874
2878886
2878905
2879235
2880021
2880565
2880597
2880717
2880742
2881125
2881202
2881248
2881433
2882405
2882493
2882595
2882931
2883004
2883349
2883370
2883392
2883806
2884306
2884386
2884848
2884891
2885435
2885862
2886042
2919582
2920062
2924208
2924249
2929554
2930200
3015127
3044354
3044923
3045451
3045691
3045776
3045931
3047042
3047228
3047406
3047487
3047530
3047607
3047908
3047915
3048040
3048821
3049267
3049628
3049978
3050084
3050239
3050591
3051468
3051560
3052658
3052680
3053220
3053261
3053791
3053792
3053964
3054129
3054327
3054606
3055022
3055372
3055545
3055571
3055841
3056500
3056826
3056854
3057252
3057367
3057523
3057661
3058108
3058158
3058172
3058291
3058527
3058588
3058761
3059209
3059268
3059269
3059749
3059859
3060128
3060304
3060350
3092758
3093038
3093316
3093323
3093880
3094224
3094337
3094612
3094712
3094761
3094998
3095727
3096853
3096943
3097107
3097438
3097672
3098134
3098302
3098577
3098609
3098884
3099059
3099356
3099702
3100117
3100656
3100921
3101089
3101720
3101844
3101850
3102351
3103701
3103701
3104127
3104191
3104400
3137126
3144924
3147747
3159950
3161483
3161571
3162414
3162604
3162866
3163325
3163375
3163637
3164157
3165372
3165884
3166549
3167034
3167060
3167160
3167397
3168042
3168715
3169053
3169245
3170689
3170690
3170853
3171128
3171402
3171557
3171930
3172421
3172504
3174663
3174838
3175264
3175611
3176691
3176697
3177018
3177787
3177997
3178065
3178248
3178762
3178799
3178998
3179086
3179303
3179331
3179377
3179670
3179975
3180004
3180166
3180200
3180260
3180292
3180406
3180539
3180746
3182130
3182153
3182496
3182969
3182986
3183305
3183440
3183614
3184104
3184583
3184587
3184895
3184918
3185097
3185203
3186084
3186339
3186934
3187074
3187729
3188474
3188531
3188676
3188731
3188771
3188789
3189306
3189310
3189369
3189373
3189538
3189769
3189931
3190354
3190402
3192414
3192503
3209638
3290322
3291777
3291797
3292235
3293385
3293591
3294580
3296977
3297893
3299468
3299614
3300268
3300306
3301297
3301411
3321218
3333714
3333808
3333908
3333945
3334076
3334113
3334162
3334394
3334887
3335322
3335434
3336031
3336424
3336708
3337836
3338580
3339135
3339224
3339578
3340209
3340297
3340468
3340526
3340876
3340950
3341061
3341068
3341431
3341980
3342207
3342275
3342329
3343996
3344349
3344781
3361319
3361459
3361569
3361735
3361815
3361928
3362017
3362235
3362662
3362892
3362948
3363256
3363401
3363513
3363779
3363825
3364129
3364283
3364405
3364478
3364524
3365002
3365024
3365286
3365678
3365755
3365873
3366026
3366163
3366517
3366587
3366841
3366884
3368214
3368474
3368734
3368851
3368915
3369301
3369642
3369731
3369776
3369973
3370452
3370479
3370513
3370734
3371218
3371282
3371424
3371567
3371663
3371764
3372058
3372097
3372161
3373156
3373176
3383760
3384046
3384499
3385585
3386881
3387079
3388390
3388836
3389739
3391399
3391421
3392810
3392853
3393805
3394758
3396597
3398039
3398373
3399865
3399997
3401090
3401506
3402220
3460701
3470253
3474309
3474788
3474801
3474827
3475038
3475267
3475331
3475764
3475869
3475962
3476017
3476403
3476776
3477514
3477799
3477881
3477887
3478222
3478563
3479473
3479699
3480927
3481606
3481666
3481904
3482890
3482978
3483660
3483813
3529828
3529916
3529967
3529986
3530211
3530562
3530702
3530761
3531574
3531921
3532065
3532375
3532805
3532840
3532913
3532928
3534292
3534610
3534715
3535106
3535896
3536072
3536610
3538220
3538332
3539236
3539619
3540103
3540609
3541078
3605892
3606260
3611986
3615406
3637103
3637149
3637611
3638213
3638331
3638427
3638469
3638511
3638642
3638704
3638939
3639042
3639062
3639285
3639400
3639672
3639968
3640052
3640149
3640233
3640459
3640597
3640724
3640992
3641220
3641567
3641841
3642468
3642766
3642972
3642997
3643141
3643547
3644908
3645470
3645508
3645675
3645994
3646030
3646188
3646801
3646924
3647655
3647938
3648035
3648151
3648344
3648477
3649766
3649934
3650694
3651308
3651586
3651820
3651852
3652415
3652537
3652548
3652616
3652653
3652758
3652890
3652936
3653040
3653082
3653309
3672225
3675483
3675688
3678019
3678150
3679089
3680843
3684290
3734029
3734355
3735108
3735832
3735922
3735969
3736222
3736743
3737354
3737446
3737577
3738147
3738153
3738265
3739191
3739745
3739831
3740201
3740223
3740706
3741574
3741602
3741658
3741728
3742554
3742975
3743404
3744309
3744435
3779659
3780092
3780307
3780542
3780858
3780957
3781374
3781650
3781810
3781864
3782171
3782851
3783295
3783463
3783599
3783635
3783997
3784312
3784398
3784810
3784814
3784920
3785081
3785370
3785519
3785700
3785725
3785802
3785805
3786096
3786696
3786769
3786901
3786933
3787243
3787974
3788336
3788655
3789545
3789567
3789755
3789763
3790299
3790593
3790712
3790890
3791553
3791628
3791644
3791877
3791905
3792683
3792719
3793191
3793820
3794051
3794148
3794268
3794397
3794570
3794703
3794714
3794989
3852986
3853518
3853599
3853610
3853721
3853868
3854534
3854766
3854958
3854973
3855437
3856192
3856445
3856532
3856631
3856726
3857118
3857323
3857440
3857772
3857782
3857843
3858056
3858476
3858545
3858710
3858823
3859064
3859258
3859318
3859792
3860262
3860385
3860492
3860677
3860899
3860966
3861234
3861587
3861649
3861858
3862040
3862671
3862956
3863660
3864115
3864274
3864318
3864467
3865226
3866725
3866755
3866836
3866995
3867057
3867478
3868105
3876278
3880334
3880401
3880478
3880597
3880634
3880665
3880701
3881710
3881898
3882112
3882501
3882686
3883390
3883623
3883834
3884204
3884535
3884640
3885140
3885367
3885478
3885551
3885934
3886307
3886531
3886787
3886890
3887373
3887507
3887554
3887752
3888035
3888226
3888586
3888855
3889268
3889449
3889646
3889762
3890414
3891287
3891432
3891971
3892292
3892395
3892664
3893467
3893675
3893690
3893834
3928289
3928880
3928950
3929188
3929403
3929768
3930226
3930877
3931342
3931402
3931404
3931591
3931864
3932032
3932136
3932308
3932560
3932659
3933795
3933846
3933949
3934089
3934598
3934844
3935114
3935203
3935234
3935864
3935872
3936002
3936056
3936575
3937318
3937405
3937435
3937513
3937577
3937596
3937631
3938243
3938538
3938749
3938839
3939159
3939349
3939499
3939659
3939917
3939974
3940471
3940719
3940974
3940996
3941032
3941065
3941169
3941433
3942279
3942365
3943160
3959568
4054247
4054391
4054472
4054529
4056118
4056367
4056638
4056669
4056789
4058327
4058348
4058878
4059025
4059786
4059923
4060361
4061170
4062218
4062669
4062844
4063166
4063217
4063520
4131345
4132182
4133670
4133970
4134330
4134514
4134809
4135114
4136056
4137120
4141265
4141816
4142185
4142394
4143975
4145826
4147279
4147632
4148102
4148547
4149221
4183562
4183705
4183849
4183879
4183964
4184283
4184383
4184891
4185143
4185242
4186149
4186725
4186878
4186930
4187391
4188004
4188333
4188506
4188533
4188564
4188584
4189127
4189241
4189381
4189436
4189509
4189699
4189867
4190027
4190486
4190659
4191986
4192293
4192510
4192555
4192628
4192861
4193324
4193328
4193459
4193657
4193728
4193975
4193991
4194023
4194130
4194355
4194534
4194856
4194885
4195289
4195323
4195478
4195548
4195666
4196048
4196211
4196373
4197193
4197707
4198060
4198447
4198469
4198573
4198848
4199298
4199339
4199505
4199867
4200329
4200432
4200619
4201139
4201377
4201383
4201924
4202475
4202577
4203008
4203390
4203402
4203643
4204311
4204886
4205105
4205261
4205314
4205965
4206095
4207321
4207726
4208106
4209112
4209708
4209737
4210513
4210980
4211097
4212007
4212526
4212545
4212572
4212750
4213106
4213238
4287274
4287367
4287984
4289462
4290156
4291467
4292450
4293374
4294529
4294913
4295129
4295632
4296090
4296213
4296369
4296621
4296735
4296821
4297415
4298323
4298756
4299267
4299484
4299656
4300052
4300196
4300965
4301054
4301186
4301258
4301329
4301948
4302043
4302043
4302185
4302599
4303113
4303214
4304072
4304138
4304335
4304775
4305022
4305050
4305596
4306167
4306266
4306642
4306809
4306854
4306974
4307321
4307457
4307553
4307929
4307951
4308020
4308279
4308301
4308623
4309371
4309668
4309841
4309957
4310307
4310403
4310457
4310900
4311096
4311355
4311975
4312219
4312797
4313269
4313336
4313707
4313843
4314003
4314068
4314135
4314663
4314764
4315424
4316017
4316160
4316288
4316298
4317153
4317327
4317546
4317807
4317813
4317999
4318603
4318624
4319798
4320240
4321283
4321941
4323373
4324668
4325097
4327003
4327797
4327947
4357316
4441246
4442142
4442303
4442955
4444135
4444308
4445285
4446363
4447426
4451703
4452729
4452845
4453600
4454308
4455039
4455573
4455816
4457073
4457721
4458222
4458676
4459435
4470441
4477999
4478472
4479668
4480587
4481326
4482078
4482241
4482761
4484277
4485766
4486243
4486806
4487151
4487269
4488025
4488080
4488192
4491750
4491776
4494754
4494877
4495601
4497166
4497404
4497433
4497596
4499067
4499130
4499188
4499268
4500211
4500354
4502104
4502489
4504244
4504640
4504815
4505409
4507761
4507901
4508253
4508391
4508592
4508881
4509542
4509800
4510126
4510517
4512197
4539987
4540272
4540337
4540622
4540650
4540935
4541254
4541292
4541299
4541476
4541640
4541938
4542297
4542812
4543120
4543178
4544635
4544720
4545138
4545174
4545253
4545410
4545529
4545619
4546134
4546400
4546727
4546837
4546849
4547213
4548053
4548124
4548192
4548268
4548280
4548960
4549109
4549214
4549929
4550164
4550294
4550349
4550357
4550957
4551276
4551831
4551875
4552263
4552516
4552765
4552915
4553206
4553230
4553693
4553943
4554776
4554914
4555060
4555165
4555211
4555658
4555936
4556226
4556529
4556585
4556619
4556693
4557236
4557832
4577829
4622926
4625439
4630638
4630987
4632058
4632159
4632378
4632540
4633830
4634610
4635276
4635486
4635572
4635845
4635849
4636274
4637334
4637812
4638168
4638283
4638296
4638296
4638392
4638686
4641016
4654637
4654828
4655680
4656685
4657849
4658106
4659561
4662202
4664245
4664562
4665021
4666529
4666634
4666758
4668725
4668799
4668905
4669412
4669902
4671177
4671681
4671882
4671919
4672102
4672669
4672775
4673096
4673273
4673421
4673765
4673794
4674140
4674222
4674456
4674676
4674813
4674954
4675114
4675241
4675269
4675418
4675765
4675795
4676881
4677686
4677996
4678266
4678569
4679409
4679469
4679572
4679752
4679990
4680132
4680182
4680439
4680839
4681134
4681778
4681817
4681969
4682241
4682576
4683002
4683021
4683434
4683452
4684900
4685513
4685851
4685928
4686168
4686789
4687132
4687277
4687401
4687716
4687799
4687991
4688087
4688137
4688692
4689329
4689447
4689453
4689573
4689942
4690028
4690095
4691036
4691170
4691175
4691229
4692232
4692627
4692759
4692937
4693493
4693638
4693961
4694191
4694236
4695144
4695917
4696051
4696511
4696682
4696850
4696871
4696893
4696901
4697001
4697382
4697430
4697594
4697679
4697839
4699908
4749415
4761750
4763424
4763977
4765337
4765439
4765577
4765598
4766137
4766761
4766973
4767853
4767862
4768330
4768545
4768594
4768942
4769096
4769929
4770009
4770016
4770223
4770809
4772574
4772929
4773501
4773863
4774322
4774504
4774974
4775082
4775464
4775628
4775685
4775748
4776028
4776046
4776169
4776629
4776729
4776801
4777151
4777461
4777900
4778013
4778180
4778366
4778706
4778896
4780003
4781321
4781542
4781546
4782527
4782787
4783140
4783241
4783252
4783603
4783768
4783801
4784284
4784493
4784600
4784849
4784996
4785447
4785797
4785821
4785920
4786081
4786465
4786802
4786956
4787102
4787216
4787400
4787533
4788465
4788470
4788725
4788779
4789161
4789323
4789585
4789909
4789943
4790158
4790230
4790326
4790473
4790665
4790850
4790904
4791176
4791271
4791360
4791569
4791633
4791856
4792050
4792222
4792489
4792577
4793377
4794205
4794337
4794598
4794831
4794891
4794910
4795369
4795607
4796158
4796388
4796528
4797173
4797409
4798276
4798293
4798433
4798722
4798799
4799155
4799162
4800533
4801011
4801628
4802129
4802437
4803120
4803197
4803454
4803583
4804143
4804784
4804808
4805761
4805875
4806137
4806150
4806202
4806359
4807060
4807428
4807585
4807607
4807716
4807787
4807966
4808186
4808574
4808794
4809504
4809534
4809559
4810166
4810766
4810783
4810923
4811276
4811624
4811935
4812465
4812813
4812820
4813023
4813323
4813478
4814069
4814283
4814733
4815181
4815346
4815442
4815990
4816301
4816500
4817388
4817420
4817456
4818064
4818644
4818658
4819272
4819294
4819391
4819397
4819408
4819726
4820097
4820158
4820806
4821018
4821182
4821433
4821502
4821606
4821640
4821671
4821920
4821961
4822076
4822183
4822587
4822901
4824251
4824576
4824843
4824966
4825022
4825067
4825138
4825530
4825634
4825646
4825728
4825989
4826363
4827101
4827510
4827642
4828004
4828340
4829387
4829607
4829889
4830311
4830470
4830804
4831315
4831519
4831549
4832236
4832893
4833275
4834589
4834619
4834816
4835161
4835522
4835797
4835840
4835928
4837593
4838011
4838453
4839349
4839683
4840059
4840727
4841369
4856651
4856819
4856835
4856934
4857266
4858847
4858904
4859603
4860104
4862686
4863146
4864704
4864814
4864943
4866351
4866762
4867495
4868978
4869204
4869228
4869524
4869939
4869980
4870214
4870996
4872060
4872098
4872150
4872182
4872428
4872803
4872917
4874135
4874605
4874637
4874669
4874999
4875138
4875344
4875408
4875579
4875604
4876065
4876200
4877204
4877586
4877843
4878236
4878360
4879250
4879357
4879421
4880161
4880220
4880324
4880367
4880371
4880512
4881278
4881448
4881511
4881525
4881787
4881788
4882194
4882748
4882758
4882772
4882888
4883052
4883205
4883625
4884184
4884440
4884646
4884786
4884941
4885231
4885273
4885411
4885743
4885881
4886725
4886744
4887143
4887671
4887748
4887836
4887991
4888052
4888101
4888519
4948187
4948532
4949188
4950214
4952545
4953389
4953481
4953700
4953870
4955281
4955793
4955882
4956426
4958158
4958317
4959570
4959915
4960502
4960844
4961496
4961844
4962080
4963013
4963053
4978466
4978959
4979712
4981559
4982858
4984711
4985371
4985474
4985830
4989756
4990018
4991080
4993346
4993722
4994343
4994385
5030708
5030751
5030927
5031119
5031524
5031840
5032216
5032485
5032740
5034599
5035138
5035164
5035194
5035366
5035719
5035766
5035812
5035818
5036075
5036115
5036496
5036642
5036711
5036722
5036996
5037014
5037325
5037937
5038134
5038146
5038159
5038243
5038393
5039178
5039295
5039771
5039966
5040935
5041028
5041096
5041274
5041592
5041642
5041704
5042406
5042563
5042750
5043020
5043598
5043779
5044031
5044131
5044248
5044259
5045246
5045408
5045536
5045539
5045877
5045925
5046166
5046277
5047363
5047449
5047651
5047799
5047857
5047900
5048222
5049020
5049432
5049631
5049783
5049804
5049814
5049840
5050359
5050818
5050819
5050859
5051064
5051408
5051643
5052273
5053685
5053688
5053893
5054073
5054336
5055105
5055205
5055644
5056267
5057151
5057489
5057798
5057830
5058177
5058252
5058286
5058600
5059059
5059062
5059137
5059532
5060225
5060318
5060768
5061696
5061842
5061931
5062453
5062524
5062687
5063084
5063568
5063675
5064056
5064199
5064245
5064700
5064992
5065000
5065820
5065894
5065937
5066321
5066518
5066914
5067157
5067186
5067850
5067980
5068255
5068581
5068744
5069123
5069259
5069549
5069909
5070039
5070424
5070473
5070533
5070724
5070911
5071440
5071446
5071607
5071929
5072562
5072626
5073040
5073629
5074052
5074405
5075170
5104630
5106391
5106408
5106505
5106663
5107004
5107025
5107254
5107267
5107512
5107798
5107807
5107945
5108139
5108166
5108218
5108366
5108695
5110007
5110211
5110250
5110673
5110745
5110845
5111084
5111623
5112218
5112768
5112846
5113239
5113447
5114086
5114309
5115354
5115927
5116223
5116444
5116607
5116666
5116953
5117185
5117528
5117918
5118069
5118336
5157602
5158144
5158862
5160500
5164593
5164850
5165922
5166981
5172978
5175240
5175334
5175548
5175758
5176871
5177384
5178151
5178352
5178632
5178819
5178945
5179484
5179733
5179849
5180411
5180440
5181318
5181704
5181885
5183212
5183223
5183477
5185094
5185453
5185603
5185882
5185996
5186666
5187568
5187985
5188149
5188192
5188298
5188483
5190920
5191076
5192275
5192583
5193743
5273814
5274110
5274648
5274808
5275145
5275585
5275720
5276488
5277677
5277995
5278583
5278612
5278690
5279525
5279962
5280376
5281260
5281397
5281614
5281789
5281884
5282259
5282505
5282611
5283192
5283490
5283888
5284216
5284609
5284863
5285126
5285232
5285704
5285897
5286011
5286536
5286684
5287175
5287316
5287576
5287895
5288577
5288616
5288628
5288656
5288681
5289101
5289480
5289829
5290065
5290118
5290414
5302622
5302744
5302843
5302981
5304737
5304994
5305152
5305189
5305349
5305965
5306232
5306454
5306620
5306771
5306884
5307002
5307069
5307382
5307451
5307483
5307590
5307756
5308088
5308166
5308337
5308395
5308776
5308907
5309102
5309988
5310210
5310843
5310893
5311262
5312321
5312338
5312764
5313231
5313303
5313435
5313737
5314346
5314654
5315097
5315196
5315413
5315548
5315670
5315780
5316186
5316543
5317040
5317198
5317234
5318202
5318394
5319489
5319500
5319615
5320179
5320239
5320253
5334904
5334993
5335161
5335337
5335565
5335685
5335802
5335971
5336583
5336786
5337267
5337775
5337924
5338434
5338501
5338623
5338936
5339782
5339835
5340047
5340654
5340717
5340976
5340989
5341411
5341658
5342298
5342870
5343147
5344092
5344270
5344311
5344342
5345660
5345733
5346429
5347186
5348178
5348485
5348594
5349535
5350060
5350260
5350906
5350909
5393099
5393161
5393532
5394209
5394937
5394989
5395085
5396033
5396064
5396147
5396389
5396429
5396654
5396666
5396873
5396977
5397019
5397783
5398048
5398049
5398156
5398423
5399237
5399522
5399560
5399693
5399774
5400032
5400083
5400632
5400777
5400845
5401554
5401839
5402281
5403092
5403617
5403949
5403992
5404114
5404159
5404181
5404346
5405247
5405543
5405711
5405814
5405829
5405849
5406036
5406245
5406329
5406635
5407681
5407717
5408229
5408489
5408993
5409217
5409226
5409643
5410039
5410284
5410711
5410946
5410978
5415560
5425021
5445417
5446504
5447524
5447611
5449283
5450524
5452102
5452519
5452635
5452699
5452764
5452928
5453274
5454191
5454578
5454960
5455512
5455577
5457122
5457417
5457481
5457792
5458113
5458161
5458463
5458771
5460572
5461163
5462688
5463411
5463485
5463932
5492237
5493042
5493364
5494131
5494168
5495750
5496948
5497096
5497701
5498059
5498535
5498820
5498843
5500012
5500397
5500616
5562559
5562611
5562747
5562892
5563089
5563534
5563777
5563902
5564560
5564695
5565111
5565251
5565488
5566399
5566420
5566458
5566572
5566774
5566986
5567106
5567139
5568175
5568688
5568711
5568966
5568975
5569004
5569043
5569357
5569472
5569582
5569619
5569955
5570116
5570421
5570787
5570869
5571207
5571837
5572481
5572636
5572640
5572847
5573328
5573553
5573557
5573959
5574032
5574297
5574427
5574831
5574865
5575097
5575859
5576041
5576090
5576492
5576629
5576643
5576907
5577199
5577255
5577458
5577797
5578184
5578314
5592871
5593096
5593159
5593293
5593807
5594511
5594553
5595037
5596340
5596701
5597898
5598194
5598357
5598932
5599242
5599303
5599683
5600839
5600892
5601041
5601184
5601985
5603150
5603432
5604703
5604954
5605478
5605652
5605959
5606864
5606883
5606903
5607297
5607530
5608179
5608843
5610280
5610605
5610865
5611284
5611375
5611840
5612196
5613046
5613852
5614957
5615807
5616029
5617180
5618742
5618834
5619335
5619579
5620229
5620271
5621183
5621909
5622004
5622811
5623149
5624289
5624483
5625297
5625705
5625787
5626948
5627040
5628149
5630059
5630446
5630645
5631385
5632483
5632518
5632754
5632829
5634131
5634233
5634476
5634561
5635109
5636327
5636436
5636482
5636805
5637315
5638345
5638499
5638660
5640087
5640401
5640632
5640777
5661119
5662682
5663507
5664207
5665108
5665987
5669405
5669668
5671330
5671730
5672452
5672520
5674154
5674329
5674857
5675018
5675121
5675132
5675847
5676090
5676121
5676542
5678041
5678193
5678547
5678917
5678992
5679516
5679903
5680237
5680878
5680985
5680990
5681073
5681090
5681325
5681671
5681681
5682254
5682402
5682599
5682773
5682914
5683017
5683167
5683189
5683595
5684849
5684868
5684940
5685173
5685691
5685983
5685987
5686113
5686362
5686495
5686663
5686843
5687757
5707667
5708903
5709927
5710180
5710348
5710607
5710835
5710842
5711071
5711141
5711542
5712305
5713846
5714231
5714432
5715338
5715383
5715766
5715806
5717233
5717250
5717915
5718167
5718556
5718655
5718775
5718876
5719342
5719440
5719644
5721236
5721470
5721934
5722045
5722094
5722100
5722313
5722736
5722747
5722991
5723526
5723591
5724372
5725398
5725474
5725593
5727592
5728225
5728415
5728559
5728621
5728688
5728722
5729053
5729470
5729495
5729834
5731266
5732025
5732028
5732246
5732371
5732478
5732840
5732922
5732975
5733283
5733548
5736115
5736194
5736214
5736499
5736685
5737589
5737620
5737854
5827548
5828438
5828948
5829672
5830756
5830790
5830808
5830927
5831755
5832409
5832839
5832924
5833256
5834391
5834911
5835515
5836721
5836884
5836992
5838809
5839095
5839111
5841684
5842238
5842267
5842438
5842935
5843718
5844525
5845568
5907057
5908209
5914514
5971866
5972908
5981436
5982823
6017587
6025062
6026601
6028614
6029558
6032057
6032362
6033566
6034207
6058093
6058204
6065621
6066229
6070395
6092293
6092294
6092752
6093571
6093699
6093714
6094105
6094152
6094370
6094581
6094832
6095058
6095076
6095238
6095386
6096150
6096704
6097158
6098212
6098778
6098905
6098935
6099368
6099431
6099721
6100253
6101237
6101594
6101950
6102255
6102678
6103006
6104089
6104139
6104250
6104596
6104684
6104800
6106134
6106552
6106784
6107856
6108022
6108777
6108979
6109431
6110413
6110561
6110652
6111311
6111536
6112717
6112905
6112964
6113325
6115197
6115279
6115317
6115448
6115670
6116190
6116615
6116696
6117255
6117372
6118091
6119683
6119917
6120136
6120150
6120407
6120693
6120911
6121279
6121565
6121595
6122016
6122116
6122159
6122281
6122399
6204939
6204957
6205026
6205951
6206249
6206353
6206444
6207221
6208080
6209050
6209245
6210006
6210074
6210709
6210741
6210942
6211125
6211157
6211349
6212018
6212028
6212178
6212589
6212720
6213514
6213919
6214089
6214232
6214679
6216014
6216371
6216497
6217372
6217428
6218079
6231735
6233071
6233111
6233274
6233486
6234226
6234267
6234517
6234674
6235051
6236659
6236758
6236914
6236934
6237119
6238512
6239615
6240594
6240853
6241600
6241997
6243024
6243112
6243309
6243513
6243737
6243757
6243987
6245033
6245314
6245693
6246211
6246316
6246355
6246546
6247000
6247756
6247866
6248276
6248279
6248377
6248521
6248530
6248830
6249532
6250379
6250531
6250612
6251240
6251351
6251783
6251824
6251968
6252009
6252074
6252313
6252622
6252633
6253047
6253167
6253559
6253861
6254053
6254232
6254761
6255166
6255260
6255743
6255788
6255866
6257018
6257033
6257262
6257932
6258034
6259424
6259598
6259744
6260311
6260529
6260611
6261022
6261340
6261414
6261684
6261772
6262475
6262970
6263104
6263270
6263317
6263396
6263442
6263688
6264148
6264172
6264330
6264390
6264694
6264834
6264842
6265164
6265774
6265962
6266270
6266317
6266913
6267441
6267464
6267750
6267855
6267887
6267992
6268137
6268812
6269120
6269149
6269323
6269857
6269935
6269959
6270364
6270640
6271224
6271910
6271984
6272174
6272459
6273130
6273430
6274490
6274680
6274775
6274887
6274911
6275198
6275665
6275747
6275939
6275980
6276068
6276575
6276949
6277073
6277700
6277842
6278075
6278921
6278994
6279303
6280093
6280376
6280558
6280908
6280940
6281392
6282026
6282425
6282779
6283035
6283608
6283913
6284249
6284611
6284939
6285372
6285397
6285807
6285864
6286194
6286497
6318441
6318585
6319537
6320034
6320358
6320407
6320448
6320482
6321041
6321185
6321498
6322012
6322378
6322521
6323113
6323212
6323389
6323496
6323654
6324441
6324931
6324943
6325205
6325487
6325568
6326690
6327491
6327546
6328161
6328235
6328316
6328469
6328866
6329748
6329821
6330545
6330790
6330901
6331006
6331053
6331058
6331065
6331778
6332096
6332292
6332445
6333242
6333306
6333830
6334008
6334122
6334148
6485896
6487611
6489791
6490070
6497144
6498258
6499621
6518344
6526520
6533036
6581677
6581881
6582593
6583221
6583511
6583553
6583791
6584346
6584600
6585341
6585583
6586245
6586395
6586687
6586774
6587430
6587524
6589263
6589882
6590034
6590206
6590330
6590548
6591067
6591069
6591224
6591447
6591532
6592716
6592893
6593562
6593835
6594075
6594316
6594397
6594767
6595183
6595596
6595716
6596070
6597046
6597079
6597223
6597816
6598785
6599164
6604503
6674307
6693945
6694155
6695303
6695370
6695515
6695641
6696172
6696205
6696703
6697018
6697023
6697571
6698440
6698688
6698792
6699121
6699162
6699291
6699471
6700476
6700771
6701451
6701482
6701494
6701637
6701712
6701919
6702051
6702377
6702450
6702872
6702876
6703467
6703864
6703924
6704200
6704502
6705069
6705381
6705676
6706055
6706799
6706861
6707358
6707949
6707971
6708342
6708966
6709155
6709678
6709988
6710110
6710442
6710541
6710855
6710948
6711651
6712057
6712306
6712874
6713018
6748138
6750173
6750338
6751214
6752086
6752603
6752650
6753158
6756247
6757013
6758574
6759779
6762714
6762775
6764179
6789808
6798936
6957967
6958225
6958555
6959420
6960415
6960858
6960928
6961279
6961367
6961382
6961434
6961483
6962156
6962237
6962516
6963848
6964591
6965038
6965293
6965467
6965631
6965923
6966363
6966511
6966602
6966808
6967089
6967629
6967839
6968329
6968448
6969059
6969279
6969704
6969730
6969808
6970452
6970624
6970792
6971342
6971922
6972068
6972190
6984544
6985054
6985586
6985928
6987407
6987612
6988249
6988321
6988566
6989283
6990195
6992038
6993301
6994162
6995348
6998161
6998342
6999139
6999431
6999453
6999747
7034810
7035984
7040021
7041371
7046972
7050954
7051108
7051232
7052809
7052859
7053070
7053462
7054101
7054187
7054381
7054416
7054786
7054899
7055205
7055340
7055372
7055507
7055510
7055622
7055931
7056344
7056740
7056858
7056993
7057338
7057561
7057751
7057803
7057926
7058006
7058380
7058506
7058922
7059029
7059040
7059844
7060609
7060710
7061186
7061340
7061397
7061534
7062368
7062383
7063044
7063196
7063240
7063558
7063657
7123751
7124432
7124604
7125255
7125362
7125843
7128165
7128724
7129227
7129277
7129499
7130231
7130805
7131043
7131609
7132997
7133877
7134004
7134137
7134764
7135056
7135082
7135421
7135476
7135566
7136206
7206211
7208087
7208464
7208686
7214182
7214817
7216593
7217226
7218569
7220374
7275605
7275932
7276001
7276232
7279006
7279449
7279604
7280225
7280300
7280655
7283363
7283484
7283889
7284808
7287670
7289370
7290187
7290593
7292255
7292282
7292665
7294182
7295512
7298371
7298631
7300901
7307566
7308016
7309406
7310337
7386592
7387755
7389758
7389842
7392451
7394105
7395035
7395470
7396818
7396819
7397482
7398060
7398829
7399318
7400270
7400398
7401057
7401795
7401960
7402527
7402599
7451137
7454692
7454975
7461622
7464284
7464723
7476483
7476644
7479263
7479304
7481533
7483776
7486183
7490160
7490227
7629633
7636325
7636340
7721002
7721059
7721262
7721324
7721649
7721859
7721954
7722341
7722488
7722632
7723112
7723143
7723252
7723326
7724298
7724423
7724513
7724554
7724961
7725069
7725353
7725399
7725464
7725687
7725818
7725827
7726356
7726540
7726839
7726858
7727174
7727231
7727534
7727645
7727868
7728109
7728314
7728363
7728559
7728740
7728743
7729060
7729221
7729261
7729534
7729650
7729820
7729935
7729943
7729999
7730048
7730717
7730767
7731122
7731182
7731193
7731201
7732262
7732271
7732507
7732874
7733356
7733589
7734050
7734219
7735174
7770822
7773906
7775421
7775892
7783904
7784360
7786568
7787539
7788084
7788742
7789092
7817913
7818951
7819944
7819970
7820222
7820292
7820466
7820745
7821746
7821770
7822057
7822298
7822414
7822548
7822589
7822789
7823252
7823777
7824278
7824349
7824468
7824664
7824843
7825145
7825227
7825326
7825397
7825406
7825991
7826373
7826882
7826995
7827061
7827062
7827110
7827144
7827792
7827997
7828203
7828219
7828467
7828689
7829262
7829514
7830013
7830346
7830354
7831445
7832138
7832364
7832386
7832894
7833677
7833827
7833830
7834684
7835587
7836210
7837384
7838807
7839471
7839910
7840451
7840834
7841036
7841455
7841978
7842803
7843369
7843539
7843707
7843747
7844059
7844067
7844201
7844592
7845418
7845497
7846084
7846968
7848032
7849325
7849639
7879440
7880446
7880633
7880801
7881418
7881824
7881849
7882038
7882894
7883636
7883641
7884142
7884245
7884340
7884570
7884594
7885271
7885569
7885805
7886313
7886524
7887002
7887378
7887873
7888202
7888415
7888437
7888453
7888678
7888852
7890464
7890736
7903077
7903466
7904726
7905479
7905518
7905779
7906016
7906328
7906791
7907242
7907495
7907648
7907737
7907922
7908274
7908451
7908493
7908718
7908780
7909203
7909642
7909881
7910023
7910028
7910388
7910914
7911067
7911419
7911670
7912299
7912317
7912381
7912878
7912988
7913050
7913287
7913394
7913416
7913424
7913446
7913620
7913915
7914439
7914486
7914847
7914860
7915032
7915183
7915508
7916055
7916144
7916631
7917014
7917088
7917089
7917254
7917289
7917369
7917825
7918148
7918227
7918494
7918830
7918885
7919080
7919574
7919658
7919803
7969378
7970257
7970696
7970922
7971381
7971944
7973356
7973535
7975787
7975855
7976373
7976528
7976804
7976881
7976901
7977188
7977246
7977527
7978438
7979274
7980316
7980909
7981735
7982514
7983117
7983518
7984067
7984375
7984578
7984605
7985190
8066827
8066882
8066914
8067408
8067560
8067659
8067687
8067817
8068469
8068847
8069296
8069658
8069835
8070242
8070329
8070440
8070947
8071804
8071862
8072378
8072470
8072516
8073148
8073206
8073722
8073838
8073920
8074124
8074281
8074283
8074424
8074758
8074927
8075167
8075984
8076019
8076188
8076240
8076607
8078494
8078525
8079188
8079722
8098020
8141260
8141772
8142579
8142625
8143302
8143613
8143613
8143633
8144755
8144952
8145660
8146016
8146074
8146267
8146548
8148363
8148408
8148632
8149004
8149386
8149467
8149556
8149738
8149778
8168360
8169599
8170460
8171813
8175313
8179966
8208642
8212919
8212956
8214296
8220792
8221235
8222353
8258044
8259856
8259862
8265844
8319746
8319938
8320198
8320583
8320680
8320788
8320884
8320928
8321143
8321520
8321544
8321702
8322221
8322423
8324432
8324889
8324966
8325120
8325426
8325636
8325731
8325949
8325966
8326725
8327296
8327733
8327824
8328363
8328513
8328516
8328644
8328922
8329004
8329161
8329373
8329392
8329949
8330412
8330752
8330760
8330969
8331362
8331458
8331931
8332779
8332962
8333109
8333170
8333227
8333543
8333775
8333993
8334178
8334483
8335068
8335362
8335711
8336403
8336507
8336610
8337353
8337951
8338007
8380068
8380177
8380381
8381054
8381424
8381426
8381501
8381995
8382931
8383596
8384439
8384455
8385077
8385196
8385268
8386060
8386200
8386266
8386295
8386323
8386706
8386962
8387552
8387576
8388410
8388645
8389425
8389589
8389715
8389740
8389973
8389996
8390201
8390379
8391037
8391041
8391163
8391214
8391271
8391741
8391753
8391931
8392560
8392619
8392692
8393277
8393494
8393664
8394509
8394746
8394827
8395287
8395376
8395584
8395625
8396198
8396301
8413643
8414108
8415970
8416506
8417368
8417588
8418794
8419317
8419741
8419773
8420901
8422157
8424445
8425435
8425639
8426097
8429072
8459564
8459641
8460287
8460680
8461142
8461239
8461313
8462401
8462911
8463012
8463079
8463092
8463574
8463892
8464428
8464469
8465069
8465375
8465561
8465641
8465969
8466068
8466466
8466712
8467241
8467358
8467761
8467884
8467999
8468213
8468417
8468646
8468782
8468895
8469238
8470026
8470028
8470341
8470482
8470743
8471173
8471320
8472124
8472703
8472731
8472876
8473255
8473415
8473625
8474227
8474375
8474376
8474444
8474667
8474829
8474947
8475303
8475641
8476163
8477260
8477636
8478223
8478557
8479463
8479576
8480146
8480539
8481986
8483210
8483894
8484477
8484516
8485319
8485395
8485896
8557547
8559546
8559765
8561074
8562272
8562585
8563400
8564023
8564266
8564850
8565070
8565540
8566796
8567666
8568554
8568933
8571272
8571782
8574406
8578457
8579043
8682748
8686904
8688573
8702605
8705974
8706180
8707770
8708044
8709263
8709273
8710267
8710602
8710619
8710936
8711706
8712423
8714822
8716759
8719384
8719857
8720270
8823290
8823388
8823789
8824349
8824870
8825236
8825244
8825385
8825514
8825515
8825810
8825866
8827888
8827915
8827984
8828054
8828101
8828693
8828766
8828815
8828980
8829338
8829401
8829461
8829539
8830589
8830664
8830781
8830960
8831054
8831402
8831884
8832047
8832565
8832614
8832843
8833061
8833090
8833117
8833435
8833686
8833863
8834078
8834133
8835019
8835245
8835970
8836066
8836141
8836434
8836767
8836794
8837566
8837829
8838237
8838981
8839201
8839311
8839487
8839512
8839747
8840023
8840034
8840278
8840744
8840747
8840977
8843482
8846966
8847280
8847398
8848166
8848841
8849128
8850560
8850989
8851456
8852987
8853378
8854318
8854452
8854725
8854866
8856068
8858454
8858796
8858867
8861569
8862191
8863680
8865298
8865376
8866025
8866061
8866138
8866431
8866475
8866717
8867516
8868126
8868138
8868522
8927024
8927300
8927466
8928152
8928631
8928644
8928688
8929502
8929640
8929729
8929830
8929944
8930062
8930205
8930885
8931042
8931377
8931761
8932138
8932141
8932748
8932763
8932861
8932879
8933092
8933281
8933892
8933943
8934023
8934601
8934673
8934800
8935005
8935264
8935315
8935365
8935811
8935969
8936325
8936553
8936754
8937375
8937715
8938250
8938590
8938628
8939106
8939233
8939984
8940279
8940500
8940552
8940564
8940899
8941801
8941948
8941977
8942002
8972319
8972888
8973802
8974182
8976030
8976746
8977256
8977298
8977493
8979461
8980497
8980867
8981110
8981267
8982338
9002054
9002742
9004742
9004874
9004933
9005324
9005492
9005557
9005829
9005858
9006487
9006652
9006812
9007393
9007562
9008082
9008107
9008399
9010145
9010732
9011228
9011393
9015254
9015324
9015743
9015789
9050467
9050779
9053515
9097003
9097166
9097267
9097369
9097405
9097628
9097814
9097859
9098070
9098189
9098319
9098604
9098664
9098771
9098823
9099080
9099151
9099964
9100258
9100913
9100917
9100934
9101129
9101798
9101837
9102191
9102208
9103052
9103350
9103409
9103478
9103633
9103803
9103809
9103846
9104112
9104380
9104510
9105000
9105393
9105616
9105765
9106337
9106471
9106520
9106946
9106971
9107173
9108234
9108406
9108767
9108951
9109144
9109237
9109317
9109712
9109885
9110096
9110155
9110240
9110271
9110583
9110876
9111124
9111358
9111458
9112317
9112662
9112925
9113026
9113036
9113207
9113300
9113467
9113494
9113987
9114015
9114031
9114170
9114196
9114236
9114443
9114857
9114920
9114982
9115536
9116131
9116600
9117292
9117423
9118936
9120045
9120138
9120421
9123583
9124454
9125351
9125650
9126095
9127546
9128015
9128102
9158331
9161160
9162798
9165249
9165881
9165938
9167461
9169029
9169937
9176747
9182871
9183250
9183707
9183985
9186771
9187007
9188292
9188457
9188883
9190299
9190747
9194173
9194484
9216724
9224583
9262291
9262567
9262923
9263672
9265154
9265962
9266587
9267766
9267833
9268089
9268108
9268736
9269182
9271412
9271604
9271763
9272030
9273072
9273135
9273766
9274136
9275049
9275200
9275837
9276818
9277278
9277552
9277898
9278702
9279213
9279291
9279357
9293158
9293245
9293555
9293839
9294125
9294527
9294873
9295407
9295479
9296351
9297119
9297392
9297397
9297426
9297488
9298320
9298433
9298561
9298818
9298950
9299514
9299577
9299699
9299884
9300964
9301089
9301292
9301888
9302193
9302279
9302294
9302667
9302783
9303091
9303250
9303301
9303334
9303784
9304293
9304832
9305097
9305174
9305445
9305871
9305976
9306151
9306736
9307107
9307247
9307930
9308276
9308510
9308735
9309177
9309242
9309472
9309509
9309982
9310275
9310463
9310796
9325258
9327517
9327688
9328235
9328858
9329427
9329897
9329997
9331427
9331580
9331857
9332031
9333833
9334792
9335859
9436382
9437654
9439157
9470122
9470511
9470845
9471314
9472502
9472572
9473416
9474718
9474894
9474947
9475376
9475487
9475652
9476237
9476327
9476350
9476466
9477111
9477251
9477365
9478293
9478653
9480043
9501239
9501773
9552190
9558158
9558816
9559784
9560863
9561411
9681545
9681901
9682619
9682745
9682796
9683207
9683609
9684102
9684153
9685927
9686587
9687046
9689390
9690481
9691734
9705329
9705499
9705538
9706317
9706525
9706712
9706920
9706932
9706990
9707373
9707577
9707592
9707805
9708173
9708319
9708456
9708625
9708759
9709278
9709612
9710087
9710302
9710612
9710620
9710636
9710641
9710663
9710995
9711008
9711093
9711274
9711323
9711775
9712051
9712548
9712639
9712643
9712858
9713153
9714922
9714971
9715589
9715837
9716330
9716707
9758011
9759267
9760626
9762054
9766176
9767670
9767878
9768213
9769540
9771005
9772011
9775385
9775511
9775708
9777506
9778168
9778768
9778918
9841644
9845980
9849452
9851384
9851572
9851748
9851941
9852025
9852187
9852664
9852917
9853018
9853917
9853953
9854011
9854104
9854310
9854446
9854460
9855046
9855114
9855435
9855761
9855850
9856489
9856978
9857679
9857939
9858079
9858720
9858770
9859063
9859585
9860406
9860625
9860683
9860952
9861151
9861331
9861564
9861701
9861761
9862072
9926336
9929269
9929941
9932272
9933354
9935291
9937589
9937709
9941397
9941739
9941935
9942287
9942569
9942923
9943715
9944541
9945489
9946196
9946267
9947092
9947558
9949658
9950224
9950353
9950756
9951053
9952090
9952121
9952919
9953239
9953603
9953807
9954068
9954240
9954291
9954338
9954346
9954786
9955479
9955719
9955892
9955912
9956163
9956239
9956392
9956848
9957005
9957011
9957181
9958581
9958607
9958809
9958938
9959092
9959148
9959672
9960109
9960186
9960458
9960590
9960876
9960897
9961032
9961646
9961655
9961750
9961894
9962556
9962686
9963696
9964356
9964443
9964498
9964767
9964992
9966111
9966681
9967247
9967268
9967351
9967576
9967583
9967690
9967707
9967772
9967914
9968333
9968548
9969085
9969258
9969908
9969929
9970057
9970297
9970581
9970602
9970715
9971100
9971504
10093225
10093409
10093631
10093766
10094178
10094318
10094382
10094733
10094779
10095096
10095525
10095702
10095921
10096033
10096209
10096983
10097320
10097702
10098864
10098915
10099179
10100111
10100112
10100439
10100716
10100882
10101185
10101303
10102414
10103081
10103208
10103236
10103736
10104240
10105047
10105099
10154330
10171528
10207532
10208124
10208193
10208210
10208349
10208440
10208461
10208548
10208622
10208771
10209368
10209486
10210123
10210232
10210273
10210722
10210815
10210834
10210990
10211773
10211819
10211878
10212603
10212869
10213205
10213460
10213547
10214592
10214621
10214860
10215013
10215211
10215430
10215529
10215914
10216017
10216652
10216778
10216864
10217017
10217187
10217282
10217408
10217438
10217825
10218021
10218437
10218473
10218889
10219268
10219557
10219822
10219852
10219920
10220384
10220608
10220745
10220872
10220971
10221085
10221147
10221809
10221903
10222109
10222112
10223025
10223120
10223128
10223192
10223302
10223484
10223535
10223775
10223827
10223850
10224000
10224037
10224404
10224541
10224661
10224861
10449096
10449807
10453236
10453990
10455779
10515027
10517082
10519267
10519970
10520837
10522566
10522642
10524230
10524369
10528667
10530108
10530799
10531571
10533036
10533060
10533769
10533879
10534324
10535566
10535881
10536515
10537253
10537340
10537583
10539158
10539285
10540230
10540241
10540423
10540550
10540839
10540981
10541869
10542114
10542190
10542799
10542850
10543031
10543409
10544755
10544957
10545198
10545407
10545666
10546321
10546573
10546586
10547206
10547762
10548000
10548461
10549077
10549112
10549160
10549188
10549753
10550047
10550181
10550404
10550471
10550587
10551358
10552217
10552916
10553131
10554572
10555262
10555914
10556006
10556366
10557449
10557463
10557622
10558140
10558760
10558812
10559137
10559258
10559387
10559681
10559750
10560573
10560702
10560954
10561724
10562086
10562138
10562391
10562555
10615188
10619285
10621597
10621784
10622137
10622310
10622939
10623440
10623463
10623513
10623802
10623940
10624142
10624178
10624243
10624632
10624906
10625247
10625427
10625641
10625744
10625767
10627012
10627377
10628395
10629041
10629688
10629853
10629874
10630221
10630366
10630398
10630456
10630693
10630992
10631562
10631716
10631902
10634315
10698658
10698762
10701476
10703036
10704197
10723896
10723932
10723995
10724430
10726334
10726805
10726808
10727676
10728331
10728374
10728876
10729149
10730756
10730766
10731223
10731366
10731766
10731819
10733249
10735105
10735933
10736611
10754619
10754721
10754819
10755165
10755450
10755753
10755927
10756801
10756861
10756894
10757114
10757272
10757290
10757329
10758488
10758712
10758799
10759233
10759358
10759487
10760023
10760356
10760474
10760518
10761152
10761290
10761539
10761727
10761799
10761930
10762041
10762115
10762186
10762194
10762847
10762942
10763194
10763240
10763675
10765654
10766091
10766299
10766795
10767403
10767450
10767518
10768715
10769598
10769735
10769749
10769900
10769949
10769996
10770052
10770130
10771545
10772087
10772163
10772179
10773082
10773163
10773409
10773579
10773674
10773897
10774080
10775054
10775513
10775515
10775527
10775726
10775969
10776256
10776757
10776823
10776856
10776898
10777011
10777214
10777367
10777372
10777410
10778063
10778531
10778981
10779013
10779415
10779837
10780140
10780311
10780634
10781183
10781455
10781656
10782362
10783121
10783158
10783498
10783925
10784238
10784419
10784661
10784828
10785106
10785575
10785654
10786218
10786429
10786599
10786954
10787294
10787854
10788024
10788382
10788646
10788882
10789035
10789256
10789418
10789517
10837650
10837664
10837898
10840505
10841669
10841697
10841752
10841797
10841808
10841875
10843036
10843091
10843263
10843615
10843718
10843737
10843897
10845451
10845663
10845831
10845893
10846329
10846361
10846523
10846687
10847089
10847113
10847267
10847594
10847683
10847699
10848072
10848135
10848246
10848793
10849883
10849920
10850248
10850479
10850648
10850768
10861705
10886194
10886354
10886453
10886548
10886897
10887047
10887407
10887611
10887700
10887949
10888295
10888862
10889254
10890415
10890651
10890905
10891279
10892001
10892259
10892461
10892475
10892932
10893196
10893248
10893586
10893802
10894153
10894258
10894850
10894946
10894980
10895210
10895317
10895882
10896046
10896440
10896861
10896897
10897603
10897827
10897991
10898218
10898235
10898474
10898762
10898952
10898967
10899205
10899341
10899528
10899551
10899879
10900234
10900261
10900462
10900870
10901009
10901810
10902196
10902618
10902774
10902815
10902933
10903040
10938767
10939252
10939929
10941198
10943988
10945476
10946102
10947848
10950065
10950651
10952674
11020051
11021847
11022057
11041647
11041869
11043054
11043890
11043971
11044475
11044552
11044667
11044695
11044936
11045075
11045112
11045165
11045212
11045515
11045739
11045972
11046337
11046713
11046874
11047322
11047527
11047905
11048368
11048632
11048777
11048950
11049190
11049395
11049471
11049592
11049826
11049911
11050101
11050171
11050660
11050820
11051114
11051373
11051537
11051598
11052015
11109277
11161558
11163101
11164011
11164020
11164168
11164210
11164663
11165062
11165261
11165330
11165957
11166982
11166989
11168362
11169020
11173014
11174349
11175098
11175673
11176802
11177764
11184374
11232104
11232165
11232781
11232798
11233089
11233276
11233546
11234072
11234080
11235411
11235430
11235885
11235891
11236044
11236203
11236925
11237210
11237601
11237772
11238045
11238059
11238876
11238909
11239087
11239091
11239092
11240146
11241172
11241445
11242467
11242726
11243519
11245063
11245139
11245929
11246024
11246089
11246541
11246747
11247300
11247335
11247336
11247712
11247721
11247737
11247864
11247882
11356083
11356605
11356679
11356908
11356948
11358066
11358747
11359018
11360461
11361144
11361256
11361598
11361636
11361702
11361732
11362297
11362476
11362560
11362895
11363169
11363220
11363252
11363281
11363578
11363754
11364133
11364334
11364713
11364875
11364990
11365165
11366032
11366233
11366286
11367057
11367656
11367935
11368886
11369153
11369409
11369908
11370183
11370212
11370483
11370673
11371185
11371631
11371958
11372022
11372170
11372360
11372501
11428137
11428225
11428997
11429195
11430818
11430975
11431450
11432026
11432138
11432169
11432853
11433196
11434821
11435388
11436797
11438626
11440011
11440114
11441914
11442190
11445361
11446354
11447193
11448479
11448505
11448828
11450355
11450735
11450804
11451118
11451726
11451805
11452037
11453132
11453812
11454106
11525581
11527476
11530770
11530967
11531195
11532603
11533553
11533686
11533950
11534264
11534564
11534976
11535200
11535444
11535710
11535946
11535980
11536244
11536459
11536818
11537029
11537785
11538208
11538316
11538782
11538832
11539838
11539933
11539937
11540114
11540218
11540295
11540357
11540429
11541472
11541732
11542221
11542340
11542637
11542898
11543715
11543990
11544030
11560687
11560733
11560939
11561745
11561991
11562108
11563341
11563521
11564132
11564548
11564818
11565924
11565996
11566439
11566455
11566488
11567094
11567634
11567890
11568289
11568611
11569025
11569176
11570116
11570329
11570692
11570901
11571811
11572176
11573736
11574250
11574258
11574761
11574932
11574965
11575492
11575762
11576443
11576463
11577306
11588639
11588721
11588760
11589183
11589189
11589450
11589458
11590499
11590546
11590560
11590882
11590894
11591079
11591564
11591807
11591839
11591881
11592494
11592523
11592625
11592723
11592960
11593038
11593184
11593775
11593875
11594032
11594045
11594134
11594525
11594757
11595655
11595782
11596454
11596724
11597082
11597133
11597394
11597818
11612960
11612965
11613081
11613502
11614321
11614569
11615003
11615114
11615179
11615298
11615950
11616047
11616319
11616378
11616404
11616412
11616596
11616747
11616822
11617455
11617464
11617562
11617840
11618079
11618088
11618101
11618340
11619033
11619137
11619391
11621113
11621168
11621338
11621397
11622062
11622407
11622509
11622527
11622632
11623005
11623082
11623208
11623343
11623410
11624198
11624218
11624328
11624368
11624557
11624599
11624786
11625232
11625364
11625489
11625726
11626034
11626228
11626801
11626902
11626980
11627128
11627541
11627549
11627552
11627817
11627980
11628082
11646319
11647171
11648172
11649935
11650777
11651396
11651965
11652166
11652972
11653783
11654121
11654123
11654439
11655279
11655962
11658375
11658508
11658754
11659210
11724167
11724594
11725757
11726078
11727618
11728803
11729519
11730119
11730567
11730741
11732006
11732105
11733722
11734194
11736791
11736974
11738096
11738254
11738700
11740443
11740907
11759646
11836802
11836899
11837377
11837843
11839015
11839260
11840241
11840368
11840498
11841151
11841304
11844024
11846509
11846810
11847086
11847335
11847371
11847484
11849415
11852317
11852648
11928106
11929321
11929370
11930559
11932354
11932426
11932480
11933261
11933757
11933852
11934117
11935901
11936284
11936697
11936888
11937741
11938657
11939293
11940171
11940232
11940711
11940994
11941077
11941209
11941292
11941356
11941623
11941826
11941958
11942512
11942845
11943505
11943634
11943870
11943908
11944055
11944368
11944607
11944709
11944978
11944998
11945336
11945406
11945434
11945480
11946343
11946383
11946420
11946615
11946784
11947057
11947178
11947184
11947286
11947300
11947304
11947419
11947490
11947532
11947637
11947861
11947978
11948108
11948259
11948430
11948640
11949357
11950544
12102069
12102144
12102471
12102566
12102820
12102857
12102904
12103360
12103927
12104219
12104443
12104460
12104542
12104601
12104833
12104967
12105003
12105264
12105564
12105655
12105860
12106259
12106607
12106908
12107559
12107694
12108061
12108403
12108493
12108543
12108606
12109924
12109979
12110020
12110056
12110063
12110380
12111044
12111085
12111231
12111385
12111506
12111538
12111698
12112932
12112959
12113203
12113751
12114038
12114096
12114284
12114352
12114565
12114689
12114864
12115552
12115779
12116203
12116523
12116754
12117053
12117209
12117238
12117248
12117319
12170747
12172279
12174800
12177049
12180153
12180518
12183403
12187571
12202298
12203415
12233432
12233477
12233537
12233545
12233663
12233732
12233781
12234120
12234467
12234642
12234703
12234714
12234951
12235210
12235463
12235613
12236047
12236081
12236135
12236516
12236564
12236716
12237141
12237407
12237786
12237848
12237946
12238318
12238980
12239119
12239350
12239655
12240435
12240670
12241131
12241820
12241836
12242423
12243181
12243240
12243473
12243821
12243860
12243864
12243912
12244568
12244893
12245536
12245794
12310650
12322338
12322351
12322743
12322921
12323084
12323436
12323872
12323987
12324081
12324215
12324852
12325229
12325356
12325753
12326096
12327666
12327821
12328227
12328399
12328546
12328730
12329119
12329247
12329364
12329842
12329854
12329994
12330526
12330690
12330694
12330760
12330897
12330915
12330916
12332331
12332412
12332715
12332746
12333160
12333172
12333348
12333739
12334154
12334197
12334628
12335195
12335478
12335928
12336608
12336988
12337107
12337151
12337410
12337442
12337674
12337730
12339324
12339669
12369076
12387279
12387350
12387457
12387532
12387623
12388089
12388287
12388653
12388829
12388948
12390058
12390535
12390847
12391078
12391268
12391706
12391888
12391943
12392405
12392728
12393078
12393307
12393436
12393967
12394063
12394081
12394506
12394648
12395396
12395543
12395553
12395657
12395895
12396730
12396837
12396887
12396959
12397017
12410700
12411008
12411094
12411459
12411902
12412729
12413198
12413629
12413664
12414068
12414092
12414115
12414224
12414379
12414685
12415303
12415347
12415641
12415730
12415961
12416134
12416245
12416278
12416800
12417099
12417211
12417459
12417749
12418356
12418901
12419152
12419690
12420313
12420323
12420512
12420598
12420840
12421448
12421985
12423004
12423097
12423770
12424081
12424300
12424904
12425534
12425838
12426687
12426709
12426806
12427292
12428763
12429305
12429412
12429486
12429500
12429569
12429634
12523561
12525140
12541116
12566042
12566218
12566221
12566743
12567003
12567801
12567845
12567963
12568110
12568353
12569201
12569307
12569453
12569841
12570187
12570274
12570687
12570736
12570818
12571811
12572112
12572889
12573090
12573637
12574258
12574971
12575135
12575353
12575364
12575604
12576021
12576033
12576214
12576289
12576315
12576327
12576518
12576823
12577104
12577303
12577369
12577804
12578508
12579080
12579349
12579621
12598986
12599490
12601275
12601296
12601455
12603301
12603350
12603599
12603818
12604614
12605453
12605522
12605691
12605836
12606428
12607151
12608393
12608496
12608673
12609833
12611415
12611664
12611814
12640621
12641111
12641249
12641501
12641534
12641724
12641856
12641857
12642416
12642534
12642645
12642688
12642932
12642961
12643031
12643228
12643229
12643734
12644447
12644712
12645200
12645264
12645325
12645551
12645558
12645592
12645621
12645816
12645847
12646058
12646092
12647280
12647499
12647598
12648132
12648370
12648474
12648497
12648865
12649128
12649202
12649883
12650085
12650267
12650342
12650922
12726848
12727580
12728133
12728552
12728565
12728885
12729653
12731015
12731035
12731523
12731528
12732390
12733912
12734171
12734331
12734713
12734917
12734936
12735218
12735272
12736850
12736965
12737018
12737535
12737547
12737902
12738059
12738082
12738847
12739045
12739575
12739586
12739827
12740176
12740206
12740277
12740712
12740910
12740968
12741362
12742195
12742451
12766290
12769019
12771130
12771212
12771444
12773151
12773527
12773559
12776603
12777273
12778736
12780108
12780223
12783755
12784023
12785189
12785237
12786458
12786479
12787067
12787750
12787878
12788505
12789406
12789417
12789475
12790098
12790120
12790607
12790705
12791217
12792108
12792640
12793039
12793656
12793822
12794606
12794861
12795356
12796836
12797024
12798160
12798800
12798868
12799545
12799635
12799821
12800134
12800190
12800350
12800544
12800554
12800641
12807171
12823796
12900866
12901311
12901903
12906043
12906505
12906995
12907143
12913125
12960571
12961222
12966105
12971495
12980335
12980526
12983234
12984275
12984344
12987606
12988530
12990557
12995051
12995533
13105463
13105537
13105582
13105586
13105647
13106070
13106163
13106289
13107123
13107247
13107461
13107480
13107494
13107672
13107842
13107995
13108716
13108761
13108834
13109429
13109475
13109732
13109907
13110077
13110425
13110455
13110690
13110863
13111143
13111749
13111860
13111948
13112029
13112289
13112798
13113410
13113870
13114243
13114251
13114253
13114432
13114818
13115238
13115278
13115536
13116033
13116412
13116526
13116624
13117012
13117606
13117749
13118016
13118052
13118130
13118203
13118306
13118540
13118573
13118885
13119010
13119060
13119161
13119228
13119348
13119425
13120194
13120778
13120958
13121175
13121346
13160734
13180117
13180409
13180747
13181150
13182421
13183289
13184220
13184831
13187384
13188100
13188510
13189012
13189921
13190693
13190965
13192317
13199707
13206845
13206925
13207089
13207293
13208277
13208651
13209619
13209653
13209921
13210301
13210942
13211278
13211610
13212158
13212297
13212624
13212781
13213165
13213392
13213641
13213937
13214102
13214523
13215139
13216064
13216081
13216246
13216305
13216320
13216829
13218309
13218416
13218543
13219030
13219517
13219581
13219829
13220158
13220313
13220930
13221028
13273861
13287533
13288196
13334032
13334039
13334685
13335698
13335822
13335921
13335933
13336107
13336674
13336791
13336813
13337087
13337171
13337506
13337526
13338049
13338394
13338792
13338839
13339042
13339596
13340102
13340328
13340557
13340579
13340623
13340756
13341456
13341983
13342195
13342380
13342500
13342545
13342696
13343310
13344321
13344398
13345064
13345484
13345507
13345750
13345892
13345915
13345966
13345984
13346028
13346188
13346433
13346704
13346992
13347118
13347246
13348029
13348032
13351034
13352250
13352333
13352524
13354686
13356267
13357302
13361167
13362135
13362343
13362559
13488017
13489621
13489652
13490350
13490623
13490928
13490941
13491108
13491996
13492008
13492299
13492817
13493040
13493483
13494550
13494591
13496775
13500573
13502935
13504305
13506315
13507605
13508918
13509904
13510715
13510742
13530204
13545078
13546819
13550168
13550811
13550819
13550945
13551311
13553147
13554173
13556110
13556849
13557269
13559669
13647273
13647480
13647484
13647923
13648088
13648351
13648552
13649676
13649869
13651958
13652261
13652885
13653246
13653339
13654026
13654493
13654661
13656896
13657009
13657597
13658178
13660004
13660836
13661532
13662067
13726079
13726668
13728690
13728791
13728926
13728932
13730555
13730889
13731497
13732722
13734411
13734704
13734921
13735565
13735760
13735766
13736847
13737401
13737542
13738043
13738788
13817317
13817386
13818261
13818649
13818701
13818894
13819098
13819132
13819419
13819647
13819854
13820117
13820127
13820286
13820451
13820555
13820740
13820779
13821346
13821595
13821664
13821693
13821698
13821698
13821808
13821862
13822320
13822468
13822581
13822635
13822726
13822996
13825757
13825809
13825826
13826076
13826217
13826305
13826749
13827191
13827250
13827328
13827622
13828034
13828333
13828541
13829288
13829327
13829758
13829869
13831752
13831867
13832230
13832533
13833308
13833519
13833548
13833614
13835972
13837000
13837179
13838037
13838804
13839271
13839700
13840675
13841401
13841728
13842046
13842702
13845167
13875245
13875899
13876612
13876839
13877385
13878658
13878772
13882504
13882736
13882993
13883451
13885208
13885416
13905140
13906008
13906358
13907577
13909126
13909332
13910911
13912051
13912691
13913434
13915960
13916650
13917018
13917614
13918063
13918315
13918628
13918732
13919734
13920108
13920358
13920570
13920655
13920670
13921170
13921305
13921346
13921400
13921499
13921756
13921882
13921901
13921980
13922028
13922054
13922230
13923083
13923106
13923137
13923221
13923269
13923300
13923744
13923877
13924390
13924757
13925507
13925920
13926247
13926291
13926478
13926905
13927118
13927571
13927876
13928014
13928173
13928898
13929460
13929925
13930253
13931029
13931229
13931485
13931555
13932344
13932510
13932600
13933055
13933305
13933326
13933763
13933840
13934055
13934292
13934515
13934980
13935192
13935823
13935922
13936069
13936149
13936290
13936349
13936772
13937066
13937320
13937777
13937811
13938205
13938312
13938940
13938993
13939058
13939419
13939425
13939536
13939905
13940481
13940947
13941853
13942157
13942727
13943677
13943841
13944026
13944056
13944695
14012338
14013227
14015626
14016780
14017386
14020246
14020370
14020437
14021677
14021828
14101135
14101940
14101957
14102362
14102850
14103173
14103647
14103790
14104277
14104518
14104971
14105024
14105332
14105629
14105751
14105822
14106419
14106595
14106810
14106949
14107008
14107111
14107398
14107812
14107815
14107829
14107886
14108280
14108695
14108713
14108902
14108975
14110033
14110123
14110798
14110849
14111122
14111507
14111612
14111692
14112079
14112095
14112781
14113137
14113196
14113656
14113984
14114251
14114567
14114644
14114701
14115093
14115475
14115680
14115958
14116350
14116506
14116565
14116795
14116805
14116822
14117824
14136630
14139821
14140164
14142749
14142994
14143412
14143705
14144694
14146104
14147007
14149491
14150250
14150284
14150745
14153830
14155638
14155649
14157126
14157161
14157315
14157906
14158131
14158556
14158599
14158624
14158911
14159267
14159518
14159567
14159620
14159622
14159662
14159869
14160696
14161291
14161314
14161453
14161829
14161839
14161844
14162953
14163210
14163216
14163372
14164271
14164477
14164502
14164861
14164905
14165264
14165583
14166253
14166265
14166293
14166326
14166334
14166519
14166675
14166771
14167234
14167240
14167673
14167920
14168459
14168807
14168981
14169152
14169269
14169285
14169438
14169799
14170643
14170679
14171341
14171514
14171533
14171697
14171821
14172522
14172576
14172736
14172756
14172758
14235874
14236881
14237719
14237887
14237966
14238053
14238074
14238692
14238830
14239176
14240733
14240866
14241074
14241325
14241371
14241707
14241821
14242031
14242188
14242643
14243557
14243791
14244180
14244632
14245154
14245460
14245657
14245986
14246369
14247410
14248029
14248395
14248958
14248994
14250408
14250430
14250956
14251245
14251388
14251391
14251492
14251567
14251652
14252591
14253137
14253164
14253736
14254065
14254192
14254476
14254479
14254624
14255096
14256464
14256671
14257260
14257345
14257808
14257942
14258990
14259089
14259688
14262841
14265644
14266189
14270832
14307416
14308402
14308846
14309103
14309540
14310088
14310520
14310550
14310590
14311170
14313297
14313893
14315308
14316110
14316326
14318465
14318605
14319834
14320409
14320920
14321892
14322113
14322180
14323843
14323870
14325575
14327910
14328030
14328104
14330919
14331035
14332949
14334106
14334937
14337068
14338426
14341853
14343503
14379309
14405824
14405935
14409407
14409567
14409624
14410223
14413634
14414121
14415036
14415948
14416962
14417133
14417299
14417351
14417758
14417854
14418231
14418767
14418815
14418990
14419972
14420108
14420299
14420631
14420891
14421090
14421508
14422166
14422499
14422775
14423187
14424220
14424250
14425937
14425996
14426114
14426281
14426644
14426729
14426840
14427406
14427660
14427763
14427792
14427795
14427930
14428223
14428483
14428548
14428716
14428746
14429154
14430100
14430551
14430636
14430765
14430864
14431023
14431173
14431187
14445854
14446344
14446605
14446952
14447089
14447858
14448879
14449350
14449369
14449797
14449944
14449991
14449994
14450071
14450438
14450755
14450773
14452116
14452755
14452799
14453112
14453125
14453311
14453483
14453565
14453975
14454100
14454289
14454470
14454470
14454835
14454841
14455254
14455292
14455388
14455796
14456161
14456334
14456805
14457099
14457567
14457957
14459152
14459589
14460094
14460273
14460579
14460933
14461844
14462029
14462133
14462333
14462465
14462750
14463209
14464256
14464314
14464656
14464945
14465035
14465133
14482658
14483189
14484041
14484220
14484935
14485971
14487130
14488061
14490810
14491377
14495766
14501385
14503266
14503516
14504290
14506727
14552949
14557192
14571709
14572291
14572445
14572458
14572490
14572545
14572597
14572724
14573039
14573621
14573621
14573827
14575146
14575420
14575565
14575720
14575932
14576019
14576695
14577711
14577911
14578064
14578621
14578937
14579144
14579923
14579988
14580225
14580503
14580537
14580556
14580972
14580975
14581253
14582574
14582867
14583195
14583558
14584656
14584775
14585226
14585858
14585861
14586028
14586063
14586208
14621609
14635424
14650858
14650949
14651070
14651328
14651509
14651641
14651790
14651828
14652076
14652120
14652231
14652436
14652635
14652719
14653331
14653700
14654399
14654734
14655010
14655110
14655194
14655700
14655982
14656407
14656559
14656622
14657478
14657499
14657576
14657663
14657796
14657876
14658020
14658057
14658421
14658872
14659710
14660126
14660244
14660262
14660520
14660803
14661286
14661700
14661924
14662027
14662273
14662526
14662669
14662943
14663189
14683716
14684901
14685004
14692338
14697234
14697428
14699714
14700360
14705027
14705319
14707915
14708270
14710030
14711266
14711695
14711808
14713751
14713813
14714099
14714928
14714937
14714939
14715331
14715488
14715551
14715561
14716002
14716393
14716885
14732517
14732518
14732570
14733176
14733648
14734043
14734777
14735337
14736146
14736271
14736709
14736854
14737209
14737880
14737901
14738519
14738752
14738923
14739284
14739680
14739903
14740833
14740944
14741060
14741184
14741398
14741841
14742215
14742431
14743027
14743099
14743866
14744104
14744927
14745912
14795220
14809436
14848168
14848260
14849397
14849492
14849617
14850300
14850604
14850758
14851399
14852973
14853392
14855437
14855588
14855927
14856183
14856342
14856408
14856486
14856814
14857423
14859115
14859184
14859452
14859455
14859590
14859727
14859747
14859792
14860107
14860755
14860773
14861909
14862037
14862168
14862336
14908945
14909125
14910863
14910868
14912382
14912421
14916093
14918108
14919099
14919524
14920091
14925706
14926396
14928708
14931087
14935395
14970273
14971812
15056234
15057332
15057933
15058320
15058468
15060660
15061685
15062294
15063358
15063547
15063815
15064755
15066216
15066353
15067434
15067855
15068045
15068050
15088092
15088542
15088560
15088821
15089275
15089417
15089427
15089505
15089651
15089712
15089940
15089987
15090069
15090183
15090227
15091247
15091333
15091419
15091481
15091607
15091758
15091846
15091874
15092091
15092982
15093370
15094003
15094071
15094576
15094629
15094655
15094818
15095107
15096008
15096173
15096434
15096687
15096867
15096882
15097130
15097152
15097732
15097940
15098477
15098479
15098610
15098636
15098677
15098734
15099278
15099383
15099599
15100100
15100207
15101123
15101128
15101566
15101930
15102879
15102991
15103269
15103437
15103747
15104160
15104682
15104823
15105027
15105141
15154135
15154940
15158638
15158639
15160316
15165673
15166081
15167479
15167676
15168107
15168396
15168613
15168952
15169104
15169404
15169469
15169584
15169807
15170000
15170120
15170148
15170185
15170562
15170723
15170797
15170842
15171224
15171350
15171589
15171790
15171871
15171926
15172236
15172301
15172305
15172414
15172462
15172490
15173259
15174300
15174429
15174435
15174820
15175028
15175127
15175613
15175738
15175777
15175952
15176027
15176202
15176444
15177187
15177222
15177544
15177546
15177558
15177580
15177789
15178064
15178117
15179783
15180336
15180405
15180683
15181066
15181663
15182214
15182445
15182527
15182554
15182916
15183116
15183117
15201469
15258725
15263494
15266536
15266660
15267169
15270881
15287840
15288215
15289573
15289814
15290777
15291891
15294745
15294861
15298545
15299574
15364524
15373755
15381566
15383683
15387401
15389277
15393292
15396609
15398690
15399344
15421650
15422036
15422070
15422428
15423858
15424368
15424459
15424571
15424862
15425068
15425263
15425775
15426285
15426340
15426903
15427382
15428542
15429116
15429833
15430119
15430988
15431763
15431783
15431785
15431830
15432454
15432500
15432783
15433432
15433603
15434647
15434676
15434926
15436882
15437065
15438645
15440469
15441461
15447623
15449250
15454290
15454407
15454415
15454623
15455113
15455244
15456041
15456205
15456306
15456352
15456364
15456515
15456737
15457048
15457121
15457280
15457597
15457733
15457772
15458212
15458278
15458305
15458355
15458438
15458504
15458516
15458557
15459380
15459401
15459454
15459532
15459582
15459633
15459818
15459922
15459933
15460676
15460700
15461028
15461077
15461778
15462039
15462617
15462886
15463207
15464032
15482419
15594686
15594867
15594921
15594951
15595077
15595177
15595229
15595245
15595672
15596402
15597736
15597780
15597805
15598642
15598680
15598726
15599144
15599873
15599895
15600250
15600772
15600801
15600856
15602387
15602492
15602632
15603010
15603656
15603874
15604189
15604268
15604748
15606984
15607547
15608898
15610257
15612592
15616831
15619994
15620700
15638068
15638249
15638662
15639171
15640127
15640612
15642285
15642352
15647570
15650643
15650760
15651675
15652874
15737971
15738680
15739454
15743196
15761575
15761623
15761759
15761808
15762079
15762650
15763611
15764334
15764439
15764513
15765016
15765426
15765798
15767218
15767315
15768270
15768979
15769005
15769267
15769298
15769326
15769888
15770018
15770353
15770516
15770677
15770948
15771318
15771350
15771523
15771596
15771818
15771987
15773133
15773630
15773768
15773777
15773931
15774058
15774228
15774594
15774769
15774788
15774899
15775077
15775394
15776039
15776318
15776457
15777037
15885543
15887017
15887901
15887942
15888394
15888522
15888644
15888751
15889038
15889521
15889783
15890665
15890741
15891945
15892985
15893586
15894076
15894509
15896617
15896627
15896812
15897258
15897560
15897841
15898396
15898736
15898967
15899521
15900081
15900873
15901377
15902250
15902348
15903038
15903471
15903886
15904310
15904637
15904928
15905156
15905191
15932839
15932968
15933119
15933498
15933683
15934133
15934158
15934245
15934273
15934336
15934372
15934826
15934905
15935138
15935259
15935578
15935647
15935779
15935814
15935834
15936522
15936866
15936901
15937269
15937300
15937908
15938016
15938066
15938538
15938759
15938978
15939162
15939183
15939377
15939485
15940623
15940659
15941302
15941337
15941578
15941586
15942135
15942232
15942311
15942367
15942510
15942538
15942578
15943436
15943564
15943616
15943879
15943987
15943994
15944064
15944172
15944242
15944738
15945101
15956205
15956537
15956846
15956907
15957050
15957669
15957814
15958173
15958561
15958635
15958984
15959013
15959094
15959102
15959929
15960160
15961974
15962350
15962428
15963275
15963375
15963420
15964216
15964670
15964843
15964947
15966116
15966903
15967530
15967813
15967951
16003307
16006412
16007308
16068566
16069503
16072886
16073642
16075735
16076084
16076207
16080435
16082971
16265397
16265567
16266382
16267393
16267725
16267980
16268315
16268741
16268765
16268857
16268973
16269104
16269365
16269703
16269961
16270521
16270675
16271149
16271472
16271870
16272529
16272759
16272871
16273067
16273993
16274135
16274311
16274495
16274690
16425580
16427468
16428325
16428566
16430353
16430866
16431103
16431326
16433535
16434073
16434266
16434562
16437451
16437536
16437842
16437925
16439153
16439246
16439384
16439859
16466990
16467343
16467507
16467790
16468126
16468385
16469165
16469930
16470363
16470416
16470567
16470738
16471729
16471834
16471926
16471974
16472056
16472104
16472568
16473000
16473280
16473628
16473971
16474095
16474293
16474452
16474735
16474807
16475133
16475167
16475510
16475569
16475754
16475831
16476636
16476962
16477899
16478010
16478014
16479296
16480040
16480051
16480688
16480881
16481483
16481521
16482037
16482993
16483025
16483045
16483085
16483340
16483384
16483587
16483680
16483956
16484193
16484232
16484448
16484474
16485360
16485420
16486022
16486108
16486164
16486878
16486912
16487721
16487959
16488404
16488495
16490923
16490983
16491030
16491631
16491644
16491938
16492361
16492411
16492719
16493097
16493924
16494895
16495022
16495068
16495411
16495738
16495860
16496212
16496331
16496913
16497014
16497219
16497762
16499129
16499264
16531040
16531217
16531799
16531818
16532195
16532732
16532831
16534246
16534434
16535422
16536196
16536325
16536626
16536749
16536837
16537294
16537719
16537721
16538910
16540343
16540497
16540642
16542153
16543017
16543077
16543498
16543566
16576956
16586982
16590473
16613296
16613339
16613511
16613697
16614422
16614544
16616207
16617043
16619061
16619199
16620048
16620667
16621528
16621840
16621846
16622636
16622775
16622879
16622922
16622994
16623300
16623319
16623723
16624277
16624652
16624787
16625229
16625522
16625696
16626851
16627265
16629178
16630330
16630452
16630475
16630987
16631007
16631174
16631370
16632238
16714781
16902226
16903849
16916080
16921914
16926578
16927132
16927294
16927549
16928072
16928279
16929439
16930353
16930604
16932495
16934052
16973063
16973475
16975551
16975989
16977891
16999817
16999865
17000122
17000511
17001060
17001410
17001494
17001601
17001765
17002028
17002641
17002882
17003383
17003567
17003828
17004144
17004166
17004291
17004352
17005093
17005338
17005535
17005597
17005716
17005792
17005902
17006070
17006208
17006266
17006438
17006544
17006624
17006718
17006929
17007042
17007277
17007319
17007459
17007880
17008397
17008958
17008979
17009972
17010082
17010263
17010695
17010728
17011565
17011816
17012393
17012876
17013488
17013531
17013999
17014221
17014260
17014390
17014787
17014885
17180108
17182394
17183979
17184298
17187936
17188920
17191696
17266994
17267363
17267806
17268532
17268614
17269262
17269573
17269646
17270576
17271018
17271758
17271821
17272413
17272422
17273088
17273745
17274491
17275198
17275914
17276951
17277223
17277263
17278005
17278753
17278792
17278807
17280093
17280995
17281108
17282536
17283366
17333392
17333523
17333782
17334521
17335290
17338166
17338399
17338953
17338997
17339618
17339787
17339813
17340012
17342576
17343188
17343244
17343896
17344126
17344149
17344947
17345539
17346398
17379899
17380519
17381357
17382882
17383948
17385632
17387465
17392485
17393637
17393637
17396306
17396696
17436177
17436741
17441156
17441222
17441497
17443127
17448754
17449468
17467945
17469700
17473596
17501133
17501212
17501738
17501792
17501848
17501915
17502636
17502685
17502819
17503046
17503222
17503275
17503365
17503893
17504158
17504243
17504421
17504430
17504857
17505478
17505647
17505882
17505965
17505993
17506267
17506283
17506481
17506596
17507490
17507699
17508030
17508648
17508829
17509025
17509060
17509308
17509499
17509516
17509607
17509613
17509767
17509787
17509867
17510114
17510188
17510889
17510989
17511381
17511617
17511631
17511681
17512050
17512749
17512830
17512856
17513061
17513140
17513227
17513408
17513484
17513498
17539748
17586224
17587207
17590316
17598303
17598575
17599449
17600682
17601230
17601464
17601737
17602293
17602580
17602888
17602987
17603002
17603132
17603433
17603549
17603830
17603866
17604022
17605136
17605178
17605318
17605809
17606713
17607044
17607372
17607742
17608072
17608084
17608105
17608167
17608267
17608462
17608518
17609021
17609502
17609653
17609733
17609821
17610744
17611876
17612927
17613029
17613376
17613707
17613779
17613875
17613917
17614003
17614297
17614661
17614837
17615465
17615986
17616021
17616072
17616493
17616562
17616900
17616943
17617761
17618283
17618313
17619657
17620232
17620280
17621348
17622115
17622126
17622148
17622283
17622941
17623246
17623304
17624326
17625027
17625462
17625638
17626040
17626516
17627342
17627941
17628408
17628533
17628573
17628730
17628946
17628991
17629219
17629482
17629500
17629628
17629687
17629739
17630494
17630852
17631120
17631542
17632665
17632684
17633206
17633746
17633946
17634384
17634822
17635419
17636418
17636438
17636661
17636789
17636855
17636890
17637072
17637216
17637238
17637293
17637414
17637635
17638066
17638070
17638100
17638242
17638295
17639245
17639463
17639621
17639760
17639811
17661032
17661145
17661226
17662307
17663558
17664298
17664603
17665264
17666235
17666339
17666424
17666589
17666693
17667222
17667982
17668090
17668591
17668762
17668883
17668895
17669710
17669816
17669884
17682788
17683173
17688907
17689722
17690558
17690979
17691082
17692909
17693094
17693117
17693826
17694584
17696002
17696461
17696502
17699621
17700115
17701253
17701968
17703388
17791071
17791198
17791351
17791883
17791903
17792721
17793278
17793724
17793987
17794328
17795078
17795096
17795212
17795679
17798235
17798298
17798317
17799098
17799622
17799811
17801499
17801615
17801881
17802174
17802981
17803254
17803368
17804676
17805516
17826055
17826358
17827492
17827759
17828630
17829425
17829480
17829606
17829754
17831775
17834852
17834935
17835229
17835749
17837681
17837799
17839296
17839567
17839620
17840188
17840496
17841490
17868829
17868903
17869008
17871414
17871548
17871595
17871606
17872287
17873640
17873656
17873710
17874129
17874602
17875188
17875800
17875817
17876226
17876772
17876858
17877604
17877614
17877657
17877839
17877939
17878080
17878208
17878627
17879020
17879145
17879194
17892710
17893040
17893201
17893246
17893652
17894386
17894508
17894524
17895177
17895211
17896656
17896662
17897287
17897294
17897716
17898427
17898576
17898916
17899102
17899192
17899361
17899551
17899577
17899952
17900498
17901320
17901546
17901593
17901791
17901996
17902286
17902571
17903250
17903464
17904056
17904939
17905122
17905492
17905502
17905611
17905985
17906453
17906790
17906979
17907045
17907338
17907667
17908176
17909321
17909448
17909485
17909530
17909695
17910096
17910236
17910913
17910994
17911289
17912959
17913173
17915618
17915660
17916839
17917384
17917440
17918663
17922174
17942637
17942804
17943042
17944353
17944397
17944761
17945063
17946804
17948476
17949918
17949966
17950336
17950844
17952176
17952999
17953068
17954145
17954627
18001266
18002594
18003377
18003496
18003830
18006976
18007148
18010004
18010545
18011064
18012500
18013288
18015934
18016540
18037600
18044083
18044214
18044297
18044805
18044853
18046095
18046129
18046192
18046412
18046855
18047440
18047530
18047533
18047566
18047600
18048260
18049376
18049775
18050289
18050688
18050943
18052051
18052197
18052399
18052575
18053012
18053077
18053847
18273030
18274527
18275866
18276403
18277361
18279371
18281286
18284256
18353937
18354873
18358740
18358945
18359709
18359949
18360201
18361436
18361493
18362159
18364007
18364437
18364460
18364496
18364739
18364844
18365258
18365549
18365668
18365783
18366411
18367065
18367145
18367263
18367325
18367467
18367581
18367803
18368063
18368370
18368481
18369399
18369428
18369803
18369884
18369954
18370095
18370120
18370625
18370715
18371140
18371259
18371743
18372383
18372385
18372904
18373098
18373137
18373466
18373658
18373699
18373858
18374125
18374796
18375530
18375709
18376005
18376089
18376189
18376346
18377181
18377414
18378318
18378365
18378488
18379121
18379152
18379273
18379497
18379826
18380580
18383644
18385741
18385794
18397152
18397798
18398375
18399016
18399448
18399454
18401696
18402040
18402758
18403093
18403451
18403629
18404631
18404991
18405312
18405383
18405469
18405803
18405968
18407421
18407498
18408454
18408952
18409145
18409558
18409901
18410053
18410158
18410199
18410513
18455144
18456907
18457730
18459136
18461066
18461527
18469649
18472547
18474696
18475999
18478456
18479182
18480183
18480315
18480475
18480910
18481176
18481478
18481561
18482642
18482984
18483267
18483294
18488632
18488848
18490838
18490901
18491241
