9
137
206
269
274
389
434
532
734
766
783
808
834
838
997
1005
1402
1431
1590
1593
1604
1618
1708
1735
1791
1967
1983
2057
2195
2375
2544
2631
2693
2759
2860
2893
2926
3114
3136
3233
3366
3454
3465
3578
3762
3967
4049
4203
4218
4386
4416
4541
4612
4945
4986
5010
5028
5092
5169
5193
5194
5274
5326
5409
5432
5521
5605
5705
5969
5971
6023
6052
6084
6137
6161
6221
6234
6285
6426
6438
6455
6558
6713
6750
6819
6847
6859
6919
6926
6973
6984
7010
7098
7150
7200
7238
7244
7255
7594
7607
7642
7646
7825
7861
8024
8185
8291
8307
8315
8325
8404
8474
8526
8547
8667
8687
8735
8769
8859
8875
8940
8985
9029
9099
9213
9229
9255
9263
9301
9385
9531
9660
9747
9764
9820
9826
9886
9887
10117
10131
10139
10194
10217
10348
10402
10501
10641
11031
11071
11179
11241
11268
11347
11404
11421
11523
11549
11707
11718
11730
11766
11768
11816
11871
11883
11888
11889
12011
12110
12182
12222
12296
12331
12340
12728
12849
12877
12896
12965
13095
13197
13304
13313
13374
13427
13476
13556
13599
13653
13730
14166
14225
14366
14514
14538
14556
14612
14681
14785
14785
14817
14840
14855
14945
15030
15053
15348
15366
15394
15425
15488
15548
15570
15615
15671
15692
15828
15866
16126
16315
16543
16637
16645
16738
16742
16873
16898
16926
16965
17021
17112
