72
98
202
255
308
457
491
500
662
923
931
1059
1130
1167
1230
1551
1606
1654
2043
2234
2344
2362
2471
2491
2718
2817
2861
2943
3086
3255
3371
3739
3822
3901
3995
4070
4365
4392
4469
4495
4557
4764
4807
5056
5203
5398
5645
5853
6210
6320
6510
6545
6580
6614
6620
6778
6818
6931
7125
7438
7473
7554
8322
8414
8540
8856
9034
9688
9817
9935
10045
10163
10461
10831
10835
10878
10984
11177
11566
11726
11727
11811
11829
11863
12077
12405
12468
12597
12694
12786
12828
12845
13017
13134
13137
13297
13331
13364
13548
13602
13657
13691
13797
13944
13984
14037
14431
14432
14524
14535
14555
14690
14890
15016
15382
15446
15712
15812
