82
163
253
348
420
534
552
603
940
1256
1452
1511
1582
1633
1659
1695
1735
1736
1812
1937
1947
1999
2003
2091
2231
2438
2456
2548
2563
2566
2656
2697
2711
2801
2812
2841
3065
3099
3101
3190
3191
3194
3225
3381
3544
3659
3667
3677
3679
3719
3761
4043
4143
4156
4156
4233
4240
4255
4262
4266
4300
4308
4321
4425
4438
4471
4544
4552
4557
4627
4655
4659
4837
4910
4924
5135
5175
5223
5233
5567
5627
5725
5729
5850
5914
6041
6064
6086
6094
6311
6440
6542
6838
6904
6942
6955
7098
7145
7189
7197
7356
7568
7853
7922
8013
8101
8175
8181
8187
8271
8271
8366
8378
8400
8507
8590
8591
8688
8829
8845
8884
8887
8901
8906
9133
9149
9429
9475
9513
9593
9660
9735
9802
9835
9874
9908
9932
9940
10025
10123
10127
10193
10470
10496
10532
10641
10649
10666
10957
10982
11006
11059
11335
11383
11422
11468
11500
11547
11592
11697
11968
11985
12126
12137
12158
12187
12217
12248
12255
12368
12388
12398
12542
12591
12824
12873
12932
12983
13001
13195
13230
13243
13311
13435
13773
13874
13893
13964
14016
14059
14220
14329
14420
14429
14482
14500
14524
14706
14749
14793
14805
14865
14871
14919
14921
14932
15059
15157
15403
15737
15766
15881
15947
16110
16384
16400
16488
16498
16519
16647
16661
16685
16718
16892
16906
17078
17266
17267
17362
17393
17429
17459
17652
17713
17720
17720
17792
17850
17864
17881
18197
18244
18282
18339
18362
18375
18495
18518
18619
18768
18866
18869
18926
18953
19102
19106
19206
19265
19306
19373
19392
19401
19463
19522
19607
19643
19691
19753
19843
19854
19876
19944
19962
