84
193
275
497
546
566
574
600
636
691
914
961
1109
1152
1153
1186
1217
1287
1340
1348
1422
1505
1587
1620
1673
1702
1724
1756
2021
2247
2274
2356
2511
2545
2648
2716
2765
2894
3032
3056
3273
3340
3359
3420
3422
3592
3755
3802
3906
4101
4112
4196
4203
4257
4318
4425
4509
4681
4704
4704
4777
4839
4856
4874
4894
5075
5132
5220
5367
5384
5406
5423
5521
5544
5589
5645
5656
5701
5706
5738
5897
5992
6010
6023
6115
6288
6505
6535
6743
6870
6945
6981
7073
7202
7221
7363
7449
7451
7475
7485
7516
7529
7602
7674
7800
8019
8022
8324
8349
8393
8471
8737
8828
8952
9430
9541
9615
9633
9742
9857
9867
9869
9950
10231
10245
10325
10339
10375
10409
10480
10526
10546
10559
10598
10714
10951
11081
11166
11187
11302
11345
11458
11473
11519
11572
11613
11878
11964
12004
12015
12115
12176
12189
12227
12255
12451
12487
12562
12575
12633
12640
12775
12823
12834
12917
12963
13097
13259
13268
13275
13277
13354
13462
13489
13548
13579
13623
13637
13654
13701
13709
13847
13906
14323
14600
14795
14820
14926
14977
14990
15008
15042
15071
15088
15207
15277
15348
15519
15526
15643
15666
15754
15847
15975
15982
16107
16162
16194
16374
16384
16576
16587
16639
16700
16725
16790
16842
