22
55
162
182
212
239
303
584
683
689
711
819
838
839
850
877
919
1072
1134
1193
1488
1594
1653
1695
1749
1811
1830
1940
1984
2017
2061
2115
2177
2181
2233
2234
2334
2388
2489
2515
2518
2613
2705
2795
2885
2964
2968
3015
3041
3060
3128
3284
3316
3461
3463
3480
3651
3938
3979
4047
4085
4138
4262
4404
4443
4493
4531
4746
4771
4809
4988
5276
5287
5329
5398
5410
5463
5560
5576
5579
5614
5687
5708
5764
5801
5918
5992
6041
6156
6190
6217
6236
6267
6388
6427
6528
6530
6540
6855
6929
6931
7042
7123
7143
7197
7209
7329
7365
7493
7503
7623
7695
7980
8056
8258
8349
8686
8722
8736
8746
8852
9207
9379
9476
9534
9645
9670
9703
9925
10017
10156
10166
10190
10290
10300
10305
10450
10471
10586
10598
10620
10664
10776
10787
10901
10903
11069
11143
11155
11434
11528
11574
11603
11604
11676
11712
11794
11824
11872
12021
12053
12076
12134
12252
12350
12523
12592
12657
12744
12844
12892
12913
12922
12951
12972
13035
13052
13200
13328
13328
13359
13501
13521
13668
13675
13731
13737
13750
13760
13822
13906
13937
14060
14093
14152
14187
14199
14326
14336
14345
14377
14398
14408
14409
14567
14663
14692
14715
14748
14834
14854
