3
27
165
278
335
504
520
570
660
705
851
896
907
952
983
1021
1051
1078
1080
1320
1432
1450
1855
1917
2026
2051
2054
2138
2226
2294
2357
2434
2560
2645
2797
2827
2847
2874
2998
3043
3115
3211
3233
3330
3400
3432
3458
3458
3591
3721
3785
3804
3851
4076
4178
4337
4435
4477
4647
4677
4688
4736
4751
4763
4974
5023
5238
5331
5403
5515
5521
5545
5625
5762
5800
5814
5900
5940
5959
6235
6362
6385
6388
6394
6435
6438
6443
6448
6601
6908
6927
6945
7235
7259
7522
7523
7610
7616
7670
7690
7749
7776
7826
7829
7882
7889
7970
8032
8209
8246
8294
8326
8337
8383
8499
8536
8693
8830
8888
8936
8967
9014
9019
9026
9109
9119
9123
9191
9211
9212
9338
9442
9532
9675
9675
9854
9957
9959
9984
10033
10149
10231
10339
10502
10546
10577
10658
10711
10846
10943
10957
11150
11227
11243
11302
11308
11374
11520
11574
11711
11734
11827
11991
12029
12056
12148
12242
12292
12357
12368
12438
12441
12494
12561
12596
12745
12930
13000
13006
13022
13088
13172
13260
13305
13308
13509
13531
13583
13597
13600
13717
13748
13997
14065
14066
14108
14119
14156
14164
14177
14251
14266
14300
14398
14438
14441
14495
14508
14525
14581
14655
14784
14858
14879
14902
15005
15013
15145
15160
15171
15250
15391
15399
15428
15495
15514
15580
15615
15616
15635
15709
15733
15889
15910
16026
16072
16086
