28
78
100
239
334
649
773
789
949
957
1103
1135
1311
1484
1535
1862
1912
1993
2112
2118
2240
2261
2284
2349
2508
2602
2617
2681
2879
2940
3040
3067
3277
3523
3554
3653
3670
3870
3910
4080
4082
4257
4405
4413
4588
4596
4839
4845
4852
5038
5067
5143
5154
5155
5179
5387
5398
5513
5762
5777
5794
5847
5921
5989
6011
6072
6163
6649
6692
6708
6794
6854
6857
6952
7099
7122
7318
7333
7413
7533
7576
7849
7888
8023
8072
8133
8266
8308
8444
8608
9019
9238
9333
9446
9708
9713
9724
9885
9927
9962
10083
10281
10331
10499
10538
10618
10804
10954
11054
11272
11308
11581
11619
11738
11804
