37
57
146
251
270
270
354
365
465
585
684
898
929
942
1029
1042
1044
1465
1481
1546
1783
1838
1881
1946
2172
2192
2320
2343
2564
2867
3054
3392
3399
3400
3530
3662
3950
3984
4129
4412
4440
4547
4579
4735
4947
5752
5786
5994
6017
6113
6404
6482
6623
6672
6778
6787
6896
6966
7007
7054
7190
7276
7356
7436
7708
7757
7844
7978
7989
8009
8023
8232
8356
8587
8599
8627
8634
8852
8888
8932
9297
9405
9431
9686
9804
9820
9835
9928
9990
10050
10142
10246
10402
10425
10520
10643
10651
10783
10791
10800
10966
11058
11134
11217
11290
11366
11662
11827
11919
12127
12321
12332
12481
12545
12799
12967
13107
13292
13337
13452
13615
13658
13898
13975
14108
14261
14288
14310
14336
14681
14682
14737
14981
15023
15202
15392
