396
723
969
1233
1400
1485
1611
1677
1756
1794
1811
1855
2008
2009
2062
2189
2261
2632
2658
2772
2838
2853
2986
3057
3075
3491
3571
3694
3751
3832
3883
3916
3980
3989
3997
4354
4517
4652
4775
4951
5031
5257
5351
5544
5606
5658
5989
6025
6026
6033
6064
6069
6120
6248
6379
6425
6438
6587
6610
6691
6700
6781
7131
7290
7390
7467
7509
7565
7566
7598
7599
7646
7719
7862
7868
8023
8220
8223
8615
9102
9124
9226
9334
9347
9365
9386
9391
9405
9604
9635
9794
9869
9952
10002
10111
10121
10535
10602
10639
10715
10818
10864
