107
125
130
483
513
569
646
841
879
892
1084
1118
1246
1416
1694
1757
1808
1857
2174
2290
2373
2405
2559
2812
2836
2915
2928
2950
2989
3127
3129
3152
3177
3206
3270
3481
3484
3593
3605
3616
3642
3646
3646
3647
3668
3688
3816
3858
3877
3881
3938
3962
4027
4047
4129
4271
4332
4500
4504
4530
4568
4575
4695
4806
4988
5083
5382
5469
5485
5528
5533
5612
5646
5767
5850
5898
5943
6445
6524
6570
6683
6939
6982
7129
7288
7311
7330
7426
7533
7558
7674
7683
7734
7816
7830
8145
8236
8287
8447
8495
8530
8553
8609
8613
8748
8866
8891
9074
9152
9234
9245
9307
9539
9624
9713
9788
9974
9998
10028
10114
10123
10129
10132
10191
10192
10348
10419
10647
10678
10723
10809
10919
11123
11129
11144
11213
11290
11523
11526
11573
11610
11618
11670
11678
11680
11715
11793
11803
12174
12228
12588
12634
12716
12821
13027
13100
13165
13438
13583
13619
13811
13883
13949
13996
14007
14058
14060
14077
14092
