71
149
265
278
290
349
368
426
582
587
606
658
687
750
852
951
1040
1092
1134
1144
1221
1229
1245
1310
1372
1699
1736
1765
1852
1893
1947
1967
2139
2191
2301
2329
2533
2533
2591
2637
2658
2775
2829
2840
2850
2878
2911
3038
3270
3439
3485
3532
3584
3628
3818
4026
4069
4108
4124
4413
4497
4790
4805
4845
4894
4894
4989
5011
5013
5055
5209
5215
5268
5586
5621
5968
5987
6113
6289
6572
6652
6654
6735
6835
6998
7016
7024
7104
7213
7338
7377
7534
7562
7684
7806
7813
7847
8010
8028
8062
8077
8082
8132
8166
8277
8290
8339
8353
8356
8369
8606
8645
8919
8958
9006
9064
9104
9128
9204
9270
9326
9419
9466
9503
9701
9715
9746
9996
10191
10270
10310
10518
10570
10574
10585
10595
10691
10843
10925
10929
11123
11296
11327
11345
11504
11627
11686
11754
11888
11939
11939
12087
12102
12177
12260
12321
12459
12460
12544
12612
12736
12756
12885
12925
12989
13251
13328
13437
13522
13727
13905
13914
13922
13991
14503
14791
14885
15016
15019
15069
15109
15141
15187
15263
15433
15518
15743
15798
15910
15917
15936
16036
16052
16067
16215
16257
16262
16289
16352
16430
16582
16795
16983
17013
17085
17158
17176
17194
17261
17294
