77
103
166
278
380
394
662
720
866
875
883
945
1237
1249
1266
1415
1467
1516
1534
1586
1969
1981
2101
2214
2289
2409
2467
2582
2630
2849
2975
3016
3047
3094
3207
3419
3442
3554
3561
3807
3864
4019
4051
4068
4086
4089
4161
4196
4206
4221
4225
4318
4372
4405
4553
4746
4765
4863
4924
5165
5174
5272
5429
5478
5732
5809
5862
5868
6005
6062
6069
6211
6241
6338
6511
6748
6802
6918
6983
7045
7125
7281
7312
7438
7521
7522
7830
7930
7954
7973
8004
8072
8139
8237
8317
8517
8580
8712
8738
8745
8870
8926
8947
9048
9128
9248
9295
9308
9510
9540
9751
9924
10174
10216
10300
10318
