218
227
230
237
334
347
355
392
414
499
730
775
834
849
991
1027
1234
1262
1341
1359
1386
1453
1488
1640
1662
1733
1908
1961
2073
2084
2175
2241
2306
2344
2439
2492
2560
2778
2916
2928
3017
3062
3110
3138
3162
3207
3308
3342
3379
3398
3563
4040
4051
4169
4186
4198
4200
4202
4343
4466
4661
4667
4794
4879
4953
5097
5218
5223
5299
5456
5519
5546
5546
5551
5583
5623
5663
5789
5921
5925
5963
5972
6019
6177
6182
6193
6287
6324
6337
6365
6401
6414
6649
6776
6814
6876
7003
7099
7327
7590
7593
7617
7688
7745
7810
7889
8239
8677
8790
8855
8874
8911
8998
9093
9288
9319
9325
9361
9403
9576
9604
9617
9687
9712
9728
10043
10102
10357
10543
