224
274
384
523
741
799
965
969
1021
1058
1082
1091
1127
1144
1244
1256
1257
1277
1322
1333
1457
1482
1492
1855
1864
1885
2104
2185
2268
2407
2427
2433
2488
2553
2575
2588
2795
2834
2880
2894
2924
2965
2979
3027
3124
3164
3170
3172
3196
3232
3536
3683
3705
3736
3769
3797
3801
3836
3888
3942
4147
4194
4215
4430
4459
4496
4501
4722
4804
4881
4892
4925
5054
5088
5168
5603
5733
5735
5802
5804
5909
5933
6057
6243
6289
6321
6327
6370
6373
6465
6483
6507
6626
6718
6888
6890
6982
7020
7091
7194
7264
7385
7456
7465
7490
7493
7527
7531
7587
7649
8347
8397
8609
8992
9120
9214
9303
9319
9336
9419
9446
9465
9747
9770
9888
9925
10049
10101
10111
10242
10318
10341
10574
10648
10665
10669
10737
10869
10906
10960
10988
11118
11148
11160
11184
11216
11282
11317
11517
11521
11568
11619
11728
11778
11794
11966
11975
12111
12330
12464
12601
12686
12841
12877
12900
12936
12962
12989
13029
13037
13173
13180
13195
13213
13469
13498
13543
13637
13670
13817
13967
13985
14045
14070
14086
14252
14381
14396
14409
14701
14871
14920
14923
14979
15238
15405
15455
15458
15502
15524
15560
15630
15634
15655
15718
15751
15849
15869
15936
15976
16025
16163
16259
16264
