54
71
83
198
282
291
338
395
506
632
644
715
790
797
840
919
1023
1283
1447
1462
1650
1706
1769
1791
1854
1983
1990
2017
2044
2078
2166
2169
2173
2398
2431
2457
2471
2557
2827
2862
2943
2979
3032
3195
3205
3217
3293
3419
3423
3428
3433
3548
3556
3697
3736
3752
3874
3888
3894
3903
3917
3931
3984
4025
4070
4077
4120
4223
4254
4304
4403
4786
4861
4992
5032
5032
5047
5074
5089
5155
5181
5266
5336
5483
5491
5626
5634
5697
5750
5878
5893
6025
6185
6229
6311
6367
6378
6439
6488
6572
6663
6688
6718
6732
6736
6822
6851
6891
6908
6942
6953
7004
7005
7077
7174
7381
7504
7519
7777
7794
7917
8005
8016
8090
8121
8126
8276
8375
8381
8478
8539
8547
8555
8610
8715
8729
8747
8814
8814
8886
8905
8963
9044
9150
9188
9277
9293
9583
9632
9672
9790
9952
9958
10045
10067
10110
10186
10204
10485
10536
10633
10646
10683
10711
10754
10849
10995
11092
11303
11358
