31155
36004
41595
43591
49321
99851
100218
100374
100544
100655
100681
100779
101337
101391
102002
102010
102123
102434
102437
102491
102714
102807
104143
104234
104246
104420
104477
105170
105264
105376
106230
106411
106887
107125
107558
107944
108176
108232
108303
108378
108415
108471
108528
108930
108992
109689
109743
109747
109752
109805
162972
163094
163476
163538
164260
164287
164637
165023
165145
165148
165266
165777
166123
167060
167243
167657
167963
168073
168390
169122
169794
170035
170295
170403
170451
170932
171272
171401
171595
171942
172494
172572
172904
172937
174427
174464
175402
175643
193762
197480
203696
240563
240602
241938
242396
243923
244384
249251
249381
427562
430338
430485
433766
435261
436550
532752
532967
533032
533253
533731
534347
534496
535001
535875
536320
536347
536625
537594
537964
538149
538555
538725
538740
539572
542238
542324
542525
543512
543672
543682
544781
544893
545999
684729
687808
688113
692896
696111
698870
717051
721959
740084
742823
866023
872238
874334
913562
913682
913813
913885
914086
914481
915080
915104
915195
915690
915789
916075
917127
917815
918096
918491
918623
918991
919760
920242
920694
921277
922620
922641
922934
923383
923564
923996
924413
924679
925037
925103
925346
925424
925902
927944
928200
928408
929331
930712
930928
931165
931370
932777
932981
987459
1013573
1014158
1015949
1016590
1018010
1018924
1020375
1021948
1025993
1034885
1036717
1036802
1037816
1039145
1040164
1057172
1057460
1057648
1059132
1060231
1060520
1061024
1061028
1062184
1063466
1064106
1064672
1065245
1065510
1065788
1065872
1066506
1067202
1158533
1159177
1160442
1161537
1162254
1162539
1165710
1168321
1169072
1169449
1169658
1170627
1171078
1171955
1173564
1257695
1257726
1257894
1258288
1258381
1259508
1260286
1261638
1261678
1262258
1262364
1263815
1263879
1264064
1264186
1264526
1265836
1266964
1267134
1267325
1267849
1268742
1269537
1269545
1270594
1270603
1271280
1271844
1272820
1273303
1273406
1273716
1274215
1274349
1274363
1275480
1382321
1382741
1383464
1383528
1384005
1384146
1386770
1388206
1389442
1390808
1391014
1391579
1393814
1557984
1558240
1558767
1559758
1559893
1560823
1561122
1561632
1561757
1562795
1562995
1563897
1567237
1567352
1568213
1568730
1568808
1568898
1569817
1570293
1570619
1570753
1586226
1586353
1586682
1589708
1590473
1591384
1592916
1594768
1595134
1595159
1595484
1596314
1597942
1598049
1606610
1610314
1613651
1616302
1617163
1617356
1620633
1620926
1621096
1622390
1622474
1623346
1625725
1626272
1628298
1628784
1630060
1630149
1712540
1733485
1745253
1784051
1785390
1785497
1785658
1786174
1786447
1786494
1786701
1788691
1789161
1789333
1789499
1789683
1789904
1790225
1790391
1790765
1791217
1791534
1791746
1792026
1792488
1792558
1792740
1792806
1793148
1793815
1794005
1794177
1794431
1795120
1795352
1795437
1795616
1796341
1796860
1797739
1797882
1797903
1798370
1798548
1798845
1814790
1815266
1815662
1816323
1817493
1817858
1817951
1818825
1819494
1820648
1820803
1822236
1822376
1822401
1824541
1824648
1824852
1824934
1922518
1924886
1928565
1930011
1934003
1935148
1935925
1970562
2020764
2021103
2021672
2022052
2022486
2023003
2023487
2023559
2023663
2024063
2026529
2026666
2026888
2027299
2030725
2031207
2031215
2032246
2032758
2033144
2033558
2034128
2034425
2040047
2042524
2068072
2068462
2068510
2068797
2068840
2068897
2069356
2069522
2069568
2069591
2069811
2070426
2070792
2071026
2071218
2071232
2071592
2072410
2072691
2072692
2073416
2073835
2073845
2074093
2074779
2074871
2075279
2075314
2075433
2075523
2075764
2075840
2076152
2076321
2076725
2076899
2077336
2077442
2077542
2077648
2077744
2077945
2078058
2079121
2079525
2079813
2080556
2080578
2080788
2080830
2080979
2081282
2081297
2081533
2081631
2081842
2081877
2230964
2232443
2234475
2234578
2235685
2235990
2236139
2236436
2236960
2237933
2237954
2238931
2245624
2250524
2253834
2381864
2385267
2387550
2388077
2391462
2470932
2471169
2472426
2473584
2474112
2477553
2477840
2561559
2561721
2561794
2561903
2562338
2562550
2563028
2563697
2563774
2564559
2564667
2565158
2565514
2565568
2565649
2566211
2566252
2566486
2566832
2567063
2567332
2567701
2567937
2567970
2568514
2568617
2569368
2569432
2569772
2569814
2570171
2570318
2570754
2571171
2571305
2571772
2571818
2571875
2571960
2572396
2572459
2572751
2572927
2572975
2573153
2573214
2573294
2573447
2573728
2573741
2573751
2573952
2574331
2574848
2586611
2589566
2590297
2590354
2591451
2592753
2594514
2595904
2596815
2596869
2597505
2599726
2605101
2607134
2607761
2607788
2655269
2655522
2656031
2656053
2657284
2658197
2658341
2659074
2659261
2661287
2690027
2889460
2890380
2890601
2891023
2891368
2891378
2891425
2891633
2891748
2892209
2892413
2892692
2893069
2893100
2893165
2893333
2893383
2893568
2893766
2894127
2894641
2894781
2894802
2894961
2895006
2895008
2895426
2895856
2896257
2896861
2897342
2897565
2897911
2898151
2898290
2898509
2899120
2899529
2900000
2900389
2901651
2901667
2901850
2902173
2902441
2902569
2902618
2902957
2903149
2903242
2903356
2903523
2903714
2903774
2903981
2904076
2904364
2904400
2905452
2906016
2906165
2906208
2906225
2906413
2906594
2906867
2907458
2907496
2907696
2908263
2912470
2994330
2994587
2996078
2996311
2999346
2999695
3001062
3001670
3011733
3021450
3041900
3042816
3048422
3050207
3249014
3251712
3251828
3252505
3252521
3254213
3255206
3255956
3256164
3256887
3258274
3422252
3481344
3481385
3481545
3481844
3482218
3482429
3482551
3483532
3483631
3483953
3484059
3484497
3485477
3485567
3486568
3487154
3487861
3489640
3489658
3489758
3490537
3490854
3491696
3492723
3492893
3494065
3494894
3495385
3495589
3496125
3496380
3496384
3497977
3498601
3498994
3499033
3499415
3499929
3499966
3500133
3501270
3503029
3503586
3503792
3504088
3504405
3506655
3507441
3507635
3507779
3508055
3508070
3508573
3508740
3510533
3510626
3510682
3510957
3511118
3511741
3512810
3512825
3513540
3514164
3514379
3514624
3517722
3543355
3543524
3543681
3543688
3543839
3544195
3544324
3544359
3544404
3544947
3544961
3544964
3545323
3545503
3545505
3545966
3546008
3546064
3546128
3546171
3546837
3546993
3547240
3547282
3547434
3547492
3547622
3547700
3547832
3547998
3548160
3548194
3548636
3548745
3548806
3548880
3549527
3549870
3550126
3550132
3550257
3551257
3551393
3551445
3551468
3551566
3551768
3551782
3552087
3552106
3552107
3552576
3552901
3553376
3553535
3553663
3553994
3554316
3554497
3554657
3554873
3555021
3555101
3555334
3555627
3556054
3556063
3556163
3556237
3556745
3556892
3556917
3556926
3556995
3557064
3557103
3557147
3557358
3557555
3557879
3558143
3634893
3635136
3635291
3635439
3635625
3635843
3635906
3636074
3636077
3636292
3637081
3637097
3637321
3637324
3637331
3637466
3637623
3637837
3637964
3638111
3638267
3638380
3638386
3639064
3639243
3639402
3639798
3639897
3639990
3640354
3641044
3641165
3641842
3642256
3642684
3642748
3643493
3643662
3644214
3645226
3645355
3645480
3645755
3645931
3646160
3646305
3646328
3646473
3646589
3646932
3647019
3648036
3648343
3648422
3648772
3648990
3649459
3649620
3649645
3649649
3649900
3650304
3650719
3651153
3651161
3651276
3651286
3651715
3798109
3804703
3811509
3813077
3836729
3841056
3843058
3848013
3901133
3907626
3910732
3911177
3917539
3919115
3920853
3921660
3995755
3995908
3996305
3997052
3997689
3997967
3998757
3998790
3999069
3999232
3999237
3999900
4000220
4001046
4001151
4001232
4001472
4001526
4001617
4001706
4002884
4003868
4004061
4004485
4005116
4005222
4006171
4006267
4006277
4006447
4006863
4006912
4008012
4008391
4008426
4029854
4032769
4037898
4038841
4047240
4066547
4066779
4067080
4067242
4067891
4068004
4068322
4069018
4069850
4070028
4070102
4070487
4071404
4071618
4072131
4072312
4072498
4072671
4073413
4073647
4074231
4074249
4074342
4074348
4074577
4074808
4075760
4075868
4076579
4076709
4078076
4078198
4078987
4079200
4079326
4079723
4079766
4079794
4079873
4080247
4080500
4080665
4080818
4080870
4081534
4081562
4081602
4081835
4081941
4082112
4082517
4082872
4083605
4083866
4084433
4084468
4084486
4085302
4085304
4085567
4214575
4214918
4215025
4215239
4215497
4215591
4216083
4216622
4216642
4217446
4217649
4217870
4218939
4219374
4219405
4219906
4220011
4220403
4220475
4220619
4220637
4220720
4220986
4221085
4221560
4221617
4221711
4221931
4222321
4222767
4222888
4223357
4223537
4223775
4224530
4224768
4224995
4225155
4225371
4226165
4226273
4226645
4227076
4227258
4228366
4228591
4228696
4228697
4228730
4228927
4229277
4231357
4231879
4232084
4232310
4232618
4233620
4233971
4234076
4234272
4234301
4234733
4235285
4235419
4235786
4235954
4236071
4236836
4236858
4237067
4237265
4237298
4238593
4238662
4238804
4239492
4239562
4240173
4240729
4241260
4241547
4243015
4243186
4243322
4243898
4244431
4244828
4245457
4245591
4246223
4246251
4246301
4247208
4247933
4248467
4264529
4264848
4265190
4265441
4265813
4266340
4267147
4268123
4269061
4270911
4271876
4272027
4272266
4272483
4272654
4313424
4313508
4313850
4313858
4313891
4314167
4315175
4315343
4315843
4317451
4318168
4318972
4319204
4319293
4319541
4320442
4320776
4320899
4321074
4322071
4322082
4322147
4322218
4322246
4322811
4322865
4322879
4323882
4323964
4324151
4324420
4351757
4419892
4421359
4421466
4422443
4427422
4427980
4428420
4429253
4432253
4432533
4434298
4434312
4434382
4434548
4435905
4435912
4436131
4437020
4437554
4438007
4438550
4439233
4460692
4462315
4471567
4479329
4481809
4482711
4483744
4484996
4485438
4486101
4486446
4487567
4488454
4488628
4489462
4489770
4490065
4490746
4491330
4491872
4492091
4492304
4493663
4493786
4494261
4495895
4495913
4583401
4585353
4631704
4669202
4669308
4669627
4670446
4670462
4670944
4671409
4672406
4672564
4672597
4672778
4673302
4674195
4674337
4674342
4674386
4674619
4674813
4674833
4675215
4675321
4675419
4675498
4675683
4675819
4675866
4676682
4676756
4676867
4676919
4677273
4677480
4678237
4678510
4678675
4679434
4679904
4680122
4680154
4680739
4680800
4681125
4681152
4681205
4681633
4681641
4681665
4697991
4698167
4698543
4698675
4698886
4699501
4699664
4699961
4700149
4700532
4700568
4701043
4702864
4702869
4703570
4704037
4704046
4704307
4704430
4704639
4704774
4705081
4705140
4705167
4705436
4706201
4706224
4706595
4706920
4707094
4707184
4707687
4707840
4707924
4708317
4708841
4709213
4709498
4774351
4775713
4775853
4775901
4776250
4776463
4776492
4776806
4776970
4776971
4777263
4777355
4777626
4778006
4778086
4778196
4778250
4778646
4779539
4779552
4780221
4780515
4780669
4781061
4781221
4781389
4781875
4781927
4782411
4783180
4783377
4783576
4783747
4783832
4783933
4784177
4784610
4784618
4784917
4785046
4785261
4785704
4818387
4818449
4819140
4819720
4820244
4820270
4820360
4820882
4820929
4820951
4821128
4822897
4823547
4823910
4824240
4824519
4825026
4825423
4825498
4826426
4828505
4828578
4828693
4828948
4829024
4829465
4829677
4830091
4830289
4830468
4830542
4830560
4831052
4831089
4831312
4831416
4831706
4831900
4831983
4832235
4832333
4832525
4833728
4833820
4834035
4834161
4834674
4870834
4870860
4871529
4871964
4872469
4873441
4875309
4876268
4876498
4876606
4876893
4877531
4877762
4878419
4878627
4878843
4878851
4880764
4882398
4882958
4883403
4883640
4885576
4886223
4886955
4887420
4888350
4888986
4898597
5015053
5022250
5027030
5029061
5030734
5030740
5031046
5032526
5032844
5033102
5033601
5033616
5034139
5034515
5034738
5036398
5037010
5037093
5207711
5208001
5208235
5208396
5208445
5209572
5210279
5210557
5210662
5211872
5211894
5212983
5213035
5214031
5214570
5214882
5215120
5215282
5215286
5215306
5215811
5215901
5216064
5216472
5216476
5216562
5217029
5218051
5218272
5218401
5218504
5238009
5238942
5239893
5240095
5240228
5240469
5241002
5241130
5242489
5242765
5242965
5243009
5243157
5243181
5243295
5243315
5243587
5243809
5244032
5244177
5244252
5245114
5245440
5245520
5245794
5246018
5246758
5246850
5247071
5247180
5247362
5247589
5248620
5248708
5248709
5249524
5249545
5249648
5249678
5249772
5250466
5250470
5250578
5250779
5250888
5251236
5251316
5251437
5251692
5251806
5251882
5252197
5252316
5252643
5252702
5270378
5273527
5274069
5274491
5274561
5274619
5274852
5275660
5276263
5276661
5276808
5277314
5277678
5278068
5278313
5278663
5279319
5279441
5279494
5279587
5279855
5280043
5280235
5280580
5280894
5280997
5281100
5281135
5281143
5281262
5281699
5281772
5282026
5282041
5282117
5282269
5282301
5282948
5282963
5283438
5283653
5284284
5284827
5285181
5285383
5285474
5286112
5286206
5286573
5286606
5286646
5286820
5287846
5288005
5288576
5288977
5289076
5289408
5289746
5290111
5291651
5291772
5292183
5292268
5292364
5292549
5292812
5292921
5293121
5293990
5294474
5294608
5295296
5295660
5295727
5295959
5297044
5297341
5297449
5298218
5298875
5300162
5300842
5300983
5302410
5314654
5315112
5315484
5315940
5316430
5317038
5317552
5317774
5318251
5318340
5318425
5318753
5319059
5319623
5319733
5319826
5319827
5319894
5320024
5320581
5320711
5320712
5321223
5321381
5321527
5322128
5322140
5322190
5323060
5323733
5323771
5323788
5323832
5323860
5323885
5324093
5414454
5415726
5415817
5416193
5417500
5417614
5418673
5419399
5419963
5420531
5421403
5422035
5423456
5424270
5425202
5425801
5426338
5428713
5429411
5430081
5430239
5431108
5467572
5467864
5468030
5468309
5468397
5468661
5468839
5469722
5470061
5470371
5470392
5471057
5471396
5472017
5472053
5472173
5472244
5472409
5472612
5473398
5473731
5474940
5475476
5475519
5475607
5475778
5476156
5476507
5476889
5477117
5477707
5477878
5479058
5479675
5479934
5480777
5481674
5481922
5482011
5482038
5482210
5482676
5503369
5510513
5543533
5576707
5577400
5577645
5577949
5579376
5579540
5580067
5580508
5581046
5581998
5582024
5582689
5582727
5582814
5582947
5583183
5583775
5583810
5584018
5584924
5584938
5585128
5585631
5586008
5586336
5586341
5586407
5586437
5586663
5586880
5586938
5587325
5587534
5587664
5587772
5587929
5588195
5588374
5588411
5589603
5589696
5589887
5589914
5590046
5590250
5590730
5590918
5590950
5590967
5591662
5591808
5592196
5592285
5669431
5670869
5671394
5672501
5672745
5673599
5674022
5674198
5674936
5678200
5679451
5692718
5692727
5692969
5693368
5693650
5693836
5693877
5694293
5694587
5694941
5694960
5695920
5695923
5696128
5696416
5696672
5696902
5697449
5697719
5697953
5698174
5698315
5698463
5698621
5698744
5698772
5699339
5699559
5699639
5699998
5700141
5700592
5700849
5701296
5701523
5702184
5702432
5702481
5702786
5703172
5703209
5703239
5703518
5703610
5703889
5703945
5704253
5704671
5704898
5705004
5705582
5705759
5706101
5706737
5706902
5707072
5707613
5707688
5707807
5707809
5708082
5708213
5708410
5708887
5708976
5709457
5709603
5709918
5709927
5709956
5710069
5710155
5710681
5710886
5710899
5711427
5711835
5711879
5711897
5711901
5711972
5712208
5712849
5713344
5713621
5713832
5713885
5713935
5714338
5715521
5716030
5716163
5716241
5716800
5716867
5717325
5717367
5717672
5717936
5717992
5718084
5718179
5718196
5718578
5718844
5722686
5750194
5750852
5751125
5753531
5759638
5766849
5767743
5768043
5768146
5768162
5768428
5768848
5769027
5769032
5769086
5769123
5769273
5769547
5769779
5769822
5770260
5770655
5771382
5771973
5772301
5772448
5772726
5773091
5773910
5774003
5774145
5774630
5774769
5775110
5775171
5775185
5775299
5775330
5775356
5775498
5775661
5776070
5776608
5776696
5776980
5777896
5777935
5777965
5778313
5778396
5778532
5778652
5778765
5812273
5813161
5813221
5813497
5814188
5815764
5816152
5816849
5817025
5818013
5818775
5818875
5819144
5819579
5819845
5820946
5821234
5821655
5849569
5850642
5897797
5897829
5897921
5898362
5899083
5899834
5900354
5900507
5900954
5901673
5901895
5903284
5903408
5904317
5905985
5907194
5907330
5908293
5909326
5909359
5909888
5910704
5911170
5941543
5941668
5941789
5941942
5942057
5942066
5942086
5942192
5942373
5942423
5942634
5942951
5943325
5943358
5943415
5943530
5943614
5943699
5943776
5943866
5943876
5944232
5944296
5944374
5944756
5944773
5944865
5945067
5946226
5946387
5946822
5946971
5947369
5947698
5947873
5948488
5948873
5948961
5948971
5949883
5950284
5950352
5951091
5951203
5951379
5951472
5951536
5951556
5951868
5952217
5952234
5952288
5952429
5953138
5953590
5953601
5953616
5953680
5954101
5954437
5954477
5955457
5955639
5956114
5956612
5956752
5957321
5957424
5957743
5957779
5957871
5958239
5958366
5958444
5958535
5958542
5958601
5958894
5959040
5959321
5959622
5959728
5960592
5960876
5975447
5975785
6016719
6074796
6074824
6074956
6075282
6075286
6075822
6076085
6076407
6076422
6076575
6077016
6077030
6077132
6077217
6077239
6077803
6077878
6078030
6078377
6078409
6078410
6078653
6078752
6079686
6079690
6079964
6079994
6080069
6080257
6080519
6080564
6080806
6081029
6081229
6081355
6081745
6082060
6082147
6082190
6082592
6082627
6083054
6083624
6083789
6084111
6084336
6084648
6085893
6086144
6087260
6087267
6088526
6088802
6088981
6089795
6093927
6095287
6095966
6097319
6097412
6097835
6097837
6098124
6099381
6103314
6104334
6105676
6109217
6109698
6110731
6111899
6130568
6132086
6132386
6133574
6135782
6136249
6136265
6138908
6139089
6139223
6144237
6144558
6145657
6165324
6165700
6165783
6165940
6166248
6166312
6166727
6168693
6170729
6170820
6171119
6171847
6172993
6173194
6174331
6176396
6177058
6177458
6177910
6178317
6178589
6179794
6180696
6181719
6181785
6182495
6182517
6182575
6182666
6182674
6183220
6183663
6184601
6185491
6186323
6186621
6187008
6187341
6187640
6187730
6187818
6189583
6189797
6190492
6190826
6191039
6191388
6191487
6193080
6193724
6194519
6194599
6194744
6195117
6195424
6195756
6196269
6197286
6197460
6197591
6197985
6198546
6198825
6199244
6199422
6199612
6199881
6199924
6200472
6200532
6200541
6200605
6200643
6200761
6202576
6202781
6203133
6203804
6204186
6204573
6205185
6207732
6208220
6208866
6209215
6209366
6210251
6210930
6211625
6211796
6212017
6212050
6212125
6212760
6213411
6214677
6215620
6216826
6218119
6218209
6218419
6218478
6218644
6218933
6219057
6219256
6219532
6222983
6251824
6251899
6252058
6252450
6252842
6252857
6253303
6253870
6254089
6254180
6255210
6255354
6255357
6255854
6256315
6256455
6256699
6256758
6256765
6256785
6256880
6256942
6257220
6257312
6257406
6258304
6258470
6258960
6258996
6259135
6259183
6259198
6259517
6259825
6260054
6260962
6261089
6261559
6261804
6262146
6262210
6262898
6263039
6263259
6263474
6263570
6263745
6263756
6263950
6264571
6264951
6265123
6265262
6265307
6265374
6265887
6265998
6266088
6266584
6267202
6267205
6267394
6267442
6267481
6267971
6268026
6282512
6282544
6283814
6283823
6283860
6284260
6284297
6284691
6284764
6284825
6285033
6285059
6285193
6285758
6285952
6286201
6286216
6286319
6286426
6286638
6286752
6287498
6287900
6287921
6287973
6288360
6288381
6288816
6289185
6289247
6289627
6289642
6290034
6290424
6290773
6290950
6291332
6291952
6293054
6293212
6293458
6293701
6293748
6293913
6293970
6294162
6294736
6295696
6295811
6295865
6296573
6296803
6297327
6297511
6298209
6298237
6298958
6299612
6299972
6299990
6300057
6300679
6301239
6301997
6302665
6303291
6303718
6303897
6303937
6304175
6304259
6304372
6304651
6304927
6305694
6305909
6306818
6306943
6307059
6308141
6308206
6325977
6326086
6327432
6327918
6328108
6328463
6328499
6329775
6330100
6330444
6331809
6331908
6333462
6334117
6334249
6335064
6335127
6335205
6335797
6337406
6338256
6340728
6341197
6341724
6342735
6342750
6342853
6343347
6344734
6345652
6346322
6348390
6348677
6349215
6349425
6350230
6353156
6392104
6392495
6392618
6392686
6392817
6392879
6393358
6393550
6394187
6394346
6394373
6394420
6394524
6394750
6394948
6395029
6395218
6395297
6395377
6395393
6396703
6396870
6397337
6397536
6397562
6397719
6397768
6398352
6399034
6399282
6399413
6399429
6400589
6400680
6400723
6400788
6401357
6401465
6401902
6402104
6402139
6402460
6402594
6402658
6402671
6402738
6402753
6402760
6403057
6403453
6403623
6403677
6403711
6403726
6403864
6404311
6404585
6405452
6405534
6405753
6405909
6406069
6406116
6406143
6460127
6469268
6472189
6473453
6473458
6475359
6478532
6480612
6480745
6482549
6483174
6484312
6484525
6484785
6484899
6485246
6485842
6485927
6486801
6487124
6487398
6487590
6487985
6488846
6488932
6489478
6489891
6490419
6490478
6490807
6490990
6491458
6491710
6491948
6492127
6492250
6492395
6492434
6492932
6492967
6493238
6493319
6493598
6493669
6493714
6494097
6494105
6494128
6494216
6494356
6495077
6495796
6496675
6496684
6497119
6497355
6497817
6497962
6505145
6536541
6538479
6541032
6541138
6541694
6542053
6542117
6545574
6546217
6546229
6547234
6548648
6548658
6548779
6550255
6551348
6595849
6596166
6596234
6596289
6596431
6596433
6596900
6597128
6597257
6597971
6598633
6599011
6599028
6599045
6599390
6599565
6599691
6600252
6600536
6600548
6600659
6600690
6601254
6601260
6601317
6601953
6602196
6603280
6603297
6603332
6603622
6603686
6603924
6604103
6604124
6604860
6605038
6605150
6605231
6605286
6605365
6605604
6605816
6606091
6606162
6606458
6606525
6606876
6607108
6607168
6607497
6607574
6607922
6607934
6608168
6608425
6608450
6608472
6608505
6608595
6608720
6609073
6609535
6609651
6609749
6609887
6609937
6610233
6610770
6610826
6611387
6611619
6611646
6611908
6612480
6612939
6613114
6613410
6613536
6613541
6666188
6666379
6666409
6666650
6666819
6666885
6667264
6667478
6668082
6668697
6668933
6668952
6670145
6670208
6670535
6670573
6670641
6671352
6671439
6671562
6671896
6672273
6672522
6672860
6672905
6673260
6673263
6673268
6673848
6673962
6674058
6674366
6674707
6674895
6675076
6675237
6675289
6675798
6675970
6676000
6676773
6677098
6677355
6677370
6677397
6677484
6677495
6677670
6678443
6678689
6678959
6679232
6679530
6679855
6679888
6680031
6680099
6680226
6680613
6681081
6681553
6681732
6682093
6682172
6682663
6682858
6683188
6683331
6689441
6735143
6736075
6737701
6738522
6738676
6738854
6739819
6740742
6741695
6741761
6742361
6742551
6742780
6743505
6744058
6744211
6744395
6744411
6744610
6745614
6745837
6746623
6748191
6861538
6862496
6862520
6863260
6863507
6863627
6863644
6863690
6863921
6864094
6864396
6864514
6864892
6864928
6864973
6865350
6865507
6865579
6866031
6867210
6867352
6867777
6867798
6868821
6868876
6869020
6869043
6870285
6870881
6871111
6871223
6871923
6872284
6872628
6872690
6873219
6873537
6873713
6873723
6874372
6874551
6874643
6875078
6875231
6875237
6875366
6875373
6876100
6876646
6876684
6877138
6877529
6877615
6877636
6877699
6878271
6878524
6879378
6879572
6915704
6916840
6917856
6920900
6922762
6923357
6923366
6928118
6928179
6929144
6931036
6931623
6932092
6932660
6935413
6935876
6936590
6937020
6937244
6937997
6938663
6938907
6939455
6939887
6940191
6940645
6940683
6940972
6941234
6941663
6941818
6941833
6942749
6943371
6943942
6944308
6944477
6944496
6985047
6991213
6996723
6996841
7000510
7071279
7071328
7072085
7073125
7073656
7074001
7074370
7074520
7074564
7075851
7076056
7076071
7076257
7076623
7076640
7076846
7077030
7077328
7077475
7077617
7077952
7078071
7078379
7078455
7078609
7078683
7078980
7079615
7079640
7079996
7080191
7080215
7080338
7080446
7080734
7080983
7081401
7081437
7081554
7081778
7081981
7082139
7083484
7083588
7083905
7085735
7085749
7085758
7121102
7127513
7129202
7150260
7152338
7152354
7152994
7154189
7157209
7157643
7171971
7173544
7174020
7174193
7174481
7174611
7176209
7177166
7177418
7179782
7182019
7182494
7230907
7231151
7232035
7232752
7232906
7233042
7233178
7233762
7234110
7234288
7234462
7234701
7235739
7235853
7235899
7236849
7237561
7238949
7239043
7239302
7240834
7241252
7241613
7241855
7242706
7243190
7243248
7244069
7244464
7244679
7245297
7245532
7245663
7246709
7246718
7269085
7269353
7269699
7269724
7270018
7270458
7271076
7271749
7271918
7271937
7272133
7272246
7272916
7272991
7273036
7273138
7273411
7273464
7274134
7274191
7274204
7274260
7274341
7274476
7274545
7274920
7275009
7275297
7275506
7276230
7276277
7276306
7276498
7277036
7277287
7277781
7277858
7277880
7277937
7278008
7278242
7278417
7279151
7279261
7279781
7279813
7279858
7280114
7280453
7280465
7281249
7281373
7281610
7281739
7281787
7282004
7282501
7282558
7282740
7282838
7282869
7283006
7283009
7283264
7295947
7296255
7296390
7296750
7296927
7297423
7297439
7297744
7298022
7298124
7298147
7298494
7299497
7299763
7299962
7300244
7300415
7300505
7301240
7301775
7302367
7302680
7303769
7304450
7305008
7305033
7305582
7306120
7306757
7307235
7307567
7308274
7308347
7309743
7309749
7310510
7310888
7311039
7312015
7312500
7312608
7312729
7334263
7334288
7334732
7334844
7334968
7335295
7335414
7336046
7336932
7337249
7337559
7337986
7338384
7338702
7338781
7339117
7339930
7341215
7341666
7342103
7342583
7342893
7343253
7343860
7344412
7346747
7346808
7349154
7349199
7349371
7349650
7350054
7350799
7351206
7351455
7351682
7352134
7352187
7353195
7353567
7354122
7354251
7354911
7355692
7355851
7356061
7357766
7357988
7358091
7358804
7359836
7359881
7360036
7360379
7362252
7362633
7363392
7363872
7364820
7365382
7366158
7366837
7408593
7408924
7409148
7409175
7410572
7410752
7411909
7411977
7411998
7412470
7412547
7412804
7413414
7413699
7413960
7413969
7414087
7414399
7414481
7414580
7414917
7414967
7415249
7415371
7415425
7416006
7416405
7416502
7416762
7417314
7417494
7417665
7417925
7418114
7418142
7418708
7418883
7419111
7419151
7419587
7419716
7419798
7420277
7420355
7420548
7420849
7421196
7421435
7421633
7421759
7421889
7422263
7422351
7422434
7422532
7423966
7424028
7424550
7424591
7424833
7425336
7425514
7425659
7426283
7426573
7426680
7427166
7427365
7427376
7427446
7427450
7428308
7428400
7428699
7428788
7429002
7429286
7429385
7429499
7429572
7429632
7430120
7431157
7431455
7432368
7432504
7432577
7433049
7433088
7433852
7433990
7435228
7435429
7435542
7435615
7436384
7436654
7436679
7436732
7436752
7437068
7437785
7438316
7438468
7438477
7438479
7438487
7438693
7438827
7438904
7439053
7439140
7439359
7439492
7439694
7439998
7440348
7440438
7441310
7441511
7441792
7442463
7442519
7443502
7443924
7444044
7444168
7444244
7444988
7445362
7445919
7446016
7446133
7446959
7447443
7447640
7448038
7448068
7448174
7448288
7448419
7448441
7449138
7449411
7449439
7449790
7449950
7450348
7450400
7450409
7450614
7450808
7450848
7451154
7451450
7451528
7451600
7451680
7451683
7452129
7452130
7452249
7452274
7452584
7452696
7452735
7452763
7453046
7453134
7453780
7453816
7453877
7454258
7454863
7455172
7455429
7455488
7455542
7455875
7456384
7456469
7457567
7457750
7458178
7458197
7458244
7458487
7458547
7459023
7459027
7459235
7459691
7459877
7459887
7459891
7460009
7460074
7460083
7460111
7460162
7461587
7462074
7462312
7462418
7462542
7462736
7462747
7462822
7502037
7503363
7503456
7504300
7504889
7505454
7505569
7506272
7506280
7506294
7506409
7507391
7507508
7507727
7508476
7508912
7509466
7509799
7511735
7512786
7512807
7512943
7513649
7514290
7514447
7557726
7558048
7558163
7558446
7558693
7558731
7558771
7558910
7560131
7560503
7560713
7561285
7561445
7562389
7563039
7563303
7564006
7564008
7564313
7565330
7566346
7566684
7567356
7567385
7567486
7567549
7567615
7569244
7569262
7569674
7569878
7569897
7570602
7570873
7571635
7572102
7572426
7572487
7572622
7599611
7599744
7599842
7599917
7599925
7600318
7600580
7600925
7601001
7601239
7601267
7601302
7601562
7601760
7602132
7602408
7602643
7602831
7603506
7603537
7603723
7603775
7603802
7605212
7605577
7605629
7606064
7606071
7606194
7606228
7606280
7606681
7606864
7606999
7607093
7607121
7607743
7608093
7608098
7608842
7609079
7609266
7609717
7610120
7610229
7610432
7610784
7611041
7611890
7611918
7612131
7612309
7612587
7612622
7612964
7613166
7613186
7613220
7613292
7613468
7613501
7613992
7614312
7614565
7614637
7614987
7615942
7616194
7616204
7616265
7617351
7618491
7618511
7618762
7619740
7620261
7620395
7621048
7621631
7622067
7622122
7622620
7622971
7623119
7623232
7623260
7623405
7623810
7623981
7624371
7624497
7624499
7624552
7624680
7624820
7624968
7625293
7625740
7625937
7625981
7626187
7626868
7626891
7627085
7627129
7627281
7627459
7627881
7627981
7627992
7628512
7628605
7628714
7629019
7629130
7629162
7629177
7629271
7630010
7630219
7630881
7630911
7631093
7631231
7631317
7631496
7631497
7631554
7631604
7631800
7632287
7632527
7632563
7632904
7632954
7633031
7633189
7633997
7634316
7637194
7638880
7639038
7639175
7639277
7639511
7639663
7640496
7640585
7642882
7643151
7644112
7645473
7645576
7646062
7646377
7646656
7646701
7647574
7647626
7647752
7648678
7649293
7650038
7650140
7650206
7652108
7652736
7653429
7653539
7657608
7658416
7662130
7664639
7665566
7682214
7682366
7686656
7687114
7689539
7689605
7691984
7692573
7693057
7693501
7694223
7695054
7696341
7696413
7728119
7759336
7761066
7763849
7765028
7766583
7774496
7775109
7775672
7775712
7776896
7789734
7790602
7790950
7791346
7791705
7791992
7792961
7793614
7793899
7793921
7794082
7795543
7795720
7796672
7797592
7798911
7799826
7800130
7800222
7800583
7800628
7801018
7801161
7801272
7801932
7801971
7802006
7802297
7802564
7802650
7803582
7804951
7805245
7805448
7805450
7805987
7806018
7806251
7806292
7806298
7806448
7806472
7806630
7807050
7807741
7807876
7808110
7808183
7808229
7808531
7808653
7808671
7808675
7809078
7809201
7809275
7809344
7809795
7809812
7810164
7810329
7811045
7811168
7811485
7811973
7812005
7812364
7812858
7812929
7813221
7813313
7813477
7813538
7813933
7814468
7814471
7814643
7814979
7815098
7815145
7816627
7816895
7817295
7817353
7880143
7880337
7881414
7882490
7882856
7883053
7883276
7883282
7884881
7885846
7886027
7886751
7886912
7886923
7888665
7889953
7890606
7890652
7891026
7891429
7905482
7905887
7906692
7906933
7907046
7907048
7907068
7907216
7907538
7907579
7907944
7907960
7908037
7908045
7908374
7908606
7908931
7909615
7909744
7910032
7910078
7910293
7910479
7911219
7911227
7911502
7911543
7912003
7912291
7912728
7913151
7913325
7913398
7913413
7913678
7913849
7914204
7915467
7915782
7916018
7916182
7916403
7916954
7917274
7917533
7917697
7918143
7918169
7919308
7919641
7919657
7919747
7920336
7920427
7920653
7920739
7920741
7921334
7921766
7922197
7922210
7922773
7923037
7923084
7923127
7923241
7923457
7923736
7923846
7924052
7924722
7924724
7924957
7924978
7925491
7926055
7926249
7927132
7927591
7928424
7928651
7928757
7929432
7929706
7929735
7929754
7930265
7930268
7930363
7930564
7930951
7931796
7932042
7932175
7932399
7932771
7933495
7934265
7934664
7934808
7935356
7935573
7935655
7935995
7937419
7937611
7938772
7938867
7939041
7939063
7939735
7939798
7939947
7939965
7940037
7940119
7940235
7940254
7940309
7940398
7940438
7940697
7941262
7941596
7941988
7942221
7942466
7942535
7942616
7942665
7942677
7942808
7943106
7943517
7943733
7944040
7944051
7944088
7944110
7944323
7945493
7945681
7946052
7946517
7947897
7947976
7949066
7949624
7949833
8019264
8020954
8035059
8035202
8035413
8035424
8035959
8036564
8038178
8038335
8038360
8039540
8039856
8040219
8040699
8041666
8044166
8044201
8044523
8044878
8045109
8045127
8045887
8045942
8047081
8047113
8048068
8049268
8049670
8049774
8050268
8072821
8073245
8073337
8073453
8073970
8074573
8075285
8075466
8076143
8076346
8076760
8077575
8078231
8078886
8078903
8080909
8081663
8082259
8082482
8082578
8082666
8082773
8082876
8082963
8083459
8083727
8083918
8083968
8084421
8085064
8086931
8087415
8087579
8088004
8088523
8089004
8089361
8089785
8089996
8090020
8090374
8090439
8090728
8091243
8091328
8091368
8092177
8092531
8093582
8095385
8096490
8097922
8098590
8099642
8099698
8100223
8100380
8101751
8101783
8102353
8102668
8103227
8103418
8104251
8105422
8106431
8106629
8106708
8107167
8107327
8107497
8107584
8107617
8107979
8108049
8108487
8109317
8109337
8110609
8110978
8111752
8111977
8112423
8112432
8112535
8112740
8113575
8113628
8113867
8114572
8114750
8114944
8115094
8116021
8116106
8116929
8117237
8117879
8118052
8118219
8118789
8119052
8119140
8119149
8119587
8120028
8120611
8120718
8122186
8122191
8122945
8123707
8123766
8123827
8124097
8124769
8125056
8125102
8125887
8126247
8126308
8126430
8126767
8128148
8129513
8129978
8130678
8132025
8132304
8132545
8132755
8133050
8133121
8133693
8133884
8134324
8135020
8135064
8155116
8157592
8158290
8159571
8161386
8162552
8163964
8166034
8166195
8166491
8181786
8182293
8182362
8182667
8183570
8183645
8183795
8184194
8184599
8184627
8186242
8186476
8186574
8186821
8186920
8187046
8187814
8188739
8188884
8189038
8189066
8189551
8190099
8190109
8190198
8190481
8191046
8191316
8191324
8191586
8191734
8191745
8191807
8192350
8192863
8193211
8193265
8195066
8195489
8196279
8196451
8196454
8196458
8196507
8196715
8196897
8196925
8197019
8197228
8197319
8197699
8197808
8250940
8251277
8251713
8252157
8252309
8253233
8253517
8253552
8253564
8253840
8253860
8254128
8254455
8255419
8255486
8255735
8256151
8257399
8258047
8259187
8259256
8259960
8260177
8260597
8261976
8262199
8262420
8262432
8263072
8263078
8299467
8314406
8315121
8315245
8315328
8317039
8317417
8317965
8319874
8320623
8321945
8322035
8322565
8323239
8324426
8325915
8326698
8326733
8326997
8327967
8328119
8360464
8361105
8362503
8365157
8366172
8367115
8369028
8370670
8373329
8375655
8376500
8383533
8387086
8387653
8388782
8404995
8405168
8405582
8405826
8405897
8405974
8406358
8406445
8406469
8406510
8406631
8406783
8406931
8407517
8407749
8408222
8408596
8408765
8409008
8409009
8409141
8409546
8409838
8410033
8410657
8410764
8411166
8411250
8411379
8411695
8412380
8412914
8413065
8413519
8413783
8414265
8414468
8414999
8415245
8415267
8415271
8415469
8415514
8415773
8416025
8416250
8416330
8416525
8416567
8416612
8417084
8417114
8417408
8418079
8418221
8418387
8419322
8419853
8420350
8420371
8421207
8421296
8421513
8422369
8422762
8422988
8423142
8423366
8423646
8461907
8463385
8465858
8467192
8467410
8469765
8471785
8507259
8507629
8507650
8508241
8508603
8508622
8509006
8509054
8509150
8509176
8509324
8509797
8510074
8511716
8511999
8512035
8513222
8514033
8514061
8514684
8514987
8515171
8515792
8515799
8515949
8516060
8516249
8516310
8516688
8517090
8517187
8517216
8517225
8517732
8517856
8517903
8517927
8518256
8519280
8519448
8519510
8519976
8520596
8520870
8521102
8521249
8521316
8521427
8521656
8521723
8521811
8522434
8523044
8523270
8524705
8524773
8525014
8525023
8526282
8526382
8526425
8526489
8527322
8527430
8527811
8527850
8528371
8528833
8528888
8529068
8529320
8529549
8529786
8529976
8530322
8530726
8530735
8532877
8533217
8533824
8534964
8536080
8536150
8536202
8536541
8537104
8537121
8537565
8537621
8538275
8538407
8538431
8539395
8539798
8539986
8540185
8540198
8541020
8541449
8541841
8541984
8542319
8543006
8543619
8556429
8556466
8556488
8556510
8557665
8558534
8558554
8558596
8558730
8559554
8559809
8559819
8560045
8560111
8560201
8560275
8560473
8560476
8560755
8561104
8561826
8561867
8561972
8562105
8562579
8563054
8563222
8563464
8564184
8564399
8564579
8564749
8565700
8565959
8566024
8566262
8566844
8566997
8567489
8728776
8729058
8729128
8731184
8731189
8732341
8732528
8733155
8733408
8735147
8735399
8735993
8736792
8736974
8737823
8739167
8739422
8739549
8740448
8741247
8743123
8743292
8744314
8778921
8779412
8781387
8781705
8782471
8783057
8783118
8783383
8783503
8785276
8785920
8786627
8786694
8787718
8788708
8788853
8789371
8789942
8790411
8790805
8791321
8791403
8791506
8791781
8791835
8793047
8793302
8793320
8794014
8794394
8794789
8794877
8810502
8810798
8811953
8812073
8812158
8812278
8812712
8813083
8813716
8813948
8814025
8814622
8814757
8815684
8816043
8816517
8816952
8817089
8817238
8818234
8818448
8818749
8818919
8819054
8819754
8820372
8820682
8821140
8821519
8821735
8822249
8822456
8822510
8822938
8823366
8823615
8855933
8856133
8856296
8857292
8857849
8858599
8858847
8859152
8859254
8860247
8860640
8860874
8860877
8861676
8861779
8862013
8862259
8862397
8862569
8862745
8863037
8863234
8863653
8863678
8863977
8864915
8865583
8866360
8866503
8866565
8866608
8866888
8867129
8867173
8867466
8867746
8867883
8868350
8868701
8869021
8869327
8869918
8870280
8870516
8871140
8871170
8871177
8871619
8871976
8872196
8872768
8872858
8872925
8873801
8873914
8874065
8874122
8874249
8874281
8874818
8952029
8952602
8952822
8953149
8953219
8953240
8953457
8954862
8955397
8955745
8956926
8958096
8958321
8958437
8958963
8959189
8959989
8960392
8961277
8961449
8961531
8961751
8962321
8962369
8962430
8962446
8962508
8962550
8962856
8962906
8962920
8963553
8963677
8963721
8963791
8964449
8964531
8964967
8965233
8965503
8965506
8965572
8965676
8966587
8967383
8967568
8967601
8967626
8967771
8967943
8968499
8969512
8969898
8969929
8969967
8970200
8971321
8971536
8971895
8972013
8972048
8972415
8972893
8973666
8973784
8973862
8974793
8974864
8975878
8975993
8977053
8977111
8977204
8977223
8977338
8978005
8978054
8978536
8978946
8979177
8980150
8980446
9035558
9035565
9035632
9035647
9035928
9036357
9036458
9037031
9037217
9038147
9041313
9042320
9042714
9043252
9043307
9043786
9043878
9044179
9046176
9048277
9052402
9053405
9053615
9054227
9055743
9056099
9056213
9056220
9056381
9056504
9056613
9056706
9056889
9056900
9056968
9057917
9058358
9058377
9058458
9058746
9058854
9059786
9059872
9060062
9060399
9061110
9061557
9062008
9062540
9063150
9063251
9063355
9063628
9064092
9064103
9067951
9071386
9075294
9122489
9122512
9122841
9123838
9124720
9125077
9125566
9125570
9125935
9126082
9126184
9126347
9126968
9127115
9127338
9127397
9128188
9128329
9128769
9129407
9129445
9129629
9129900
9129990
9130720
9130756
9131069
9131643
9132220
9132397
9132541
9132926
9132932
9132977
9133190
9134105
9134301
9134331
9134706
9135196
9135268
9135457
9135732
9135817
9136034
9136712
9136763
9136864
9137280
9137443
9137619
9137636
9137754
9137782
9137845
9137904
9138897
9139104
9139299
9139655
9139958
9140015
9140396
9140643
9140982
9141146
9141262
9141388
9141598
9141642
9141727
9141850
9141885
9141959
9142284
9142793
9142893
9143152
9143695
9143818
9144096
9144276
9144337
9144604
9144753
9145092
9145112
9145228
9145268
9145352
9145473
9146171
9146478
9146550
9147022
9147152
9147154
9147570
9147854
9148048
9149106
9149205
9149611
9149873
9150028
9150215
9150405
9150724
9150751
9150791
9198861
9202757
9204663
9252943
9253019
9253063
9253246
9253373
9253534
9253852
9254525
9255071
9255623
9256281
9256374
9256555
9257251
9257726
9257963
9258111
9258159
9258623
9258650
9258887
9259492
9259642
9259988
9260164
9260506
9260508
9260582
9260600
9261005
9261079
9261218
9261303
9261327
9261511
9261515
9261534
9261627
9262586
9262792
9262989
9264001
9264029
9264175
9264513
9264536
9264622
9264635
9264645
9264659
9264727
9264858
9265138
9265371
9265433
9265446
9265495
9265537
9265575
9266013
9266038
9266343
9266726
9267167
9267203
9267372
9267491
9267732
9267831
9267983
9268074
9268189
9268234
9268432
9268436
9268577
9269307
9269326
9269521
9269672
9269816
9270608
9270949
9271961
9272545
9272815
9272847
9272852
9275037
9275266
9275338
9277017
9277391
9277637
9277892
9278785
9312807
9315150
9320493
9321469
9323007
9323469
9324074
9324481
9325050
9325137
9325192
9325362
9325370
9325436
9325656
9325672
9325959
9326684
9326796
9326854
9327468
9327716
9327781
9328496
9328677
9330408
9330425
9330470
9330671
9330942
9330952
9331002
9331354
9331757
9331832
9331938
9331969
9332033
9332491
9332706
9332837
9333099
9333103
9333139
9333346
9333504
9333729
9334095
9334227
9334640
9334760
9335233
9335727
9335815
9336114
9336172
9336229
9336509
9336724
9337006
9337053
9337244
9337369
9337406
9337427
9337571
9338083
9338799
9338934
9339171
9339312
9339466
9339634
9339710
9340938
9340949
9341203
9341232
9341848
9354003
9354127
9354765
9354785
9355327
9355513
9355535
9355682
9355973
9356046
9356658
9357014
9357411
9357918
9357983
9358035
9358385
9358388
9358518
9358963
9359452
9359655
9359937
9360554
9360747
9360753
9361262
9361783
9361792
9361829
9362976
9363154
9363490
9364367
9364387
9364544
9364785
9365058
9365253
9365262
9365561
9365657
9367163
9367454
9367642
9368703
9369287
9369551
9370098
9370131
9370357
9370866
9371290
9372078
9372132
9372149
9380293
9403850
9443268
9443326
9443552
9443643
9443856
9444044
9444440
9444975
9445535
9445739
9446072
9446873
9447522
9447661
9447675
9447679
9447727
9447840
9448245
9448745
9449094
9449631
9449700
9450122
9450339
9450642
9450941
9451311
9451350
9451536
9451724
9451734
9451831
9452221
9452506
9453461
9453888
9453946
9454255
9454509
9454641
9454897
9454983
9455137
9455813
9455938
9456104
9456828
9457220
9457507
9457613
9457949
9457976
9458288
9458840
9458930
9459120
9459154
9459166
9459720
9459995
9460110
9460462
9460751
9460886
9461544
9461742
9463198
9463221
9463474
9463780
9464363
9464748
9464778
9464990
9465123
9465715
9465833
9465864
9465906
9465940
9465951
9466030
9466044
9466107
9466109
9466438
9466767
9466940
9467128
9467397
9468083
9468684
9468888
9469100
9469284
9469364
9469513
9469712
9469763
9470260
9470262
9470435
9470498
9470658
9470849
9471072
9471265
9471463
9472262
9472631
9473068
9473211
9473633
9473822
9473875
9474046
9474525
9474597
9474775
9475441
9475914
9476213
9477045
9477228
9477484
9477926
9478350
9478356
9478433
9478476
9478586
9478653
9478883
9478939
9479193
9479319
9479416
9479644
9480114
9480317
9480322
9480357
9480446
9480859
9481059
9481154
9481195
9481231
9481535
9481670
9481856
9481924
9482105
9482574
9482688
9482870
9482879
9483307
9483559
9483763
9483910
9483942
9484088
9484163
9484258
9484753
9485002
9485363
9485369
9485396
9486024
9487240
9487778
9487925
9488049
9488136
9488323
9489257
9489265
9489417
9489566
9489732
9490088
9490541
9491118
9491741
9491807
9492123
9496182
9501600
9503067
9509249
9510313
9519691
9531966
9532337
9532761
9532800
9533025
9533338
9533437
9533762
9533960
9534043
9534233
9534380
9534433
9534539
9535047
9535148
9535339
9535361
9535785
9535932
9536054
9536719
9536805
9536918
9537208
9537302
9537398
9537843
9538783
9538883
9539573
9539628
9539762
9539980
9540345
9540557
9540734
9540873
9540881
9541018
9541344
9542484
9542727
9543199
9543831
9543893
9544095
9544341
9544358
9544577
9544680
9545356
9545411
9546917
9547045
9547305
9547569
9547829
9548020
9548290
9548450
9548543
9549302
9549652
9549787
9550051
9557316
9558503
9591458
9633374
9633641
9634019
9634859
9635308
9635622
9635891
9635925
9635974
9636095
9636708
9636941
9637029
9637796
9637871
9638429
9638948
9639264
9639773
9640321
9640484
9640652
9640809
9640969
9641425
9641765
9642280
9642644
9643178
9643224
9643299
9644512
9644525
9644803
9645208
9645432
9645790
9645941
9646297
9646495
9646551
9646656
9646698
9647020
9647041
9647213
9647231
9647855
9648034
9648133
9648139
9649179
9649888
9650069
9673445
9673609
9673773
9673797
9673864
9674033
9674210
9674261
9674542
9674581
9674966
9675332
9675432
9675582
9675685
9675690
9675695
9675836
9676087
9676747
9677554
9677599
9677746
9677841
9678089
9678101
9678332
9678848
9679207
9679218
9679417
9679766
9679915
9680093
9680423
9680470
9680538
9680634
9680801
9680803
9681277
9681695
9681969
9682257
9682470
9682612
9682635
9682905
9682997
9683183
9683636
9684014
9684069
9684097
9684525
9684593
9684681
9684687
9684713
9684790
9684813
9685261
9685643
9686308
9686474
9686735
9687208
9687392
9687674
9687790
9688702
9755877
9757030
9761441
9765936
9766355
9767740
9768849
9772977
9775177
9775273
9780459
9780504
9781612
9783000
9786027
9791359
9791934
9817950
9817991
9818411
9818539
9818568
9819017
9819235
9819255
9819424
9819502
9820090
9820646
9820724
9820820
9821078
9821387
9821399
9821535
9822185
9822418
9822984
9823022
9823273
9823467
9824040
9824969
9825619
9825678
9825705
9826084
9826149
9826638
9826778
9827467
9827753
9827910
9828566
9828783
9829439
9829981
9829988
9830020
9830498
9830551
9830929
9831150
9831308
9832252
9832646
9832720
9832888
9833144
9834427
9834556
9834840
9834898
9835047
9835197
9835824
9835855
9836236
9836645
9836685
9836914
9837440
9837920
9838194
9838544
9838690
9838745
9838766
9838851
9838916
9839012
9839187
9839469
9839662
9839811
9839816
9840030
9840033
9840322
9840659
9841189
9841268
9841776
9842029
9842228
9842378
9842611
9842791
9843709
9844044
9844749
9845854
9845945
9846209
9846646
9846797
9847979
9848807
9848872
9849839
9849928
9850505
9850697
9851038
9851073
9851435
9851616
9851634
9851746
9852742
9853000
9853099
9853779
9853804
9854155
9854266
9856242
9857629
9857880
9858005
9858410
9858538
9858600
9858694
9859293
9859394
9859476
9860169
9860873
9861093
9861487
9861543
9861701
9861900
9862279
9862383
9862787
9862841
9863163
9863172
9864044
9963037
9963239
9963361
9963602
9964111
9964306
9965018
9965127
9965329
9965369
9965640
9965838
9965977
9966077
9966479
9966564
9966731
9967144
9967147
9967551
9967989
9968132
9968332
9968368
9968825
9968963
9969737
9969867
9970071
9972360
9990490
9990599
9991444
9991464
9992163
9992373
9992924
9993211
9993483
9993614
9993906
9994128
9994275
9994470
9994684
9995065
9995364
9995721
9996107
9996355
9997757
9999639
10000644
10000981
10001134
10001157
10001763
10003986
10004133
10005817
10006362
10006626
10008179
10008596
10008735
10009078
10009215
10009458
10009684
10009852
10012384
10014679
10015072
10021844
10022319
10022584
10023685
10025711
10025712
10026421
10026471
10026799
10026871
10027196
10027746
10027901
10028361
10028391
10028682
10028819
10028914
10029402
10029516
10029893
10030020
10031347
10031365
10032742
10032792
10032925
10033148
10033452
10033578
10034728
10034912
10036224
10036322
10036383
10036392
10037055
10037327
10038721
10038897
10039932
10039973
10040169
10040241
10040522
10040574
10041043
10041145
10041149
10041635
10102972
10123669
10123674
10123829
10124398
10124458
10124485
10124521
10125190
10125202
10125244
10125277
10125372
10125391
10125445
10125513
10125611
10125615
10125705
10125836
10126168
10126328
10126413
10126425
10126922
10127547
10127802
10128401
10128724
10129365
10129439
10129507
10129615
10129782
10129917
10129934
10130332
10130923
10131191
10131850
10132397
10132705
10132795
10132866
10133154
10133406
10133533
10133756
10134616
10134953
10135331
10135826
10136168
10136200
10136608
10136856
10137072
10137328
10137622
10137637
10137720
10138553
10139011
10195873
10196894
10197233
10198288
10203248
10207713
10208258
10208473
10209184
10210550
10211490
10212482
10212742
10213171
10213198
10213269
10213482
10213773
10213940
10213943
10213987
10214547
10214760
10215337
10215578
10216161
10216694
10216829
10216839
10216886
10217214
10217574
10217725
10218013
10218374
10218482
10218493
10218503
10218507
10219047
10219061
10219953
10220550
10221089
10221168
10221229
10221580
10221660
10221856
10222398
10222603
10222690
10222991
10223312
10223332
10223450
10224409
10224691
10225268
10225548
10225845
10245651
10246104
10246639
10247204
10247428
10247593
10247690
10248285
10248883
10249104
10249588
10249706
10249796
10250676
10251351
10253003
10253121
10254143
10254299
10254553
10254555
10254792
10255008
10255066
10255591
10255685
10255723
10255951
10256023
10256825
10256947
10257155
10258345
10259038
10259392
10259636
10259737
10260183
10260192
10260324
10260419
10260664
10314625
10317466
10324537
10356058
10356198
10357300
10357536
10357560
10357796
10357833
10357937
10358014
10358502
10358699
10358750
10359006
10359127
10359149
10359167
10359314
10359561
10359610
10359941
10360094
10360746
10360872
10360967
10361476
10361796
10361858
10362656
10362769
10362796
10363158
10363385
10363444
10363985
10364424
10364637
10364680
10365217
10365326
10365646
10366066
10367255
10367369
10367813
10368195
10368250
10368403
10368423
10368952
10369481
10369504
10369709
10369741
10369752
10370273
10370839
10371415
10371449
10371531
10372249
10372378
10373493
10467869
10468118
10468138
10468669
10469429
10471774
10473710
10474540
10475399
10475934
10476335
10476659
10476906
10477000
10477663
10478367
10478453
10478482
10479479
10480373
10480378
10480545
10480715
10480760
10480908
10480982
10481118
10481293
10481553
10481653
10481768
10483138
10483345
10483410
10483482
10483575
10484949
10485074
10485183
10485350
10485826
10485931
10485977
10486153
10486190
10486191
10486224
10486527
10486626
10487435
10487479
10487665
10488047
10488220
10488500
10488549
10488715
10488950
10489118
10489149
10489217
10489840
10490045
10490080
10490084
10490090
10490123
10490254
10490306
10490418
10490544
10491090
10491123
10492385
10492844
10493438
10493820
10493985
10494103
10494406
10494490
10494645
10513789
10513821
10515677
10519208
10521552
10522061
10535873
10536034
10537087
10537319
10537612
10537663
10537964
10538050
10538503
10538600
10538613
10538653
10538966
10539293
10539754
10539975
10540055
10540155
10540796
10540987
10541163
10541321
10541864
10542179
10543168
10544329
10544796
10545068
10545399
10545489
10545615
10545891
10546483
10546538
10546873
10548234
10548235
10548265
10548313
10548346
10548391
10548515
10548846
10549019
10549281
10549425
10549888
10550751
10550823
10550861
10550961
10568376
10568432
10622044
10624236
10625895
10631964
10632915
10633071
10633399
10680982
10682190
10683675
10684088
10684686
10685177
10685338
10685405
10685753
10686582
10687341
10687490
10688320
10688386
10689348
10689782
10690136
10690139
10690164
10690326
10690396
10690520
10690632
10708543
10708821
10708930
10709211
10709244
10709715
10710382
10710516
10710561
10710909
10710959
10711055
10711209
10711541
10711646
10711786
10712124
10712692
10713178
10713423
10713666
10713825
10713952
10714095
10714110
10714599
10715108
10715195
10715562
10715820
10715846
10716311
10716418
10716486
10716555
10716955
10717094
10717444
10717447
10717655
10717698
10717789
10718053
10718249
10718834
10719135
10719272
10719362
10719400
10719627
10719839
10720481
10720743
10720807
10720857
10720944
10721158
10764840
10765830
10766047
10767175
10767238
10767550
10767970
10768487
10769831
10770331
10771340
10772461
10774020
10774709
10776893
10792111
10792172
10792530
10792549
10793172
10793242
10793556
10793605
10794757
10796352
10796455
10797211
10797684
10798406
10799549
10799621
10799832
10802598
10802742
10802965
10803454
10804509
10805072
10805779
10805892
10805910
10806036
10806459
10806883
10807428
10807728
10808192
10808325
10810273
10810462
10810639
10812335
10812348
10813158
10813230
10814066
10814349
10815140
10815660
10816779
10820409
10820440
10820985
10821205
10822028
10823712
10823723
10826014
10826870
10826921
10839378
10841473
10842012
10842754
10842947
10843185
10844233
10844321
10844508
10844534
10844745
10844798
10845442
10846177
10846646
10846772
10846935
10847055
10847479
10848043
10848167
10848275
10848328
10848572
10848969
10849077
10849393
10850071
10850618
10850664
10850901
10851668
10851761
10851865
10852233
10852259
10852267
10852559
10852904
10853136
10853172
10853503
10855304
10855530
10855865
10855907
10856818
10878351
10882631
10882686
10886072
10887109
10888121
10890015
10893119
10893373
10893599
10894438
10894910
10894913
10894964
10896048
10897194
10897547
10897921
10898468
10898740
10900253
10900511
10900538
10901845
10902985
10903581
10903590
10903879
10903972
10905388
10920762
10928294
10953636
10953821
10954297
10954896
10955282
10956478
10956729
10956743
10956794
10957667
10957922
10958148
10958217
10958342
10958360
10958417
10958624
10958860
10958912
10959611
10960003
10960192
10960655
10960779
10960992
10961231
10961378
10961964
10962125
10962395
10962567
10963028
10963185
10963282
10963353
11004906
11005058
11005268
11005299
11005525
11005534
11006166
11006486
11006769
11007117
11007163
11007362
11007559
11008146
11008290
11008463
11008740
11009023
11009035
11009225
11009940
11010623
11010720
11010769
11011014
11011094
11011424
11012031
11012918
11013352
11013683
11014426
11014523
11014554
11014664
11015036
11015554
11015912
11016046
11016124
11037495
11038744
11039228
11040441
11045176
11045267
11046731
11070054
11081112
11096226
11097643
11098200
11102427
11102793
11107100
11108701
11144529
11152051
11152749
11172007
11172432
11173520
11174829
11174912
11175561
11177292
11177332
11180793
11181025
11184141
11184608
11184787
11185683
11186868
11187024
11188060
11189798
11189939
11191576
11192120
11192787
11193022
11193332
11194411
11194484
11195052
11195623
11195896
11195955
11196587
11197806
11199099
11199452
11199546
11201879
11202302
11202890
11203269
11203516
11204710
11205362
11206384
11206528
11207933
11208796
11209405
11210013
11211203
11212254
11212760
11213605
11214201
11214346
11215355
11215562
11216863
11216891
11216937
11217185
11242503
11242685
11243240
11243522
11243534
11243608
11243698
11243797
11244123
11244489
11244692
11244912
11245267
11245283
11245423
11247254
11248124
11248463
11248718
11248836
11248995
11249294
11249476
11251275
11252063
11252349
11252396
11252906
11253381
11253469
11253627
11253707
11254081
11254244
11254290
11254779
11255053
11255843
11255943
11257044
11257365
11257678
11257732
11258073
11258413
11258561
11258608
11258723
11258922
11259166
11259437
11259785
11259951
11260290
11260499
11260658
11261243
11261244
11261807
11261854
11262514
11262637
11263005
11263293
11263320
11263371
11263381
11263433
11263602
11263770
11264110
11264209
11264339
11265408
11265693
11265783
11265842
11266046
11266136
11266765
11266873
11266983
11267241
11267244
11267284
11267292
11267553
11267597
11268397
11268420
11268518
11268806
11268963
11269174
11269181
11269201
11269442
11269991
11270671
11270761
11271272
11271370
11271413
11271632
11271884
11271928
11272105
11272144
11272440
11272709
11273037
11273125
11273550
11273789
11273816
11273835
11274214
11274434
11274464
11274476
11274649
11275038
11275077
11275294
11275295
11275339
11275371
11275604
11275638
11275736
11275746
11275799
11276027
11276085
11276098
11276719
11276770
11277302
11277329
11277476
11290830
11291346
11291490
11291727
11292896
11293736
11293966
11294095
11294156
11294454
11295183
11295281
11295453
11295603
11295641
11296305
11296419
11296599
11296641
11296691
11296692
11296920
11297277
11298028
11298254
11298829
11300142
11300598
11301049
11301386
11301390
11301895
11302197
11375056
11375752
11393953
11395698
11396364
11399418
11402719
11403481
11407513
11407710
11408448
11452938
11458606
11458891
11462948
11463140
11464115
11464206
11464528
11464537
11464594
11464757
11464855
11465462
11465561
11465980
11466548
11466791
11467442
11467598
11467986
11468440
11468556
11469750
11470200
11470836
11472377
11472425
11472473
11473608
11473670
11475613
11476066
11476201
11477360
11478300
11480345
11499414
11499455
11499694
11499703
11500118
11500129
11500167
11500323
11500348
11500388
11500691
11500766
11500805
11501001
11501190
11501226
11501513
11501720
11501828
11502394
11502562
11502753
11502923
11503318
11504833
11504834
11504878
11504905
11505385
11505735
11505770
11505888
11506442
11506520
11507055
11507195
11507252
11507666
11507737
11507898
11507906
11508027
11508144
11508889
11509041
11509533
11509653
11509654
11511031
11511062
11511671
11511973
11512126
11512191
11512562
11512848
11512997
11513078
11513100
11513104
11513125
11513450
11513629
11514011
11514370
11514904
11515181
11515237
11515907
11516298
11517111
11517383
11517599
11517881
11517937
11518084
11518119
11533196
11533322
11534175
11536001
11536504
11536879
11537333
11537784
11538776
11538810
11539288
11541620
11541813
11542401
11543062
11543114
11543117
11543437
11544079
11544441
11545004
11565330
11569456
11572547
11574218
11574408
11574528
11574546
11574801
11575324
11575330
11575447
11575902
11576107
11576251
11576267
11576443
11576448
11576853
11577097
11577220
11577233
11577300
11577356
11577371
11577904
11578036
11578175
11578976
11579082
11579409
11579412
11579502
11580012
11580312
11580675
11580691
11580707
11580883
11580888
11581200
11581396
11581673
11581719
11581793
11582408
11582685
11582874
11583024
11583074
11583649
11583724
11584395
11584477
11584921
11585100
11585136
11585535
11585654
11585771
11586013
11586017
11586165
11586449
11586756
11586968
11586988
11587159
11587225
11587417
11588030
11588256
11588473
11588861
11589075
11589370
11589395
11589596
11590199
11590210
11590365
11590474
11590855
11590918
11591637
11591814
11592047
11592202
11592889
11594052
11594535
11594850
11595877
11596027
11596479
11596650
11596813
11597090
11597458
11598006
11598123
11598171
11600321
11601220
11601305
11602373
11602485
11602710
11602936
11603496
11603569
11603877
11604103
11604232
11604850
11605353
11605451
11605481
11606092
11608135
11608295
11608465
11610213
11614142
11633654
11635200
11636024
11636325
11637739
11638528
11639845
11641261
11642308
11644641
11647661
11686443
11686457
11686553
11686628
11686986
11687052
11687086
11687701
11688213
11688271
11688317
11688511
11689962
11690929
11690976
11691275
11692345
11692585
11692979
11693347
11693968
11694899
11694911
11695399
11696292
11696834
11697115
11697420
11697475
11697631
11698320
11698706
11698865
11700437
11700793
11701550
11701552
11701962
11705026
11733878
11734616
11734764
11735240
11735323
11735350
11735652
11735914
11736327
11736477
11736498
11736806
11737395
11737625
11737880
11738008
11738022
11738064
11738127
11738310
11738323
11738416
11738756
11738873
11739035
11739254
11739364
11739478
11739650
11739709
11739723
11740288
11740425
11740877
11741223
11741283
11741547
11741929
11742260
11742553
11742660
11742801
11742898
11743202
11743218
11743390
11743479
11743613
11743726
11743952
11744576
11745598
11745754
11745950
11746015
11746377
11746402
11746543
11746573
11747218
11747391
11747606
11747784
11748404
11748777
11749184
11749376
11749458
11749620
11749654
11750071
11750993
11751522
11752151
11768401
11771621
11772277
11772368
11796370
11802192
11802747
11803221
11803344
11803962
11804939
11804971
11805430
11805453
11805533
11805836
11808433
11808595
11810431
11811362
11811712
11812436
11813333
11813515
11813793
11814066
11815145
11815275
11815581
11815693
11816930
11817006
11819101
11821031
11821237
11821635
11822272
11822529
11823030
11823487
11823585
11823749
11823942
11824026
11824084
11824763
11824860
11824914
11825020
11825436
11825530
11825689
11825737
11825889
11825942
11826270
11826528
11826700
11827308
11827458
11827682
11827815
11827900
11827930
11827964
11829160
11829204
11829270
11829278
11829968
11830277
11830545
11830782
11830980
11831608
11831739
11831860
11832317
11832984
11833102
11833367
11833580
11833740
11833758
11833815
11834698
11834782
11834875
11835071
11835289
11835336
11835480
11835545
11836281
11836497
11837038
11837114
11837250
11837402
11837888
11837975
11838165
11838658
11838665
11838702
11838931
11838946
11839300
11839317
11839512
11839719
11839780
11839794
11840776
11853471
11853517
11853649
11853787
11853838
11853846
11854168
11854169
11854220
11854232
11854270
11854392
11854522
11854561
11854809
11855048
11855256
11855478
11855776
11855829
11856102
11856774
11856990
11857070
11857341
11857671
11858283
11858675
11858730
11858878
11858962
11859523
11859682
11860064
11860184
11860285
11860650
11860696
11860842
11860985
11861439
11861449
11861852
11861997
11862800
11862988
11863116
11863351
11863427
11863767
11863794
11864036
11864211
11864214
11864286
11864337
11864379
11864489
11864518
11864716
11864886
11865508
11865593
11865695
11865722
11865851
11866021
11866664
11867014
11867077
11867140
11867187
11867874
11868222
11868226
11868288
11868406
11868600
11869320
11869467
11870310
11870322
11871037
11871059
11871329
11871363
11875487
11936898
11939293
11946084
11946096
11947020
11947288
11948156
11948440
11949534
11949913
11950762
11950942
11951035
11951057
11951181
11951956
11953013
11954177
11989118
11992693
11997696
12003029
12003315
12005440
12023864
12024117
12024289
12024568
12025060
12025311
12025516
12025562
12025576
12026150
12026857
12027208
12027505
12027872
12027884
12028705
12029999
12030001
12030651
12031348
12032230
12032341
12033137
12033905
12034021
12034261
12034524
12034544
12035382
12035880
12036522
12036611
12036687
12037006
12038795
12039892
12041116
12041354
12041365
12041475
12042234
12043178
12043453
12043500
12043732
12044188
12044219
12044227
12044298
12044308
12044830
12045225
12045351
12045442
12046080
12046281
12046320
12046875
12047000
12047215
12047505
12047560
12047724
12047784
12048142
12048185
12048242
12048338
12048474
12048567
12048748
12048755
12048957
12049196
12049259
12049357
12050434
12050502
12050668
12050751
12050875
12051460
12051664
12052392
12052984
12053092
12056530
12056705
12072232
12072331
12072874
12072951
12073170
12073910
12074267
12074372
12074766
12074787
12074882
12076671
12076802
12077489
12077621
12078112
12078262
12079438
12079836
12080025
12080104
12080471
12080506
12080777
12080779
12081254
12081426
12081849
12081992
12082089
12082281
12082436
12082694
12083223
12083261
12083524
12083604
12083923
12083990
12084318
12084383
12084409
12085435
12085532
12085618
12085786
12086840
12087655
12087691
12088034
12088206
12088755
12089752
12093013
12224364
12224396
12224745
12224773
12224884
12225055
12225075
12225393
12226358
12226886
12227002
12227466
12227710
12228003
12228728
12228795
12229513
12229541
12229648
12229956
12230002
12230273
12230309
12230342
12230880
12231100
12231241
12231518
12232529
12232603
12233034
12233049
12233139
12233500
12233581
12233611
12233615
12233674
12233857
12233911
12233969
12234011
12234334
12234796
12234895
12235072
12236167
12236271
12237187
12237408
12237617
12237983
12238227
12238328
12238598
12238715
12238832
12239032
12239899
12362345
12363545
12363592
12363763
12363830
12363891
12364000
12364006
12364241
12364348
12364457
12364524
12364566
12364794
12365090
12365435
12365526
12365922
12366094
12366210
12366225
12367155
12367273
12367452
12367634
12367677
12368397
12368407
12368569
12368911
12369659
12370105
12370306
12370465
12371248
12371554
12371758
12371821
12372029
12372111
12372571
12372837
12373086
12373619
12373635
12374331
12375168
12375361
12375792
12375807
12375929
12376468
12376815
12376978
12377281
12377578
12377660
12378584
12382964
12388192
12400492
12404747
12406264
12413291
12413524
12413769
12414005
12414056
12414636
12414701
12414911
12415120
12415132
12415415
12415423
12415440
12415468
12415918
12416819
12417042
12417579
12417670
12417861
12417864
12418061
12418149
12418211
12418597
12419132
12419536
12419540
12419890
12420004
12420071
12420181
12420594
12420621
12420968
12421412
12421462
12421482
12421902
12422059
12422466
12423269
12424199
12424247
12424414
12424673
12424757
12425155
12425334
12425663
12425711
12426068
12426152
12426254
12426951
12427197
12427422
12428188
12429956
12431740
12441579
12447807
12486732
12486853
12486861
12487291
12487545
12487907
12488705
12488791
12488964
12489133
12489822
12490534
12490862
12491590
12491710
12491870
12492089
12492140
12492467
12492531
12492932
12492978
12493379
12493564
12493670
12493767
12493841
12494186
12494528
12495400
12495442
12495898
12495939
12496072
12496088
12496240
12497666
12497869
12497873
12498094
12498233
12498373
12498887
12498892
12498917
12499077
12499164
12499265
12499513
12499582
12500273
12500514
12500836
12501113
12501410
12501479
12501768
12501790
12501901
12502928
12507155
12519009
12534068
12534184
12534432
12534675
12535082
12535816
12535866
12536069
12536152
12536180
12536402
12536933
12537155
12537579
12538062
12538392
12538517
12538659
12539040
12539059
12539193
12539382
12540057
12540259
12540738
12540811
12541471
12541967
12541975
12542354
12542743
12542942
12542966
12544296
12544347
12544480
12544595
12544720
12544727
12544823
12545615
12545940
12545996
12546246
12546805
12547048
12547221
12547415
12549240
12549438
12549665
12549710
12549944
12550808
12550858
12551093
12552375
12553185
12553186
12553245
12553972
12553977
12554436
12554659
12554898
12555048
12556259
12556369
12558127
12558278
12558332
12558586
12559292
12559327
12559981
12560330
12560747
12564159
12570035
12573836
12574599
12575824
12577587
12660409
12681129
12688570
12688656
12688782
12689059
12689635
12689640
12690290
12690292
12690502
12691093
12691355
12691603
12691681
12691897
12692174
12692581
12692587
12693199
12693532
12693685
12693840
12693842
12693863
12694002
12694680
12694832
12694951
12694979
12695006
12695088
12695300
12695856
12696613
12696740
12696888
12696975
12697025
12697208
12697259
12697824
12697897
12697969
12698000
12698405
12698487
12698495
12698733
12698807
12699318
12699639
12699668
12700104
12700129
12700267
12700460
12700561
12700772
12701107
12701324
12701618
12701689
12701886
12701993
12702067
12702100
12702269
12708984
12742053
12742057
12742345
12742919
12743198
12743542
12744236
12744356
12745002
12745599
12746604
12746924
12747014
12747146
12747478
12747827
12748061
12749829
12750044
12750175
12751446
12751618
12752070
12752832
12754107
12754549
12754754
12756563
12757386
12760014
12807536
12807579
12807614
12807622
12809585
12810204
12810299
12810571
12810718
12811106
12811108
12811246
12812125
12812634
12812675
12813167
12813467
12813757
12813777
12814103
12814510
12814830
12814985
12815308
12815826
12816171
12817402
12826008
12936926
13027372
13031948
13039896
13041810
13127799
13127985
13131202
13131668
13134413
13134913
13135502
13136709
13136785
13136949
13137226
13137682
13138085
13138186
13138287
13139340
13139377
13139413
13139651
13139827
13139980
13140711
13141477
13141645
13141974
13142250
13142412
13142610
13142800
13143047
13143902
13144184
13144438
13145186
13145189
13145529
13145893
13146093
13146110
13146128
13146329
13146691
13146725
13147448
13147549
13148407
13152480
13171729
13172268
13172811
13172942
13174943
13177061
13177528
13177734
13177802
13177950
13178541
13180135
13180200
13181611
13181784
13181799
13182455
13182820
13182856
13183250
13183501
13183660
13183749
13184236
13184239
13184782
13185067
13185441
13185828
13185860
13185955
13185965
13186144
13186442
13187605
13187693
13188032
13188142
13188815
13188950
13189668
13189711
13190386
13190795
13191029
13191120
13191533
13191556
13191726
13192167
13192369
13192483
13192548
13196570
13197055
13228831
13242339
13328441
13330003
13330639
13330649
13330713
13331453
13331505
13331972
13331983
13332462
13332709
13332859
13333010
13333052
13333239
13333573
13333584
13333938
13334644
13335075
13335172
13336104
13336433
13336768
13336795
13337195
13337773
13338005
13338659
13356179
13357543
13357557
13362282
13362565
13363942
13365251
13365563
13365664
13367627
13368110
13368539
13369192
13369615
13376209
13382148
13383267
13383296
13383601
13384220
13384976
13385548
13385918
13386219
13388850
13389426
13389598
13390247
13391467
13392096
13392319
13393965
13394381
13395453
13396236
13396803
13397476
13398614
13400208
13406334
13424798
13425340
13427113
13427228
13430407
13448386
13449070
13449270
13449411
13449741
13449915
13450050
13450698
13450746
13451170
13451694
13451835
13451880
13452238
13452255
13453226
13453598
13453652
13454311
13454680
13455003
13455202
13455266
13455409
13455435
13455727
13455921
13456132
13456390
13456681
13456890
13456959
13457225
13457518
13457798
13458094
13458138
13459020
13459489
13459568
13461227
13462813
13463211
13464148
13465031
13465273
13467209
13472587
13475091
13484283
13484689
13485346
13485534
13486925
13486975
13487014
13488039
13488492
13488746
13488863
13489138
13490047
13490328
13491063
13491216
13491692
13491821
13492157
13492477
13493034
13493416
13493529
13493591
13494492
13494968
13495833
13496639
13496771
13497081
13497382
13497772
13497875
13498396
13499187
13500263
13500869
13502588
13514054
13514953
13514958
13515614
13515886
13516017
13516533
13516761
13517205
13517585
13517755
13517934
13518290
13518332
13518626
13518653
13518923
13519310
13519334
13519532
13520355
13520542
13520833
13520880
13521393
13521454
13521499
13521872
13522160
13522225
13522273
13522435
13522572
13522700
13523165
13523185
13523543
13524490
13524664
13525112
13525134
13525200
13525263
13525330
13530844
13532423
13540115
13540224
13540284
13540325
13540674
13540682
13540871
13541374
13541514
13542005
13542073
13542121
13542600
13542750
13543165
13543817
13543908
13544756
13544831
13545441
13545591
13546377
13546459
13546886
13546975
13547422
13547471
13547518
13547591
13547902
13548326
13548807
13548831
13549002
13549031
13549202
13549662
13550055
13550276
13551256
13551692
13551701
13552194
13552269
13553922
13554421
13554520
13554907
13555044
13555366
13555418
13555440
13555568
13555924
13556443
13556475
13556602
13557051
13557248
13557486
13557941
13558110
13558608
13558894
13558897
13559403
13559494
13559688
13560018
13560252
13560353
13560399
13560675
13560819
13560854
13562075
13562274
13562344
13562364
13562886
13563063
13563160
13563766
13564046
13564073
13564295
13564638
13565141
13565258
13565485
13565608
13565844
13566055
13566325
13566360
13566762
13566777
13566981
13567000
13567374
13567498
13567759
13568289
13568356
13568423
13568464
13568859
13569291
13569658
13569822
13569856
13569875
13570007
13570542
13570694
13571317
13572000
13572062
13572273
13573385
13573423
13573516
13573533
13574219
13575011
13576094
13582013
13582611
13583425
13587130
13588271
13592209
13593037
13617859
13618051
13618235
13618455
13619034
13619165
13619210
13619525
13620450
13621346
13622040
13622061
13622181
13622298
13622347
13622401
13622456
13622493
13622627
13623581
13623991
13624299
13624541
13624680
13624882
13625050
13625098
13625532
13625695
13625707
13625942
13626216
13626337
13626869
13627223
13627752
13628148
13629354
13783922
13787443
13790844
13893044
13893312
13893365
13893873
13894112
13894138
13894353
13894486
13894624
13895154
13895641
13895644
13895710
13895725
13896011
13896327
13896341
13896440
13896650
13896901
13897092
13897500
13898029
13898040
13898323
13898406
13898490
13899918
13900204
13900279
13900703
13900856
13901919
13901942
13902215
13902618
13902644
13903091
13903516
13904006
13904069
13904260
13904528
13904733
13904811
13904843
13905073
13905176
13905380
13906097
13906343
13907131
13907324
13907386
13907634
13907838
13907895
13912015
13912477
13914740
13915559
13915644
13926658
14157797
14157934
14158867
14159278
14159633
14159679
14159799
14159887
14160372
14160648
14160756
14160961
14161387
14161429
14161829
14161880
14162093
14162742
14162940
14163088
14164114
14164275
14164741
14165534
14165667
14166615
14167081
14167286
14167397
14167873
14168347
14168603
14169136
14169214
14169285
14169399
14169488
14169530
14169650
14170712
14170903
14171446
14171841
14172209
14172431
14172691
14172735
14174556
14174745
14175069
14175450
14175564
14175907
14175908
14177194
14177246
14177768
14178004
14179041
14180092
14180428
14181001
14181708
14181727
14184645
14184774
14185111
14186421
14186924
14187428
14188495
14188875
14190874
14207109
14207417
14207543
14208338
14208447
14208854
14209492
14209636
14210161
14210359
14211270
14211317
14211489
14211736
14211918
14212042
14212623
14212723
14213110
14213473
14213947
14214122
14214169
14214358
14215446
14215448
14215531
14216249
14216452
14216608
14217170
14217265
14218569
14219427
14219990
14220377
14220541
14221363
14221846
14222610
14222793
14223580
14224648
14224723
14225518
14225722
14225785
14225877
14229449
14230486
14231416
14231824
14232252
14232275
14232326
14232850
14233443
14233759
14233798
14233895
14234926
14235358
14235384
14238676
14238728
14240248
14343119
14343580
14343943
14344097
14344317
14344333
14345363
14346018
14346533
14346898
14346994
14347299
14348352
14348765
14348783
14348811
14348821
14348995
14349191
14350442
14350450
14351244
14351463
14351490
14351644
14351746
14351983
14352154
14352427
14352698
14353106
14353774
14353936
14353968
14354063
14354795
14354942
14355448
14355628
14355829
14356115
14356748
14356763
14358540
14358992
14359375
14359377
14362239
14364574
14365290
14371141
14371565
14371802
14371901
14371987
14372510
14372854
14373070
14373242
14373472
14373639
14373719
14373884
14374006
14374017
14374785
14374904
14374982
14374992
14375274
14375840
14377202
14377485
14378312
14378484
14379487
14379780
14379922
14380114
14380814
14381110
14381537
14381668
14381845
14382620
14383732
14384157
14384977
14385254
14385398
14386327
14386472
14386606
14386864
14387087
14387185
14387376
14387666
14387790
14387894
14388544
14388864
14389371
14390414
14390582
14390756
14391031
14391167
14391738
14392500
14392566
14393887
14393980
14394593
14394781
14395332
14395551
14395896
14396125
14396774
14398255
14398624
14398662
14398993
14399609
14399764
14400153
14405519
14408717
14438178
14514516
14521039
14521426
14521991
14522161
14527795
14527991
14530161
14530441
14531533
14531539
14532077
14534255
14536858
14538462
14539348
14582139
14582153
14583169
14583969
14584073
14584719
14585045
14585221
14587330
14588215
14588806
14588840
14593592
14593675
14608096
14613281
14617360
14619019
14624222
14630925
14631506
14684375
14684930
14685100
14685392
14686046
14686075
14686351
14686442
14686915
14686922
14687167
14687281
14687773
14687917
14688249
14688413
14688435
14688543
14689314
14689675
14689774
14689787
14689812
14689912
14690379
14690422
14690576
14691092
14691138
14691259
14691582
14691659
14691828
14691915
14692004
14692174
14692683
14693012
14694420
14694767
14694868
14695360
14695461
14695628
14695674
14696468
14696970
14697360
14697434
14697499
14697735
14697768
14698167
14698458
14698719
14698959
14699030
14699227
14699732
14700642
14703262
14706246
14713355
14713640
14714016
14715219
14715751
14719488
14719682
14721361
14722084
14722163
14723638
14724054
14724390
14725619
14728235
14734224
14756374
14756390
14756578
14757045
14757144
14757292
14757620
14757930
14757984
14758065
14758272
14758738
14758831
14759065
14759286
14759686
14759815
14760005
14760060
14760115
14760280
14760504
14760567
14760965
14761774
14761892
14762058
14762787
14763500
14763623
14763859
14764265
14764608
14764706
14765407
14765606
14804548
14831576
14832948
14833863
14834557
14840286
14841872
14843144
14843701
14844346
14846177
14848821
14885504
14923200
14923312
14923833
14924080
14925546
14925561
14927383
14929449
14929894
14931896
14931932
14935060
14939042
14941928
14965744
14966144
14971272
14971286
14971860
14972173
14973544
14974219
14974916
14980068
14981762
15014550
15020604
15023487
15024204
15025621
15028527
15030046
15083564
15083576
15083626
15083637
15084466
15084676
15084695
15084928
15084954
15085015
15085124
15085262
15085573
15086062
15086064
15086338
15086668
15087320
15087582
15087878
15088273
15088279
15088368
15088435
15088591
15088796
15088886
15089537
15089556
15089580
15089586
15089867
15090221
15090347
15090940
15091029
15091093
15091106
15091442
15092416
15092525
15092559
15092785
15093796
15093915
15094021
15094406
15094482
15094800
15094841
15095120
15100571
15133252
15133377
15133473
15133714
15134734
15135316
15135803
15135966
15136005
15137060
15137265
15137383
15137598
15137835
15137958
15138155
15138213
15138546
15138738
15138802
15139429
15139495
15139501
15139686
15139756
15140446
15140586
15140816
15141065
15141083
15141744
15142009
15142172
15142219
15142237
15142275
15142594
15142875
15142926
15143209
15143402
15143982
15145593
15148475
15164052
15164366
15164372
15164612
15164891
15164911
15165725
15166438
15166851
15166924
15166955
15167130
15167279
15167286
15167339
15167375
15167735
15167820
15168473
15168678
15168683
15168706
15168840
15168852
15168884
15168917
15169010
15169135
15169145
15169414
15169561
15169672
15169766
15170174
15170456
15170463
15170676
15171298
15171765
15172690
15172739
15172887
15173439
15174068
15174129
15174483
15174535
15174602
15174882
15175178
15175323
15175347
15175817
15176205
15176301
15176366
15176643
15176865
15177083
15177626
15177819
15178131
15178406
15178507
15179490
15179640
15179795
15180066
15180510
15180634
15180659
15180764
15180768
15180777
15180778
15180810
15180996
15181365
15181438
15181777
15182368
15182484
15182503
15182877
15183019
15183476
15184620
15184878
15251297
15251782
15253624
15298055
15298966
15300076
15301576
15301630
15302880
15305952
15307101
15307514
15311391
15312419
15320130
15360106
15360309
15361190
15361522
15361634
15362654
15363080
15363271
15363277
15364095
15365623
15365820
15368609
15368698
15369117
15370176
15370781
15371437
15373148
15373757
15374313
15379255
15380989
15381492
15383533
15385307
15390519
15390816
15407274
15407439
15411111
15411565
15417378
15418015
15424751
15424991
15427257
15431271
15431489
15436516
15437849
15519126
15570087
15574364
15578571
15580052
15592876
15592984
15593081
15594056
15595301
15596163
15596474
15597318
15598249
15599488
15599585
15599665
15601398
15602156
15602354
15602538
15602692
15603666
15605475
15605982
15606461
15607215
15608094
15608234
15608835
15609250
15609735
15609794
15610136
15610219
15610688
15610713
15611257
15612033
15612067
15613359
15613898
15615006
15615475
15615499
15615742
15616468
15616794
15617243
15617772
15617791
15618135
15618286
15618633
15619062
15620499
15620891
15621297
15622351
15622564
15623067
15623500
15627818
15628305
15644901
15644982
15645145
15646289
15648851
15649254
15650988
15651048
15653028
15653512
15654037
15657641
15660113
15660316
15660585
15664880
15758291
15762152
15769812
15770184
15770482
15771099
15771384
15771420
15771610
15771831
15771910
15772200
15772621
15773047
15773587
15773655
15773791
15773843
15774546
15774833
15775542
15775554
15775713
15775823
15775928
15776329
15776569
15776656
15777146
15777415
15777522
15777724
15777904
15778057
15778169
15778172
15778577
15779488
15779817
15780840
15781169
15804845
15814120
15823112
15828380
15828969
15831197
15831697
15832614
15835447
15837721
15838147
15839590
15840436
15840602
15842288
15842333
15842372
15843533
15843797
15843990
15844044
15844248
15844791
15844823
15844837
15844867
15845403
15846679
15846727
15848254
15848607
15848684
15848780
15848839
15848846
15849067
15849120
15849381
15849417
15849860
15850139
15851234
15851249
15851355
15851542
15851991
15852173
15852487
15852915
15854082
15854152
15854374
15860116
15861809
15887300
15887965
15888401
15889409
15889686
15890641
15891262
15891267
15893438
15894542
15894736
15894804
15895060
15895410
15895646
15895987
15896472
15896914
15896987
15897522
15897767
15898145
15898718
15899990
15900300
15901008
15901456
15901690
15903271
15903335
15903398
15903426
15903433
15904009
15905029
15905380
15905736
15905901
15905955
15906176
15906248
15906505
15906506
15906837
15907537
15907785
15907955
15908170
15908225
15908320
15908513
15908558
15908800
15909131
15909191
15909259
15909361
15909750
15909951
15910118
15910684
15911471
15912392
15912709
15912981
15913291
15914102
15914161
15914508
15914534
15915004
15915482
15915902
15915919
15916150
15916219
15916516
15916727
15916834
15916928
15918113
15918370
15921444
15922454
15922780
15952107
15952122
16022318
16022872
16023189
16024465
16026002
16026159
16026410
16027168
16028612
16028861
16029726
16032557
16033974
16036045
16050828
16133518
16134899
16136674
16137994
16138067
16139458
16141060
16141864
16143047
16143937
16145619
16146579
16146812
16147729
16147954
16151455
16157425
16159949
16170565
16174303
16178686
16180334
16192253
16337011
16337354
16338590
16340714
16341182
16413327
16413357
16413585
16413704
16413958
16413980
16414095
16415024
16415475
16415800
16415807
16416089
16417158
16417249
16417535
16417657
16418106
16419275
16421289
16421937
16421958
16422062
16422134
16422370
16422725
16423892
16426843
16426985
16433744
16436718
16436862
16455675
16455964
16456775
16459274
16459567
16460949
16461423
16461511
16462753
16463963
16464256
16465131
16468619
16486901
16509606
16516022
16518686
16519037
16524766
16698254
16700124
16700231
16700411
16700591
16700838
16700969
16701322
16702056
16703450
16703681
16704206
16704365
16704378
16704843
16704964
16705134
16706449
16706509
16706738
16706802
16707312
16707440
16707540
16707605
16707835
16708083
16708368
16708529
16708534
16709355
16709381
16709798
16709867
16710055
16710829
16711199
16711328
16711647
16711831
16712256
16712500
16712709
16713063
16713494
16713981
16714097
16714106
16714196
16714792
16716276
16718812
16784703
16788915
16790064
16792271
16802110
16821157
16821632
16823233
16823925
16824092
16824248
16825254
16826423
16826575
16827355
16830513
16831645
16832155
16833731
16837004
16838135
16855578
16953933
16954907
16957161
16957999
16958468
16963071
16963966
16964937
16966117
16966236
16967095
16969030
16970589
16970863
16972582
16973359
16973455
16973830
16974509
16975151
16975546
16976617
16980248
16981689
16983368
16984601
17054173
17054687
17056138
17057199
17057593
17058319
17058444
17058593
17059751
17059822
17061709
17063151
17063359
17064911
17065091
17067333
17070456
17109255
17109645
17109736
17110335
17110493
17110710
17111929
17112430
17112809
17113823
17114127
17114582
17115310
17116398
17116794
17116898
17117063
17117396
17118203
17119424
17120442
17120560
17120718
17121310
17124593
17126627
17389035
17389182
17389636
17389820
17391554
17392114
17393323
17393383
17393443
17394012
17395444
17396530
17396550
17396778
17397323
17397596
17397627
17397643
17403871
17404823
17458928
17511543
17511558
17512948
17512952
17513075
17513163
17513485
17514797
17514892
17515272
17515381
17516440
17516988
17517079
17517929
17518426
17518711
17519217
17519235
17519361
17519733
17520140
17520484
17521452
17521606
17522150
17540041
17540532
17541111
17544085
17544331
17544847
17544972
17545260
17545500
17545508
17545797
17547096
17548771
17550848
17551636
17554101
17564194
17566153
17567873
17604799
17605812
17607573
17607949
17608654
17610251
17610611
17610932
17613078
17613160
17613718
17614053
17615001
17617791
17622630
17668400
17692395
17692481
17700587
17701105
17709933
17716051
17732671
17742448
17914916
17915129
17963184
17964533
17964790
17967664
17967740
17968018
17968282
17976166
17976236
18013038
18013387
18013703
18014606
18015630
18015641
18015738
18015984
18016647
18016776
18016862
18018385
18018409
18018813
18018816
18018826
18019227
18019682
18019962
18019988
18020445
18020645
18021209
18021265
18021608
18021860
18022504
18022607
18022804
18022875
18025244
18025636
18025895
18025911
18026292
18026300
18026488
18028125
18029231
18029761
18042950
18043840
18044759
18045779
18046162
18046199
18047743
18048914
18049287
18049572
18050630
18050760
18051438
18051859
18052073
18052316
18052993
18053007
18053516
18053846
18053978
18054066
18055348
18055390
18056242
18057780
18058439
18058461
18058546
18060947
18063036
18064666
18064869
18067793
18070293
18070485
18070604
18070846
18073732
18073938
18084975
18090671
18092153
18092331
18092724
18093233
18093698
18093942
18094268
18094550
18095030
18095358
18095371
18095421
18095743
18095998
18096074
18096241
18096316
18096488
18096543
18096609
18096698
18096876
18096941
18097167
18097212
18097282
18097382
18097629
18097657
18098057
18098845
18098914
18099246
18099291
18099776
18099996
18100565
18100635
18100660
18101321
18101860
18102243
18102593
18102596
18102822
18103615
18103714
18103761
18103800
18103992
18104214
18105505
18106120
18111258
18124850
18125349
18125419
18125426
18125649
18125667
18126062
18126309
18126446
18126612
18127063
18127506
18127524
18127581
18127720
18127806
18127975
18128129
18128469
18128821
18128833
18129378
18129520
18129554
18129696
18129744
18129933
18130015
18130076
18130124
18130754
18130763
18130870
18131288
18131329
18131568
18131793
18132026
18132174
18132282
18132703
18132704
18133151
18134079
18134771
18135340
18135668
18135671
18136531
18138551
18141611
18141836
18162205
18171572
18207256
18218604
18274661
18332942
18333421
18334704
18335015
18335137
18335888
18337378
18337745
18338591
18338939
18339259
18339716
18339961
18340483
18341033
18341873
18342229
18343002
18343367
18343534
18343582
18343681
18344210
18344219
18344416
18344519
18344601
18345168
18345580
18348161
18348376
18348387
18348673
18349245
18349644
18349954
18350545
18350963
18351302
18351378
18352268
18354249
18355507
18370652
18386154
18386318
18387428
18389409
18389724
18390310
18391621
18391767
18392243
18392826
18393957
18394386
18394694
18395871
18395969
18466432
18466436
18466898
18467189
18468057
18469207
18469214
18469508
18470364
18470719
18470726
18471926
18474410
18474499
18474666
18475055
18475406
18476375
18476971
18477296
18480302
18480680
18481059
18511378
18534777
18537219
18537492
18537568
18537957
18538212
18540094
18540184
18541890
18544743
18545193
18545339
18545443
18547413
18548583
18548589
18548699
18550485
18553858
