215
258
472
2685
7675
9648
10439
11843
14341
17045
17694
20061
21234
22845
23080
25091
28710
32237
32313
34539
35986
42910
42984
43267
44245
44599
45373
47162
49871
50309
53904
55066
58888
59150
60539
64296
66904
74756
75434
75842
81257
84081
86031
86575
88604
89882
89893
90303
90632
90638
91193
91295
93467
94083
94816
98474
99112
103589
104072
104410
104439
104565
105312
107637
113195
113326
116106
118872
119468
119820
120012
122346
125538
125607
133381
137199
137618
139839
148826
149325
154666
156879
162588
163252
165828
165934
166887
167781
168533
168570
169196
173763
175838
177315
179057
182654
183896
184266
185055
185391
186992
187631
188565
188586
188941
189391
191261
192677
197597
198382
199517
201918
203160
212798
214420
216245
217172
217182
217694
228932
232175
233271
234923
235680
236463
238530
240004
241462
247273
252721
254543
255686
256229
258114
258664
259094
259575
261289
262931
264156
264370
266654
268021
268263
272606
274002
276287
276828
281793
282912
283581
289791
290871
290992
295283
295475
296994
297865
302128
304801
305661
307157
308513
308952
312680
314902
318359
320215
321562
322511
322534
322537
326288
327414
327887
328515
330171
331609
331883
333510
333808
336592
337741
344900
345660
345873
351629
352403
354705
355486
357666
357760
365723
370060
371843
371888
372140
373253
374321
375229
375845
378495
379054
380684
383706
385011
389165
394939
398115
398465
401240
407800
408391
408855
409506
410213
412290
413362
415796
416772
419782
422347
427557
428330
428895
429176
437833
438435
438554
439635
442536
446609
448087
448131
448506
449324
451872
452494
453242
459318
459456
462669
462902
464045
466684
466810
468411
468468
469054
470092
476299
476664
480643
480648
481693
482839
484106
486088
487174
489022
493956
496454
497830
498459
499359
502826
504386
510510
513948
514629
515475
515504
516257
517352
519365
522056
522156
523983
526495
528318
528451
531066
532244
532930
533530
534188
534908
536907
542329
545195
546595
548264
549096
549845
549995
550156
550537
551728
553778
554262
556449
557231
561371
564083
567858
568545
572024
572068
574492
577537
579233
581192
583339
584146
584242
588232
588622
589608
589941
590494
591591
592474
593056
595724
597878
598283
600418
600981
603241
604681
606769
607672
609678
609709
610648
611719
617111
623022
624078
624638
624977
625555
627392
627745
627928
629063
629802
634613
635081
635091
636454
636952
640220
642239
645305
645927
646075
646490
647433
647859
651303
652472
653308
653658
654704
655715
657648
660383
661788
662455
663247
665650
666035
666258
666974
669272
671335
671576
674977
675040
675484
677064
678029
678381
681741
683556
684819
685427
687672
692197
693222
697339
699350
699397
700951
706342
707719
707825
708812
710052
711433
714214
716729
717065
717525
718372
722569
723639
727071
727435
730333
731607
732533
735651
736617
738736
741956
743360
747894
749743
750892
752003
752539
752685
753736
754449
758582
762656
763139
764210
764861
767424
771964
772118
772420
772734
773866
773940
775544
778048
778322
781436
781630
782149
783495
785748
786205
786582
786847
788302
788322
788560
791505
792553
793998
796463
796860
797084
799758
801266
801985
805305
807065
808639
810368
810627
814357
819111
820640
820925
825624
825651
826888
827282
828352
831979
832480
833333
833959
834604
836385
839246
841088
842495
842926
844919
846457
850530
851457
851643
853783
858788
859505
866931
869072
871688
872447
873457
875862
876760
877214
881810
882149
882255
883012
884614
885492
887998
890140
894007
906943
911839
912054
913197
913880
917630
922556
924283
925339
925935
925959
928547
928589
928808
929597
931410
933606
935403
937674
938611
944019
946846
949205
951008
951550
954119
954165
955559
955981
961300
961764
966306
968139
976122
980114
981141
981931
983566
983828
987452
988224
988492
990577
996028
997036
997800
999912
1002032
1002715
1005834
1005950
1008453
1011496
1018365
1018726
1018896
1021278
1026172
1027481
1027534
1029061
1030900
1035798
1036238
1037773
1039234
1043227
1044339
1044396
1044658
1046456
1048310
1060958
1061203
1062340
1064927
1072760
1075783
1078322
1079040
1079211
1079843
1081756
1082079
1083305
1090598
1092738
1095751
1096407
1097474
1101706
1102532
1104411
1105671
1109808
1109968
1110676
1112490
1121857
1121923
1123659
1123915
1124718
1126120
1127717
1128808
1131749
1134786
1135336
1137241
1137517
1138233
1138531
1139140
1144384
1145055
1146660
1151348
1157373
1158377
1159458
1159966
1160030
1160230
1162357
1163105
1164048
1165115
1166829
1167651
1167924
1169808
1170433
1173332
1174003
1174598
1177557
1179700
1181722
1182519
1183666
1184182
1184309
1190531
1195926
1198251
1198926
1198951
1200049
1200691
1201028
1201327
1204077
1206532
1210084
1211957
1212500
1226341
1228857
1229784
1230550
1231294
1235132
1235499
1236502
1237758
1238457
1239773
1242611
1249189
1249790
1250332
1253663
1254961
1257101
1257582
1259258
1259623
1260172
1265698
1266069
1266098
1273750
1276629
1280507
1280893
1281092
1284255
1286266
1288713
1289582
1291421
1293446
1298838
1299356
1301705
1302498
1302759
1303313
1308719
1308936
1310673
1313257
1314702
1320300
1325693
1328710
1331182
1332525
1334796
1335512
1336377
1342429
1342519
1344838
1352955
1356832
1360604
1360847
1362366
1364315
1364545
1366723
1369670
1372079
1372792
1374000
1378885
1378968
1379191
1379222
1379841
1380101
1386557
1391153
1392265
1393804
1396032
1396945
1398649
1400086
1400595
1401474
1403348
1403808
1408488
1408998
1413325
1414567
1414993
1415018
1421893
1423771
1424239
1429621
1431631
1432452
1433488
1433625
1435568
1436032
1441180
1442763
1444162
1444198
1446349
1449505
1453369
1454810
1454893
1455975
1457869
1460900
1462330
1467774
1470510
1470884
1471194
1472378
1473047
1473771
1474099
1477594
1478976
1479908
1482699
1483473
1484763
1485150
1486948
1488622
1488633
1491428
1491575
1491653
1492411
1494968
1495917
1497412
1499246
1499780
1500243
1504996
1510335
1510557
1511418
1511600
1513612
1513640
1522573
1522708
1525466
1527021
1527203
1527613
1528523
1529491
1532867
1535666
1537260
1538072
1538849
1540861
1541283
1542934
1543963
1544498
1546151
1546315
1547702
1551884
1553812
1555291
1555681
1555838
1556790
1558259
1559391
1560450
1564484
1565530
1568345
1570736
1571459
1571640
1572367
1572379
1578093
1580819
1582105
1586086
1593619
1594298
1596813
1597371
1597645
1600699
1604790
1607524
1608272
1608950
1609631
1611091
1611505
1612164
1613012
1613527
1614294
1616564
1616697
1616710
1616873
1618218
1621603
1622242
1623156
1624226
1629031
1632504
1634954
1638984
1644499
1644846
1646964
1648376
1651009
1652340
1654432
1655278
1655636
1655813
1658512
1660814
1662385
1662877
1663027
1663701
1667870
1668868
1675635
1675765
1677901
1680192
1687287
1687824
1688096
1694071
1696187
1696961
1696972
1699508
1700299
1700697
1700739
1703744
1704905
1707386
1707978
1710899
1711056
1718844
1719255
1723140
1723654
1724297
1725140
1726245
1729473
1730830
1733031
1736946
1739490
1740858
1741176
1742991
1744058
1746510
1746779
1748140
1752130
1755012
1756003
1758065
1759509
1761803
1762384
1764230
1764894
1765774
1766238
1769639
1771489
1772574
1777935
1780258
1783514
1784276
1786126
1786687
1790806
1791684
1793203
1794004
1794949
1796093
1800263
1802516
1802607
1803165
1803419
1804035
1804192
1807235
1810131
1810316
1810904
1813414
1815551
1817695
1818642
1823542
1824160
1824404
1830109
1831598
1831966
1834873
1835838
1838012
1839849
1842238
1844541
1844749
1847578
1848611
1848976
1849222
1852366
1853130
1856130
1860412
1863387
1864554
1869110
1872112
1872201
1872540
1873032
1873863
1876491
1876789
1876885
1881966
1885144
1885272
1888135
1890131
1890241
1891522
1893326
1894005
1899119
1899545
1900232
1901729
1907097
1909837
1910192
1911949
1915812
1916143
1916594
1921759
1922599
1923642
1925172
1928677
1930179
1932192
1933529
1934302
1934669
1938914
1939385
1940191
1941724
1942649
1947397
1951041
1952562
1954685
1959077
1967147
1971370
1972740
1972971
1973826
1974550
1975101
1976126
1976172
1977649
1978351
1982351
1982693
1986740
1987809
1991092
1994052
1994685
1994794
1999840
2000253
2000350
2002208
2003872
2004369
2005016
2008010
2008612
2009663
2009775
2009903
2011015
2012089
2014890
2015364
2016009
2016614
2018750
2019369
2023630
2027831
2031126
2035743
2039836
2040208
2043070
2047267
2047833
2048443
2049614
2052512
2056509
2057263
2057374
2057597
2060711
2061485
2064333
2065602
2065907
2067291
2068508
2073084
2077744
2079907
2088430
2090640
2095363
2099079
2099221
2099222
2100080
2100408
2101024
2101665
2104340
2105810
2108653
2109499
2110306
2112452
2113031
2119379
2121750
2127832
2128147
2128323
2128998
2129939
2129987
2130902
2131343
2133350
2135860
2136813
2137348
2138634
2138683
2139701
2142780
2145086
2147272
2150459
2152079
2155327
2160286
2170951
2173358
2173812
2174510
2175730
2176651
2178961
2184313
2184375
2184867
2186319
2186647
2192237
2193089
2193750
2196702
2196843
2197122
2200129
2200432
2203471
2205758
2212546
2215341
2216249
2217328
2218642
2221147
2222066
2223259
2225933
2226750
2236414
2238382
2242939
2243988
2244006
2245640
2247715
2247780
2248416
2251084
2253232
2254124
2254988
2255774
2260414
2260578
2260776
2267053
2268034
2268149
2268569
2269238
2270512
2276724
2281112
2285322
2286297
2286467
2289083
2292843
2297096
2298210
2299861
2303215
2311904
2312346
2313116
2313664
2316395
2317309
2318424
2319858
2322495
2322792
2324352
2329787
2329978
2331311
2335567
2340869
2341236
2342474
2344441
2344564
2344781
2346738
2347180
2351519
2352645
2353314
2353757
2355669
2360076
2363530
2365104
2366301
2367382
2368095
2369876
2370482
2373553
2377185
2378493
2382219
2383863
2387840
2388727
2389323
2389334
2389576
2390398
2390741
2390841
2392135
2395700
2396904
2397355
2398445
2399688
2400144
2400649
2402937
2408689
2410133
2410454
2410572
2411533
2411638
2411652
2416501
2417749
2424133
2426181
2426219
2429446
2429895
2433401
2434289
2437271
2437432
2438083
2441925
2442076
2442312
2444374
2446097
2446705
2446842
2447382
2448581
2448694
2450374
2451264
2456944
2457883
2458376
2458484
2458609
2459516
2460287
2462418
2462942
2463122
2466739
2466817
2467546
2470109
2470708
2471456
2473596
2474283
2475231
2475284
2476706
2477014
2478309
2481990
2492598
2495172
2495458
2498280
2501913
2505296
2505730
2512505
2512782
2513293
2513412
2514018
2517321
2519791
2521165
2522448
2523395
2524355
2525269
2528391
2529404
2531365
2532359
2540500
2547845
2551974
2552322
2558859
2559042
2564779
2567546
2568276
2568647
2569019
2570988
2576326
2576629
2577840
2578174
2578747
2580346
2583551
2584607
2584632
2584642
2589800
2590731
2591404
2593084
2597416
2599836
2601864
2602257
2606505
2608332
2612513
2618691
2618727
2619218
2621639
2622745
2624148
2624265
2625298
2625319
2627010
2628315
2628515
2629080
2631825
2631994
2633115
2639535
2639584
2640258
2641021
2642995
2643740
2647753
2648089
2648443
2649144
2649235
2650732
2652587
2653089
2653892
2655535
2664970
2665744
2667307
2668347
2673046
2676856
2677948
2678079
2678970
2679606
2682072
2682751
2684249
2684379
2684732
2685369
2689173
2689201
2691480
2692771
2693978
2699263
2699429
2701410
2702310
2703609
2704206
2704615
2705248
2715637
2721444
2723012
2726032
2726964
2732119
2733879
2734787
2737061
2737613
2737813
2737926
2740933
2743036
2744993
2745675
2746734
2746842
2747836
2747910
2749211
2749783
2755715
2756438
2761261
2761289
2761651
2763538
2766129
2766640
2767797
2774835
2778227
2778686
2779045
2781797
2783630
2783791
2784482
2785451
2787627
2789925
2790175
2790962
2791067
2791477
2791634
2793286
2793693
2795617
2799847
2800911
2802816
2808379
2810826
2811821
2813136
2817431
2818152
2818541
2820043
2821514
2824731
2830528
2831097
2832872
2839603
2839648
2841034
2845746
2846181
2846785
2847486
2849429
2860662
2861131
2862919
2866026
2867373
2869404
2870130
2873130
2874960
2875507
2875737
2877588
2884339
2885963
2886449
2891490
2891761
2902178
2904571
2905031
2912751
2915449
2916885
2919294
2920036
2920616
2924769
2925769
2927653
2927903
2928453
2931593
2934142
2935085
2936218
2937543
2938524
2941181
2942334
2943124
2944312
2945825
2949422
2950114
2950214
2951807
2954720
2954827
2955554
2957124
2957816
2958773
2959352
2962667
2963336
2966687
2970007
2970285
2970675
2972524
2973877
2973962
2974652
2975529
2977218
2984045
2984302
2985747
2986768
2988186
2992502
2992812
2993255
2993902
2998279
2998755
3004862
3005321
3006401
3007333
3010513
3010772
3014082
3022419
3022905
3023187
3025446
3026009
3026181
3028465
3028833
3029817
3029908
3031114
3031196
3031285
3033770
3033775
3042101
3044566
3046429
3047160
3047490
3049692
3052440
3052643
3055441
3056143
3057177
3063498
3064214
3068913
3069931
3073022
3074843
3075629
3077827
3078500
3079685
3081087
3081564
3083957
3085619
3086193
3087328
3087562
3088858
3090747
3092216
3094570
3096902
3097224
3099162
3104362
3106686
3109130
3109722
3111833
3115813
3119444
3120823
3121044
3121529
3121579
3121944
3127515
3127650
3128647
3130812
3131045
3131465
3132993
3133857
3135073
3136732
3137617
3144615
3148768
3150504
3150635
3155498
3157183
3157422
3160354
3161137
3161651
3162670
3163042
3163345
3165077
3168291
3171381
3172629
3174292
3174713
3177547
3177906
3178462
3182477
3185303
3185858
3193923
3194463
3194900
3199665
3200886
3201569
3202722
3203184
3203487
3204067
3206179
3214540
3214685
3216340
3216693
3218161
3220893
3221322
3222061
3222626
3224777
3225720
3228740
3229010
3229300
3230250
3230632
3232111
3234272
3235064
3239297
3239379
3240072
3241060
3242403
3243866
3246394
3246652
3248280
3249201
3250535
3251661
3254506
3255132
3255171
3256438
3256718
3260404
3260856
3261503
3262362
3266042
3267845
3268702
3270579
3271245
3271290
3271650
3274522
3275383
3275691
3278138
3280162
3280935
3281016
3282714
3284034
3286238
3286575
3286660
3286782
3288019
3291433
3291513
3295802
3296034
3297304
3302950
3308106
3309966
3314323
3317888
3320861
3324721
3328528
3328841
3330752
3335931
3337441
3338134
3338479
3339778
3341113
3341261
3341331
3342034
3342728
3343695
3343711
3343780
3344984
3347672
3348901
3351756
3352672
3353423
3358069
3358622
3359393
3360947
3372052
3372723
3373015
3373802
3374017
3381113
3382820
3389503
3390230
3397274
3399150
3402800
3404847
3406034
3407192
3408653
3410627
3414565
3415388
3416785
3417207
3417711
3419838
3420870
3427316
3428439
3431297
3431848
3432127
3433206
3433693
3437024
3437497
3438078
3439865
3441012
3441453
3442023
3443087
3448305
3448469
3449429
3452712
3454092
3456096
3457023
3462737
3463522
3463732
3463869
3466255
3466651
3467615
3468226
3469928
3473865
3474837
3478794
3479017
3480790
3480865
3481491
3481605
3484562
3491785
3494244
3494953
3496188
3499123
3499239
3500316
3502674
3503081
3506827
3507050
3509261
3512145
3514830
3515201
3516464
3518146
3523310
3524828
3525708
3527301
3528581
3529118
3530400
3531144
3533690
3538497
3539792
3539913
3543147
3543646
3546676
3553091
3556550
3558177
3559036
3560398
3562913
3563134
3563509
3565475
3569975
3571253
3572123
3574752
3576598
3581043
3581438
3586639
3588694
3589571
3590579
3592235
3592698
3597152
3598084
3599297
3600313
3600314
3602132
3604822
3605157
3606306
3610793
3611771
3613783
3614548
3614567
3618906
3620500
3620998
3622669
3627072
3629746
3631481
3635175
3635200
3636762
3640978
3642847
3642897
3643001
3643886
3644815
3645436
3646545
3648073
3650673
3651702
3652998
3653829
3654476
3655997
3658300
3660134
3661518
3664809
3666439
3666536
3668875
3669085
3670723
3678231
3679272
3681833
3682933
3685997
3686892
3687908
3688957
3689468
3693330
3693503
3693799
3696299
3696411
3697633
3698155
3699044
3699710
3702818
3703329
3704177
3705479
3708150
3709312
3709823
3709837
3712804
3715751
3720129
3726953
3727209
3728585
3730247
3730864
3731210
3732259
3732760
3734984
3735397
3736377
3736835
3736989
3737205
3737223
3745790
3748124
3748451
3753937
3753954
3754859
3761016
3761904
3767723
3768005
3768341
3769102
3769182
3772559
3775857
3776272
3776474
3776791
3777107
3778839
3779880
3783972
3784428
3787489
3787605
3789898
3790690
3791575
3798496
3798511
3799289
3801041
3803186
3803532
3809606
3815820
3816891
3818996
3822479
3823474
3824144
3824867
3827336
3831968
3832965
3834871
3835159
3836080
3839488
3840726
3845518
3848301
3850311
3856562
3857813
3857869
3859087
3861865
3865922
3866310
3866838
3870316
3871523
3873430
3874957
3876324
3878139
3880277
3880924
3885981
3892301
3892862
3893253
3893794
3894837
3899682
3902417
3902548
3908519
3910989
3914061
3916907
3921627
3922233
3923377
3925250
3925283
3925315
3925469
3926616
3926690
3926798
3929355
3930406
3932179
3933309
3939238
3942215
3943026
3943925
3945798
3946266
3947566
3949512
3951293
3952874
3955141
3955271
3956046
3956725
3956958
3958379
3959974
3962032
3964816
3966848
3968403
3970571
3971125
3971778
3972653
3977071
3979123
3981150
3983330
3985187
3986878
3987115
3989860
3991657
3991822
3996981
3997946
4000461
4006027
4006485
4009901
4013072
4013167
4016343
4017292
4019058
4019093
4023293
4025813
4031070
4034655
4036573
4036641
4037787
4038880
4040204
4043336
4048832
4049572
4051035
4051572
4052186
4052410
4053439
4054553
4055424
4055556
4055660
4055699
4058613
4058742
4059197
4061055
4063411
4063815
4064726
4067176
4067581
4069432
4071704
4072848
4077331
4077695
4078956
4080016
4080050
4082114
4090108
4090339
4090396
4092437
4093373
4095331
4095363
4096559
4096688
4097355
4099957
4100394
4104094
4106583
4108608
4110676
4112319
4112426
4116183
4116462
4116842
4117416
4123960
4127476
4130794
4135091
4135191
4135908
4137307
4137507
4141104
4143419
4153122
4154231
4156492
4156662
4158900
4159957
4159992
4160333
4167964
4170769
4172990
4175809
4176241
4176667
4178392
4179091
4181096
4183098
4184232
4185057
4185761
4190188
4191118
4191737
4193493
4195138
4197809
4198927
4208975
4212487
4213554
4217902
4218467
4219820
4219942
4224788
4225201
4231361
4232062
4232235
4233534
4234929
4241340
4243134
4246203
4247792
4248449
4248721
4249060
4250744
4252425
4258160
4262706
4264739
4265399
4266271
4273786
4276051
4278361
4279200
4280696
4282152
4285027
4285593
4286004
4286756
4289260
4291496
4296464
4297260
4299975
4302679
4303990
4304270
4305588
4308130
4309055
4309357
4309849
4311279
4312215
4312720
4315874
4316184
4316716
4317654
4318381
4320369
4320478
4323946
4324860
4325510
4327016
4327849
4330030
4330788
4331052
4335882
4336794
4337309
4341758
4342301
4342645
4343900
4345386
4346167
4348296
4348917
4351206
4353749
4356402
4359427
4365513
4365776
4366217
4367950
4372109
4374708
4375079
4375928
4377527
4382662
4383473
4384137
4385294
4386252
4390595
4391540
4392843
4393297
4396711
4400055
4400522
4400705
4402113
4402645
4403245
4403913
4409550
4410295
4416164
4419267
4421195
4422571
4423936
4426906
4427908
4428955
4429443
4429888
4432970
4435717
4437208
4438150
4442092
4442292
4447810
4451509
4452570
4454279
4459150
4460012
4461813
4466407
4466755
4468630
4470592
4470612
4474218
4477865
4481284
4481985
4482024
4482728
4483153
4487034
4487108
4487272
4488147
4489868
4490418
4490433
4491245
4494697
4497489
4498112
4498558
4502874
4504679
4507370
4511738
4511909
4514476
4515040
4515737
4525673
4525723
4527605
4527855
4530577
4536305
4537258
4537343
4538498
4539396
4541314
4542732
4543371
4543505
4545748
4546255
4547094
4548341
4551197
4552176
4552493
4552976
4553421
4556927
4557528
4559176
4559410
4561116
4563936
4564563
4567918
4570247
4570682
4571751
4573976
4574124
4575211
4576299
4579924
4584953
4589819
4591575
4592011
4592789
4595701
4598621
4599882
4603378
4607250
4607341
4612045
4614069
4616460
4617246
4619367
4630084
4632580
4633596
4633946
4638323
4641737
4641976
4643651
4644186
4644898
4650329
4650621
4654467
4654952
4657328
4657434
4659097
4659704
4662386
4662553
4664359
4665767
4666170
4667334
4668118
4670998
4673127
4673228
4674664
4676008
4676305
4690326
4692727
4702878
4706477
4711309
4712556
4715918
4718532
4720077
4721751
4722099
4723222
4723526
4726306
4726913
4728032
4730773
4733214
4734930
4737386
4737477
4741775
4744466
4744738
4744740
4745640
4745939
4747338
4747749
4749557
4750328
4753450
4759234
4760436
4762011
4764394
4766183
4767439
4768193
4768758
4776531
4778715
4782836
4785423
4785742
4788129
4788484
4789909
4791859
4793485
4797727
4798770
4804792
4805425
4805505
4805921
4810004
4810592
4811953
4814836
4815831
4818296
4820456
4825601
4825722
4828149
4829762
4831553
4832600
4832779
4832919
4835796
4836277
4836840
4837659
4838019
4841129
4841787
4842054
4842104
4847613
4848524
4854022
4856443
4856944
4863974
4864009
4864790
4866600
4866609
4867076
4867650
4868601
4869901
4869928
4870993
4871822
4872517
4873716
4874975
4877102
4877341
4878806
4878946
4880600
4881430
4881614
4882778
4889695
4889957
4892509
4894546
4897904
4898322
4899949
4902807
4903560
4904283
4904287
4904414
4905592
4908645
4909467
4909963
4910429
4911645
4912553
4914642
4915870
4916095
4917296
4917577
4918057
4918592
4919306
4923002
4929154
4934745
4935305
4936511
4938648
4938952
4939714
4940070
4941282
4942064
4943847
4946474
4948481
4948822
4948951
4949653
4950076
4954447
4956586
4958030
4958822
4959410
4960005
4962373
4962554
4963994
4965092
4966148
4966670
4968066
4968789
4969814
4970216
4971036
4972798
4974033
4974126
4976962
4982089
4982339
4984642
4985468
4988162
4989933
4990100
4990994
4991432
4995529
4996768
4997446
4999931
5002028
5002251
5004995
5008612
5009112
5009758
5012048
5015294
5015906
5016086
5017719
5021612
5029598
5032390
5032629
5038997
5046708
5046744
5046885
5048156
5050323
5052823
5054248
5055318
5055399
5055440
5055853
5059386
5060009
5060251
5060644
5060841
5060893
5061178
5065187
5066194
5067664
5069207
5069262
5069581
5070177
5072799
5077481
5077595
5078218
5078622
5079817
5081640
5083100
5083265
5086335
5087880
5088354
5090073
5092709
5096397
5097475
5098091
5098787
5101517
5101712
5104081
5106097
5110419
5111969
5112113
5114924
5119837
5125099
5125445
5139915
5145516
5146056
5146350
5147747
5151428
5152699
5152860
5157696
5159080
5165516
5165562
5166652
5168237
5169339
5171143
5173428
5173664
5174649
5175597
5175860
5184165
5186012
5188566
5189457
5191101
5192024
5194833
5204224
5207557
5211766
5216566
5220061
5223187
5224685
5225740
5226960
5227120
5228831
5229549
5231903
5233136
5235158
5235286
5236481
5236690
5237260
5238111
5240100
5242950
5247996
5253722
5253906
5254404
5254632
5256303
5259558
5260408
5261993
5265693
5266384
5266403
5266458
5266663
5270334
5271193
5272534
5276573
5281945
5284556
5285234
5286800
5287722
5289059
5292035
5292394
5295057
5295168
5297943
5300178
5301740
5304196
5305298
5305351
5305432
5307307
5310191
5311083
5313332
5317321
5317844
5318258
5318548
5319108
5320958
5321598
5323456
5323836
5325949
5326070
5326639
5327682
5327804
5333707
5336440
5339789
5342921
5346317
5347047
5348108
5357624
5359337
5359539
5359561
5360559
5363044
5364006
5364520
5366312
5373795
5377569
5379964
5380991
5381346
5386521
5391077
5395951
5396687
5398972
5398998
5400884
5401316
5402096
5402361
5406786
5406864
5414522
5418514
5419479
5421347
5423476
5423697
5423794
5423970
5425460
5426882
5429631
5429705
5437413
5440487
5442158
5443112
5443179
5443431
5444611
5444823
5444879
5447201
5449209
5455667
5456250
5456355
5458450
5459108
5459830
5459847
5462715
5464960
5467145
5470571
5473994
5476368
5477090
5485929
5486224
5490272
5494562
5494566
5494709
5495185
5496846
5497993
5499456
5501363
5501526
5507017
5507152
5510503
5510725
5513715
5516471
5517475
5518180
5521575
5522143
5522929
5524590
5530585
5530972
5535107
5541110
5542865
5545273
5545420
5545602
5548889
5556076
5559377
5560414
5560605
5569728
5572669
5579141
5579839
5584618
5584785
5585960
5590096
5592870
5594894
5595212
5599384
5602811
5605248
5605398
5607471
5609210
5609918
5611112
5614885
5615682
5615816
5617122
5621251
5623328
5627640
5630066
5630575
5631022
5633024
5634977
5639740
5641682
5643032
5648929
5653547
5653603
5653801
5655346
5659297
5660228
5660651
5662038
5663430
5664515
5666236
5666921
5668020
5668079
5668970
5669609
5672933
5673084
5673489
5676703
5679056
5681567
5683158
5684889
5686651
5687005
5691910
5692841
5693447
5694381
5695169
5697695
5699037
5699225
5701308
5701399
5702170
5702881
5703282
5704119
5709118
5710758
5711397
5713872
5714061
5717495
5718956
5719087
5723746
5723949
5728326
5729633
5730145
5731163
5732945
5736121
5737355
5738782
5739651
5742477
5743005
5743075
5743443
5744166
5745424
5746590
5749844
5751445
5751529
5751599
5752877
5753840
5754150
5756036
5756368
5758850
5759987
5760091
5763054
5764634
5765182
5765565
5766096
5766909
5767907
5768193
5768511
5771702
5774573
5774768
5782102
5782805
5784848
5785836
5787571
5788144
5789898
5792197
5792632
5793919
5802257
5803185
5803392
5803881
5804261
5804804
5805096
5809085
5809277
5809518
5814691
5814924
5816487
5819703
5820082
5821323
5822612
5825902
5826045
5827612
5827618
5831583
5831879
5833560
5836387
5836606
5840577
5841512
5843167
5845007
5847452
5848368
5849401
5851483
5853641
5854824
5855449
5855651
5855985
5857823
5859317
5861314
5863316
5867093
5871786
5872560
5874866
5875964
5880294
5880582
5880587
5880797
5882275
5882649
5888182
5890443
5893641
5894578
5896017
5896770
5897260
5897422
5897769
5898348
5901104
5903068
5903641
5906364
5907981
5908567
5909878
5910982
5912513
5914217
5916786
5919034
5927637
5928082
5929145
5929262
5929831
5931954
5933760
5934564
5941518
5942687
5942802
5943166
5946095
5948929
5949775
5955047
5955233
5959545
5960323
5961524
5968320
5970736
5973384
5975381
5984523
5986908
5987401
5990277
5992338
5995749
5998371
5998826
5999881
5999886
6002450
6005194
6006929
6007209
6007499
6013125
6013535
6014048
6015246
6016557
6022768
6023700
6023781
6024096
6024960
6025581
6026255
6028997
6031349
6033573
6033689
6040503
6041995
6048833
6052981
6053852
6055719
6056044
6056705
6060252
6060490
6061431
6064915
6065636
6066014
6070743
6075534
6075676
6077280
6078589
6079115
6080045
6080551
6080773
6084690
6085687
6086359
6089524
6091999
6095546
6097932
6099297
6101768
6101972
6103895
6106158
6108945
6111473
6115929
6118791
6119366
6121520
6122368
6122938
6126129
6133226
6133870
6142753
6143151
6143551
6147662
6161716
6162576
6169046
6173706
6175564
6177575
6181243
6182274
6184937
6186044
6186560
6186803
6187077
6187605
6189522
6191787
6193692
6196295
6198053
6199127
6207915
6208608
6209474
6210239
6210895
6211655
6213406
6214680
6214737
6216429
6226030
6227045
6228055
6232212
6233419
6237564
6237856
6246332
6246779
6249668
6250360
6251154
6255262
6256648
6258431
6258497
6259279
6260543
6261790
6262209
6263578
6264433
6264776
6265693
6267327
6268935
6274243
6274865
6275513
6277667
6277834
6278347
6278562
6280532
6280585
6280803
6283743
6284666
6294718
6295683
6296172
6296255
6299806
6301294
6307226
6309062
6310737
6310911
6311076
6314570
6314774
6316285
6320451
6320659
6324674
6327482
6327496
6329684
6331986
6332065
6333489
6334679
6335934
6340300
6342575
6342963
6344947
6345427
6346499
6348810
6349512
6350743
6353010
6354138
6354188
6359244
6359617
6360647
6362237
6363242
6364631
6364887
6366809
6367018
6367549
6367754
6370082
6370266
6370282
6370615
6372256
6372329
6374029
6376806
6377636
6377716
6377815
6377945
6382750
6383102
6384325
6384960
6387830
6388439
6388587
6391400
6391741
6393567
6396468
6396611
6400066
6403229
6403549
6406499
6409672
6410237
6410815
6417338
6424942
6434303
6440684
6443586
6443746
6443850
6446757
6448637
6449259
6456329
6456511
6459850
6460577
6462850
6464132
6467105
6467962
6470997
6471422
6473332
6474463
6474706
6478339
6480228
6482504
6483556
6488415
6488520
6492122
6493385
6494309
6495149
6496462
6503113
6506445
6508148
6512638
6517808
6521453
6522543
6524597
6528303
6531266
6531329
6531544
6531791
6532213
6537756
6538032
6543535
6545001
6548192
6549081
6552033
6554277
6560969
6561184
6561202
6562542
6563086
6566934
6569662
6570839
6571751
6572204
6572741
6574166
6575655
6576764
6576792
6580812
6581293
6587887
6588210
6588320
6591763
6592197
6593278
6593948
6595635
6595728
6597095
6597387
6599854
6600350
6600833
6601694
6602305
6603207
6603217
6604471
6610099
6611335
6612079
6612291
6613414
6614384
6618051
6619816
6624596
6627715
6627921
6628397
6628441
6630038
6634112
6639923
6643935
6643980
6644311
6645184
6645197
6647556
6648483
6650970
6655915
6658262
6658577
6661353
6661768
6662666
6662835
6663854
6666366
6667315
6669853
6670014
6671370
6672986
6673272
6673595
6678127
6682192
6684002
6684525
6686474
6687801
6689154
6689595
6692879
6697444
6697736
6699414
6699675
6700051
6700649
6701245
6702244
6702644
6705876
6706247
6710709
6712403
6714876
6722431
6723474
6724621
6729322
6730921
6732865
6734533
6734766
6735876
6735980
6738037
6739896
6747820
6748144
6751956
6753740
6756284
6757845
6757850
6758693
6760297
6760933
6763659
6763827
6765283
6765821
6768359
6769948
6770729
6771172
6771246
6772097
6775856
6776442
6776487
6776695
6776837
6776845
6776962
6780717
6781227
6784883
6786040
6787439
6788851
6792233
6793544
6795577
6795661
6795879
6796447
6796529
6796776
6798869
6800441
6802937
6807225
6810305
6813905
6815559
6815847
6816911
6817690
6818790
6821064
6823297
6823400
6825267
6825691
6826049
6828017
6831736
6833598
6835362
6837847
6846066
6849328
6850595
6851855
6852409
6852443
6852752
6853647
6853878
6854153
6854212
6854378
6855572
6856575
6856852
6858174
6859501
6860413
6862077
6862578
6866445
6869280
6870173
6870802
6873497
6875305
6878132
6878494
6880593
6884179
6884480
6884965
6887706
6889117
6892377
6895875
6896382
6898909
6899517
6900331
6900836
6901528
6901913
6902597
6903861
6903904
6903937
6904936
6906471
6908763
6908811
6909478
6911933
6912480
6915492
6916569
6917213
6924615
6924702
6924935
6925362
6927100
6929599
6930500
6941309
6945829
6946364
6946681
6946737
6949834
6953848
6954792
6955216
6955495
6956406
6956989
6957062
6957141
6957197
6957282
6957887
6960281
6965390
6966291
6969514
6972777
6973824
6974788
6974952
6976609
6978525
6979191
6980523
6981808
6986302
6987456
6989877
6989912
6991247
6992752
6992980
6995834
6996026
6998780
6999801
7001904
7003197
7003244
7006479
7007740
7008273
7009946
7011560
7014568
7015017
7015546
7018672
7020326
7024698
7025726
7025916
7027719
7028576
7028797
7032893
7033638
7037427
7041887
7042335
7043005
7045007
7045416
7045824
7046097
7047555
7049323
7050052
7053977
7055413
7058506
7061537
7063276
7063760
7065247
7066164
7071903
7076641
7077635
7080592
7081694
7083976
7084468
7091160
7093187
7095085
7098110
7100283
7103233
7106384
7106819
7107450
7110261
7110890
7113664
7113726
7117139
7118162
7118763
7128921
7130384
7133679
7134015
7134271
7136168
7137591
7142480
7143270
7143890
7144470
7146696
7147360
7147451
7148537
7149643
7151590
7152675
7154447
7156814
7159265
7160463
7160818
7166173
7172980
7173010
7173097
7173915
7174589
7174760
7181090
7181814
7182457
7182871
7186517
7190691
7192381
7192568
7193380
7194517
7196951
7198892
7208365
7208670
7210670
7211499
7214781
7215921
7216216
7217061
7219633
7221609
7221699
7222098
7223844
7224116
7225579
7227760
7228020
7229084
7231111
7231832
7232186
7232863
7233394
7235178
7235361
7239950
7240242
7240938
7241609
7246951
7249564
7252779
7254721
7254860
7257236
7260559
7261955
7265816
7266437
7266976
7267586
7267680
7268470
7268581
7270122
7275711
7276052
7276116
7277062
7278094
7280271
7280274
7282058
7285801
7290785
7291426
7291591
7294626
7298070
7299917
7302929
7304155
7305529
7306282
7307286
7311727
7312222
7313726
7314181
7315045
7317661
7323112
7327634
7331904
7332483
7333277
7333667
7334713
7336330
7336434
7336988
7342651
7345450
7345565
7346204
7350656
7351654
7352627
7359104
7360659
7372933
7373598
7378629
7384725
7384735
7385127
7386507
7393049
7397438
7397451
7397653
7398458
7401881
7402143
7403509
7404554
7405548
7407063
7407363
7409021
7411926
7414068
7415358
7417170
7418781
7423384
7425559
7426442
7430436
7433082
7437475
7438994
7440086
7440637
7442406
7442937
7443862
7447744
7447858
7448041
7449338
7450835
7453838
7456523
7456565
7458695
7459759
7460934
7460938
7464027
7464424
7467801
7467810
7469001
7470649
7473309
7473810
7474418
7477053
7478572
7482055
7482982
7484029
7485249
7486094
7489044
7489166
7490231
7492480
7493281
7494303
7496853
7499290
7500908
7504747
7505531
7507360
7509927
7510565
7510901
7513139
7516062
7518366
7521773
7523589
7524647
7524958
7525797
7526255
7527219
7529069
7529698
7533938
7534616
7540093
7541604
7543080
7545076
7545497
7549660
7552519
7555265
7556654
7557030
7557410
7559076
7559144
7562949
7563696
7564060
7564584
7566419
7567610
7568002
7568123
7570826
7571175
7571889
7573014
7576122
7579623
7583421
7584176
7587448
7588725
7592210
7596283
7596517
7599030
7600651
7602501
7603620
7604038
7607732
7610928
7612580
7613515
7615223
7615306
7618324
7618463
7619345
7620978
7621059
7621530
7625693
7625908
7627656
7628099
7628862
7633575
7637355
7641804
7653234
7653787
7656469
7657088
7658860
7659620
7669048
7669105
7673793
7674271
7675086
7675114
7675184
7677906
7678116
7678235
7680634
7681973
7684653
7687444
7687473
7690197
7692709
7692756
7692822
7693010
7693031
7693271
7698820
7699418
7700501
7701017
7704011
7704416
7707232
7708357
7708856
7710056
7710317
7710931
7712423
7714026
7715855
7716701
7724591
7725892
7728286
7733993
7735636
7741220
7742729
7744611
7745649
7745826
7746977
7749122
7752110
7753499
7755917
7758894
7758982
7764832
7772766
7774325
7776384
7776483
7776622
7779714
7783477
7784823
7785022
7785754
7787439
7792364
7793398
7793627
7793859
7794751
7798258
7798667
7800136
7802223
7804892
7806556
7809349
7809367
7810392
7811691
7814715
7815915
7826208
7827000
7827947
7828376
7829192
7829717
7833031
7833222
7834059
7842510
7844806
7848042
7848668
7850228
7851492
7852610
7853269
7861081
7863495
7865910
7867165
7869020
7871738
7872705
7875028
7875757
7878295
7879703
7881447
7884378
7885380
7885383
7887633
7891076
7891891
7891910
7892277
7892630
7896665
7896737
7898508
7902080
7904360
7907983
7910291
7911188
7911323
7911625
7914516
7915314
7915935
7918316
7919176
7924672
7925212
7934133
7937653
7940836
7941599
7943122
7944383
7947399
7949444
7952652
7953620
7955551
7957513
7958934
7960152
7960567
7961813
7963604
7963652
7965095
7965113
7967118
7970052
7971772
7972291
7974984
7976127
7977127
7977616
7978195
7979456
7979608
7979858
7980358
7980991
7986335
7990072
7990428
7991582
7991690
7992433
7996140
7999513
7999969
8002247
8007381
8008960
8010148
8011335
8013708
8017968
8019857
8022780
8024052
8025069
8025371
8027000
8031337
8032802
8034254
8035653
8041070
8043288
8045128
8045381
8045390
8045739
8050090
8051636
8051675
8052699
8053433
8058787
8060596
8062590
8064001
8065630
8066852
8069708
8072266
8072625
8073860
8074308
8076889
8077429
8080465
8083624
8084057
8086079
8087065
8087457
8089458
8092405
8094218
8096058
8096763
8097113
8097772
8098240
8100007
8102922
8105163
8105903
8110729
8112160
8112241
8116965
8117007
8118606
8119115
8121564
8124464
8127304
8127421
8129945
8131950
8133583
8136742
8138380
8138593
8138734
8139028
8141336
8142200
8142405
8145888
8146339
8146713
8147260
8149218
8150146
8152585
8154332
8156602
8156675
8157105
8159078
8160306
8160352
8162526
8163751
8166387
8166566
8168144
8168796
8169530
8170339
8174651
8178214
8180314
8182042
8186074
8186207
8188916
8190028
8192051
8192892
8195691
8198758
8201240
8201359
8204366
8205777
8208203
8208336
8209310
8210068
8210347
8211456
8211867
8213621
8214526
8222178
8226661
8227428
8227447
8227466
8228076
8229165
8229635
8230080
8230746
8231170
8236415
8238412
8239473
8240083
8242682
8243370
8245049
8247149
8251360
8252402
8254318
8255167
8259183
8260562
8261892
8262197
8262384
8263860
8264904
8265650
8266051
8267108
8269072
8269322
8271278
8271513
8283538
8283600
8284987
8285404
8288391
8290792
8297823
8297878
8298007
8300113
8303643
8308250
8308500
8308634
8313996
8314892
8315159
8318293
8321608
8325157
8325713
8328205
8328706
8330307
8330705
8334445
8334573
8334577
8335176
8337692
8338455
8338824
8342122
8343519
8346464
8347876
8348052
8351331
8353101
8354221
8356269
8357448
8358854
8361131
8361614
8364183
8364752
8365741
8366474
8367542
8368880
8373405
8374906
8374983
8376334
8382743
8382755
8383695
8384134
8385978
8387125
8388359
8388508
8393800
8394697
8396442
8396556
8398331
8401334
8403978
8411802
8412693
8412788
8414899
8415731
8416985
8420247
8420731
8422405
8433488
8433534
8433795
8435386
8438144
8438981
8440628
8443324
8444277
8444359
8448147
8450126
8451241
8453871
8457544
8457647
8457824
8458368
8460069
8462015
8463233
8466082
8466517
8468836
8471498
8472794
8473947
8481258
8484077
8485119
8485632
8489981
8490178
8491154
8492746
8493680
8494014
8495718
8495929
8497181
8502941
8504872
8507707
8508378
8508821
8509357
8510068
8510584
8510977
8511711
8513232
8513461
8514259
8515416
8516955
8517526
8517989
8521845
8522217
8523117
8523734
8525791
8526402
8527860
8529023
8529474
8532852
8533224
8533485
8536672
8536907
8540585
8542240
8543578
8548991
8550592
8550722
8551728
8553686
8557984
8558576
8560208
8560554
8563260
8564275
8564922
8566179
8566844
8568025
8571187
8574007
8578734
8579261
8579387
8580866
8580938
8581801
8582104
8583686
8585747
8586930
8589453
8595708
8601686
8606588
8608766
8610275
8610944
8613585
8615338
8615604
8622007
8622711
8623335
8627258
8627312
8634836
8635916
8637632
8641063
8641530
8642586
8643456
8644793
8644997
8645770
8648753
8648769
8651302
8654464
8657758
8657978
8658065
8660013
8662405
8664121
8665217
8667420
8672071
8676271
8681138
8685574
8686460
8688261
8689548
8690339
8692264
8692567
8693826
8693976
8694455
8695251
8698825
8701023
8702703
8712043
8713125
8716626
8717715
8722493
8726083
8728622
8729152
8734235
8740320
8745183
8746971
8749305
8750310
8750845
8752013
8752018
8755646
8757769
8758190
8759845
8760983
8761280
8765055
8765610
8767069
8767913
8768110
8769077
8775481
8777118
8778262
8781415
8786052
8786339
8786580
8788897
8789370
8792376
8793635
8794093
8796932
8799486
8801689
8803080
8806826
8809988
8811776
8813203
8814928
8817256
8818241
8819083
8819609
8820665
8823644
8827527
8833420
8834296
8835051
8836092
8836829
8839105
8840193
8840214
8841003
8841092
8841901
8846477
8846575
8849829
8851192
8851503
8854710
8857277
8858237
8859280
8859422
8860187
8860342
8862711
8862891
8864060
8864754
8869415
8869458
8875256
8876917
8881709
8881992
8886971
8887390
8887588
8891834
8893014
8894253
8897778
8898462
8899458
8899750
8902544
8903365
8908069
8908098
8908220
8909632
8909702
8912731
8912766
8912938
8912999
8914195
8914512
8915383
8915911
8916676
8916724
8917795
8919460
8920102
8922507
8924467
8924682
8924714
8926395
8927891
8928372
8930386
8933788
8934005
8935433
8938082
8938229
8938979
8939066
8940313
8941619
8942274
8942713
8942901
8943809
8944273
8947576
8949049
8949160
8952251
8954657
8955662
8956510
8957558
8961902
8965049
8966618
8971430
8975114
8976200
8978499
8979795
8982879
8983255
8983849
8985208
8987407
8989069
8989277
8993696
8993883
8994643
8998680
8999437
9004683
9006696
9010236
9010761
9011602
9012513
9013018
9013639
9014667
9014990
9016470
9017881
9019256
9019534
9020226
9024598
9025487
9025798
9029620
9032757
9036565
9036864
9038886
9040192
9047895
9051593
9051954
9053463
9054789
9056006
9056307
9057641
9057665
9058894
9069802
9077309
9079218
9079493
9080163
9081129
9084227
9084841
9085365
9087901
9089097
9093449
9101571
9104574
9106743
9107280
9108363
9111057
9111476
9112630
9114274
9114909
9115137
9118225
9121766
9123082
9126175
9128882
9130817
9132198
9136150
9136543
9141422
9141805
9142312
9142844
9149943
9153146
9153915
9156280
9157887
9159847
9161695
9163372
9163746
9168003
9169612
9171889
9172686
9172751
9173062
9175156
9175228
9177439
9178340
9178451
9180970
9185977
9186428
9187331
9190602
9192766
9200900
9202862
9203363
9203773
9207828
9210638
9211856
9211910
9212003
9213178
9214115
9214764
9215246
9215960
9216685
9219158
9219438
9220344
9220411
9221996
9222032
9223419
9224339
9227507
9234815
9241883
9242133
9242949
9243884
9247701
9248597
9248916
9252340
9254476
9254831
9257494
9259978
9260148
9263741
9266006
9267044
9269174
9269917
9269987
9270686
9272339
9272404
9274705
9276058
9279351
9280131
9283097
9283268
9283409
9283893
9284104
9284167
9284854
9285867
9286131
9286903
9289967
9291336
9291451
9291456
9293263
9293655
9293720
9294369
9295292
9296522
9297652
9299937
9303631
9303904
9303959
9311237
9315120
9322459
9325557
9327387
9329980
9330303
9341721
9342187
9343871
9346637
9349032
9350207
9350511
9351510
9358122
9359159
9360574
9366698
9367636
9368583
9370240
9371106
9372730
9372881
9372886
9373190
9381363
9382910
9384255
9389179
9391415
9392387
9396275
9398378
9401903
9402993
9404525
9404852
9406342
9408108
9410269
9411057
9411735
9423199
9425712
9429117
9430312
9433557
9435196
9437814
9438779
9439010
9439206
9439957
9441496
9443175
9445224
9446782
9448303
9448391
9449021
9449917
9450296
9450844
9451088
9451752
9455531
9456177
9459129
9464317
9469520
9470063
9473596
9480354
9482732
9482948
9483088
9483093
9483921
9489321
9491591
9491798
9493039
9497153
9499863
9500963
9502752
9504294
9505325
9506340
9506953
9508442
9508904
9509245
9510022
9517277
9519527
9520897
9528059
9528657
9532641
9533612
9535297
9535846
9537688
9538908
9538967
9539397
9544741
9546453
9551617
9552471
9554501
9554659
9555310
9555375
9556155
9557921
9557972
9559761
9562717
9563418
9564622
9565940
9567181
9569909
9572764
9575992
9580121
9580649
9581902
9583080
9584150
9584367
9585183
9586133
9586311
9590497
9590956
9591185
9595299
9599109
9600681
9601161
9603546
9607533
9608023
9608462
9609294
9610084
9613579
9614085
9614503
9615644
9620185
9621476
9622554
9625386
9626545
9627385
9627701
9627730
9631916
9634139
9635836
9636756
9638363
9639073
9642005
9646268
9646671
9648273
9650669
9651303
9651342
9651384
9652429
9652858
9656975
9657188
9659235
9660585
9660641
9660864
9663856
9676105
9676437
9678988
9680146
9680484
9680788
9681757
9682575
9684761
9685958
9689591
9689886
9693033
9694294
9696918
9697209
9698405
9698807
9699869
9700532
9700877
9703377
9708334
9711388
9716606
9717226
9719357
9719986
9720633
9725415
9725448
9725454
9728402
9732758
9733729
9737835
9740239
9742521
9744701
9745069
9746203
9749546
9749684
9752863
9753618
9754923
9755642
9756646
9757347
9761088
9764932
9767480
9769980
9771791
9774129
9776681
9778443
9782382
9783341
9786511
9786786
9787402
9788576
9789626
9789842
9791643
9792862
9795940
9796704
9797072
9799039
9800413
9800538
9803981
9804012
9805119
9818589
9819621
9824538
9826758
9828213
9828801
9831435
9831747
9832082
9835395
9840599
9843400
9843691
9847875
9848368
9850062
9850162
9851354
9852895
9852957
9854037
9854267
9856601
9857972
9858559
9858662
9860758
9860992
9860997
9869205
9871139
9873230
9875313
9877468
9877470
9879128
9885119
9886825
9889277
9890114
9890528
9890920
9892339
9894827
9894911
9897212
9898272
9899806
9899848
9900142
9903485
9903788
9904513
9905715
9906199
9909064
9911744
9912286
9912395
9914701
9916308
9917049
9919181
9924875
9924972
9930159
9930331
9932005
9933250
9933522
9934683
9943603
9943604
9944269
9946930
9947989
9948447
9949363
9950755
9953349
9955688
9957060
9957428
9959247
9959994
9963419
9964179
9965117
9967360
9967963
9968941
9971743
9972957
9977744
9981407
9986477
9986893
9990140
9990782
9992096
9994479
9994715
9999377
10002347
10003624
10004142
10004622
10013352
10014129
10015387
10017382
10018319
10018770
10020523
10021217
10021391
10021886
10022350
10030654
10034670
10037865
10040323
10040368
10042521
10043124
10047657
10048636
10048812
10050684
10050817
10051782
10055764
10057488
10057680
10060334
10061512
10062286
10063071
10065341
10065518
10067555
10072037
10073466
10074206
10079661
10080165
10081540
10082106
10083326
10084887
10089650
10090786
10090819
10091193
10091737
10094550
10097331
10097908
10098089
10101531
10103395
10104957
10107246
10107312
10109862
10110411
10113529
10113925
10122757
10124097
10126003
10127049
10127677
10131469
10132796
10136103
10136756
10138059
10144165
10144749
10146320
10150888
10155607
10156951
10161602
10163019
10167160
10174927
10175442
10175966
10177493
10180842
10184811
10184880
10185436
10189822
10191758
10195054
10196402
10199887
10207663
10212116
10212123
10214733
10217176
10218798
10222781
10222996
10227305
10228676
10230927
10233104
10233561
10241633
10242072
10242486
10242600
10242898
10243108
10244965
10245186
10246898
10246979
10247021
10247725
10253637
10257721
10258144
10259189
10261921
10262325
10263640
10264616
10269159
10269459
10273545
10278527
10284511
10285167
10287468
10289428
10289638
10290234
10292538
10296890
10300914
10300947
10301230
10309454
10309940
10314232
10315695
10316103
10316345
10322348
10322782
10330859
10331443
10332196
10333878
10335522
10338987
10345763
10345829
10345830
10346676
10346885
10349251
10350809
10354343
10359458
10362221
10366663
10366791
10367297
10367564
10367854
10369756
10370508
10375425
10376204
10377383
10378407
10378851
10380842
10381754
10382228
10389822
10396918
10398081
10399889
10399934
10400771
10401184
10402190
10404061
10404873
10408863
10410080
10413275
10413425
10415120
10415452
10416661
10423431
10423765
10425202
10428584
10429516
10432422
10434780
10436382
10436441
10439040
10439843
10443866
10444228
10444729
10446781
10447540
10447684
10447986
10451213
10451595
10452424
10455148
10455646
10458703
10460283
10460420
10460439
10463464
10464238
10465412
10467911
10469299
10472680
10473366
10477265
10479373
10480588
10484623
10485864
10486809
10487705
10488389
10491143
10491477
10491683
10492310
10494845
10495037
10496185
10496680
10499962
10500333
10501166
10503097
10504664
10510038
10511066
10512185
10513465
10519577
10520722
10524671
10528859
10530460
10530650
10531865
10532202
10533026
10534157
10534642
10535823
10536952
10540003
10545060
10546534
10547557
10551938
10552631
10558923
10560830
10565963
10566253
10566367
10568322
10571026
10572332
10572886
10577989
10579226
10580322
10580400
10582628
10584787
10585667
10585808
10588361
10588629
10591358
10594643
10597443
10598909
10600331
10600935
10601825
10604800
10607575
10607696
10608515
10608662
10609091
10612159
10612300
10613136
10613662
10613993
10617390
10619300
10620677
10621121
10622113
10622287
10622419
10625966
10626756
10629561
10632073
10633067
10634175
10637744
10638462
10640329
10643096
10644892
10645783
10647547
10649990
10655349
10655502
10655569
10656204
10657603
10658668
10659001
10663634
10664302
10667412
10668246
10674543
10679129
10681053
10681501
10688627
10688799
10689714
10690208
10690803
10691722
10694527
10695082
10696064
10698152
10698599
10699343
10704703
10705338
10706295
10707320
10707848
10708992
10709210
10711076
10712341
10713916
10714392
10714676
10718246
10718748
10719066
10719286
10719758
10719864
10721161
10723467
10723763
10725330
10727136
10728149
10728892
10729327
10729513
10731189
10734877
10735349
10735740
10738098
10743433
10744475
10746130
10746325
10747498
10748818
10751920
10752949
10754637
10760460
10761269
10767597
10767924
10768414
10769843
10771034
10771947
10774586
10775286
10777887
10778415
10785274
10786811
10787316
10787441
10789847
10790532
10796652
10796825
10797220
10797479
10801884
10803268
10809330
10815888
10818342
10819086
10821806
10822834
10828177
10832823
10834100
10835231
10836635
10838507
10838730
10838868
10839679
10840202
10843186
10844110
10844578
10846184
10850344
10852485
10854796
10855006
10855055
10857329
10858657
10860808
10861093
10862450
10863295
10864727
10864975
10867299
10869729
10871482
10877699
10878061
10879955
10880328
10882259
10883285
10885531
10888320
10888427
10889038
10890003
10890359
10892737
10893088
10899106
10899194
10902371
10904250
10905882
10907940
10909744
10910720
10910812
10913310
10913603
10914275
10917077
10920362
10925132
10926439
10929116
10929169
10930328
10934147
10935685
10937817
10938017
10938678
10941982
10943290
10947972
10948658
10954504
10954606
10954698
10956903
10957032
10959416
10959777
10962982
10965148
10965542
10966776
10966964
10978385
10980236
10984798
10985321
10994869
10995918
10998117
10998413
10999607
11001081
11003871
11005630
11007281
11009725
11009772
11010095
11010147
11010717
11010913
11014223
11014404
11018103
11019114
11019657
11022613
11025219
11026916
11027588
11028879
11035435
11035679
11037772
11038166
11039808
11048821
11050732
11051186
11052645
11054814
11055930
11061734
11064516
11066381
11066693
11068107
11068203
11071652
11071955
11072481
11074233
11078819
11078842
11083802
11085222
11085551
11086810
11087760
11088477
11089554
11090762
11092060
11097809
11099526
11103191
11108134
11108753
11110049
11111567
11113287
11114213
11114758
11114887
11115214
11117544
11117558
11120662
11121908
11122913
11123967
11124174
11126593
11127139
11127855
11128996
11130631
11130714
11131450
11131932
11134694
11135166
11136804
11137112
11139551
11139812
11142979
11143938
11144113
11144753
11145632
11146953
11147612
11150584
11152598
11154946
11155478
11155676
11155705
11157179
11158238
11159395
11161789
11162456
11168799
11169636
11170827
11172534
11172705
11178617
11180384
11182025
11184117
11186193
11186665
11187267
11187987
11193160
11194620
11196383
11200350
11200972
11201804
11203197
11205162
11206799
11207949
11208206
11210680
11210741
11212090
11219269
11219744
11225685
11227884
11234450
11235795
11236280
11239521
11241595
11244285
11244573
11246986
11247969
11248326
11256147
11258443
11258445
11259525
11265072
11268743
11269748
11269839
11271523
11272309
11275011
11276285
11277910
11282333
11285251
11286624
11288939
11290201
11292542
11296051
11296481
11299254
11300546
11305689
11305932
11309001
11311320
11313065
11313923
11314600
11315592
11316556
11317383
11317495
11317738
11319630
11319886
11320210
11324200
11326200
11327515
11329541
11332284
11332673
11334962
11335860
11335927
11339881
11340973
11341178
11342462
11343574
11345577
11346047
11346761
11349875
11350132
11352931
11352958
11354265
11354269
11356645
11357498
11361129
11366252
11366783
11373693
11377420
11381646
11384778
11388049
11389623
11392093
11392912
11394228
11395875
11396310
11396824
11400122
11401493
11402535
11403553
11403714
11406276
11409252
11409501
11409917
11412260
11413057
11413341
11415954
11418756
11419949
11424953
11425910
11426116
11427575
11428552
11430219
11430405
11432389
11433802
11434331
11444526
11447290
11447626
11448267
11450143
11451592
11454592
11454785
11455556
11455601
11456428
11460413
11462148
11464360
11464990
11469212
11470173
11471559
11479225
11479560
11481710
11482712
11486324
11486444
11493453
11501349
11501539
11502522
11507208
11508083
11510623
11512608
11512904
11513722
11514214
11514332
11515417
11517026
11518429
11520969
11521052
11524356
11525412
11530583
11532508
11533969
11534526
11534676
11536510
11537125
11537389
11538191
11538414
11540057
11542496
11543816
11544313
11544744
11545910
11548306
11550701
11552815
11555062
11555540
11555720
11558215
11559599
11564026
11566270
11566929
11568898
11570144
11570450
11570917
11573920
11574164
11575532
11575938
11577155
11580090
11581737
11584654
11584886
11586613
11588204
11588309
11589506
11590477
11591845
11592221
11593555
11596025
11598068
11600423
11601861
11603477
11605983
11607917
11609804
11611054
11612961
11613858
11614427
11620050
11620756
11622314
11624596
11624756
11629350
11633884
11636126
11637726
11643290
11644986
11648555
11648744
11649331
11651111
11652549
11652696
11652792
11653593
11655786
11656145
11657794
11657831
11659543
11660072
11660143
11665127
11665211
11667707
11669812
11672777
11673398
11677073
11677314
11678274
11682398
11683971
11687996
11689154
11690777
11692639
11692790
11693326
11694302
11695264
11695518
11696016
11696391
11697796
11701766
11704358
11708250
11708527
11710802
11711019
11712167
11714438
11715341
11715705
11718241
11719745
11720964
11722410
11726807
11726988
11727145
11732894
11735185
11735731
11740078
11742421
11747709
11748325
11748358
11748382
11749213
11752868
11753230
11761834
11762889
11763158
11763500
11764298
11766609
11768031
11769498
11769504
11770387
11772096
11772452
11773961
11775496
11776614
11778432
11778794
11779500
11779949
11781569
11781587
11785868
11786607
11789937
11793110
11800633
11809883
11814680
11816714
11818059
11819640
11821780
11822369
11825375
11826213
11826227
11827806
11828672
11828884
11836331
11836582
11838815
11841482
11841608
11843129
11847588
11847711
11849650
11851455
11851640
11855700
11856101
11856426
11859386
11860265
11862612
11864516
11865434
11865497
11866499
11867868
11868271
11869517
11875084
11875911
11878814
11881078
11881667
11886672
11891601
11897176
11899297
11903699
11904114
11906844
11907209
11909512
11910383
11910866
11910929
11912706
11914066
11914494
11917506
11918467
11918656
11918711
11919122
11919850
11921368
11924013
11928953
11929503
11931463
11933858
11934535
11935987
11940852
11944087
11945240
11947950
11948741
11949627
11951815
11955774
11955903
11957908
11958004
11958779
11959738
11959982
11961377
11962977
11964090
11966923
11967113
11971248
11977033
11985416
11985955
11986770
11988557
11992009
11993553
11996070
12007370
12008011
12008748
12015587
12016192
12017075
12017115
12018272
12020028
12023003
12024373
12025613
12026594
12029230
12030737
12033710
12037840
12039835
12040253
12040640
12042882
12047279
12048260
12049096
12050682
12055153
12057847
12060111
12061602
12067084
12067540
12068317
12070504
12071347
12071909
12072185
12073461
12074092
12075436
12076776
12076950
12080914
12081084
12081494
12082020
12084032
12085631
12086955
12091379
12091549
12093895
12095712
12096164
12096415
12096999
12102926
12103735
12108274
12108943
12110542
12111180
12111187
12111431
12111579
12112281
12113120
12114400
12115452
12119613
12121365
12125945
12131354
12132270
12136327
12136377
12138569
12139316
12141768
12142442
12146545
12147709
12148318
12150200
12155530
12156791
12159925
12161571
12162908
12164809
12165602
12174208
12174292
12178894
12179822
12180154
12184529
12186394
12186887
12187807
12189919
12190194
12196171
12196780
12197855
12199516
12200752
12200809
12201374
12202175
12203507
12206902
12208241
12209123
12209672
12212387
12213520
12215601
12216427
12216644
12221741
12221745
12223305
12226982
12231712
12233199
12242537
12243345
12243543
12245352
12246379
12246721
12247499
12248370
12249325
12252373
12256118
12256307
12258848
12263203
12264653
12265985
12267310
12267914
12269224
12271812
12272081
12275960
12281240
12286200
12286512
12290193
12290622
12294308
12297455
12298740
12303821
12304183
12305081
12307157
12310408
12310455
12313492
12313636
12317572
12326248
12327086
12328770
12330207
12333473
12334947
12338134
12344236
12348063
12349840
12353418
12356534
12356562
12356890
12364247
12368051
12368618
12369286
12369424
12370687
12371228
12373384
12373797
12375411
12375661
12376514
12377454
12377639
12379411
12379762
12381550
12392161
12393045
12393180
12394049
12399253
12402733
12404865
12405928
12406325
12406671
12408415
12412418
12414804
12414878
12417062
12417466
12419346
12419481
12420853
12422105
12429537
12429751
12432846
12433155
12434971
12436799
12438285
12442632
12442789
12447355
12447890
12449614
12450837
12455026
12455398
12456231
12458292
12463236
12469170
12471994
12474007
12474032
12474370
12476049
12476333
12478074
12478810
12480438
12482662
12483921
12484576
12485728
12486274
12490940
12491051
12495021
12496064
12500053
12500710
12502229
12502446
12503903
12504220
12504652
12505092
12513004
12513538
12515057
12516019
12518472
12519610
12521317
12521793
12522988
12523711
12526394
12528950
12529031
12531082
12531382
12532270
12534966
12538443
12540335
12544786
12546960
12547377
12547567
12548156
12556090
12556262
12556977
12557663
12558022
12558876
12559638
12561587
12561594
12565284
12566871
12567962
12570316
12570703
12570817
12575388
12576522
12576913
12579651
12580329
12585431
12587566
12588612
12588752
12588899
12590380
12593046
12593989
12594540
12595076
12599456
12599540
12600801
12601127
12601360
12601982
12607997
12608070
12610832
12611356
12613771
12615121
12615219
12616077
12622753
12623309
12624678
12627610
12631270
12631764
12631931
12633050
12633337
12636029
12637977
12642177
12645596
12648959
12649604
12650903
12652781
12652991
12653668
12654498
12659290
12660249
12663624
12664584
12668433
12669408
12673232
12675463
12675681
12682765
12684439
12687288
12692352
12694057
12696385
12698025
12700010
12700190
12701392
12701522
12705468
12705517
12707426
12708052
12710138
12710820
12711331
12717604
12718523
12718648
12719287
12719510
12723042
12728360
12729315
12730469
12730795
12731295
12731643
12733177
12740079
12740181
12745677
12745781
12746560
12751268
12752228
12752356
12754737
12756706
12757762
12759303
12759593
12760933
12763596
12765766
12765941
12768023
12768288
12769791
12772706
12775949
12779606
12782216
12782706
12782981
12785270
12787341
12787883
12789360
12791867
12794432
12794494
12798716
12799831
12800914
12800918
12800994
12801300
12805976
12807197
12812649
12812799
12816642
12817917
12818174
12818610
12818933
12823522
12824187
12826074
12830985
12835061
12836424
12836812
12840196
12843606
12843962
12845979
12849898
12850465
12852710
12852719
12854791
12855711
12857623
12858276
12861651
12862177
12863535
12865289
12870033
12870821
12872099
12872785
12874369
12875298
12875631
12877777
12879853
12881989
12883263
12883803
12887057
12887597
12887911
12892109
12894407
12898469
12899138
12899977
12905455
12908219
12908429
12910002
12913673
12915755
12917534
12919378
12919441
12919814
12920864
12921144
12922028
12923124
12923513
12925549
12927450
12928079
12930495
12936404
12936856
12938555
12942798
12943072
12944365
12946462
12947153
12948462
12948499
12949273
12949975
12951448
12952525
12957702
12958150
12963893
12966674
12968616
12968693
12968900
12969656
12969824
12970591
12971304
12971693
12972193
12972652
12973894
12976078
12978571
12979873
12982934
12985567
12986910
12987456
12988100
12995762
12996610
12998266
13002287
13006731
13007247
13008421
13010262
13012000
13019176
13023274
13025132
13025293
13025956
13027220
13027902
13028439
13029017
13029695
13030457
13033264
13034384
13035092
13037286
13043902
13044860
13045390
13049263
13049320
13050663
13057265
13058178
13059930
13062552
13063044
13064815
13067343
13076631
13077402
13079755
13084698
13091625
13093742
13093775
13098766
13099547
13104115
13104600
13105325
13106718
13111771
13114735
13115404
13118168
13122468
13133466
13138431
13139321
13139710
13141351
13141624
13142647
13143409
13145615
13146203
13151024
13151217
13151665
13155204
13158678
13160556
13162502
13164871
13165705
13169916
13172011
13172952
13173463
13176047
13177213
13179240
13183174
13187282
13187315
13188301
13188770
13188975
13191063
13193046
13199510
13202862
13203182
13203550
13205414
13205527
13207147
13219634
13224267
13224775
13226168
13228832
13231709
13234410
13236035
13236224
13242162
13249555
13251446
13252559
13255711
13257160
13261356
13261513
13261789
13263726
13264341
13268757
13270989
13276365
13278106
13278207
13279027
13280849
13288117
13291151
13293837
13296552
13297684
13300612
13301006
13301018
13301937
13309292
13309358
13309599
13311328
13313091
13313851
13316791
13319934
13321645
13328295
13328734
13329313
13334728
13337967
13338726
13344637
13348482
13349363
13351063
13351444
13352775
13353639
13354360
13356561
13359019
13360194
13362232
13363774
13364563
13364646
13365198
13369255
13370006
13370318
13370421
13371998
13373224
13377142
13377150
13378480
13379091
13380960
13382098
13385980
13387826
13388780
13390031
13390075
13390114
13391650
13392448
13399230
13400486
13400598
13401039
13402253
13403325
13411904
13414148
13417519
13417873
13418921
13421679
13422575
13423710
13426498
13427013
13428803
13430338
13431757
13432602
13432825
13434750
13435437
13439817
13442091
13444257
13448463
13448671
13450721
13450992
13451239
13451770
13452119
13453643
13455396
13455832
13458865
13458960
13458964
13465671
13465879
13470789
13471105
13474970
13475833
13478700
13480952
13483824
13484364
13486895
13487213
13490162
13491048
13492351
13494581
13494614
13499672
13499793
13501593
13502528
13504263
13504947
13509133
13509137
13509195
13511266
13514294
13514764
13520033
13520277
13520630
13521224
13521788
13523755
13525099
13527279
13531085
13531632
13534085
13534097
13540653
13543926
13544160
13545381
13546124
13548220
13554186
13559171
13559596
13560177
13561013
13562665
13563575
13567873
13571894
13573802
13575407
13575611
13578011
13580156
13580322
13583156
13584755
13585176
13586004
13586955
13587943
13589152
13589614
13590106
13595614
13596874
13598637
13606535
13606866
13607610
13607889
13609692
13612728
13613963
13614059
13619295
13620166
13622134
13623908
13626703
13630417
13630601
13633668
13635743
13635889
13636997
13645801
13647217
13649291
13649324
13651133
13651156
13653951
13654012
13654201
13654295
13659030
13660624
13660690
13664816
13667780
13671977
13674421
13678769
13681064
13682813
13683051
13683683
13687431
13692364
13696560
13696812
13697126
13697508
13698861
13699803
13699825
13702724
13705197
13705700
13707577
13708081
13710854
13712917
13713967
13715238
13715322
13715474
13716061
13716353
13716683
13718439
13719258
13720308
13720539
13721041
13724674
13727149
13729082
13729857
13732928
13733326
13734309
13739150
13739345
13740072
13740535
13740753
13743431
13748437
13749221
13751322
13755969
13756682
13758655
13759073
13759488
13759949
13761610
13763616
13763842
13764076
13764516
13765211
13765457
13767180
13767461
13767664
13770349
13772479
13773043
13778484
13780968
13781568
13783246
13783631
13783840
13785007
13791694
13793379
13793840
13795469
13800103
13801520
13802097
13804162
13805952
13806381
13811429
13811594
13811770
13819114
13821572
13825261
13825600
13827075
13828289
13828773
13829368
13834835
13835296
13835376
13836814
13838096
13841560
13841893
13842776
13844873
13844874
13846088
13846693
13847141
13847246
13849927
13849972
13851436
13853583
13854450
13856903
13861127
13868352
13870504
13871425
13871756
13872370
13875420
13875476
13876525
13878424
13879721
13880136
13884727
13888176
13889017
13890400
13890571
13892286
13893785
13896947
13898548
13903542
13905001
13908670
13917017
13920156
13920167
13924131
13925795
13925858
13926121
13927340
13927467
13927899
13934581
13934630
13934680
13935391
13937071
13938340
13941797
13942062
13942385
13942702
13944067
13946053
13949874
13952653
13956769
13959008
13959649
13959720
13962856
13964823
13967483
13970701
13971297
13971327
13979799
13980873
13985085
13986362
13986706
13988337
13990918
13991037
13994478
13994491
13995367
13997465
13999089
14003451
14004196
14010936
14013360
14016410
14016992
14017246
14017377
14020667
14021310
14023441
14027253
14028575
14029325
14030283
14032372
14035414
14035938
14038381
14039961
14041961
14042558
14046526
14047776
14048898
14052358
14052359
14052421
14055033
14056241
14056317
14056392
14056925
14056963
14057977
14063178
14064082
14064352
14066625
14068415
14068966
14070199
14070978
14072510
14076079
14076257
14077910
14083454
14086737
14088622
14089660
14090059
14093854
14095815
14098154
14098198
14098635
14098992
14104907
14105876
14107417
14114714
14117407
14118169
14121308
14129839
14130957
14132352
14136761
14138878
14143678
14144858
14148612
14151591
14154827
14155058
14155645
14157988
14160217
14165650
14168946
14171755
14172307
14176554
14179869
14180104
14181705
14182534
14183591
14183760
14185797
14186842
14189097
14193066
14196214
14197033
14197593
14197820
14198427
14201358
14202302
14202836
14203483
14204818
14206070
14206072
14210900
14211043
14212281
14212730
14213738
14213909
14216158
14222244
14225052
14225078
14228104
14229574
14230500
14232042
14234982
14236543
14236561
14238287
14242168
14242261
14244030
14244704
14250977
14250984
14256409
14258194
14259520
14260420
14262371
14268832
14269683
14270110
14271400
14276577
14279038
14281612
14282348
14282370
14282977
14283130
14296784
14296807
14300350
14301303
14302769
14307144
14307949
14310491
14310668
14310670
14312116
14314065
14318360
14320116
14320313
14321890
14321935
14324359
14326387
14332503
14336184
14342488
14346113
14346296
14346678
14346914
14348646
14348681
14348749
14350225
14352011
14360456
14362903
14364238
14364786
14370152
14374279
14377038
14378308
14381080
14382145
14384615
14385110
14385261
14386708
14390469
14392653
14393160
14398131
14398411
14398460
14398702
14400976
14405824
14406489
14408674
14414560
14415283
14416895
14417758
14418642
14418926
14422788
14423344
14424948
14425688
14427553
14430375
14431276
14433673
14436088
14436934
14437198
14438594
14439786
14440704
14442910
14449326
14450224
14453179
14455016
14457499
14458927
14460953
14461778
14465867
14466162
14467021
14468372
14469546
14470936
14474629
14474688
14478707
14479489
14480037
14480414
14483606
14491477
14492758
14493741
14494654
14496224
14502134
14505110
14505717
14506287
14507311
14508265
14509734
14511930
14512094
14515577
14520125
14524744
14525968
14526251
14528651
14528909
14530188
14532804
14533755
14536497
14537660
14538230
14539250
14540752
14541068
14542928
14544824
14547266
14550017
14552606
14553095
14555230
14560335
14561751
14563142
14564923
14567448
14567684
14567899
14571643
14575926
14576212
14577064
14580110
14580521
14582436
14583225
14583686
14585642
14587103
14594568
14596088
14596468
14597057
14603278
14608787
14608798
14609613
14610241
14610670
14614380
14615186
14616583
14618030
14619624
14622420
14626019
14626955
14628784
14629255
14630244
14633553
14636890
14637018
14638716
14639418
14640878
14641407
14642231
14642238
14642254
14643157
14643426
14644913
14645554
14649073
14650700
14655941
14659111
14659267
14661414
14661889
14662348
14664112
14671146
14673552
14675062
14677788
14678353
14679395
14680252
14680523
14682142
14682316
14682833
14683038
14685268
14688651
14689399
14692739
14692889
14693281
14695366
14696028
14699476
14704924
14705662
14708575
14712918
14714030
14714537
14716869
14716901
14718047
14720147
14721634
14721754
14725073
14726231
14726457
14726774
14729871
14730559
14730691
14732191
14734107
14736441
14737592
14738217
14739669
14740261
14741979
14742400
14743028
14743084
14745203
14750263
14751041
14753115
14755278
14756670
14758343
14758893
14759542
14760152
14765240
14765678
14770814
14771137
14775765
14778750
14781206
14787505
14788909
14789947
14790522
14801565
14803616
14815921
14816415
14816587
14817595
14818611
14820825
14822470
14822790
14823606
14825994
14826169
14834285
14835053
14837117
14837648
14838874
14839479
14840449
14841665
14842357
14844402
14846843
14847274
14847584
14848884
14848939
14849444
14853182
14853845
14854945
14854986
14855389
14856674
14859406
14863438
14865140
14866514
14866705
14867736
14867874
14869500
14871065
14872683
14874224
14876506
14878082
14879350
14880603
14881661
14888697
14890395
14892947
14894480
14896803
14898631
14899583
14899765
14902447
14903958
14904441
14905262
14905263
14907460
14908677
14914303
14914387
14916023
14916343
14917770
14921277
14921551
14925023
14925225
14925754
14928596
14933108
14933383
14935828
14936455
14938580
14939923
14942565
14949069
14949128
14951128
14951612
14954006
14954242
14957138
14957318
14958060
14965058
14971210
14974383
14974592
14976469
14977536
14980894
14983247
14983630
14984691
14986685
14987730
14988825
14988932
14990696
14991279
14994103
14997865
14999076
15001129
15002074
15005055
15006699
15006739
15010127
15011069
15018775
15020063
15020696
15022491
15025901
15025950
15026960
15028529
15029226
15029702
15029749
15029869
15029950
15033314
15033410
15033474
15034631
15034799
15035445
15035778
15041212
15042010
15042244
15043732
15044019
15045199
15048411
15051013
15052821
15053061
15054122
15056972
15058142
15063054
15066086
15070851
15072054
15073366
15076603
15078465
15079567
15079978
15082789
15089002
15089626
15089700
15092753
15093216
15094954
15097956
15100527
15104013
15105548
15107419
15108901
15110523
15111138
15116065
15119130
15119755
15120608
15124507
15126076
15126913
15129212
15129550
15130420
15131698
15137791
15137870
15141171
15144009
15145773
15145920
15146256
15148405
15150282
15154004
15156065
15156308
15156779
15159475
15159743
15160419
15162621
15164781
15165060
15170860
15173599
15173606
15173747
15176828
15177065
15177821
15184698
15186101
15186412
15188172
15193714
15194134
15195703
15198231
15198906
15200692
15201046
15204926
15206273
15206618
15208229
15210532
15210863
15212012
15214788
15215151
15215314
15215664
15216547
15216718
15217445
15219609
15220759
15223234
15225111
15225556
15227108
15227173
15228306
15230658
15232289
15233454
15234863
15237206
15238469
15242292
15244349
15244393
15244723
15247864
15248233
15248679
15248784
15253062
15254762
15258206
15258514
15264067
15264071
15264526
15265406
15271948
15273190
15275455
15281735
15282611
15287651
15290594
15290633
15291666
15293359
15295766
15296640
15297626
15298141
15299636
15300930
15309302
15310346
15315617
15317441
15317990
15320075
15322133
15324573
15329252
15330725
15332537
15333375
15333525
15333731
15334905
15337960
15339210
15341958
15347689
15353581
15353954
15354761
15357406
15357671
15373031
15376939
15380136
15380316
15382389
15382692
15385590
15389989
15395208
15396646
15404462
15404581
15404870
15407200
15412628
15414622
15418521
15419242
15425419
15425820
15427756
15428084
15428714
15431649
15431814
15432400
15438787
15439892
15443278
15443485
15445842
15449886
15451727
15453405
15455871
15459799
15460726
15461980
15463106
15464167
15466990
15468275
15470743
15471368
15472276
15473866
15474785
15475170
15478258
15480506
15481050
15483422
15485680
15490710
15492987
15494761
15496723
15501669
15503347
15505780
15506496
15508815
15510259
15512473
15514136
15516718
15518645
15518971
15528912
15529118
15532580
15534609
15535633
15537622
15538469
15538820
15542908
15543874
15546412
15546865
15552070
15554115
15554230
15554743
15556953
15557224
15558861
15566807
15569230
15569403
15571782
15573252
15573406
15574572
15575179
15575737
15582513
15583599
15591862
15591882
15592738
15594251
15599360
15600123
15600732
15601010
15603943
15604890
15608264
15609776
15612855
15615379
15615512
15617372
15618492
15618600
15622611
15626562
15629487
15631198
15631622
15632116
15638827
15642187
15642501
15645236
15647208
15649335
15650709
15651223
15654005
15656276
15657135
15658104
15661237
15663539
15664208
15664487
15665470
15665597
15673019
15674075
15674388
15676110
15677597
15678836
15681671
15683080
15684364
15685733
15686142
15690227
15691654
15692333
15693673
15694360
15698806
15701088
15702287
15710559
15711191
15711759
15723920
15729271
15730247
15730893
15731178
15731424
15739372
15739955
15741763
15742426
15746123
15746350
15749244
15750012
15750495
15753758
15755971
15759052
15761442
15763041
15769311
15770608
15771800
15772703
15775797
15778615
15779404
15780599
15781491
15783975
15784336
15787784
15788271
15789821
15792346
15792684
15794430
15794945
15795358
15796668
15797420
15798390
15800671
15803980
15807907
15808255
15808389
15808971
15809621
15815488
15816251
15816713
15817563
15818026
15819192
15819376
15820522
15820719
15821151
15822875
15823786
15838745
15841189
15841924
15842056
15842071
15845412
15846342
15846486
15850872
15852223
15854649
15854802
15857033
15863876
15865267
15867190
15871668
15875103
15878056
15879749
15880037
15885080
15885898
15888242
15888822
15888835
15888928
15892660
15893394
15894736
15894861
15895970
15900744
15903376
15903399
15904288
15906228
15910496
15912087
15914805
15918598
15920192
15920374
15923382
15927321
15927529
15928113
15928948
15929341
15929620
15930425
15932802
15936726
15938313
15941535
15943748
15946007
15949591
15949666
15958380
15958507
15959168
15964620
15965535
15968670
15972118
15974040
15974483
15979281
15981572
15988834
15990887
15993189
15994176
15996190
16001752
16003231
16003450
16007396
16007861
16008103
16008875
16012594
16012614
16013317
16016128
16021019
16023359
16027292
16027916
16030517
16030635
16033206
16034172
16034617
16036017
16037107
16038793
16039556
16040534
16046653
16048417
16049953
16053492
16055132
16056001
16056952
16057531
16059443
16060592
16060750
16061121
16063848
16065793
16067650
16067791
16069318
16069866
16071126
16071462
16077446
16079204
16082870
16083515
16084116
16093460
16097138
16097584
16097729
16099066
16099183
16100613
16103213
16104017
16104337
16107472
16111001
16111866
16115119
16116089
16116386
16117044
16119284
16121383
16123396
16124422
16126742
16127154
16127426
16128087
16130311
16130508
16130796
16136246
16136337
16136432
16137681
16141255
16141581
16142337
16144024
16144988
16147958
16148693
16152005
16152102
16152618
16155770
16159988
16160409
16160880
16166326
16167311
16168672
16172333
16173068
16175926
16175974
16177204
16177860
16179940
16180954
16182653
16183173
16183376
16184976
16186330
16188131
16189384
16193260
16194269
16194661
16198017
16208993
16210543
16210733
16216685
16221289
16222508
16225143
16226105
16227633
16229647
16231621
16232657
16238941
16242621
16243952
16243987
16244007
16247553
16250118
16250279
16250637
16253247
16253680
16253797
16255925
16258023
16261698
16262022
16262914
16265424
16266041
16268494
16268600
16270044
16270159
16271560
16275996
16277100
16277299
16278273
16278697
16282637
16283152
16283808
16284790
16285871
16288622
16292579
16298079
16300532
16300863
16301924
16301995
16302291
16303194
16304048
16308734
16309532
16311572
16314203
16314506
16315986
16318696
16320708
16324458
16325303
16327451
16328047
16328863
16329619
16329866
16333045
16334640
16337878
16338335
16338818
16340344
16340901
16341030
16343237
16344948
16346961
16349081
16349613
16353759
16355011
16356251
16362844
16363571
16364455
16364942
16365461
16366335
16366462
16370579
16371331
16371729
16372838
16380078
16380180
16385693
16387847
16388961
16389337
16389455
16389658
16391492
16391926
16392104
16392907
16393443
16398116
16398220
16400208
16400987
16407900
16410851
16411678
16411742
16413748
16416986
16417855
16417931
16419326
16419591
16420468
16420646
16421665
16422903
16423605
16426125
16426464
16428205
16428400
16428577
16431728
16432551
16434972
16435123
16436696
16438560
16440614
16444133
16446193
16447166
16448184
16448631
16448951
16449287
16449603
16450780
16451849
16454877
16454998
16455410
16457157
16461463
16462455
16463069
16464834
16465808
16466801
16466816
16468621
16470978
16473006
16474371
16478660
16484613
16490230
16490967
16491612
16492305
16493283
16497295
16498060
16498365
16503794
16504176
16505300
16514315
16516834
16518380
16518395
16519440
16519724
16519740
16520735
16520931
16521085
16521242
16522758
16523160
16524151
16528071
16529171
16530146
16530839
16531644
16532877
16533259
16534158
16535501
16535751
16537040
16539453
16540981
16543632
16545673
16551420
16557822
16561474
16565438
16565485
16567973
16569041
16571498
16573072
16576952
16577105
16580339
16581379
16583489
16589907
16593419
16593631
16595146
16595405
16595951
16596081
16605180
16607933
16607995
16609040
16611728
16613432
16614601
16615301
16615711
16616390
16616953
16617683
16620237
16622312
16624783
16625008
16625280
16626432
16628966
16634642
16637179
16638051
16642964
16646984
16647064
16650250
16651807
16652790
16654834
16658084
16660051
16660317
16662223
16663290
16664923
16665009
16667054
16672206
16672464
16673796
16674555
16678037
16684329
16684737
16687109
16688673
16688867
16691445
16693637
16694587
16695397
16696766
16697223
16701591
16704716
16706602
16707190
16707215
16712123
16713189
16713618
16716328
16718906
16721000
16727122
16727755
16727985
16729287
16729711
16735281
16737687
16739397
16741332
16744976
16745373
16747903
16752228
16755027
16755636
16756888
16765363
16767971
16768230
16770271
16771035
16772976
16773392
16773880
16774183
16774387
16776069
16778878
16782686
16785055
16786035
16786155
16787533
16790794
16794102
16794111
16795051
16800804
16802664
16808919
16811589
16812814
16814416
16814569
16814699
16815397
16815778
16819440
16819658
16819816
16824644
16825563
16828512
16831442
16837952
16843067
16845514
16845981
16846545
16850912
16852794
16857218
16862089
16867399
16868976
16869020
16870016
16870885
16871229
16876367
16878214
16878671
16879801
16882730
16883146
16886811
16888123
16893690
16893949
16893988
16898011
16899552
16900134
16901813
16905076
16905750
16909365
16912835
16912871
16914167
16914649
16915368
16918627
16919169
16921501
16921585
16923975
16924339
16925168
16932733
16933013
16935529
16936088
16937688
16940354
16940972
16941839
16952530
16954296
16957116
16959080
16960622
16961749
16962644
16962810
16963494
16964351
16966611
16968101
16974692
16976737
16978219
16983552
16984477
16988173
16991522
16991745
17000550
17002339
17006898
17006902
17007414
17007755
17007771
17009799
17009936
17010268
17015780
17017817
17019375
17020801
17021458
17022161
17024021
17024820
17026908
17032261
17033130
17033276
17036995
17039173
17040213
17044343
17047343
17049621
17052698
17055506
17059514
17060227
17060728
17061294
17061890
17062985
17064035
17066653
17067701
17071876
17072765
17073538
17073791
17073984
17075410
17076268
17076785
17077483
17087086
17087577
17088996
17096035
17097416
17101841
17104892
17105026
17107681
17108074
17108321
17110037
17115041
17116524
17117347
17119432
17125107
17125326
17126320
17126974
17127360
17129078
17130845
17133776
17135987
17137200
17139597
17142385
17145622
17146944
17149032
17153739
17153974
17156167
17159841
17161385
17161629
17173399
17174681
17175866
17175972
17176753
17178989
17179504
17181304
17182867
17182979
17184483
17187167
17187513
17188979
17189389
17191084
17192255
17194147
17196455
17196839
17201612
17203921
17204468
17207669
17208112
17208912
17210737
17214801
17215437
17217720
17219299
17220291
17223826
17224898
17227775
17232544
17233674
17234046
17234873
17241245
17244193
17244486
17246014
17246451
17248044
17250351
17250673
17250880
17251146
17252101
17254910
17257070
17258419
17259503
17262162
17263428
17263957
17265318
17267853
17268325
17270769
17273821
17273848
17274537
17279887
17281257
17282208
17282367
17285164
17285592
17287023
17291309
17292494
17293559
17293918
17295794
17296322
17299154
17299385
17301899
17303400
17303529
17304908
17305399
17306986
17307377
17309915
17318525
17318875
17321275
17323575
17325374
17327163
17327436
17328279
17328299
17328901
17332912
17336154
17338267
17340672
17343367
17343374
17343415
17346312
17349157
17350410
17353021
17353183
17353185
17353463
17355351
17356770
17357898
17359769
17360011
17361231
17361273
17363933
17368228
17373805
17373890
17374467
17380657
17380663
17384228
17386606
17387450
17387640
17399147
17400511
17403354
17403821
17404065
17404640
17404886
17405484
17407368
17409116
17410697
17420566
17423069
17425767
17426137
17426407
17430499
17431264
17432896
17434585
17435468
17437559
17440196
17441372
17442909
17443306
17443410
17445554
17445967
17449093
17451460
17451900
17452620
17460891
17463690
17464335
17464438
17467217
17468382
17473202
17475030
17478556
17480579
17481606
17487294
17488635
17488876
17493247
17494085
17494873
17495677
17497991
17499799
17503719
17506817
17508174
17508417
17509903
17511172
17514510
17517055
17520182
17520912
17522089
17523871
17524333
17525654
17525869
17526419
17527871
17531382
17532226
17532451
17534661
17535486
17535513
17536229
17536542
17536801
17539470
17542312
17544830
17545923
17548197
17548430
17548797
17550589
17552198
17552320
17558383
17559041
17561153
17566043
17566991
17568088
17569236
17579246
17587067
17589618
17590804
17591914
17592645
17593866
17595769
17600380
17601226
17602401
17603313
17605120
17605142
17610847
17612873
17613457
17614500
17615377
17618147
17619483
17621578
17621732
17623501
17630295
17633718
17636615
17639366
17639496
17646429
17647278
17647764
17650822
17654821
17659591
17659631
17660919
17661086
17666389
17669093
17671117
17673926
17675000
17676841
17679153
17686863
17688460
17693949
17695283
17697476
17698620
17700117
17701405
17702191
17703765
17706188
17709039
17710426
17713122
17713669
17714598
17715191
17715802
17716819
17717600
17717846
17723175
17723993
17726636
17732822
17734051
17734802
17735087
17737065
17738133
17739241
17740257
17740764
17741059
17745650
17749325
17749500
17753551
17757287
17757739
17758812
17763166
17764861
17768637
17770554
17771143
17771184
17771949
17772219
17774882
17775787
17775806
17777476
17779793
17783748
17784938
17785715
17791310
17791880
17791937
17796345
17796877
17796935
17797359
17799222
17799962
17800311
17803013
17805388
17805537
17805683
17806669
17806922
17808029
17811007
17815990
17818139
17818213
17818878
17821535
17822969
17823705
17824906
17827297
17831914
17832520
17832957
17833448
17833919
17836462
17837676
17840518
17840768
17840850
17843378
17843405
17844098
17845014
17847833
17849207
17852668
17854880
17855593
17856973
17859675
17861874
17864807
17865034
17866147
17869487
17870776
17870991
17872203
17875555
17880180
17886538
17888477
17895588
17895716
17897638
17899287
17902395
17903634
17904463
17904856
17906253
17906339
17907132
17909678
17911573
17911644
17915181
17915972
17922444
17924361
17925597
17927598
17928227
17928725
17928843
17930992
17931955
17934754
17939021
17939228
17941212
17942227
17942581
17942647
17943356
17946036
17947562
17949299
17951455
17955218
17955451
17956812
17959213
17960277
17961006
17961797
17964265
17965385
17974994
17975485
17975590
17976593
17976895
17978952
17979695
17980601
17981380
17982151
17988033
17988206
17991142
17996772
17997630
18000518
18001934
18001940
18003744
18004771
18008731
18009982
18010899
18015280
18015597
18016667
18018680
18019035
18019900
18023228
18024559
18027342
18028360
18029255
18029401
18030205
18030413
18030643
18030815
18037884
18038381
18038581
18044389
18044680
18047083
18047174
18047650
18050234
18051005
18051303
18051680
18052149
18057317
18060340
18060614
18061150
18062052
18065835
18066007
18067695
18069861
18070869
18071485
18071783
18073442
18074692
18076987
18079814
18086297
18089636
18091340
18094830
18096241
18099655
18101214
18101887
18103367
18108602
18109230
18110287
18111201
18112527
18113339
18115209
18116297
18117866
18118214
18125312
18127320
18127537
18130484
18130791
18132017
18132744
18137789
18138803
18139444
18140253
18140293
18140626
18146303
18150157
18153072
18153226
18153767
18154981
18158541
18160435
18163141
18165454
18166094
18167514
18171955
18172049
18177660
18178206
18179047
18182221
18182729
18184460
18189717
18198694
18199725
18200362
18201776
18203327
18211515
18214092
18215163
18216220
18216624
18217179
18219435
18219732
18220273
18221350
18221357
18221365
18225304
18226149
18226437
18228384
18229278
18231647
18231999
18232132
18233037
18234220
18234319
18236030
18236166
18239387
18239597
18240997
18243233
18246934
18249570
18251622
18254277
18254611
18256802
18258115
18259578
18261907
18261919
18262038
18262517
18263973
18269215
18272200
18273310
18273709
18277403
18281217
18284555
18288752
18289969
18290288
18291021
18291230
18292557
18292766
18296038
18296933
18297238
18299286
18301291
18302529
18304492
18305441
18309470
18312587
18313219
18316807
18319802
18321127
18325322
18326098
18326814
18332116
18332135
18336133
18336286
18341331
18342123
18343821
18344568
18346688
18350158
18352732
18353737
18355299
18355708
18357187
18357237
18358309
18360109
18361393
18363612
18364271
18368487
18371123
18380275
18384064
18387165
18387233
18391867
18392118
18393021
18393807
18394909
18395488
18396693
18397845
18398120
18398373
18398620
18398806
18398874
18399934
18400872
18401428
18402547
18406212
18407442
18407929
18410052
18410065
18414448
18415732
18418688
18421325
18422712
18423709
18424791
18425202
18427147
18427690
18430237
18432089
18433015
18434342
18434945
18435483
18435542
18435842
18435909
18436442
18436966
18437987
18440220
18441204
18442042
18443018
18443861
18448047
18451971
18455598
18463986
18464674
18465954
18468814
18469288
18471444
18472573
18472847
18473422
18473598
18477340
18479715
18484384
18484786
18485217
18490653
18490966
18491561
18492375
18493238
18496739
18506468
18512568
18514127
18515130
18517514
18519460
18521274
18524104
18524817
18527689
18528890
18529927
18529987
18531592
18531657
18538901
18540336
18542317
18546648
18549534
18552312
18554160
18554571
18557423
18562785
18564003
18566988
18569058
18573339
18575349
18576597
18581938
18582948
18584599
