48
101
146
282
284
327
354
411
503
518
538
586
591
614
685
783
790
863
870
877
939
943
954
978
986
1103
1166
1283
1384
1434
1530
1555
1704
1739
1824
1871
2019
2295
2616
2620
2758
2794
2952
3045
3119
3170
3255
3316
3417
3611
3695
3727
3842
3977
3997
4157
4169
4228
4236
4514
4657
4723
4761
4772
4863
4947
5032
5082
5107
5172
5204
5243
5270
5314
5328
5362
5394
5466
5493
5530
5760
5854
5933
6037
6075
6098
6108
6176
6193
6212
6267
6295
6419
6500
6532
6654
6698
6811
6847
7021
7026
7035
7120
7262
7268
7489
7532
7557
7610
7659
7732
7934
7959
7970
8006
8053
8275
8314
8604
8608
8660
8760
8763
8858
8957
9104
9319
9340
9452
9452
9496
9549
9790
9805
9805
9820
9898
9901
