1
705
706
707
745
877
959
969
1129
1196
1253
1361
1469
1515
1553
1650
1870
1874
1977
2047
2094
2228
2277
2366
2388
2400
2406
2545
2603
2748
2841
2998
3091
3108
3123
3194
3300
3378
3413
3474
3492
3516
3674
3764
3936
4032
4106
4111
4164
4188
4193
4332
4388
4481
4516
4662
4671
4791
4891
5033
5063
5779
5822
5834
5941
5944
5957
5975
5999
6017
6045
6166
6248
6325
6463
6473
6519
6585
6614
6868
7002
7094
7345
7426
7452
7748
7836
7867
7878
8010
8060
8253
8258
8308
8358
8459
8491
8548
9010
9060
9121
9329
9340
9458
9513
9522
9592
9641
9789
9865
9888
9924
9930
