20
174
362
453
562
628
720
868
1087
1175
1175
1443
1445
1524
1609
1654
1661
1710
1738
1900
1905
1964
1968
1986
2022
2132
2190
2232
2327
2532
2601
2602
2802
2818
2847
2847
2853
3052
3073
3259
3323
3466
3496
3510
3529
3543
3763
3886
3894
3900
3905
3960
4017
4117
4270
4325
4375
4410
4511
4617
4644
4660
4758
4906
5137
5186
5215
5322
5356
5640
5825
5922
5987
6000
6134
6183
6285
6404
6455
6457
6543
6554
6613
6782
6855
7032
7205
7243
7389
7391
7504
7531
7551
7669
7749
7808
7834
7937
7999
8046
8161
8211
8248
8255
8264
8372
8403
8461
8469
8473
8558
8559
8648
8713
9142
9416
9461
9678
9755
9839
9852
9972
