206
291
489
508
544
657
701
712
966
1184
1197
1314
1339
1435
1458
1507
1554
1577
1673
1763
1772
1834
1841
1965
2008
2021
2057
2216
2245
2397
2480
2586
2768
2927
2988
3031
3189
3278
3309
3607
3686
3722
3793
3800
3815
3830
3871
3962
3984
4020
4083
4100
4154
4229
4254
4298
4304
4523
4662
4805
4918
5121
5125
5183
5260
5294
5721
5755
5872
5945
6028
6103
6165
6290
6298
6337
6347
6481
6604
6605
6834
7135
7186
7317
7336
7347
7377
7426
7517
7551
7727
7781
7855
7902
7906
8076
8106
8226
8558
8669
8755
8792
8849
8888
8927
9017
9062
9119
9151
9169
9304
9307
9313
9378
9379
9470
9486
9586
9703
9705
9731
9776
9812
9864
9901
9926
