189
210
321
459
692
712
735
751
769
1090
1123
1181
1278
1562
1568
1621
1837
1887
1902
1947
1984
2001
2121
2269
2272
2386
2432
2440
2600
2622
2718
2860
2942
3078
3177
3186
3235
3294
3379
3386
3545
3566
3585
3638
3675
3703
3820
3934
4028
4290
4325
4342
4352
4407
4441
4659
4679
4774
4887
4910
4945
5019
5048
5087
5141
5158
5361
5370
5443
5443
5515
5541
5580
5586
5588
5606
5723
5796
5865
5993
6030
6054
6067
6117
6199
6228
6262
6464
6511
6558
6676
6757
6815
6898
6913
7040
7209
7215
7239
7322
7452
7776
7777
7923
7998
7999
8011
8029
8155
8277
8375
8606
8673
8705
8768
8834
8845
8896
9004
9094
9154
9167
9186
9186
9257
9295
9297
9359
9386
9428
9451
9469
9492
9557
9583
9679
9731
9760
9844
