36
136
190
312
400
471
533
677
711
730
748
752
757
981
982
1000
1182
1317
1399
1414
1477
1525
1631
1715
1729
1745
1927
1966
2010
2027
2163
2181
2182
2261
2303
2372
2395
2461
2462
2472
2518
2585
2627
2681
2836
2892
2950
3104
3107
3273
3331
3369
3488
3522
3569
3676
3691
3741
3839
3854
3921
3967
4022
4226
4294
4316
4594
4663
4861
5055
5104
5149
5178
5245
5348
5394
5459
5504
5552
5828
5968
6061
6156
6315
6607
6748
6776
6852
6936
6947
6964
7004
7105
7116
7239
7251
7271
7315
7378
7418
7533
7746
7840
7878
7958
7973
7975
8010
8055
8120
8157
8233
8322
8331
8874
9172
9401
9416
9489
9518
9549
9553
9559
9600
9740
9775
9804
9950
9969
