208
280
311
395
406
416
656
729
790
797
803
895
938
940
962
1022
1041
1268
1321
1388
1430
1431
1555
1556
1968
2177
2202
2249
2253
2286
2300
2399
2401
2465
2625
2883
2914
2936
2939
2981
3102
3165
3242
3247
3326
3417
3511
3545
3652
3680
3718
3749
3869
3900
4062
4122
4331
4401
4518
4522
4538
4699
4864
5127
5150
5523
5560
5595
5881
5889
6052
6149
6171
6250
6263
6338
6340
6387
6514
6548
6567
6689
6836
6863
6916
7034
7160
7177
7276
7387
7515
7595
7759
7777
7860
7887
7925
8042
8049
8072
8200
8339
8428
8440
8523
8629
8715
8804
8873
8902
8924
8949
8980
9098
9102
9180
9184
9198
9280
9462
9604
9644
9724
9736
9761
9766
9796
9854
9906
9929
9952
9990
