35
42
88
130
177
296
536
565
568
654
708
720
783
899
943
997
1085
1110
1113
1130
1175
1188
1307
1570
1587
1633
1635
1661
1690
1861
1876
1948
1970
2089
2138
2147
2174
2257
2283
2287
2319
2329
2492
2825
2828
2855
2996
3112
3249
3306
3400
3541
3542
3550
3648
4047
4116
4362
4492
4502
4538
4565
4718
4810
4811
4884
5005
5131
5161
5240
5249
5342
5732
5948
5961
6120
6220
6288
6348
6406
6414
6420
6575
6581
6593
6739
6765
6778
6796
6817
6891
6916
7270
7381
7443
7480
7503
7591
7611
7613
7646
7771
7774
7991
8243
8301
8311
8331
8483
8703
8714
8794
8803
8982
9044
9240
9452
9463
9467
9544
9577
9578
9637
9681
10013
10015
10076
10087
10148
10195
10216
10266
10342
10403
10570
10643
10804
10889
10916
11263
11271
11441
11460
11549
11562
11703
11737
11752
11785
11917
11919
12015
12025
12095
12126
12144
12408
12602
12659
12784
13067
13154
13162
13307
13342
13344
13420
13445
13615
13646
13789
13793
13883
13889
13940
13988
14081
14087
14113
14144
14233
14412
14415
14424
14493
14493
14506
14586
14639
14691
14837
15060
15287
15296
15350
15385
15426
15564
15571
15613
15638
15672
15732
15807
15870
15880
16087
16301
16363
16377
16450
16494
16536
16575
16636
16818
17028
17053
17105
17196
17215
17216
17365
17373
17497
17558
17576
17625
17650
17672
17686
17817
17831
17843
17862
17866
17929
18038
18046
18168
18365
18390
18558
18588
18730
18802
18808
18944
18999
19305
19319
19351
19354
19373
