119
192
247
320
395
575
603
620
631
744
863
1066
1181
1199
1397
1484
1542
1654
1662
1942
1995
2107
2114
2123
2202
2280
2392
2458
2464
2537
2605
2711
2759
2767
2788
2796
2840
2861
2906
2932
2996
3058
3119
3191
3311
3343
3378
3385
3396
3479
3533
3578
3614
3794
4206
4411
4425
4457
4496
4513
4568
4675
4892
5005
5040
5074
5144
5159
5248
5304
5371
5724
5764
5826
5870
5887
6123
6203
6316
6530
6971
7169
7568
7575
7598
7751
7770
7789
7824
7831
7873
7952
8134
8138
8242
8267
8462
8482
8572
8587
8613
8655
8697
8975
9013
9072
9165
9267
9425
9510
9761
9820
9887
9888
9915
9931
10029
10122
10181
10189
10229
10325
10445
10451
10466
10508
10599
10606
10610
10622
10752
10760
10819
10972
10996
11010
11065
11092
11125
11127
11137
11284
11310
11460
11488
11627
11811
12141
12167
12267
12527
12585
12720
12774
12849
12871
12985
13067
13124
13279
13306
13443
13482
13484
13499
13712
13777
13952
13978
13986
14069
14327
14366
14367
14379
14438
14626
14638
14733
14827
14903
15127
15203
15245
15287
15345
15419
15488
15763
15961
15970
16026
16060
16115
16195
16267
16340
16457
16618
16737
16806
