112
157
366
602
619
693
745
779
847
867
955
960
997
1069
1092
1123
1134
1153
1160
1190
1433
1537
1555
1580
1749
1858
1913
1931
1986
2041
2130
2447
2539
2586
2608
2701
2785
2806
2943
3144
3156
3349
3529
3642
3718
4010
4105
4207
4208
4300
4309
4340
4409
4417
4424
4440
4456
4626
4661
4708
4745
4764
4924
5155
5261
5283
5445
5498
5638
5662
5721
5727
5778
5816
5855
5883
5945
6060
6072
6157
6160
6167
6209
6282
6292
6333
6464
6743
6897
6904
7132
7261
7304
7363
7363
7378
7400
7446
7474
7677
7897
8086
8108
8190
8217
8282
8288
8383
8442
8642
8670
8678
8773
8774
8853
8863
8880
8893
8992
9008
9065
9123
9132
9290
9475
9475
9550
9559
9622
9646
9673
9692
9776
9827
10012
10212
10228
10286
10306
10330
10462
10488
10538
10563
10707
10745
10823
10939
10988
10995
11038
11038
11219
11351
11353
11572
11599
11612
11625
11664
11667
11679
11767
11802
11805
11962
11975
12054
12163
12220
12224
12238
12331
12454
12594
