337
380
440
608
619
714
725
766
889
1204
1341
1666
1667
1942
2155
2156
2224
2320
2485
2719
2723
2783
2876
2901
2909
3134
3250
3294
3312
3524
3833
3939
4040
4296
4335
4469
4494
4525
4559
4691
4792
4803
4965
5113
5495
5686
5806
5851
5914
6133
6137
6259
6286
6297
6393
6394
6447
6463
6503
6638
6859
6882
7305
7493
7545
7694
7757
7759
7829
7860
7876
7961
8269
8277
8488
8632
8772
8787
8847
9051
9062
9284
9453
9470
9515
9559
9604
9685
9761
10039
10041
10074
10325
10512
10709
10777
10855
11037
11063
11124
