86
229
269
495
638
670
732
928
1209
1399
1522
1623
1727
1782
1880
2072
2160
2226
2305
2360
2417
2421
2472
2512
2537
2608
2655
2700
2737
2745
2765
2979
3056
3164
3223
3252
3281
3335
3348
3381
3389
3390
3431
3693
3790
3932
4069
4327
4406
4549
4715
4759
4800
4889
5218
5357
5598
5618
5656
5991
6048
6056
6141
6307
6343
6346
6390
6395
6878
7136
7192
7305
7467
7515
7626
7831
8362
8362
8507
8512
8516
8589
8689
8781
8961
9036
9081
9312
9442
9662
9742
10057
10125
10135
10140
10264
10413
10664
10722
10961
10968
11152
11167
11179
11279
11431
11959
11968
11998
12138
12450
12454
12756
12880
12904
13122
14007
14044
14108
14204
14246
14473
14591
14749
14814
14894
14917
15009
15121
15198
15317
15336
15478
15937
15984
15998
16074
16435
16574
16591
16751
16754
16782
17000
17008
17046
17048
17101
17161
17182
17193
17299
17379
17442
17622
17711
17925
17970
17983
17987
18069
18259
18318
18363
18407
18683
18979
19410
19523
19586
