51
51
99
123
149
256
276
316
391
632
756
759
778
813
844
948
1066
1166
1365
1398
1491
1493
1561
1641
1713
1843
2157
2188
2396
2423
2475
2503
2632
2661
2663
2803
2926
2990
3089
3202
3332
3546
3577
3611
3825
4026
4033
4268
4328
4409
4440
4490
4521
4545
4709
4713
4758
4863
4972
4998
5181
5273
5306
5387
5598
5613
5658
5663
5699
5712
5945
5997
6147
6183
6224
6259
6288
6295
6552
6639
6700
6775
6786
6789
6996
7129
7214
7221
7436
7442
7580
7717
7747
7851
7929
7961
7997
8022
8033
8192
8245
8299
8489
8649
8718
8730
8791
8889
8905
9188
9390
9542
9556
9570
9574
9576
9622
9641
9767
9769
9800
9968
10089
10101
10162
10206
10310
10446
10457
10496
10543
10643
10659
10692
10755
10851
10876
10959
11037
11171
11314
11459
11555
11590
11631
11669
11758
11791
12053
12109
12114
12134
12189
12201
12224
12235
12345
12351
12478
12547
12648
12724
12847
12852
12887
12986
13074
13121
13274
13319
13343
13356
13456
13475
13509
13936
14079
14081
14191
14333
14381
14422
