319
382
391
533
547
594
786
849
878
882
939
1069
1303
1374
1392
1412
1503
1832
1892
2330
2457
2466
2501
2563
2598
2652
2684
2764
2822
2833
2969
3112
3346
3615
3929
3964
4160
4269
4427
4529
4551
4713
4873
4884
4934
4968
5079
5099
5134
5334
5336
5578
5694
5723
5770
5778
5831
5881
5957
6103
6144
6605
6606
6636
6980
7004
7061
7284
7299
7452
7528
7768
7769
7981
8137
8164
8189
8417
8440
8467
8535
8696
8722
8884
8959
9035
9046
9111
9127
9408
9619
9707
9958
10084
10222
10320
10334
10379
10397
10397
10405
10423
10488
10652
10715
10740
10807
10912
10970
10970
10972
11450
11463
11492
11516
11710
12070
12109
12119
12253
12293
12323
12365
12429
12867
13156
13310
13342
13354
13520
