65
274
448
489
506
726
782
838
919
1064
1076
1093
1101
1189
1203
1210
1224
1224
1367
1401
1417
1521
1534
1543
1573
1609
1614
1720
1777
2134
2227
2310
2395
2565
2580
2581
2593
2676
2845
2870
2915
2942
2946
3036
3251
3289
3332
3540
3573
3614
3645
3689
3816
3964
4066
4074
4078
4156
4307
4409
4412
4412
4451
4733
4863
4870
4883
5167
5235
5235
5287
5303
5328
5338
5381
5383
5505
5551
5650
5675
5676
5832
5847
5877
5920
5961
6011
6038
6041
6068
6099
6129
6190
6249
6250
6277
6317
6320
6404
6536
6545
6842
6975
7153
7231
7568
7789
7807
8095
8249
8269
8280
8295
8328
8493
8536
8746
8774
8838
8882
8905
9062
9089
9150
9198
9207
9215
9240
9377
9595
9602
9702
9812
9846
9873
9990
10046
10057
10179
10181
10224
10268
10347
10353
10392
10496
10608
10648
11168
11170
11202
11333
11536
11552
11652
11680
11686
11763
11768
11853
12074
12086
12117
12134
12204
12309
12372
12386
12386
12475
12516
12548
12684
12685
12791
12796
12973
13087
13182
13254
13419
13781
13844
14082
14082
14257
14351
14433
14448
14485
14639
14693
14839
14865
15080
15119
15148
15214
15245
15284
15348
15362
15395
15453
15477
15491
15538
15578
15652
15653
15757
15794
15802
15826
15840
16058
16126
16170
16335
16388
16450
16475
16519
16527
16638
16677
16876
16906
16919
17010
17065
17132
17267
17288
17297
17298
17407
17425
17473
17629
17659
17935
17944
17960
17995
18186
18208
18237
18307
18358
18395
18419
18456
18654
