18
276
346
488
491
554
644
840
1136
1191
1233
1490
1566
1699
1935
2088
2266
2289
2326
2362
2408
2598
2955
3019
3146
3157
3273
3496
3607
3627
3714
3770
3999
4034
4212
4217
4343
4524
4593
4603
4625
4626
4677
4761
4824
4895
4943
5279
5532
5540
5547
5588
5706
5729
5735
5875
5979
6187
6341
6515
6518
6586
6603
6638
6684
6796
6829
6896
6907
7059
7153
7227
7253
7312
7570
7573
7631
7898
8074
8263
8421
8460
8466
8584
8683
8829
8842
8883
8945
9002
9087
9165
9191
9225
9314
9371
9457
9486
9504
9728
9830
10176
10448
10493
10511
10559
10663
10717
10752
10765
10779
10897
10932
10976
10976
11119
11279
11489
11506
11621
11802
11831
11913
12111
12138
12366
12403
12416
12467
12490
13249
13330
13371
13754
13756
13761
13812
13891
13893
14032
14239
14391
14445
14624
14695
14697
14730
14815
15089
15128
15360
15382
15382
15624
15804
15843
15914
15925
15952
15958
16084
16357
16495
16539
16563
16615
16639
16931
17188
17254
17340
17392
17407
17435
17483
17658
17705
17800
17853
18059
18193
18358
18437
18895
18985
