9
34
53
302
310
418
418
484
684
866
1131
1210
1217
1331
1478
1558
1592
1830
1873
1919
1923
2086
2135
2189
2536
2548
2955
3027
3032
3048
3049
3125
3138
3348
3387
3387
3431
3644
3843
3998
4578
4594
4872
4875
4986
5375
5568
5580
5790
5810
5837
6126
6154
6421
6478
6491
6498
6700
6785
6793
7066
7128
7379
7488
7621
7873
7880
7902
7920
8059
8104
8172
8402
8411
8461
8584
8690
8837
9071
9155
9192
9230
9259
9367
9423
9453
9649
9774
9930
9973
10045
10484
10484
10659
10961
11235
11301
11401
11498
11568
11600
11631
12310
12533
12675
12828
12901
13106
13161
13305
13356
13675
13687
13794
14179
14261
14280
14301
14508
14569
14778
14870
14931
14938
15007
15215
15251
15319
15324
15577
15830
15979
16058
16251
16255
16424
16467
16745
17020
17250
17291
17294
17380
17483
17607
