96
164
537
657
693
721
927
1066
1092
1130
1151
1159
1276
1363
1415
1473
1604
1674
1677
1697
1867
2004
2034
2087
2192
2214
2398
2689
2853
3053
3117
3185
3268
3439
3476
3571
3619
3983
4087
4092
4126
4217
4264
4277
4284
4320
4623
4665
4747
4849
4969
4986
5082
5121
5351
5375
5376
5425
5442
5677
5789
5805
5923
5932
6082
6099
6147
6186
6226
6449
6481
6783
6958
6971
7137
7233
7369
7421
7444
7577
7596
7736
7965
7993
8028
8160
8250
8267
8356
8618
8931
9071
9383
9494
9605
9682
9824
9838
9844
9920
9921
10085
10224
10285
10306
10512
10669
10748
11373
11387
11413
11583
11633
11657
11669
11678
11815
11940
12015
12136
12278
12376
12456
12457
12619
12712
12993
13068
13083
13096
13139
13151
13169
13249
13304
13306
13461
13492
13558
13584
13614
13624
13758
13878
14023
14078
14185
14301
14355
14386
14499
14541
14682
14710
14802
14854
14944
14977
15037
15137
15142
15165
15186
15430
15534
15900
15927
16325
16460
16509
16553
16577
16670
16714
16769
16809
16943
16959
17063
17102
17120
17222
17421
17446
17678
17770
17877
18270
18379
