424
695
733
769
838
907
998
1102
1245
1252
1271
1399
1439
1511
1687
1693
2219
2272
2274
2305
2312
2333
2489
2494
2596
2654
2750
2830
2875
3246
3608
4042
4148
4175
4292
4359
4379
4399
4462
4543
4665
4738
4770
5077
5103
5267
5334
5405
5405
5425
5478
5514
5712
5713
5724
6208
6271
6312
6382
6522
6821
7197
7383
7408
7471
7692
7757
7775
7988
8281
8311
8441
8551
8658
8861
8939
8991
8992
9251
9809
9834
9933
10171
10181
10376
10599
10844
11025
11259
11329
11330
11360
11411
11563
12069
12182
12196
12197
12235
12350
12388
12401
12651
12944
12981
13081
13168
13320
13320
13328
13425
13469
13538
13570
13623
13769
13779
13905
14014
14108
14387
14623
14628
15000
15031
15303
15333
