3445
7163
13379
67690
72539
78130
80126
85856
86126
86493
86649
86819
86930
86956
87054
87612
87666
88277
88285
88398
88709
88712
88766
88989
89082
90418
90509
90521
90695
90752
91445
91539
91651
92505
92686
93162
93400
93833
94219
94451
94507
94578
94653
94690
94746
94803
95205
95267
95964
96018
96022
96027
96080
180557
180596
181932
182390
183917
184378
189245
189375
242443
245219
245366
248647
250142
251431
507774
507989
508054
508275
508753
509369
509518
510023
510897
511342
511369
511647
512616
512986
513171
513577
513747
513762
514594
517260
517346
517547
518534
518694
518704
519803
519915
521021
537854
540593
593060
599275
601371
704964
708043
708348
713131
716346
719105
720947
759975
764883
1151759
1151790
1151958
1152352
1152445
1153572
1154350
1155702
1155742
1156322
1156428
1157879
1157943
1158128
1158250
1158590
1159900
1161028
1161198
1161389
1161913
1162806
1163601
1163609
1164658
1164667
1165344
1165908
1166884
1167367
1167470
1167780
1168279
1168413
1168427
1169544
1170840
1171484
1172749
1173844
1174561
1174846
1178017
1180628
1181379
1181756
1181965
1182934
1183385
1184262
1185871
1342974
1343394
1344117
1344181
1344658
1344799
1347423
1348859
1350095
1351461
1351667
1352232
1354467
1434950
1438654
1441991
1532431
1532719
1532907
1534391
1535490
1535779
1536283
1536287
1537443
1538725
1539365
1539931
1540504
1540769
1541047
1541131
1541765
1542461
1549312
1561080
1562908
1563769
1563962
1567239
1567532
1567702
1568996
1569080
1569952
1572331
1572878
1574904
1575390
1576666
1576755
1782805
1782932
1783261
1786287
1787052
1787963
1789495
1791347
1791713
1791738
1792063
1792893
1794521
1794628
1910390
1910975
1912766
1913407
1914827
1915741
1917192
1918765
1938897
1945063
1950573
1950691
1954360
2057240
2057630
2057678
2057965
2058008
2058065
2058524
2058690
2058736
2058759
2058979
2059594
2059960
2060194
2060386
2060400
2060760
2061578
2061859
2061860
2062584
2063003
2063013
2063261
2063947
2064039
2064447
2064482
2064601
2064691
2064932
2065008
2065320
2065489
2065893
2066067
2066504
2066610
2066710
2066816
2066912
2067113
2067226
2068289
2068693
2068981
2069724
2069746
2069956
2069998
2070147
2070450
2070465
2070701
2070799
2071010
2071045
2071666
2072142
2072538
2073199
2074369
2074734
2074827
2075701
2076370
2077524
2077679
2079112
2079252
2079277
2081417
2081524
2081728
2081810
2084564
2141934
2273110
2274589
2276621
2276724
2277831
2278136
2278285
2278582
2279106
2280079
2280100
2281077
2287770
2292670
2295980
2394073
2397476
2399759
2400286
2403671
2483141
2483378
2484635
2485793
2486321
2489762
2490049
2557382
2560337
2561068
2561125
2562222
2563524
2565285
2566675
2567586
2567640
2568276
2570497
2592794
2594827
2595454
2595481
2614165
2614327
2614400
2614509
2614944
2615156
2615634
2616303
2616380
2617165
2617273
2617764
2618120
2618174
2618255
2618817
2618858
2619092
2619438
2619669
2619938
2620307
2620543
2620576
2621120
2621223
2621974
2622038
2622378
2622420
2622777
2622924
2623360
2623777
2623911
2624378
2624424
2624481
2624566
2625002
2625065
2625357
2625533
2625581
2625759
2625820
2625900
2626053
2626334
2626347
2626357
2626558
2626937
2627454
2667478
2667731
2668240
2668262
2669493
2670406
2670550
2671283
2671470
2673496
2702236
2901930
2902850
2903071
2903493
2903838
2903848
2903895
2904103
2904218
2904679
2904883
2905162
2905539
2905570
2905635
2905803
2905853
2906038
2906236
2906597
2907111
2907251
2907272
2907431
2907476
2907478
2907896
2908326
2908727
2909331
2909812
2910035
2910381
2910621
2910760
2910979
2911590
2911999
2912470
2912859
2914121
2914137
2914320
2914643
2914911
2915039
2915088
2915427
2915619
2915712
2915826
2915993
2916184
2916244
2916451
2916546
2916834
2916870
2917922
2918486
2918635
2918678
2918695
2918883
2919064
2919337
2919928
2919966
2920166
2920733
2924940
2993168
2993425
2994916
2995149
2998184
2998533
2999900
3000508
3008251
3009167
3014773
3016558
3172941
3175639
3175755
3176432
3176448
3178140
3179133
3179883
3180091
3180814
3182201
3360882
3363359
3393575
3403292
3424241
3483978
3484019
3484179
3484478
3484852
3485063
3485185
3486166
3486265
3486587
3486693
3487131
3488111
3488201
3489202
3489788
3490495
3492274
3492292
3492392
3493171
3493488
3494330
3495357
3495527
3496699
3497528
3498019
3498223
3498759
3499014
3499018
3500611
3501235
3501628
3501667
3502049
3502563
3502600
3502767
3503904
3505663
3506220
3506426
3506722
3507039
3509289
3510075
3510269
3510413
3510689
3510704
3511207
3511374
3513167
3513260
3513316
3513591
3513752
3514375
3515444
3515459
3516174
3516798
3517013
3517258
3520356
3545989
3546158
3546315
3546322
3546473
3546829
3546958
3546993
3547038
3547581
3547595
3547598
3547957
3548137
3548139
3548600
3548642
3548698
3548762
3548805
3549471
3549627
3549874
3549916
3550068
3550126
3550256
3550334
3550466
3550632
3550794
3550828
3551270
3551379
3551440
3551514
3552161
3552504
3552760
3552766
3552891
3553891
3554027
3554079
3554102
3554200
3554402
3554416
3554721
3554740
3554741
3555210
3555535
3556010
3556169
3556297
3556628
3556950
3557131
3557291
3557507
3557655
3557735
3557968
3558261
3558688
3558697
3558797
3558871
3559379
3559526
3559551
3559560
3559629
3559698
3559737
3559781
3559992
3560189
3560513
3560777
3574798
3645761
3646004
3646159
3646307
3646493
3646711
3646774
3646942
3646945
3647160
3647949
3647965
3648189
3648192
3648199
3648334
3648491
3648705
3648832
3648979
3649135
3649248
3649254
3649932
3650111
3650270
3650666
3650765
3650858
3651222
3651912
3652033
3652710
3653124
3653552
3653616
3654361
3654530
3655082
3656094
3656223
3656348
3656623
3656799
3657028
3657173
3657196
3657341
3657457
3657800
3657887
3658904
3659211
3659290
3659640
3659858
3660327
3660488
3660513
3660517
3660768
3661172
3661587
3662021
3662029
3662144
3662154
3662583
3782241
3786921
3787360
3787514
3789060
3898421
3900373
3958351
3961266
3966395
3967338
3975737
3977315
3977399
3977741
3977749
3977782
3978058
3979066
3979234
3979734
3981342
3982059
3982863
3983095
3983184
3983432
3984333
3984667
3984790
3984965
3985962
3985973
3986038
3986109
3986137
3986702
3986756
3986770
3987773
3987855
3988042
3988311
4026514
4029620
4030065
4036427
4038003
4039741
4040548
4042631
4042887
4043414
4044405
4044540
4045470
4045769
4046279
4046404
4047442
4047642
4048544
4051884
4051999
4052860
4053377
4053455
4053545
4054464
4054940
4055266
4055400
4118715
4152987
4153140
4153537
4154284
4154921
4155199
4155989
4156022
4156301
4156464
4156469
4157132
4157452
4158278
4158383
4158464
4158704
4158758
4158849
4158938
4160116
4161100
4161293
4161717
4162348
4162454
4163403
4163499
4163509
4163679
4164095
4164144
4165244
4165623
4165658
4180644
4182111
4182218
4183195
4188174
4188732
4189172
4190005
4193005
4193285
4195050
4195064
4195134
4195300
4196657
4196664
4196883
4197772
4198306
4198759
4199302
4199985
4215831
4222425
4229231
4230799
4235100
4235126
4235795
4236230
4236735
4237707
4239575
4240534
4240764
4240872
4241159
4241797
4242028
4242685
4242893
4243109
4243117
4245030
4246664
4247224
4247669
4247906
4249842
4250489
4251221
4251686
4252616
4401087
4403567
4404469
4405502
4406754
4407196
4407859
4408204
4409325
4410212
4410386
4411220
4411528
4411823
4412504
4413088
4413630
4413849
4414062
4415421
4415544
4416019
4417653
4417671
4493110
4502721
4529006
4533333
4535335
4540290
4601239
4601589
4603669
4604191
4604396
4604622
4604930
4605932
4606283
4606388
4606584
4606613
4607045
4607597
4607731
4608098
4608266
4608383
4609148
4609170
4609379
4609577
4609610
4610905
4610974
4611116
4611804
4611874
4612485
4613041
4613572
4613859
4615327
4615498
4615634
4616210
4616743
4617140
4617769
4617903
4618535
4618563
4618613
4619520
4620245
4620779
4621863
4629060
4664744
4672032
4672375
4672482
4672696
4672954
4673048
4673540
4674079
4674099
4674903
4675106
4675327
4676396
4676831
4676862
4677363
4677468
4677860
4677932
4678076
4678094
4678177
4678443
4678542
4679017
4679074
4679168
4679388
4679778
4680224
4680345
4680814
4680994
4681232
4681987
4682225
4682452
4682612
4682828
4683622
4683730
4684102
4684533
4684715
4685823
4686048
4686153
4686154
4686187
4757023
4759349
4760194
4767227
4770780
4771347
4772476
4773362
4773652
4773886
4774047
4774096
4775223
4775930
4776208
4776313
4777523
4777545
4778634
4778686
4779682
4780221
4780533
4780771
4780933
4780937
4780957
4781462
4781552
4781715
4782123
4782127
4782213
4782680
4783702
4783923
4784052
4784155
4825829
4825891
4826582
4827162
4827686
4827712
4827802
4828324
4828371
4828393
4828570
4830339
4830989
4831352
4831682
4831961
4832468
4832865
4832940
4833868
4835947
4836020
4836135
4836390
4836466
4836907
4837119
4837533
4837731
4837910
4837984
4838002
4838494
4838531
4838754
4838858
4839148
4839342
4839425
4839677
4839775
4839967
4841170
4841262
4841477
4841603
4842116
4843887
4845510
4854762
4880792
4882823
4884496
4884502
4884808
4886288
4886606
4886864
4887363
4887378
4887901
4888277
4888500
4890160
4890772
4890855
4906941
4907173
4907474
4907636
4908285
4908398
4908716
4909412
4910244
4910422
4910496
4910881
4911798
4912012
4912525
4912706
4912892
4913065
4913807
4914041
4914625
4914643
4914736
4914742
4914971
4915202
4916154
4916262
4916973
4917103
4918470
4918592
4919381
4919594
4919720
4920117
4920160
4920188
4920267
4920641
4920894
4921059
4921212
4921264
4921928
4921956
4921996
4922229
4922335
4922506
4922911
4923266
4923999
4924260
4924827
4924862
4924880
4925696
4925698
4925961
4926281
4926387
4926706
4927525
4927541
4928023
4928488
4929485
4929643
4929676
4929857
4930381
4931274
4931416
4931421
4931465
4931698
4931892
4931912
4932294
4932400
4932498
4932577
4932762
4932898
4932945
4933761
4933835
4933946
4933998
4934352
4934559
4935316
4935589
4935754
4936513
4936983
4937201
4937233
4937818
4937879
4938204
4938231
4938284
4938712
4938720
4938744
4966165
4966341
4966717
4966849
4967060
4967675
4967838
4968135
4968323
4968706
4968742
4969217
4971038
4971043
4971744
4972211
4972220
4972481
4972604
4972813
4972948
4973255
4973314
4973341
4973610
4974375
4974398
4974769
4975094
4975268
4975358
4975861
4976014
4976098
4976491
4977015
4977387
4977672
4978472
4979834
4979974
4980022
4980371
4980584
4980613
4980927
4981091
4981092
4981384
4981476
4981747
4982127
4982207
4982317
4982371
4982767
4983660
4983673
4984342
4984636
4984790
4985182
4985342
4985510
4985996
4986048
4986532
4987301
4987498
4987697
4987868
4987953
4988054
4988298
4988731
4988739
4989038
4989167
4989382
4989825
5076947
5077285
5077650
5079190
5079311
5079722
5079807
5079903
5080088
5080351
5080460
5080660
5081529
5082013
5082147
5082835
5083199
5083266
5083498
5084583
5084880
5084988
5085757
5086414
5087701
5088381
5088522
5089949
5139963
5140282
5140624
5140875
5141247
5141774
5142581
5143557
5144495
5146345
5147310
5147461
5147700
5147917
5148088
5164793
5235715
5236648
5237599
5237801
5237934
5238175
5238708
5238836
5240195
5240471
5240671
5240715
5240863
5240887
5241001
5241021
5241293
5241515
5241738
5241883
5241958
5242820
5243146
5243226
5243500
5243724
5244464
5244556
5244777
5244886
5245068
5245295
5246326
5246414
5246415
5247230
5247251
5247354
5247384
5247478
5248172
5248176
5248284
5248485
5248594
5248942
5249022
5249143
5249398
5249512
5249588
5249903
5250022
5250349
5250408
5268084
5271233
5271775
5272197
5272267
5272325
5272558
5273366
5273969
5274367
5274514
5275020
5275384
5275774
5276019
5276369
5277025
5277147
5277200
5277293
5277561
5277749
5277941
5278286
5278600
5278703
5278806
5278841
5278849
5278968
5279405
5279478
5279732
5279747
5279823
5279975
5280007
5280654
5280669
5281144
5281359
5281990
5282533
5282887
5283089
5283180
5283818
5283912
5284279
5284312
5284352
5284526
5285552
5285711
5286282
5286683
5286782
5317679
5318137
5318509
5318965
5319455
5320063
5320577
5320799
5321276
5321365
5321450
5321778
5322084
5322648
5322758
5322851
5322852
5322919
5323049
5323606
5323736
5323737
5324248
5324406
5324552
5325153
5325165
5325215
5326085
5326758
5326796
5326813
5326857
5326885
5326910
5327118
5420076
5427132
5427432
5427535
5427551
5427817
5428237
5428416
5428421
5428475
5428512
5428662
5428936
5429168
5429211
5429649
5430044
5430771
5431362
5431690
5431837
5432115
5432480
5433299
5433392
5433534
5434019
5434158
5434499
5434560
5434574
5434688
5434719
5434745
5434887
5435050
5435459
5435997
5436085
5436369
5437285
5437324
5437354
5437702
5437785
5437921
5438041
5438154
5484401
5485059
5485332
5487738
5493845
5501056
5504526
5505798
5505889
5506265
5507572
5507686
5508745
5509471
5510035
5510603
5511475
5512107
5513528
5514342
5515274
5515873
5516410
5518785
5519483
5520153
5520311
5521180
5558135
5558828
5559073
5559377
5560804
5560968
5561495
5561936
5562474
5563426
5563452
5564117
5564155
5564242
5564375
5564611
5565203
5565238
5565446
5566352
5566366
5566556
5567059
5567436
5567764
5567769
5567835
5567865
5568091
5568308
5568366
5568753
5568962
5569092
5569200
5569357
5569623
5569802
5569839
5571031
5571124
5571315
5571342
5571474
5571678
5572158
5572346
5572378
5572395
5573090
5573236
5573624
5573713
5574238
5575676
5576201
5577308
5577552
5578406
5578829
5579005
5579743
5583007
5584258
5611453
5612526
5658551
5658843
5659009
5659288
5659376
5659640
5659818
5660701
5661040
5661350
5661371
5662036
5662375
5662996
5663032
5663152
5663223
5663388
5663591
5664377
5664710
5665919
5666455
5666498
5666586
5666757
5667135
5667486
5667868
5668096
5668686
5668857
5670037
5670654
5670913
5671756
5672653
5672901
5672990
5673017
5673189
5673655
5674683
5675571
5675631
5675907
5676598
5678174
5678562
5679259
5679435
5680423
5681185
5681285
5681554
5681989
5682255
5683356
5683644
5684065
5697612
5697621
5697863
5698262
5698544
5698730
5698771
5699187
5699481
5699835
5699854
5700814
5700817
5701022
5701310
5701566
5701796
5702343
5702613
5702847
5703068
5703209
5703357
5703515
5703638
5703666
5704233
5704453
5704533
5704892
5705035
5705486
5705743
5706190
5706417
5707078
5707326
5707375
5707680
5708066
5708103
5708133
5708412
5708504
5708783
5708839
5709147
5709565
5709792
5709898
5710476
5710653
5710995
5711631
5711796
5711966
5712507
5712582
5724826
5725847
5726186
5727241
5732201
5736666
5737211
5737426
5738137
5739503
5740443
5881698
5881730
5881822
5882263
5882984
5883735
5884255
5884408
5884855
5885574
5885796
5887185
5887309
5888218
5889886
5891095
5891231
5892194
5893227
5893260
5893789
5894605
5895071
5935240
5959395
5959520
5959641
5959794
5959909
5959918
5959938
5960044
5960225
5960275
5960486
5960803
5961177
5961210
5961267
5961382
5961466
5961551
5961628
5961718
5961728
5962084
5962148
5962226
5962608
5962625
5962717
5962919
5964078
5964239
5964674
5964823
5965221
5965550
5965725
5966340
5966725
5966813
5966823
5967735
5968136
5968204
5968943
5969055
5969231
5969324
5969388
5969408
5969720
5970069
5970086
5970140
5970281
5970990
5971442
5971453
5971468
5971532
5971953
5972289
5972329
5973309
5973491
5973966
5974464
5974604
5975173
5975276
5975595
5975631
5975723
5976091
5976218
5976296
5976387
5976394
5976453
5976746
5976892
5977173
5977474
5977580
5978444
5978728
6027121
6027438
6027506
6027561
6027703
6027705
6028172
6028400
6028529
6029243
6029905
6030283
6030300
6030317
6030662
6030837
6030963
6031524
6031808
6031820
6031931
6031962
6032526
6032532
6032589
6033225
6033468
6034552
6034569
6034604
6034894
6034958
6035196
6035375
6035396
6036132
6036310
6036422
6036503
6036558
6036637
6036876
6037088
6037363
6037434
6037730
6037797
6038148
6038380
6038440
6038769
6038846
6039194
6039206
6039440
6039697
6039722
6039744
6039777
6039867
6039992
6040345
6040807
6040923
6041021
6041159
6041209
6041505
6042042
6042098
6042659
6042891
6042918
6043180
6043752
6044211
6044386
6044682
6044808
6044813
6063707
6070851
6111265
6111470
6111822
6112493
6112875
6113262
6113874
6116421
6116909
6117555
6117904
6118055
6118940
6119619
6120314
6120485
6120706
6120739
6120814
6121449
6122100
6123366
6124309
6125515
6126808
6126898
6127108
6127167
6127333
6127622
6127746
6127945
6128221
6208755
6209146
6209269
6209337
6209468
6209530
6210009
6210201
6210838
6210997
6211024
6211071
6211175
6211401
6211599
6211680
6211869
6211948
6212028
6212044
6213354
6213521
6213988
6214187
6214213
6214370
6214419
6215003
6215685
6215933
6216064
6216080
6217240
6217331
6217374
6217439
6218008
6218116
6218553
6218755
6218790
6219111
6219245
6219309
6219322
6219389
6219404
6219411
6219708
6220104
6220274
6220328
6220362
6220377
6220515
6220962
6221236
6222103
6222185
6222404
6222560
6222720
6222767
6222794
6237861
6238091
6238615
6238799
6239497
6239525
6240246
6240900
6241260
6241278
6241345
6241967
6242527
6243285
6243953
6244579
6245006
6245185
6245225
6245463
6245547
6245660
6245939
6246215
6246982
6247197
6248106
6248231
6248347
6249429
6249494
6316691
6317711
6319053
6322594
6323075
6324108
6325276
6330337
6331582
6331833
6332949
6332956
6334215
6334491
6334670
6335484
6339616
6340976
6341655
6343008
6343101
6343524
6343526
6343813
6345070
6401590
6411028
6419920
6421752
6421837
6422851
6424180
6425199
6443586
6443614
6443746
6444072
6444076
6444612
6444875
6445197
6445212
6445365
6445806
6445820
6445922
6446007
6446029
6446593
6446668
6446820
6447167
6447199
6447200
6447443
6447542
6448476
6448480
6448754
6448784
6448859
6449047
6449309
6449354
6449596
6449819
6450019
6450145
6450535
6450850
6450937
6450980
6451382
6451417
6451844
6452414
6452579
6452901
6453126
6478019
6500788
6500820
6502090
6502099
6502136
6502536
6502573
6502967
6503040
6503101
6503309
6503335
6503469
6504034
6504228
6504477
6504492
6504595
6504702
6504914
6505028
6505774
6506176
6506197
6506249
6506636
6506657
6507092
6507461
6507523
6507903
6507918
6508310
6508700
6509049
6509226
6509608
6510228
6511330
6511488
6511734
6511977
6512024
6512189
6512246
6512438
6513012
6513972
6514087
6514141
6514805
6515181
6515264
6515421
6515729
6515793
6516208
6518174
6520210
6520301
6520600
6521328
6522474
6522675
6523812
6525877
6526539
6526939
6527391
6527798
6528070
6529275
6530177
6532204
6535125
6536389
6536394
6538295
6541468
6543548
6543681
6545485
6546110
6550261
6613425
6613763
6620628
6620737
6622083
6622569
6622759
6623114
6623150
6624426
6624751
6625095
6626460
6626559
6628113
6628768
6628900
6629715
6629778
6629856
6630772
6630838
6631548
6631570
6631628
6631719
6631727
6632273
6632716
6633654
6634544
6635376
6635674
6636061
6636394
6636693
6636783
6636871
6638636
6638850
6639545
6639879
6640092
6640441
6640540
6642133
6642777
6643572
6643652
6643797
6644170
6644477
6644809
6645322
6646339
6646513
6646644
6647038
6647599
6647878
6648297
6648475
6648665
6648934
6648977
6649525
6649585
6649594
6649658
6649696
6649814
6650904
6652842
6655395
6655501
6656057
6656416
6656480
6659937
6660580
6660592
6661597
6663011
6663021
6663142
6664618
6665711
6666613
6668222
6669072
6671544
6672013
6672540
6673551
6673566
6673669
6674163
6675550
6676468
6677138
6679206
6679493
6680031
6680241
6681046
6683972
6685092
6686610
6686910
6688098
6690306
6690773
6690789
6693432
6693613
6693747
6698761
6699082
6700181
6706570
6718588
6718960
6719515
6719644
6720304
6721085
6721244
6721454
6723159
6723381
6723484
6724197
6725229
6725274
6725429
6725772
6727645
6728026
6728785
6729265
6730213
6730775
6731551
6732230
6807549
6807740
6807770
6808011
6808180
6808246
6808625
6808839
6809443
6810058
6810294
6810313
6811506
6811569
6811896
6811934
6812002
6812713
6812800
6812923
6813257
6813634
6813883
6814221
6814266
6814621
6814624
6814629
6815209
6815323
6815419
6815727
6816068
6816256
6816437
6816598
6816650
6817159
6817331
6817361
6818134
6818459
6818716
6818731
6818758
6818845
6818856
6819031
6819804
6820050
6820320
6820593
6820891
6821216
6821249
6821392
6821460
6821587
6821974
6822442
6822914
6823093
6823454
6823533
6824024
6824219
6824549
6824692
6837212
6837456
6838340
6839057
6839211
6839347
6839483
6840067
6840415
6840593
6840767
6841006
6842044
6842158
6842204
6843154
6843866
6845254
6845348
6845607
6847139
6847557
6847918
6848160
6849011
6849495
6849553
6850374
6850769
6850984
6851602
6851837
6851968
6853014
6853023
6946657
6947615
6947639
6948379
6948626
6948746
6948763
6948809
6949040
6949213
6949515
6949633
6950011
6950047
6950092
6950469
6950626
6950698
6951150
6952329
6952471
6952896
6952917
6953940
6953995
6954139
6954162
6955404
6956000
6956230
6956342
6957042
6957403
6957747
6957809
6958338
6958656
6958832
6958842
6959491
6959670
6959762
6960197
6960350
6960356
6960485
6960492
6961219
6961765
6961803
6962257
6962648
6962734
6962755
6962818
6963390
6963643
6964497
6964691
7008651
7009049
7009079
7009185
7009299
7009430
7009452
7010149
7010422
7010450
7010801
7010961
7011359
7011411
7011420
7011625
7011819
7011859
7012165
7012461
7012539
7012611
7012691
7012694
7013140
7013141
7013260
7013285
7013595
7013707
7013746
7013774
7014057
7014145
7014791
7014827
7014888
7015269
7015874
7016183
7016440
7016499
7016553
7016886
7017395
7017480
7018578
7018761
7019189
7019208
7019255
7019498
7019558
7020034
7020038
7020246
7020702
7020888
7020898
7020902
7021020
7021085
7021094
7021122
7021173
7022598
7023085
7023323
7023429
7023553
7023747
7023758
7023833
7037471
7038810
7038917
7039078
7039594
7039867
7039914
7040121
7042111
7042581
7042753
7042919
7043103
7043324
7043645
7043811
7044185
7044637
7044954
7045166
7045446
7045908
7045978
7046160
7046226
7046568
7047235
7047425
7047597
7047851
7048540
7048772
7048857
7049036
7049761
7050280
7051159
7051302
7051323
7051790
7051968
7052265
7053872
7053897
7054341
7054453
7054577
7054904
7055023
7055655
7056541
7056858
7057168
7057595
7057993
7058311
7058390
7058726
7059539
7060824
7061275
7061712
7062192
7062502
7062862
7063469
7064021
7066356
7066417
7068763
7068808
7068980
7069259
7069663
7070408
7070815
7071064
7071291
7071743
7071796
7121070
7122643
7123119
7123292
7123580
7123710
7125308
7126265
7126517
7128881
7131118
7131593
7174664
7174713
7175470
7176510
7177041
7177386
7177755
7177905
7177949
7179236
7179441
7179456
7179642
7180008
7180025
7180231
7180415
7180713
7180860
7181002
7181337
7181456
7181764
7181840
7181994
7182068
7182365
7183000
7183025
7183381
7183576
7183600
7183723
7183831
7184119
7184368
7184786
7184822
7184939
7185163
7185366
7185524
7186869
7186973
7187290
7189120
7189134
7189143
7189863
7190131
7190477
7190502
7190796
7191236
7191854
7192527
7192696
7192715
7192911
7193024
7193694
7193769
7193814
7193916
7194189
7194242
7194912
7194969
7194982
7195038
7195119
7195254
7195323
7195698
7195787
7196075
7196284
7197008
7197055
7197084
7197276
7197814
7198065
7198559
7198636
7198658
7198715
7198786
7199020
7199195
7199929
7200039
7200559
7200591
7200636
7200892
7201231
7201243
7202027
7202151
7202388
7202517
7202565
7202782
7203279
7203336
7203518
7203616
7203647
7203784
7203787
7204042
7204450
7204539
7204753
7205037
7205136
7205250
7205323
7205383
7205871
7206908
7207206
7208119
7208255
7208328
7208800
7208839
7209603
7209741
7210979
7211180
7211293
7211366
7212135
7212405
7212430
7212483
7212503
7212819
7213536
7214067
7214219
7214228
7214230
7214238
7214444
7214578
7214655
7214804
7214891
7215110
7215243
7215445
7215749
7216099
7216189
7217061
7217262
7217543
7218214
7218270
7219253
7219675
7219795
7219919
7219995
7220739
7221113
7221670
7221767
7221884
7222710
7223194
7226112
7228190
7228206
7228846
7230041
7233061
7233495
7267108
7268040
7269666
7270487
7270641
7270819
7271784
7272707
7273660
7273726
7274326
7274516
7274745
7275470
7276023
7276176
7276360
7276376
7276575
7277579
7277802
7278588
7280156
7283584
7284720
7285736
7288780
7290642
7291237
7291246
7295998
7296059
7297024
7327932
7328263
7328487
7328514
7329911
7330091
7331248
7331316
7331337
7331809
7331886
7332143
7332753
7333038
7333299
7333308
7333426
7333738
7333820
7333919
7334256
7334306
7334588
7334710
7334764
7335345
7335744
7335841
7336101
7336653
7336833
7337004
7337264
7337453
7337481
7338047
7338222
7338450
7338490
7338926
7339055
7339137
7339616
7339694
7339887
7340188
7340535
7340774
7340972
7341098
7341228
7341602
7341690
7341773
7341871
7343305
7343367
7343889
7343930
7344172
7344675
7344853
7344998
7345622
7345912
7346019
7346505
7346704
7346715
7346785
7346789
7347647
7347739
7377556
7383967
7385656
7437164
7437472
7437607
7437967
7438144
7438640
7438656
7438961
7439239
7439341
7439364
7439711
7440714
7440980
7441179
7441461
7441632
7441722
7442457
7442992
7443584
7443897
7444986
7445667
7446225
7446250
7446799
7447337
7447974
7448452
7448784
7449491
7449564
7450960
7450966
7451727
7452105
7452256
7453232
7453717
7453825
7453946
7454520
7455107
7455576
7456144
7458897
7459360
7460074
7460504
7460728
7461481
7462147
7462391
7462939
7463371
7463675
7464129
7464167
7464456
7464718
7465147
7465302
7465317
7466233
7466855
7467426
7467792
7467961
7467980
7498507
7499833
7499926
7500770
7501359
7501924
7502039
7502742
7502750
7502764
7502879
7503861
7503978
7504197
7504946
7505382
7505936
7506269
7508205
7509256
7509277
7509413
7510119
7510760
7510917
7554196
7554518
7554633
7554916
7555163
7555201
7555241
7555380
7556601
7556973
7557183
7557755
7557915
7558859
7559509
7559773
7560476
7560478
7560783
7561800
7562816
7563154
7563826
7563855
7563956
7564019
7564085
7565714
7565732
7566144
7566348
7566367
7567072
7567343
7568105
7568572
7568896
7568957
7569092
7596081
7596214
7596312
7596387
7596395
7596788
7597050
7597395
7597471
7597709
7597737
7597772
7598032
7598230
7598602
7598878
7599113
7599301
7599976
7600007
7600193
7600245
7600272
7601682
7602047
7602099
7602534
7602541
7602664
7602698
7602750
7603151
7603334
7603469
7603563
7603591
7604213
7604563
7604568
7605312
7605549
7605736
7606187
7606590
7606699
7606902
7607254
7607511
7608360
7608388
7608601
7608779
7609057
7609092
7609434
7609636
7609656
7609690
7609762
7609938
7609971
7610462
7610782
7611035
7611107
7611457
7612412
7612664
7612674
7612735
7613821
7614961
7614981
7615232
7616210
7616731
7616865
7617518
7618101
7618537
7618592
7619090
7619441
7619589
7619702
7619730
7619875
7620280
7620451
7620841
7620967
7620969
7621022
7621150
7621290
7621438
7621763
7622210
7622407
7622451
7622657
7623338
7623361
7623555
7623599
7623751
7623929
7624351
7624451
7624462
7624982
7625075
7625184
7625489
7625600
7625632
7625647
7625741
7626480
7626689
7627351
7627381
7627563
7627701
7627787
7627966
7627967
7628024
7628074
7628270
7628757
7628997
7629033
7629374
7629424
7629501
7629659
7630467
7630786
7633664
7635350
7635508
7635645
7635747
7635981
7636133
7636966
7637055
7639352
7639621
7640582
7641943
7642046
7642532
7642847
7643126
7643171
7644044
7644096
7644222
7645148
7645763
7646508
7646610
7646676
7648578
7649206
7649899
7650009
7654078
7654886
7658600
7661109
7662036
7678684
7678836
7683126
7683584
7686009
7686075
7688454
7689043
7689527
7689971
7690693
7691524
7692811
7692883
7724589
7733003
7762151
7763881
7766664
7767843
7769398
7777311
7777924
7778487
7778527
7779711
7792549
7793417
7793765
7794161
7794520
7794807
7795776
7796429
7796714
7796736
7796897
7798358
7798535
7799487
7800407
7801726
7802641
7802945
7803037
7803398
7803443
7803833
7803976
7804087
7804747
7804786
7804821
7805112
7805379
7805465
7806397
7807766
7808060
7808263
7808265
7808802
7808833
7809066
7809107
7809113
7809263
7809287
7809445
7809865
7810556
7810691
7810925
7810998
7811044
7811346
7811468
7811486
7811490
7811893
7812016
7812090
7812159
7812610
7812627
7812979
7813144
7813860
7813983
7814300
7814788
7814820
7815179
7815673
7815744
7816036
7816128
7816292
7816353
7816748
7817283
7817286
7817458
7817794
7817913
7817960
7819442
7819710
7820110
7820168
7882958
7883152
7884229
7885305
7885671
7885868
7886091
7886097
7887696
7888661
7888842
7889566
7889727
7889738
7891480
7892768
7893421
7893467
7893841
7894244
7908297
7908702
7909507
7909748
7909861
7909863
7909883
7910031
7910353
7910394
7910759
7910775
7910852
7910860
7911189
7911421
7911746
7912430
7912559
7912847
7912893
7913108
7913294
7914034
7914042
7914317
7914358
7914818
7915106
7915543
7915966
7916140
7916213
7916228
7916493
7916664
7917019
7918282
7918597
7918833
7918997
7919218
7919769
7920089
7920348
7920512
7920958
7920984
7922123
7922456
7922472
7922562
7923151
7923242
7923468
7923554
7923556
7924149
7924581
7925012
7925025
7925588
7925852
7925899
7925942
7926056
7926272
7926551
7926661
7926867
7927537
7927539
7927772
7927793
7928306
7928870
7929064
7929947
7930406
7931239
7931466
7931572
7932247
7932521
7932550
7932569
7933080
7933083
7933178
7933379
7933766
7934611
7934857
7934990
7935214
7935586
7936310
7937080
7937479
7937623
7938171
7938388
7938470
7938810
7940234
7940426
7941587
7941682
7941856
7941878
7942550
7942613
7942762
7942780
7942852
7942934
7943050
7943069
7943124
7943213
7943253
7943512
7944077
7944411
7944803
7945036
7945281
7945350
7945431
7945480
7945492
7945623
7945921
7946332
7946548
7946855
7946866
7946903
7946925
7947138
7948308
7948496
7948867
7949332
7950712
7950791
7951881
7952439
7952648
7969592
7969714
7970096
7970158
7970880
7970907
7971257
7971643
7971765
7971768
7971886
7972397
7972743
7973680
7973863
7974277
7974583
7974693
7975010
7975742
7976414
7976655
7976915
7977023
7977071
7977552
7977892
7978021
7978215
7978562
7979114
7979192
7979524
7979557
7981047
7981084
7982022
7982263
8019327
8021017
8035122
8035265
8035476
8035487
8036022
8036627
8038241
8038398
8038423
8039603
8039919
8040282
8040762
8041729
8044229
8044264
8044586
8044941
8045172
8045190
8045950
8046005
8047144
8047176
8048131
8049331
8049733
8049837
8050331
8072884
8073308
8073400
8073516
8074033
8074636
8075348
8075529
8076206
8076409
8076823
8077638
8078294
8078949
8078966
8080972
8081726
8082322
8082545
8082641
8082729
8082836
8082939
8083026
8083522
8083790
8083981
8084031
8084484
8085127
8086994
8087478
8087642
8088067
8088586
8089067
8089424
8089848
8090059
8090083
8090437
8090502
8090791
8091306
8091391
8091431
8092240
8092594
8093645
8095448
8096553
8097985
8098653
8099705
8099761
8100286
8100443
8101814
8101846
8102416
8102731
8103290
8103481
8104314
8105485
8106494
8106692
8106771
8107230
8107390
8107560
8107647
8107680
8108042
8108112
8108550
8109380
8109400
8110672
8111041
8111815
8112040
8112486
8112495
8112598
8112803
8113638
8113691
8113930
8114635
8114813
8115007
8115157
8116084
8116169
8116992
8117300
8117942
8118115
8118282
8118852
8119115
8119203
8119212
8119650
8120091
8120674
8120781
8151535
8154011
8154709
8155990
8157805
8158971
8160383
8162453
8162614
8162910
8178205
8178712
8178781
8179086
8179989
8180064
8180214
8180613
8181018
8181046
8182661
8182895
8182993
8183240
8183339
8183465
8184233
8185158
8185303
8185457
8185485
8185970
8186518
8186528
8186617
8186900
8187465
8187735
8187743
8188005
8188153
8188164
8188226
8188769
8189282
8189630
8189684
8191485
8191908
8192698
8192870
8192873
8192877
8192926
8193134
8193316
8193344
8193438
8193647
8193738
8194118
8194227
8247359
8247696
8248132
8248576
8248728
8249652
8249936
8249971
8249983
8250259
8250279
8250547
8250874
8251838
8251905
8252154
8252570
8253818
8254466
8255606
8255675
8256379
8256596
8257016
8258395
8258618
8258839
8258851
8259491
8259497
8295886
8310825
8311540
8311664
8311747
8313458
8313836
8314384
8316293
8317042
8318364
8318454
8318984
8319658
8320845
8322334
8323117
8323152
8323416
8324386
8324538
8326066
8326071
8326825
8327587
8327646
8327707
8327977
8328649
8328936
8328982
8329767
8330127
8330188
8330310
8330647
8332028
8333393
8333858
8334558
8335905
8336184
8336425
8336635
8336930
8337001
8337573
8337764
8338204
8338900
8338944
8360527
8361168
8362566
8365220
8366235
8367178
8369091
8370733
8371423
8371498
8371657
8372049
8372441
8372456
8372902
8373469
8373688
8373779
8374809
8374953
8374956
8375453
8375914
8376054
8376298
8376357
8376364
8376384
8376479
8376541
8376819
8376911
8377005
8377903
8378069
8378559
8378595
8378734
8378782
8378797
8379116
8379424
8379653
8380561
8380688
8381158
8381403
8381745
8381809
8382497
8382638
8382858
8383073
8383169
8383344
8383355
8383549
8384170
8384550
8384722
8384861
8384906
8384973
8385486
8385597
8385687
8386183
8386801
8386804
8386993
8387041
8387080
8387570
8387625
8403431
8403604
8404018
8404262
8404333
8404410
8404794
8404881
8404905
8404946
8405067
8405219
8405367
8405953
8406185
8406658
8407032
8407201
8407444
8407445
8407577
8407982
8408274
8408469
8409093
8409200
8409602
8409686
8409815
8410131
8410816
8411350
8411501
8411955
8412219
8412701
8412904
8413435
8413681
8413703
8413707
8413905
8413950
8414209
8414461
8414686
8414766
8414961
8415003
8415048
8415520
8415550
8415844
8416515
8416657
8416823
8417758
8418289
8418786
8418807
8419643
8419732
8419949
8420805
8421198
8421424
8421578
8421802
8422082
8439420
8439633
8439893
8440007
8440354
8440950
8441035
8441909
8442232
8442506
8442698
8443093
8443954
8444040
8444586
8444999
8445527
8445586
8445915
8446098
8446566
8446818
8447056
8447235
8447358
8447503
8447542
8448040
8448075
8448346
8448427
8448706
8448777
8448822
8449205
8449213
8449236
8449324
8449464
8450185
8450904
8451783
8451792
8452227
8452463
8452925
8453070
8461047
8462525
8464998
8466332
8466550
8468905
8470925
8506399
8506769
8506790
8507381
8507743
8507762
8508146
8508194
8508290
8508316
8508464
8508937
8509214
8510856
8511139
8511175
8512362
8513173
8513201
8513824
8514127
8514311
8514932
8514939
8515089
8515200
8515389
8515450
8515828
8516230
8516327
8516356
8516365
8516872
8516996
8517043
8517067
8517396
8518420
8518588
8518650
8519116
8519736
8520010
8520242
8520389
8520456
8520567
8520796
8520863
8520951
8521574
8522184
8522410
8523845
8523913
8524154
8524163
8525422
8525522
8525565
8525629
8526462
8526570
8526951
8526990
8527511
8527973
8528028
8528208
8528460
8528689
8528926
8529116
8529462
8529866
8529875
8532017
8532357
8532964
8534104
8535220
8535290
8535342
8535681
8536244
8536261
8536705
8536761
8537415
8537547
8537571
8538535
8538938
8539126
8539325
8539338
8540160
8540589
8540981
8541124
8541459
8542146
8542759
8543581
8544171
8544553
8544587
8544929
8545149
8545552
8545728
8545859
8546219
8547144
8547173
8548040
8548734
8548755
8548875
8548992
8549041
8549095
8549187
8549995
8550275
8550685
8550993
8551235
8551374
8551539
8551576
8551744
8551792
8552226
8552389
8552401
8552636
8553031
8553563
8553671
8553917
8555403
8555440
8555462
8555484
8556639
8557508
8557528
8557570
8557704
8558528
8558783
8558793
8559019
8559085
8559175
8559249
8559447
8559450
8559729
8560078
8560800
8560841
8560946
8561079
8561553
8562028
8562196
8562438
8563158
8563373
8563553
8563723
8564674
8564933
8564998
8565236
8565818
8565971
8566463
8727750
8728032
8728102
8730158
8730163
8731315
8731502
8732129
8732382
8734121
8734373
8734967
8735766
8735948
8736797
8738141
8738396
8738523
8739422
8740221
8742097
8742266
8743288
8777895
8778386
8780361
8780679
8781445
8782031
8782092
8782357
8782477
8784250
8784894
8785601
8785668
8786692
8787682
8787827
8788345
8788916
8789385
8789779
8790295
8790377
8790480
8790755
8790809
8792021
8792276
8792294
8792988
8793368
8793763
8793851
8809476
8809772
8810927
8811047
8811132
8811252
8811686
8812057
8812690
8812922
8812999
8813596
8813731
8814658
8815017
8815491
8815926
8816063
8816212
8817208
8817422
8817723
8817893
8818028
8818728
8819346
8819656
8820114
8820493
8820709
8821223
8821430
8821484
8821912
8822340
8822589
8854907
8855107
8855270
8856266
8856823
8857573
8857821
8858126
8858228
8859221
8859614
8859848
8859851
8860650
8860753
8860987
8861233
8861371
8861543
8861719
8862011
8862208
8862627
8862652
8862951
8863889
8864557
8865334
8865477
8865539
8865582
8865862
8866103
8866147
8866440
8866720
8866857
8867324
8867675
8867995
8868301
8868892
8869254
8869490
8870114
8870144
8870151
8870593
8870950
8871170
8871742
8871832
8871899
8872775
8872888
8873039
8873096
8873223
8873255
8873792
8892523
8894891
8898570
8900016
8904008
8905153
8905930
8951026
8951599
8951819
8952146
8952216
8952237
8952454
8953859
8954394
8954742
8955923
8957093
8957318
8957434
8957960
8958186
8958986
8959389
8960274
8960446
8960528
8960748
8961318
8961366
8961427
8961443
8961505
8961547
8961853
8961903
8961917
8962550
8962674
8962718
8962788
8963446
8963528
8963964
8964230
8964500
8964503
8964569
8988024
8988935
8989731
8989916
8989949
8989974
8990119
8990291
8990847
8991860
8992246
8992277
8992315
8992548
8993669
8993884
8994243
8994361
8994396
8994763
8995241
8996014
8996132
8996210
8997141
8997212
8998226
8998341
8999401
8999459
8999552
8999571
8999686
9000353
9000402
9000884
9001294
9001525
9002498
9002794
9034555
9034562
9034629
9034644
9034925
9035354
9035455
9036028
9036214
9037144
9040310
9041317
9041711
9042249
9042304
9042783
9042875
9043176
9045173
9047274
9051399
9052402
9052612
9053224
9054740
9055096
9055210
9055217
9055378
9055501
9055610
9055703
9055886
9055897
9055965
9056914
9057355
9057374
9057455
9057743
9057851
9058783
9058869
9059059
9059396
9060107
9060554
9061005
9061537
9062147
9062248
9062352
9062625
9063089
9063100
9066948
9070383
9074291
9121486
9121509
9121838
9122835
9123717
9124074
9124563
9124567
9124932
9125079
9125181
9125344
9125965
9126112
9126335
9126394
9127185
9127326
9127766
9128404
9128442
9128626
9128897
9128987
9129717
9129753
9130066
9130640
9131217
9131394
9131538
9131923
9131929
9131974
9132187
9133102
9133298
9133328
9133703
9134193
9134265
9134454
9134729
9134814
9135031
9135709
9135760
9135861
9136277
9136440
9136616
9136633
9136751
9136779
9136842
9136901
9137894
9138101
9138296
9138652
9138955
9139012
9139393
9139640
9139979
9140143
9140259
9140385
9140595
9140639
9140724
9140847
9140882
9140956
9141281
9141790
9141890
9142149
9142692
9142815
9143093
9143273
9143334
9143601
9143750
9144089
9144109
9144225
9144265
9144349
9144470
9145168
9145475
9145547
9146019
9146149
9146151
9146567
9146851
9147045
9148103
9148202
9148608
9148870
9149025
9149212
9149402
9149721
9149748
9149788
9155266
9162798
9172132
9176028
9177934
9214208
9216705
9217819
9220077
9221494
9221634
9252398
9252474
9252518
9252701
9252828
9252989
9253307
9253980
9254526
9255078
9255736
9255829
9256010
9256706
9257181
9257418
9257566
9257614
9258078
9258105
9258342
9258947
9259097
9259443
9259619
9259961
9259963
9260037
9260055
9260460
9260534
9260673
9260758
9260782
9260966
9260970
9260989
9261082
9262041
9262247
9262444
9263456
9263484
9263630
9263968
9263991
9264077
9264090
9264100
9264114
9264182
9264313
9264593
9264826
9264888
9264901
9264950
9264992
9265030
9265468
9265493
9265798
9266181
9266622
9266658
9266827
9266946
9267187
9267286
9267438
9267529
9267644
9267689
9267887
9267891
9268032
9268762
9268781
9268976
9269127
9269271
9270063
9270404
9271416
9272000
9272270
9272302
9272307
9274492
9274721
9274793
9276472
9276846
9277092
9277347
9278240
9312262
9314605
9319948
9320924
9322462
9322924
9323529
9323936
9324505
9324592
9324647
9324817
9324825
9324891
9325111
9325127
9325414
9326139
9326251
9326309
9326923
9327171
9327236
9327951
9328132
9329863
9329880
9329925
9330126
9330397
9330407
9330457
9330809
9331212
9331287
9331393
9331424
9331488
9331946
9332161
9332292
9332554
9332558
9332594
9332801
9332959
9333184
9333550
9333682
9334095
9334215
9334688
9335182
9335270
9335569
9335627
9335684
9335964
9336179
9336461
9336508
9336699
9336824
9336861
9336882
9337026
9337538
9338254
9338389
9338626
9338767
9338921
9339089
9339165
9340393
9340404
9340658
9340687
9341303
9353458
9353582
9354220
9354240
9354782
9354968
9354990
9355137
9355428
9355501
9356113
9356469
9356866
9357373
9357438
9357490
9357840
9357843
9357973
9358418
9358907
9359110
9359392
9360009
9360202
9360208
9360717
9361238
9361247
9361284
9362431
9362609
9362945
9363822
9363842
9363999
9364240
9364513
9364708
9364717
9365016
9365112
9366618
9366909
9367097
9368158
9368742
9369006
9369553
9369586
9369812
9370321
9370745
9371533
9371587
9371604
9379748
9403305
9442723
9442781
9443007
9443098
9443311
9443499
9443895
9444430
9444990
9445194
9445527
9446328
9446977
9447116
9447130
9447134
9447182
9447295
9447700
9448200
9448549
9449086
9449155
9449577
9449794
9450097
9450396
9450766
9450805
9450991
9451179
9451189
9451286
9451676
9451961
9452916
9453343
9453401
9453710
9453964
9454096
9454352
9454438
9454592
9455268
9455393
9455559
9456283
9456675
9456962
9457068
9457404
9457431
9457743
9458295
9458385
9458575
9458609
9458621
9459175
9459450
9459565
9459917
9460206
9460341
9460999
9461197
9462653
9462676
9462929
9463235
9463818
9464203
9464233
9464445
9464578
9465170
9465288
9465319
9465361
9465395
9465406
9465485
9465499
9465562
9465564
9465893
9466222
9466395
9466583
9466852
9467538
9468139
9468343
9468555
9468739
9468819
9468968
9469167
9469218
9469715
9469717
9469890
9469953
9470113
9470304
9470527
9470720
9470918
9471717
9472086
9472523
9472666
9473088
9473277
9473330
9473501
9473980
9474052
9474230
9474896
9475369
9475668
9476500
9476683
9476939
9477381
9477805
9477811
9477888
9477931
9478041
9478108
9478338
9478394
9478648
9478774
9478871
9479099
9479569
9479772
9479777
9479812
9479901
9480314
9480514
9480609
9480650
9480686
9480990
9481125
9481311
9481379
9481560
9482029
9482143
9482325
9482334
9482762
9483014
9483218
9483365
9483397
9483543
9483618
9483713
9484208
9484457
9484818
9484824
9484851
9485479
9486695
9487233
9487380
9487504
9487591
9487778
9488712
9488720
9488872
9489021
9489187
9489543
9489996
9490573
9491196
9491262
9491578
9495637
9501055
9502522
9508704
9509768
9519146
9547982
9549169
9571901
9575535
9575906
9576330
9576369
9576594
9576907
9577006
9577331
9577529
9577612
9577802
9577949
9578002
9578108
9578616
9578717
9578908
9578930
9579354
9579501
9579623
9580288
9580374
9580487
9580777
9580871
9580967
9581412
9582352
9582452
9583142
9583197
9583331
9583549
9583914
9584126
9584303
9584442
9584450
9584587
9584913
9586053
9586296
9586768
9587400
9587462
9587664
9587910
9587927
9588146
9588249
9588925
9588980
9590486
9590614
9590874
9591138
9591398
9591589
9591859
9592019
9592112
9592871
9593221
9593356
9593620
9594536
9595785
9596269
9597482
9602217
9602308
9603772
9632846
9633113
9633491
9634331
9634780
9635094
9635363
9635397
9635446
9635567
9636180
9636413
9636501
9637268
9637343
9637901
9638420
9638736
9639245
9639793
9639956
9640124
9640281
9640441
9640897
9641237
9641752
9642116
9642650
9642696
9642771
9643984
9643997
9644275
9644680
9644904
9645262
9645413
9645769
9645967
9646023
9646128
9646170
9646492
9646513
9646685
9646703
9647327
9647506
9647605
9647611
9648651
9649360
9649541
9691677
9691679
9691952
9692083
9692280
9692757
9692846
9693327
9693473
9693788
9693797
9693826
9693939
9694025
9694551
9694756
9694769
9695297
9695705
9695749
9695767
9695771
9695842
9696078
9696719
9697214
9697491
9697702
9697755
9697805
9698208
9699391
9699900
9700033
9700111
9700670
9700737
9701195
9701237
9701542
9701806
9701862
9701954
9702049
9702066
9702448
9702714
9702835
9702999
9703163
9703187
9703254
9703423
9703600
9703651
9703932
9703971
9704356
9704722
9704822
9704972
9705075
9705080
9705085
9705226
9705477
9706137
9706944
9706989
9707136
9707231
9707479
9707491
9707722
9708238
9708597
9708608
9708807
9709156
9709305
9709483
9709813
9709860
9709928
9710024
9710191
9710193
9710667
9711085
9711359
9711647
9711860
9712002
9712025
9712295
9712387
9712573
9713026
9713404
9713459
9713487
9713915
9713983
9714071
9714077
9714103
9714180
9714203
9714651
9715033
9715698
9715864
9716125
9716598
9716782
9717064
9717180
9718092
9754879
9756032
9760443
9764938
9765357
9766742
9767851
9771979
9774179
9774275
9779461
9779506
9780614
9782002
9785029
9790361
9790936
9816952
9816993
9817413
9817541
9817570
9818019
9818237
9818257
9818426
9818504
9819092
9819648
9819726
9819822
9820080
9820389
9820401
9820537
9821187
9821420
9821986
9822024
9822275
9822469
9823042
9823971
9824621
9824680
9824707
9825086
9825151
9825640
9825780
9826469
9826755
9826912
9827568
9827785
9828441
9828983
9828990
9829022
9829500
9829553
9829931
9830152
9830310
9831254
9831648
9831722
9831890
9832146
9833429
9833558
9833842
9833900
9834049
9834199
9834826
9834857
9835238
9835647
9882142
9882371
9882897
9883377
9883651
9884001
9884147
9884202
9884223
9884308
9884373
9884469
9884644
9884926
9885119
9885268
9885273
9885487
9885490
9885779
9886116
9886646
9886725
9887233
9887486
9887685
9887835
9888068
9888248
9889166
9889501
9890206
9891311
9891402
9891666
9892103
9892254
9893436
9894264
9894329
9895296
9895385
9895962
9896154
9896495
9896530
9896892
9897073
9897091
9897203
9898199
9898457
9898556
9899236
9899261
9899612
9899723
9901699
9903086
9903337
9903462
9903867
9903995
9904057
9904151
9904750
9904851
9904933
9905626
9906330
9906550
9906944
9907000
9907158
9907357
9907736
9907840
9908244
9908298
9908620
9908629
9909501
9962039
9962241
9962363
9962604
9963113
9963308
9964020
9964129
9964331
9964371
9964642
9964840
9964979
9965079
9965481
9965566
9965733
9966146
9966149
9966553
9966991
9967134
9967334
9967370
9967827
9967965
9968739
9968869
9969073
9971362
9989492
9989601
9990446
9990466
9991165
9991375
9991926
9992213
9992485
9992616
9992908
9993130
9993277
9993472
9993686
9994067
9994366
9994723
9995109
9995357
9996759
9998641
9999646
9999983
10000136
10000159
10000765
10002988
10003135
10004819
10005364
10005628
10007181
10007598
10007737
10008080
10008217
10008460
10008686
10008854
10011386
10013681
10014074
10020846
10021321
10021586
10022687
10024713
10024714
10025423
10025473
10025801
10025873
10026198
10026748
10026903
10027363
10027393
10027684
10027821
10027916
10028404
10028518
10028895
10029022
10030349
10030367
10031744
10031794
10031927
10032150
10032454
10032580
10033730
10033914
10035226
10035324
10035385
10035394
10036057
10036329
10037723
10037899
10038934
10038975
10039171
10039243
10039524
10039576
10040045
10040147
10040151
10040637
10101974
10102926
10103046
10103177
10103249
10103450
10103845
10104444
10104468
10104559
10105054
10105153
10105439
10106491
10107179
10107460
10107855
10107987
10108355
10109124
10109606
10110058
10110641
10111984
10112005
10112298
10112747
10112928
10113360
10113777
10114043
10114401
10114467
10114710
10114788
10115266
10117308
10117564
10117772
10118695
10120076
10120292
10120529
10120734
10122141
10122345
10122667
10122672
10122827
10123396
10123456
10123483
10123519
10124188
10124200
10124242
10124275
10124370
10124389
10124443
10124511
10124609
10124613
10124703
10124834
10125166
10125326
10125411
10125423
10125920
10126545
10126800
10127399
10127722
10128363
10128437
10128505
10128613
10128780
10128915
10128932
10129330
10129921
10130189
10130848
10131395
10131703
10131793
10131864
10132152
10132404
10132531
10132754
10133614
10133951
10134329
10134824
10135166
10135198
10135606
10135854
10136070
10136326
10136620
10136635
10136718
10137551
10138009
10195086
10195335
10195355
10195886
10196646
10198991
10200927
10201757
10202616
10203151
10203552
10203876
10204123
10204217
10204880
10205584
10205670
10205699
10206696
10208122
10208382
10208811
10208838
10208909
10209122
10209413
10209580
10209583
10209627
10210187
10210400
10210977
10211218
10211801
10212334
10212469
10212479
10212526
10212854
10213214
10213365
10213653
10214014
10214122
10214133
10214143
10214147
10214687
10214701
10215593
10216190
10216729
10216808
10216869
10217220
10217300
10217496
10218038
10218243
10218330
10218631
10218952
10218972
10219090
10220049
10220331
10220908
10221188
10221485
10241622
10241804
10242207
10242410
10243056
10243623
10243735
10244115
10244755
10245372
10245843
10247310
10248585
10248794
10249748
10250710
10250799
10252277
10253538
10253848
10255249
10256971
10257310
10257879
10258259
10258693
10259210
10259694
10259766
10259870
10260270
10262736
10262873
10263095
10263506
10266932
10267414
10267422
10268453
10268965
10269351
10269765
10270335
10270632
10301894
10302055
10303108
10303340
10303633
10303684
10303985
10304071
10304524
10304621
10304634
10304674
10304987
10305314
10305775
10305996
10306076
10306176
10306817
10307008
10307184
10307342
10307885
10308200
10309189
10310350
10310817
10311089
10311420
10311510
10311636
10311912
10312504
10312559
10312894
10314255
10314256
10314286
10314334
10314367
10314412
10314536
10314867
10315040
10315302
10315446
10315909
10316772
10316844
10316882
10316982
10327644
10327649
10327816
10327986
10328031
10328179
10328253
10328389
10328564
10328824
10328924
10329039
10330409
10330616
10330681
10330753
10330846
10332220
10332345
10332454
10332621
10333097
10333202
10333248
10333424
10333461
10333462
10333495
10333798
10333897
10334706
10334750
10334936
10335318
10335491
10335771
10335820
10335986
10336221
10336389
10336420
10336488
10337111
10337316
10337351
10337355
10337361
10337394
10337525
10337577
10337689
10337815
10338361
10338394
10339656
10340115
10340709
10341091
10341256
10341374
10341677
10341761
10341916
10362272
10362412
10363514
10363750
10363774
10364010
10364047
10364151
10364228
10364716
10364913
10364964
10365220
10365341
10365363
10365381
10365528
10365775
10365824
10366155
10366308
10366960
10367086
10367181
10367690
10368010
10368072
10368870
10368983
10369010
10369372
10369599
10369658
10370199
10370638
10370851
10370894
10371431
10371540
10371860
10372280
10373469
10373583
10374027
10374409
10374464
10374617
10374637
10375166
10375695
10375718
10375923
10375955
10375966
10376487
10377053
10377629
10377663
10377745
10378463
10378592
10379707
10385286
10385342
10488228
10490420
10492079
10498148
10499099
10499255
10499583
10528741
10528773
10530629
10534160
10536504
10537013
10623837
10624290
10624825
10625390
10625614
10625779
10625876
10626471
10627069
10627290
10627774
10627892
10627982
10628862
10629537
10631189
10631307
10632329
10632485
10632739
10632741
10632978
10633194
10633252
10633777
10633871
10633909
10634137
10634209
10635011
10635133
10635341
10636531
10637224
10637578
10637822
10637923
10638369
10638378
10638510
10638605
10638850
10655694
10658535
10665606
10679687
10680895
10682380
10682793
10683391
10683882
10684043
10684110
10684458
10685287
10686046
10686195
10687025
10687091
10688053
10688487
10688841
10688844
10688869
10689031
10689101
10689225
10689337
10735518
10736214
10737139
10737321
10737876
10738158
10738170
10738244
10738334
10738433
10738759
10739125
10739328
10739548
10739903
10739919
10740059
10741890
10742760
10743099
10743354
10743472
10743631
10743930
10744112
10745911
10746699
10746985
10747032
10747542
10748017
10748105
10748263
10748343
10748717
10748880
10748926
10749415
10749689
10750479
10750579
10751680
10752001
10752314
10752368
10752709
10753049
10753197
10753244
10753359
10753558
10753802
10754073
10781601
10781875
10781965
10783250
10783804
10784121
10785397
10786934
10788241
10788833
10789328
10789544
10789793
10805495
10823324
10823602
10823711
10823992
10824025
10824496
10825163
10825297
10825342
10825690
10825740
10825836
10825990
10826322
10826427
10826567
10826905
10827473
10827959
10828204
10828447
10828606
10828733
10828876
10828891
10829380
10829889
10829976
10830343
10830601
10830627
10831092
10831199
10831267
10831336
10831736
10831875
10832225
10832228
10832436
10832479
10832570
10832834
10833030
10833615
10833916
10834053
10834143
10834181
10834408
10834620
10835262
10835524
10835588
10835638
10835725
10835939
10836014
10836553
10837295
10837488
10837726
10838774
10838862
10839049
10839075
10839286
10839339
10839983
10840718
10841187
10841313
10841476
10841596
10842020
10842584
10842708
10842816
10842869
10843113
10843510
10843618
10843934
10844612
10845159
10845205
10845442
10846209
10846302
10846406
10846774
10846800
10846808
10847100
10847445
10847677
10847713
10848044
10849845
10850071
10850406
10850448
10851359
10883643
10885388
10886054
10889108
10892409
10893171
10897203
10897400
10898138
10899369
10909883
10909944
10910302
10910321
10910944
10911014
10911328
10911377
10912529
10914124
10914227
10914983
10915456
10916178
10917321
10917393
10917604
10920370
10920514
10920737
10921226
10922281
10922844
10923551
10923664
10923682
10923808
10924231
10924655
10925200
10925500
10925964
10926097
10928045
10928234
10928411
10930324
10934604
10934659
10938045
10939082
10940094
10941988
10945092
10945346
10945572
10946411
10946883
10946886
10946937
10948021
10949167
10949520
10949894
10950441
10950713
10952226
10952484
10952511
10953818
10954958
10955554
10955563
10955852
10955945
11025103
11025116
11025926
11025998
11026834
11027117
11027908
11028428
11029547
11033177
11033208
11033753
11033973
11034796
11036480
11036491
11038782
11039638
11039689
11071196
11071663
11071842
11072738
11073923
11074079
11075115
11076853
11076994
11078631
11079175
11079842
11080077
11080387
11081466
11081539
11082107
11082678
11082951
11083010
11083642
11084861
11086154
11086507
11086601
11086609
11087599
11087816
11088944
11089007
11089319
11089739
11090256
11091600
11092100
11093109
11094230
11095789
11096478
11098662
11099143
11099328
11099804
11100403
11100789
11101985
11102236
11102250
11102301
11103174
11103429
11103655
11103724
11103849
11103867
11103924
11104131
11104367
11104419
11105118
11105510
11105699
11106162
11106286
11106499
11106738
11106885
11107471
11107632
11107902
11108074
11108535
11108692
11108789
11108860
11131140
11132358
11132467
11133681
11136965
11139700
11142013
11142763
11143613
11144035
11144592
11147674
11147826
11148036
11148067
11148293
11148302
11148934
11149254
11149537
11149885
11149931
11150130
11150327
11150914
11151058
11151231
11151508
11151791
11151803
11151993
11152708
11153391
11153488
11153537
11153782
11153862
11154192
11154799
11155686
11156120
11156451
11157194
11157291
11157322
11157432
11157804
11158322
11158680
11158814
11158892
11180351
11180774
11181362
11181741
11181988
11183182
11183834
11184856
11185000
11186405
11187268
11187877
11188485
11189675
11190726
11191232
11192077
11192673
11192818
11193827
11194034
11195335
11195363
11195409
11195657
11206326
11207743
11208300
11212527
11212893
11217200
11218801
11218898
11219064
11219403
11219612
11219771
11220356
11220357
11220920
11220967
11221627
11221750
11222118
11222406
11222433
11222484
11222494
11222546
11222715
11222883
11223223
11223322
11223452
11224521
11224806
11224896
11224955
11225159
11225249
11225878
11225986
11226096
11226354
11226357
11226397
11226405
11226666
11226710
11227510
11227533
11227631
11227919
11228076
11228287
11228294
11228314
11228555
11229104
11229784
11229874
11230385
11230483
11230526
11230745
11230997
11231041
11231218
11231257
11231553
11231822
11232150
11232238
11232663
11232902
11232929
11232948
11233327
11233547
11233577
11233589
11233762
11234151
11234190
11234407
11234408
11234452
11234484
11234717
11234751
11234849
11234859
11234912
11235140
11235198
11235211
11235832
11235883
11236415
11236442
11236589
11244975
11252497
11253195
11304247
11304316
11304569
11304741
11305509
11305512
11305763
11305968
11306014
11306598
11306602
11307309
11307804
11307957
11308324
11308336
11309157
11310451
11310453
11311103
11311800
11312682
11312793
11313589
11314357
11314473
11314713
11314976
11314996
11315834
11316332
11316974
11317063
11317139
11318639
11320012
11320344
11321568
11321806
11321817
11322110
11322686
11323630
11360083
11360508
11361596
11362905
11362988
11363637
11365368
11365408
11368869
11369101
11420032
11420040
11420388
11420526
11421481
11421598
11422229
11423705
11424016
11424860
11425791
11426991
11427127
11427626
11428940
11429645
11429698
11430080
11430975
11431208
11432129
11433017
11434003
11434757
11435142
11435636
11435776
11436377
11465543
11471211
11471496
11475553
11475745
11476720
11476811
11477133
11477142
11477199
11477362
11477460
11478067
11478166
11478585
11479153
11479396
11480047
11480203
11480591
11481045
11481161
11482355
11482805
11483441
11484982
11485030
11485078
11486213
11486275
11488218
11488671
11488806
11489965
11490905
11492950
11512019
11512060
11512299
11512308
11512723
11512734
11512772
11512928
11512953
11512993
11513296
11513371
11513410
11513606
11513795
11513831
11514118
11514325
11514433
11514999
11515167
11515358
11515528
11515923
11517438
11517439
11517483
11517510
11517990
11518340
11518375
11518493
11519047
11519125
11519660
11519800
11519857
11520271
11520342
11520503
11520511
11520632
11520749
11521494
11521646
11522138
11522258
11522259
11523636
11523667
11524276
11524578
11524731
11524796
11525167
11525453
11525602
11525683
11525705
11525709
11525730
11526055
11526234
11526616
11526975
11527509
11527786
11527842
11528512
11528903
11529716
11529988
11530204
11530486
11530542
11530689
11530724
11532625
11533655
11533776
11535405
11535682
11544396
11544522
11545375
11547201
11547704
11548079
11548533
11548984
11549976
11550010
11550488
11552820
11553013
11553601
11554262
11554314
11554317
11554637
11555279
11555641
11556204
11575384
11575459
11575880
11576195
11577222
11577372
11577824
11577995
11578158
11578435
11578803
11579351
11579468
11580015
11581739
11582565
11582650
11583718
11583830
11584055
11584281
11584841
11584914
11585222
11585448
11585577
11586195
11586698
11586796
11586826
11588185
11589480
11589640
11591415
11591558
11592228
11592348
11592366
11592621
11593144
11593150
11593267
11593722
11593927
11594071
11594087
11594263
11594268
11594673
11594917
11595040
11595053
11595120
11595176
11595191
11595724
11595856
11595995
11596796
11596902
11597229
11597232
11597322
11597832
11598132
11598495
11598511
11598527
11598703
11598708
11599020
11599216
11599493
11599539
11599613
11600228
11600505
11600694
11600844
11600894
11601469
11601544
11602215
11602297
11602741
11602920
11602956
11603355
11603474
11603591
11603833
11603837
11603985
11604269
11604576
11604788
11604808
11604979
11605045
11605237
11605850
11606076
11606293
11606681
11606895
11607190
11607215
11607416
11608019
11608030
11608185
11608294
11608675
11608738
11609457
11609634
11609867
11610022
11612198
11614146
11620222
11621893
11625342
11644854
11646400
11647224
11647525
11648939
11649728
11651045
11652461
11653508
11655841
11658861
11697643
11697657
11697753
11697828
11698186
11698252
11698286
11698901
11699413
11699471
11699517
11699711
11701162
11702129
11702176
11702475
11703545
11703785
11704179
11704547
11705168
11706099
11706111
11706599
11707492
11708034
11708315
11708620
11708675
11708831
11709520
11709906
11710065
11711637
11711993
11712750
11712752
11713162
11716226
11745078
11745816
11745964
11746440
11746523
11746550
11746852
11747114
11747527
11747677
11747698
11748006
11748595
11748825
11749080
11749208
11749222
11749264
11749327
11749510
11749523
11749616
11749956
11750073
11750235
11750454
11750564
11750678
11750850
11750909
11750923
11751488
11751625
11752077
11752423
11752483
11752747
11753129
11753460
11753753
11753860
11754001
11754098
11754402
11754418
11754590
11754679
11754813
11754926
11755152
11755776
11756798
11756954
11757150
11757215
11757577
11757602
11757743
11757773
11758418
11758591
11758806
11758984
11759604
11759977
11760384
11760576
11760658
11760820
11760854
11761271
11762193
11762722
11763351
11779601
11782821
11783477
11783568
11802085
11802317
11802773
11802804
11802812
11802883
11802893
11803415
11803810
11803936
11804027
11804665
11804866
11804905
11805460
11805585
11805800
11806090
11806145
11806309
11806369
11806727
11806770
11806827
11806923
11807059
11807152
11807333
11807340
11807542
11807781
11807844
11807942
11809019
11809087
11809253
11809336
11809460
11810045
11810249
11810977
11811569
11811677
11813085
11815623
11825898
11826967
11827012
11827671
11828212
11828476
11828669
11828723
11828927
11829470
11829502
11829516
11829546
11830082
11831358
11831909
11833012
11833286
11833363
11833459
11833518
11833525
11833746
11833799
11834060
11834096
11834539
11834818
11835913
11835928
11836034
11836221
11836670
11836852
11837166
11837594
11838761
11838831
11843342
11845948
11878180
11878275
11878391
11878802
11878882
11879289
11880023
11880073
11880291
11880359
11880387
11881043
11881140
11881362
11881786
11882269
11882599
11882726
11882866
11883247
11883266
11883400
11883708
11884264
11884466
11884945
11885648
11885678
11886174
11886182
11886561
11886950
11887149
11887173
11888503
11888554
11888687
11888802
11888927
11888934
11889030
11889880
11889942
11890148
11890531
11891183
11891440
11891685
11892398
11892496
11892660
11892823
11892937
11892995
11893674
11893771
11893825
11893931
11894347
11894441
11894600
11894648
11894800
11894853
11895162
11895439
11895611
11896219
11896369
11896408
11896726
11896811
11896841
11896875
11898056
11898115
11898181
11898189
11898879
11899188
11899456
11899693
11899891
11900519
11900650
11900718
11901228
11901895
11902013
11902134
11902491
11902651
11902669
11902726
11903609
11903693
11903786
11903982
11904200
11904204
11904391
11904456
11904965
11905408
11905949
11906025
11906161
11906313
11906799
11906886
11907076
11907307
11907576
11907613
11907842
11907857
11907900
11908228
11908423
11908630
11908691
11908705
11909099
11909233
11937975
11941700
11957319
11959054
11962684
12017843
12019043
12019090
12019261
12019328
12019389
12019498
12019504
12019739
12019846
12019955
12020022
12020064
12020292
12020588
12020933
12021024
12021420
12021592
12021708
12021723
12022653
12022771
12022950
12023132
12023175
12023895
12023905
12024067
12024409
12025157
12025603
12025804
12025963
12026746
12027052
12027256
12027319
12027527
12027609
12028069
12028335
12028584
12029117
12029133
12029829
12030666
12030859
12031290
12031305
12031427
12031966
12032313
12032476
12032779
12033076
12033158
12034082
12038563
12039861
12075486
12078941
12079209
12080077
12080361
12081048
12081455
12082683
12082863
12082956
12082978
12083102
12083220
12083877
12085883
12086098
12088277
12099553
12099691
12099742
12099750
12100072
12100073
12100124
12100136
12100174
12100296
12100426
12100465
12100713
12100952
12101160
12101382
12101680
12101733
12102006
12102678
12102883
12102894
12103107
12103245
12104095
12104187
12104634
12104782
12104866
12105361
12105427
12105968
12106088
12106189
12106554
12106600
12106746
12106889
12107236
12107343
12107756
12107901
12108168
12108704
12108892
12109255
12109331
12109671
12109698
12109940
12109993
12110115
12110190
12110241
12110283
12110393
12110422
12110620
12110790
12111085
12111412
12111599
12111626
12111755
12111925
12112554
12112568
12112918
12112981
12113091
12113189
12113778
12114130
12114192
12114310
12114504
12114616
12115224
12115458
12116214
12116941
12116963
12117233
12117267
12117591
12119156
12119531
12122116
12187329
12187872
12187949
12188168
12188908
12189226
12189360
12189764
12189785
12189880
12190583
12191800
12191822
12192619
12192914
12193260
12194436
12194834
12195023
12195102
12195469
12195504
12195775
12195777
12196252
12196424
12196847
12196990
12197087
12197279
12197434
12197692
12198221
12198259
12198522
12198602
12198921
12198988
12199316
12199381
12199407
12200433
12200530
12200616
12200784
12201838
12202653
12202689
12203032
12203204
12203753
12204750
12207033
12208146
12221055
12222224
12223064
12223294
12223394
12223423
12223484
12224511
12224609
12224781
12224931
12224969
12225633
12225747
12225927
12225969
12226019
12226020
12226248
12226605
12227356
12227582
12227985
12228157
12229137
12229470
12230377
12230714
12231223
12231525
12235121
12235244
12236777
12272895
12274120
12276047
12334745
12341711
12348072
12350197
12350604
12351808
12356355
12361504
12361737
12361982
12362218
12362269
12362849
12362914
12363124
12363333
12363345
12363628
12363636
12363653
12363681
12364131
12365032
12365255
12365792
12365883
12366074
12366077
12366274
12366362
12366424
12366810
12367345
12367749
12367753
12368103
12368217
12368284
12368394
12368807
12368834
12369181
12369625
12369675
12369695
12370115
12370272
12370679
12371482
12372412
12372460
12372627
12372886
12372970
12373368
12373547
12373876
12373924
12374281
12374365
12374467
12375164
12375410
12375635
12378307
12379663
12380572
12453666
12453681
12455071
12455075
12455198
12455286
12455608
12456920
12457015
12457395
12457504
12458563
12459111
12459202
12460052
12460549
12460834
12461340
12461358
12461484
12461856
12462263
12462607
12463229
12464096
12468886
12474221
12474342
12474350
12474780
12475034
12475396
12476194
12476280
12476453
12476622
12477311
12478023
12478351
12479079
12479199
12479359
12479578
12479629
12479956
12480020
12480421
12480467
12480868
12481053
12481159
12481256
12481330
12481675
12482017
12482889
12482931
12483387
12483428
12483561
12483577
12483729
12485155
12485358
12485362
12485583
12485722
12485862
12486376
12486381
12486406
12486566
12486653
12486754
12487002
12487071
12487762
12488003
12488325
12488602
12488899
12488968
12489257
12489279
12489390
12489582
12491314
12491788
12491911
12492529
12493506
12493538
12493997
12494020
12494100
12494403
12496150
12496726
12498998
12499015
12499929
12501003
12501839
12501900
12502360
12502582
12502633
12503842
12504148
12504260
12504413
12504976
12506349
12506957
12517169
12526280
12526477
12526715
12526854
12526965
12527136
12527156
12527474
12528439
12528662
12529083
12529547
12529791
12530084
12530809
12530876
12531594
12531622
12531729
12532037
12532083
12532354
12532390
12532423
12532835
12533181
12533322
12533599
12534182
12534679
12535115
12535130
12535220
12535581
12535662
12535692
12535696
12535755
12535938
12535992
12536050
12536092
12536415
12536877
12536976
12537153
12538248
12538352
12539268
12539489
12539698
12539724
12540308
12540409
12540679
12540796
12540869
12541006
12541318
12541672
12542784
12543174
12543265
12543864
12544022
12544239
12545458
12545959
12546338
12547352
12547656
12548111
12548839
12549927
12550323
12550427
12550592
12550925
12551732
12552953
12553971
12554089
12554247
12554839
12557224
12558475
12607590
12622477
12623036
12623279
12623452
12623646
12625471
12625669
12625896
12625941
12626175
12627039
12627089
12627324
12628606
12629416
12629417
12629476
12630203
12630208
12630667
12630890
12631129
12631279
12632490
12632600
12634358
12634509
12634563
12634817
12635523
12635558
12636212
12636561
12636978
12638824
12639930
12640460
12689190
12696631
12696717
12696843
12697120
12697696
12697701
12698351
12698353
12698563
12699154
12699416
12699664
12699742
12699958
12700235
12700642
12700648
12701260
12701593
12701746
12701901
12701903
12701924
12702063
12702741
12702893
12703012
12703040
12703067
12703149
12703361
12703917
12704674
12704801
12704949
12705036
12705086
12705269
12705320
12705885
12705958
12706030
12706061
12706466
12706548
12706556
12706794
12706868
12707379
12707700
12707729
12708165
12708190
12708328
12708521
12708622
12708833
12709168
12709385
12709679
12709750
12709947
12710054
12710128
12710161
12710330
12717045
12752388
12752392
12752680
12753254
12753533
12753877
12754571
12754691
12755337
12755934
12756939
12757259
12757349
12757481
12757813
12758162
12758396
12760164
12760379
12760510
12761781
12761953
12762405
12763167
12764442
12764884
12765089
12766832
12768973
12770385
12770590
12770755
12774427
12774881
12780047
12780305
12788031
12788570
12789113
12789244
12791245
12793363
12793830
12794036
12794104
12794252
12794843
12795343
12795990
12852510
12852958
12853192
12854773
12854837
12854900
12854928
12854935
12855511
12856531
12856882
12857238
12857403
12857457
12857678
12857750
12858007
12858008
12858339
12859039
12859287
12859457
12859672
12859727
12859822
12860015
12860060
12860302
12860633
12860693
12860761
12860863
12861252
12861453
12861620
12862186
12862973
12863894
12864211
12864483
12864793
12865604
12865663
12866010
12866036
12866506
12866984
12867404
12867421
12867652
12867721
12868018
12868229
12868336
12868430
12869615
12869872
12870319
12871164
12871357
12872704
12873012
12873138
12873933
12874042
12874449
12875087
12875231
12875756
12875954
12876865
12876912
12877084
12877331
12877513
12877637
12878218
12878318
12878705
12879068
12879542
12879717
12879764
12879953
12881041
12881043
12881126
12881844
12882047
12882203
12882765
12882860
12884164
12885022
12885585
12885972
12886136
12886958
12887486
12887984
12891443
12917060
12926620
12983759
12984165
12984822
12985010
12986401
12986451
12986490
12987515
12987968
12988222
12988339
12988614
12989523
12989804
12990539
12990692
12991168
12991297
12991633
12991953
12992510
12992892
12993005
12993067
12993968
12994444
12995309
12996115
12996247
12996557
12996858
12997248
12997351
12997872
12998663
12998940
13000585
13000961
13005943
13006129
13009346
13009812
13012557
13013057
13013646
13014853
13014929
13015093
13015370
13015826
13016229
13016330
13016431
13017484
13017521
13017557
13017795
13017971
13018124
13018855
13019621
13019789
13020118
13020394
13020556
13020754
13020944
13021191
13022046
13022328
13022582
13023330
13023333
13023673
13024037
13024237
13024254
13024272
13024473
13024835
13024869
13025592
13025693
13026551
13030624
13086440
13086613
13086628
13087284
13087649
13087685
13088079
13088330
13088489
13088578
13089065
13089068
13089611
13089896
13090270
13090657
13090689
13090784
13090794
13090973
13091271
13092434
13092522
13092861
13092971
13093644
13093779
13094497
13094540
13095215
13095624
13095858
13095949
13096362
13096385
13096555
13096996
13097198
13097312
13097377
13098897
13104437
13117500
13117543
13117578
13117586
13119549
13120168
13120263
13120535
13120682
13121070
13121072
13121210
13122089
13122598
13122639
13123131
13123431
13123721
13123741
13124067
13124474
13124794
13124949
13125272
13125790
13126135
13126890
13127044
13127773
13128272
13128342
13128349
13128572
13128590
13128985
13129232
13129369
13129535
13129986
13130429
13130447
13130504
13130643
13130729
13130898
13131052
13131392
13131744
13131756
13132301
13132443
13132477
13132619
13132667
13132856
13132938
13132999
13133047
13133677
13133686
13133793
13134211
13134252
13134491
13134716
13134949
13135097
13135205
13135626
13135627
13136074
13137002
13137694
13138263
13138591
13138594
13139454
13142090
13142813
13147048
13276274
13297767
13298242
13299843
13300535
13300702
13300858
13301864
13303033
13303185
13303965
13307123
13308255
13308765
13310004
13310272
13310387
13336882
13338444
13339080
13339090
13339154
13339894
13339946
13340413
13340424
13340903
13341150
13341300
13341451
13341493
13341680
13342014
13342025
13342379
13343085
13343516
13343613
13344545
13344874
13345209
13345236
13345636
13346214
13347566
13348130
13352616
13353965
13354222
13357096
13357172
13357450
13357714
13361743
13361846
13362449
13363813
13363827
13368552
13368835
13370212
13371521
13371833
13371934
13373897
13374380
13374809
13375462
13375885
13382479
13388418
13389537
13389566
13389871
13390490
13391246
13391818
13392188
13392489
13395120
13395696
13395868
13396517
13397737
13398366
13398589
13400235
13400651
13401723
13402506
13403073
13403746
13404884
13406478
13412604
13431068
13431610
13433383
13433498
13436677
13454656
13455340
13455540
13455681
13456011
13456185
13456320
13456968
13457016
13457440
13457964
13458105
13458150
13458508
13458525
13459496
13459868
13459922
13460581
13460950
13461273
13461472
13461536
13461679
13461705
13461997
13462191
13462402
13462660
13462951
13463160
13463229
13463495
13463788
13464068
13464364
13464408
13465290
13465759
13465838
13467497
13469083
13469481
13470418
13471301
13471543
13473479
13478857
13481361
13523811
13524710
13524715
13525371
13525643
13525774
13526290
13526518
13526962
13527342
13527512
13527691
13528047
13528089
13528383
13528410
13528680
13529067
13529091
13529289
13530112
13530299
13530590
13530637
13531150
13531211
13531256
13531629
13531917
13531982
13532030
13532192
13532329
13532457
13532922
13532942
13533300
13534247
13534421
13534869
13534891
13534957
13535020
13535087
13536485
13537137
13550995
13551104
13551164
13551205
13551554
13551562
13551751
13552254
13552394
13552885
13552953
13553001
13553480
13553630
13554045
13554697
13554788
13555636
13555711
13556321
13556471
13557257
13557339
13557766
13557855
13558302
13558351
13558398
13558471
13558782
13559206
13559687
13559711
13559882
13559911
13560082
13560542
13560935
13561156
13562136
13562572
13562581
13563074
13563149
13564802
13565301
13565400
13565787
13565924
13566246
13566298
13566320
13566448
13566804
13567323
13567355
13567482
13567931
13568128
13568366
13568821
13568990
13569488
13569774
13569777
13570283
13570374
13570568
13570898
13571132
13571233
13571279
13571555
13571699
13571734
13572955
13573154
13573224
13573244
13573766
13573943
13574040
13574646
13574926
13574953
13575175
13575518
13576021
13576138
13576365
13576488
13576724
13576935
13577205
13577240
13577642
13577657
13577861
13577880
13578254
13578378
13578639
13579169
13579236
13579303
13579344
13579739
13580171
13580538
13580702
13580736
13580755
13580887
13581422
13581574
13582197
13582880
13582942
13583153
13584265
13584303
13584396
13584413
13585099
13585891
13586974
13592893
13593491
13594305
13598010
13599151
13603089
13603917
13790533
13794054
13797455
13902220
13902488
13902541
13903049
13903288
13903314
13903529
13903662
13903800
13904330
13904817
13904820
13904886
13904901
13905187
13905503
13905517
13905616
13905826
13906077
13906268
13906676
13907205
13907216
13907499
13907582
13907666
13909094
13909380
13909455
13909879
13910032
13911095
13911118
13911391
13911794
13911820
13912267
13912692
13913182
13913245
13913436
13913704
13913909
13913987
13914019
13914249
13914352
13914556
13915273
13915519
13916307
13916500
13916562
13916810
13917014
13917071
13921191
13921653
13923916
13924735
13924820
13935834
13971650
13972624
13974878
13975716
13976185
13980788
13981683
13982729
13983035
13983046
13983395
13983711
13984614
13985638
13985649
13985746
13985992
13986655
13986784
13986870
13988393
13988417
13988821
13988824
13988834
13989235
13989690
13989970
13989996
13990453
13990653
13991217
13991273
13991616
13991868
13992512
13992615
13992812
13992883
13995252
13995644
13995903
13995919
13996300
13996308
13996496
13998031
13998959
13999162
14104225
14109492
14109953
14110316
14110470
14110690
14110706
14111736
14112391
14112906
14113271
14113367
14113672
14114725
14115138
14115156
14115184
14115194
14115368
14115564
14116815
14116823
14117617
14117836
14117863
14118017
14118119
14118356
14118527
14118800
14119071
14119479
14120147
14120309
14120341
14120436
14121168
14121315
14121821
14122001
14122202
14122488
14123121
14123136
14124913
14125365
14125748
14125750
14126470
14126728
14127309
14144807
14144890
14145359
14145384
14145928
14146704
14146738
14148030
14148569
14149677
14150146
14150170
14150413
14151139
14151465
14151914
14152443
14152462
14152806
14152957
14153304
14153733
14155170
14155562
14155968
14157022
14157235
14157738
14158171
14159315
14165052
14210089
14210513
14210750
14210849
14210935
14211458
14211802
14212018
14212190
14212420
14212587
14212667
14212832
14212954
14212965
14213733
14213852
14213930
14213940
14214222
14214788
14216150
14216433
14217260
14217432
14218435
14218728
14218870
14219062
14219762
14220058
14220485
14220616
14220793
14221568
14222680
14223105
14223925
14224202
14224346
14225275
14225420
14225554
14225812
14226035
14226133
14226324
14226614
14226738
14226842
14227492
14227812
14228319
14229362
14229530
14229704
14229979
14230115
14230686
14231448
14231514
14232835
14232928
14233541
14233729
14234280
14234499
14234844
14235073
14235722
14237203
14237572
14237610
14237941
14238557
14238712
14239101
14243695
14247600
14272532
14273465
14273876
14274231
14274277
14274397
14274485
14274970
14275246
14275354
14275559
14275985
14276027
14276427
14276478
14276691
14277340
14277538
14277686
14278712
14278873
14279339
14280132
14280265
14281213
14281679
14281884
14281995
14282471
14282945
14283201
14283734
14283812
14283883
14283997
14284086
14284128
14284248
14286238
14286331
14286542
14321041
14383381
14383749
14383971
14384231
14384275
14386096
14386285
14386609
14386990
14387104
14387447
14387448
14388734
14388786
14389308
14389544
14390581
14391632
14391968
14392541
14393248
14393267
14396185
14396314
14396651
14397961
14398464
14398968
14400035
14400421
14401185
14402155
14403223
14403298
14404093
14404297
14404360
14404452
14408024
14409061
14409991
14410399
14410827
14410850
14410901
14411425
14412018
14412334
14412373
14412470
14413501
14413933
14413959
14415052
14415384
14417892
14520470
14526993
14527380
14527945
14528115
14533749
14533945
14536115
14536395
14537487
14537493
14538031
14540209
14542812
14544416
14545302
14588093
14588107
14589123
14589923
14590027
14590673
14590999
14591175
14593284
14594169
14594760
14594794
14599546
14599629
14614050
14619235
14623314
14624973
14630176
14636879
14637460
14656175
14657188
14658949
14659325
14660030
14661627
14661987
14662308
14664454
14664536
14665094
14665429
14666377
14668734
14671413
14687355
14687910
14688080
14688372
14689026
14689055
14689331
14689422
14689895
14689902
14690147
14690261
14690753
14690897
14691229
14691393
14691415
14691523
14692294
14692655
14692754
14692767
14692792
14692892
14693359
14693402
14693556
14694072
14694118
14694239
14694562
14694639
14694808
14694895
14694984
14695154
14695663
14695992
14697400
14697747
14697848
14698340
14698441
14698608
14698654
14699448
14699950
14700340
14700414
14700479
14700715
14700748
14701147
14701438
14701699
14701939
14702010
14702207
14702712
14703622
14706242
14709226
14716335
14716620
14716996
14718199
14718731
14722468
14722662
14724341
14725064
14725143
14726618
14727034
14727370
14728599
14731215
14737204
14759354
14759370
14759558
14760025
14760124
14760272
14760600
14760910
14760964
14761045
14761252
14761718
14761811
14762045
14762266
14762666
14762795
14762985
14763040
14763095
14763260
14763484
14763547
14763945
14764754
14764872
14765038
14765767
14766480
14766603
14766839
14767245
14767588
14767686
14768387
14768586
14807528
14844517
14855640
14886126
14890220
14890332
14890853
14891100
14892566
14892581
14894403
14896469
14896914
14898916
14898952
14902080
14907570
14909773
14978598
14978998
14984126
14984140
14984714
14985027
14986398
14987073
14990406
14991943
14992690
15016565
15020426
15068023
15084631
15084643
15084693
15084704
15085533
15085743
15085762
15085995
15086021
15086082
15086191
15086329
15086640
15087129
15087131
15087405
15087735
15088387
15088649
15088945
15089340
15089346
15089435
15089502
15089658
15089863
15089953
15090604
15090623
15090647
15090653
15090934
15091288
15091414
15092007
15092096
15092160
15092173
15092509
15093483
15093592
15093626
15093852
15094863
15094982
15095088
15095473
15095549
15095867
15095908
15096187
15101638
15134319
15134444
15134540
15134781
15135801
15136383
15136870
15137033
15137072
15138127
15138332
15138450
15138665
15138902
15139025
15139222
15139280
15139613
15139805
15139869
15140496
15140562
15140568
15140753
15140823
15141513
15141653
15141883
15142132
15142150
15142811
15143076
15143239
15143286
15143304
15143342
15143661
15143942
15143993
15144276
15144469
15145049
15147954
15150183
15163868
15164182
15164188
15164428
15164707
15164727
15165541
15166254
15166667
15166740
15166771
15166946
15167095
15167102
15167155
15167191
15167551
15167636
15168289
15168494
15168499
15168522
15168656
15168668
15168700
15168733
15168826
15168951
15168961
15169230
15169377
15169488
15169582
15169990
15170272
15170279
15170492
15171114
15171581
15172506
15172555
15172703
15173255
15173884
15173945
15174299
15174351
15174418
15174698
15174994
15175139
15175163
15175633
15176021
15176117
15176182
15176459
15176681
15176899
15177442
15177635
15177947
15178222
15178323
15179306
15179456
15179611
15179882
15180326
15180450
15180475
15180580
15180584
15180593
15180594
15180626
15180812
15181181
15181254
15181593
15182184
15182300
15182319
15182693
15182835
15183330
15185481
15185593
15272586
15273071
15274913
15324049
15324960
15326070
15327570
15327624
15328874
15331946
15333095
15333508
15335134
15338325
15339903
15358220
15358460
15360726
15364740
15364958
15367589
15367850
15368858
15533069
15533548
15534831
15535142
15535264
15536015
15537505
15537872
15538718
15539066
15539386
15539843
15540088
15540610
15541160
15542000
15542356
15543129
15543494
15543661
15543709
15543808
15544337
15544346
15544543
15544646
15544728
15545295
15545707
15548288
15548503
15548514
15548800
15549372
15549771
15550081
15550672
15551090
15551429
15551505
15551799
15552822
15554292
15568566
15572843
15577050
15578531
15638215
15638296
15638459
15639603
15642165
15642568
15644302
15644362
15646342
15646826
15647351
15650955
15653427
15653630
15653899
15658194
15763146
15763518
15763816
15764433
15764718
15764754
15764944
15765165
15765244
15765534
15765955
15766381
15766921
15766989
15767125
15767177
15767880
15768167
15768876
15768888
15769047
15769157
15769262
15769663
15769903
15769990
15770480
15770749
15770856
15771058
15771238
15771391
15771503
15771506
15771911
15772822
15773151
15774174
15774503
15798179
15807454
15816446
15821714
15822303
15824531
15825031
15825948
15828781
15831055
15831481
15832924
15833781
15835878
15877962
15878627
15879063
15880071
15880348
15881303
15881924
15881929
15884100
15885204
15885398
15885466
15885722
15886072
15886308
15886649
15887134
15887576
15887649
15888184
15888429
15888807
15889380
15891648
15892555
15942240
15942255
16058927
16058957
16059185
16059304
16059558
16059580
16059695
16060624
16061075
16061400
16061407
16061689
16062758
16062849
16063135
16063257
16063706
16064875
16066889
16067537
16067558
16067662
16067734
16067970
16068325
16069492
16072443
16072585
16075627
16077520
16093404
16174286
16175145
16177080
16178639
16178913
16180632
16181409
16181505
16181880
16182559
16183201
16183596
16184667
16188298
16189739
16191124
16195528
16209791
16211893
16212040
16212494
16212678
16214412
16214972
16216181
16216241
16216301
16216870
16218302
16219388
16219408
16219636
16220181
16220454
16220485
16220501
16220940
16221358
16223396
16227134
16231517
16233165
16244561
16288008
16289389
16291164
16292484
16292557
16293948
16295550
16296354
16297537
16298427
16300109
16301069
16301302
16302219
16302444
16307717
16308376
16310712
16327330
16331906
16339854
16341834
16444619
16444763
16624094
16625964
16626071
16626251
16626431
16626678
16626809
16627162
16627896
16629290
16629521
16630046
16630205
16630218
16630683
16630804
16630974
16632289
16632349
16632578
16632642
16633152
16633280
16633380
16633445
16633675
16633923
16634208
16634369
16634374
16635195
16635221
16635638
16635707
16635895
16636669
16637039
16637168
16637487
16637671
16638096
16638340
16638549
16638903
16639334
16639821
16639937
16639946
16640036
16641648
16642199
16642476
16902226
16906438
16907587
16909794
16921300
17203207
17203721
17205172
17206233
17206627
17207353
17207478
17207627
17208785
17208856
17210743
17212185
17212393
17213945
17214125
17216367
17219490
17424326
17426060
17426563
17428604
17430378
17436547
17439386
17525677
17535598
17536089
17536668
17539642
17539888
17540404
17540529
17540817
17541057
17541065
17541354
17542653
17544328
17546405
17547193
17549658
17559751
17561710
17563430
17667279
17689984
17690070
17698176
17698694
17707522
17713640
17730260
17740037
17909090
17909303
18041594
18042484
18043403
18044423
18044806
18044843
18046387
18047558
18047931
18048216
18049274
18049404
18050082
18050503
18050717
18050960
18051637
18051651
18052160
18052490
18052622
18052710
18053992
18054034
18054886
18056424
18057083
18057105
18057190
18059591
18061680
18063310
18063513
18066437
18068937
18069129
18069248
18069490
18072376
18072582
18083619
18089315
18090797
18090975
18091368
18091877
18092342
18092586
18092912
18093194
18093674
18094002
18094015
18094065
18094387
18094642
18094718
18094885
18094960
18095132
18095187
18095253
18095342
18095520
18095585
18095811
18095856
18095926
18096026
18096273
18096301
18096701
18097489
18097558
18097890
18097935
18098420
18098640
18099209
18099279
18099304
18099965
18100504
18100887
18101237
18101240
18101466
18102259
18102358
18102405
18102444
18102636
18102858
18107290
18109805
18110315
18124153
18124442
18125253
18127752
18128045
18129427
18129901
18129989
18131231
18132441
18132734
18134798
18137858
18158452
18164008
18205096
18216444
18272501
18370227
18386154
18386318
18387428
18389409
18389724
18390310
18391621
18391767
18392243
18392826
18393957
18394386
18394694
18395871
18395969
18466432
18466436
18466898
18467189
18468057
18469207
18469214
18469508
18470364
18470719
18470726
18471926
18474410
18474499
18474666
18475055
18475406
18476375
18476971
18477296
18480302
18480680
18481059
18511378
18534777
18537219
18537492
18537568
18537957
18538212
18540094
18540184
18541890
18544743
18545193
18545339
18545443
18547413
18548583
18548589
18548699
18550485
18553858
