1383
8927
12048
14088
15297
16951
18818
20166
22675
24480
27750
30778
31322
34932
38955
42837
44097
45353
46345
46470
50627
50653
53101
54993
55928
56586
58648
60165
70212
71711
72640
73435
75850
76098
78726
81017
81090
83251
85456
85989
90370
90988
91153
91212
92432
94135
94222
96288
100197
100483
105189
106108
109901
111007
114444
114754
117244
122688
125013
127814
128833
129045
130555
135269
137238
137471
138758
139931
140521
140821
141587
142330
143444
145877
146026
146649
146714
148253
149730
156194
160133
162253
167354
168118
169180
170518
170924
171842
172077
173756
174229
179376
181049
182841
186496
186558
187379
187618
188600
188968
189033
190042
190101
192468
193913
195361
196217
196628
200724
203874
205758
207357
208075
208896
210561
210617
212211
213781
214603
216636
218254
218865
220088
220194
224512
225335
225498
235742
241964
241987
244064
245252
250209
251283
252299
254558
254790
254887
256542
259484
265602
266054
269730
271412
272782
275377
277526
280277
282752
286026
287901
290808
291121
295461
297561
299539
304458
309508
312956
313025
313226
314149
315722
319813
324691
328014
328334
328826
329099
331056
332875
333807
334366
335914
337422
342696
342772
343407
344108
350280
350688
350816
350927
352408
358681
360976
361284
362358
365694
366975
367567
372971
374042
374225
375559
379621
381732
382233
383079
383607
383789
390789
391180
391273
391960
396022
400201
401413
403089
412426
412866
414103
414596
414908
418074
420268
421430
423071
423900
424009
427620
427655
429364
434871
434942
435265
439820
441543
447414
447958
450116
453465
453762
454133
454394
454677
454919
456817
457457
457762
458098
459099
460070
462760
464764
470188
475996
488653
488658
489276
490383
494835
496495
501041
501530
503369
503603
505212
505235
505721
507470
510376
511669
512055
512454
514004
516915
517184
522507
523445
524687
525226
526802
526874
526988
527470
528030
528608
530988
532964
534421
534943
535831
537056
537998
540112
542013
545883
547333
547783
548686
548714
551387
555950
557848
558817
562315
563207
565622
568372
569900
571835
575929
576553
577837
591487
591987
592437
596707
597732
597880
599042
604352
605188
607487
607648
608566
608753
612216
617859
620216
629161
629862
630972
631102
636066
637247
639804
642452
647944
649219
652980
653111
653228
653438
654054
656828
657244
657697
661786
665158
668444
671945
672408
674091
674189
679504
681147
682366
683127
684541
688334
690785
690889
693772
694735
694951
698908
699383
699610
700306
700525
701302
704232
706715
708918
709183
709676
710486
715003
720588
721837
723251
723741
724170
726463
728697
728834
729092
731415
732728
733978
734431
735534
736252
736437
737410
742602
745385
745743
747305
748106
748354
748848
751629
752726
757048
759141
763055
764953
767573
767748
773083
775419
779429
780348
781044
782908
787494
789389
795565
798587
799948
802009
803760
804249
805515
807409
809894
813655
821539
822207
824544
826064
829899
829938
834564
835734
836329
836700
837359
837799
837875
840176
843055
847460
852044
852721
852926
853281
853733
857290
861270
865749
867366
868829
870364
870418
872510
872688
874394
875639
876729
877931
880331
880682
884572
885628
887220
888515
889415
889915
890363
890532
892836
897885
898810
900403
901643
907213
909633
910397
911491
914267
915838
921047
921875
922445
923067
924213
930500
931951
932771
936976
937235
941149
941525
943758
945533
948987
951591
953382
954442
957844
958378
961294
961531
962371
963032
969302
971474
971718
971760
974747
975183
980016
981986
984836
984952
985128
985416
986257
989766
990252
990695
991835
993094
995968
996631
999572
1000007
1000874
1002056
1006669
1012674
1012875
1015449
1018697
1020678
1021706
1026929
1027169
1029126
1031551
1032401
1034776
1036073
1036081
1036622
1036644
1036669
1036940
1038163
1038452
1039618
1042118
1046264
1046798
1047043
1047065
1048510
1050511
1052006
1057163
1058634
1060225
1060335
1062381
1064006
1064083
1064716
1066084
1066969
1069934
1070335
1070685
1072435
1073365
1073777
1076144
1076838
1078587
1079176
1080130
1081757
1082498
1083614
1084053
1084982
1084986
1085057
1085627
1087068
1087623
1088640
1089546
1089968
1091287
1093831
1093945
1096948
1103547
1105961
1109005
1109013
1112422
1112822
1114950
1115468
1118534
1121781
1126664
1127494
1127507
1128088
1128483
1129299
1129650
1130428
1132112
1138008
1140128
1143934
1145051
1148933
1152014
1154378
1154945
1157546
1158234
1158706
1159047
1164219
1168121
1169023
1172759
1173491
1173542
1173625
1173856
1174381
1174913
1176067
1177889
1181736
1182324
1184167
1191146
1197578
1198187
1201188
1203612
1204875
1205469
1206268
1209576
1215651
1216427
1217240
1219631
1219870
1220104
1220838
1221821
1222529
1232218
1232793
1233565
1233957
1234018
1236345
1240001
1242111
1243646
1244410
1244928
1248051
1249045
1250470
1253074
1260536
1264808
1266206
1269016
1271254
1272377
1272961
1273182
1275370
1275859
1276571
1276770
1277084
1277563
1277763
1281131
1282630
1285579
1286712
1290255
1291408
1293800
1294287
1299470
1300021
1303757
1306069
1307523
1308055
1309836
1316917
1317311
1325071
1325828
1327527
1329193
1329481
1333642
1334000
1335108
1335202
1336878
1337525
1340141
1342776
1343063
1345481
1345995
1349398
1352274
1352996
1355591
1359427
1359767
1360743
1362945
1364145
1364641
1364721
1365486
1367516
1367848
1371524
1372236
1373326
1374093
1379095
1379228
1379369
1382668
1383303
1386463
1387390
1388725
1389062
1391368
1391730
1392154
1392258
1394523
1394756
1395037
1398981
1399976
1400764
1401964
1409156
1410550
1412772
1412837
1413655
1413986
1418559
1419425
1419930
1421793
1424448
1427321
1428995
1429955
1430390
1431088
1434196
1436579
1437705
1439308
1443879
1445119
1447612
1451060
1466070
1466788
1468099
1468430
1469674
1469995
1470917
1474011
1475198
1475911
1482545
1482548
1483582
1483718
1485582
1486653
1487076
1493257
1493606
1493685
1495608
1495915
1497743
1498797
1500436
1502020
1502677
1503110
1506858
1508500
1509875
1513109
1513601
1513953
1514313
1519313
1520569
1521429
1524692
1524978
1528132
1528439
1528744
1528992
1529965
1530108
1530469
1532579
1532674
1538934
1539559
1540411
1540842
1543727
1545196
1546364
1547017
1549107
1549115
1550097
1551933
1552272
1556511
1556824
1556923
1558192
1560342
1563255
1567737
1568826
1570783
1571043
1572792
1573042
1574458
1576294
1577744
1582047
1585701
1588539
1589360
1590992
1592670
1597200
1599846
1600384
1600870
1601230
1602215
1602387
1605460
1607755
1610565
1611091
1611653
1614919
1617019
1618025
1620959
1621187
1623691
1626545
1627538
1629861
1630153
1632930
1634116
1635638
1636452
1636580
1637761
1638307
1638621
1651681
1653288
1653884
1655661
1657615
1660003
1660385
1661479
1661569
1664300
1665439
1667034
1667574
1672475
1675772
1679195
1680913
1681729
1682101
1683724
1686184
1688393
1691860
1693377
1695930
1696127
1696459
1697492
1700238
1702687
1704549
1708582
1709959
1714402
1717758
1718612
1726349
1727722
1728305
1728809
1729370
1730707
1731477
1731740
1733152
1733750
1734843
1735052
1737154
1739136
1741768
1743182
1746278
1749311
1750012
1751013
1751265
1755063
1757808
1761303
1762521
1762918
1762981
1763148
1763442
1768182
1768594
1769116
1769487
1770449
1772348
1773410
1774319
1775325
1780834
1780842
1782088
1783164
1787035
1787489
1787879
1788888
1795960
1796072
1797517
1803423
1804684
1806406
1807555
1810077
1812866
1814729
1814799
1818360
1819869
1828711
1834612
1834684
1836465
1839205
1842596
1843984
1844573
1845364
1845394
1846617
1848808
1849612
1850756
1853494
1854059
1854821
1860594
1860760
1861051
1861457
1862153
1864831
1867706
1869320
1872079
1873969
1874045
1878625
1882924
1883615
1885916
1885923
1887159
1889114
1889835
1890295
1893261
1894351
1898181
1899311
1900241
1900486
1901910
1907490
1910953
1913595
1917001
1917436
1919373
1924406
1930758
1933534
1933841
1939145
1943365
1944089
1944595
1944725
1945184
1946252
1947578
1948333
1949014
1953163
1955503
1955894
1957796
1960094
1965212
1966293
1966437
1967114
1967460
1968628
1970505
1970579
1972804
1976170
1977336
1980880
1981293
1984332
1985891
1987173
1988763
1989713
1995669
1996167
1999208
2003233
2003433
2007511
2009623
2011576
2012174
2016116
2017030
2017043
2017999
2019181
2022161
2022395
2022435
2028757
2031523
2033305
2035172
2037590
2037769
2042108
2046105
2048573
2050013
2050604
2051054
2053339
2055618
2061760
2064477
2065439
2065609
2066246
2075861
2076306
2076349
2082720
2082776
2082877
2082938
2084774
2084794
2088673
2090815
2090843
2092098
2097805
2097995
2105425
2105899
2107261
2116813
2119004
2120687
2122177
2122589
2124204
2124530
2125356
2127446
2128860
2129680
2129864
2132822
2135721
2138163
2139135
2139509
2142423
2146279
2148671
2148787
2149383
2152729
2152883
2154343
2155774
2158582
2162173
2163251
2164000
2164118
2165521
2168848
2173306
2174347
2175022
2176086
2176449
2178742
2180815
2183889
2184583
2188477
2191014
2191469
2193372
2194243
2195494
2195774
2195993
2197622
2198342
2201500
2201563
2202494
2204352
2206209
2213161
2213270
2213790
2215508
2217425
2218889
2220083
2223917
2224518
2224560
2226161
2226544
2227393
2232677
2234992
2236141
2236851
2237523
2238991
2242025
2242539
2244640
2244837
2250893
2252485
2253398
2255566
2260582
2261638
2262733
2263561
2264703
2265915
2268842
2270249
2271519
2273186
2274448
2275853
2277026
2279174
2281455
2281956
2283359
2284841
2286482
2286848
2288396
2290515
2295577
2297700
2301966
2302975
2303781
2305083
2308231
2308797
2309401
2311878
2316442
2320778
2321291
2322018
2322146
2325959
2326928
2328251
2330086
2331485
2332488
2335021
2336055
2337094
2338776
2339152
2339902
2340575
2340997
2341124
2341337
2342430
2345037
2347883
2350576
2355111
2358401
2359369
2361287
2363159
2364503
2364549
2366609
2371165
2373571
2373703
2374784
2378971
2385019
2388254
2390461
2391013
2395109
2399898
2399966
2401432
2405656
2411775
2414235
2419154
2422372
2425814
2427047
2427865
2428987
2435558
2437003
2437537
2437852
2439442
2442511
2442546
2443612
2444068
2444837
2450858
2453422
2456216
2459589
2459998
2460654
2463270
2464174
2471032
2473259
2476179
2476900
2477374
2479034
2480446
2481388
2482197
2483891
2485045
2485120
2485399
2485608
2486013
2486146
2488670
2489582
2491621
2493003
2493317
2493644
2496176
2498534
2502237
2502694
2504210
2504418
2507547
2509317
2511461
2513088
2514095
2516551
2516623
2516745
2518793
2520701
2522282
2523088
2524665
2525757
2526613
2527352
2527736
2529531
2529624
2529669
2530588
2532846
2533904
2539358
2539442
2540497
2542601
2543205
2543393
2543948
2544550
2546837
2547895
2548577
2550153
2551190
2552413
2554545
2555598
2555611
2557869
2558342
2558480
2560723
2563085
2568746
2574853
2583531
2585023
2587594
2588132
2588937
2590268
2590522
2593627
2597716
2600342
2601943
2603908
2606141
2607716
2609441
2610108
2611459
2613373
2616078
2616578
2618071
2619128
2619701
2620922
2623310
2625736
2633884
2634728
2634733
2636609
2638311
2638743
2643864
2646253
2647316
2648119
2648170
2654247
2656680
2657416
2660001
2661477
2661862
2663421
2664074
2664892
2667271
2668123
2668490
2668562
2668983
2671374
2673230
2674081
2676858
2677011
2680490
2681567
2682718
2683087
2683820
2684522
2687837
2688497
2688499
2691703
2692006
2693621
2695047
2695535
2699946
2701102
2701234
2703137
2704274
2704615
2705323
2706497
2707288
2708099
2710100
2710343
2710875
2711458
2713901
2715037
2715426
2715635
2719082
2720050
2722071
2722649
2723795
2724438
2726083
2726278
2727445
2727693
2730805
2732500
2733615
2733655
2734629
2737087
2737134
2740174
2748266
2751984
2753282
2753628
2753763
2755806
2759348
2762514
2763262
2763667
2763801
2764625
2765701
2766028
2768501
2769769
2772262
2773075
2775244
2775726
2779116
2779625
2782301
2782511
2783690
2785734
2786858
2787333
2791980
2792994
2797912
2799995
2802096
2807780
2807977
2809035
2809857
2815423
2817187
2818248
2818692
2819915
2821073
2821595
2823683
2825727
2826934
2827145
2827870
2827935
2829745
2830511
2831113
2831228
2834543
2834552
2835480
2837282
2839398
2845350
2845673
2846545
2847488
2847701
2849435
2850923
2857292
2857982
2861003
2861304
2862333
2863702
2864941
2866502
2867914
2874453
2880109
2880788
2882796
2884374
2887274
2887499
2890009
2892244
2892587
2897969
2904769
2909336
2911667
2914046
2916041
2918365
2918624
2919904
2920574
2923763
2923948
2924342
2926416
2928772
2932352
2934110
2934640
2938594
2939088
2939776
2940171
2944312
2944955
2947786
2948211
2948809
2949070
2950341
2950442
2951806
2952134
2954832
2956379
2957318
2960786
2960845
2962730
2962833
2963406
2964396
2965786
2965851
2969353
2971844
2973026
2976644
2977231
2977677
2980672
2985191
2989774
2990170
2992841
2995696
2996530
2996815
3001050
3001730
3002952
3003204
3006577
3008675
3011502
3012201
3015174
3015760
3016523
3019400
3021675
3024553
3024946
3027256
3029092
3031122
3032632
3038448
3039547
3039834
3043171
3048880
3049785
3052568
3054592
3056692
3058358
3059090
3059247
3060117
3061460
3062001
3062147
3063014
3067804
3069409
3069797
3071437
3074518
3074530
3076337
3079312
3080048
3083472
3090309
3093123
3093246
3093671
3093848
3094036
3094692
3095574
3104251
3104342
3106990
3108457
3110526
3111140
3112175
3112385
3115451
3119765
3119899
3121711
3123017
3125109
3125500
3128786
3131311
3132956
3133779
3134597
3135576
3141471
3142577
3142908
3144524
3146004
3151808
3153841
3155896
3158896
3159015
3159179
3160568
3162489
3162490
3163690
3164237
3166472
3171016
3172625
3174365
3175093
3176474
3176712
3177844
3179363
3179803
3181569
3181597
3182480
3183326
3184995
3186307
3186696
3188443
3189644
3198478
3201455
3201842
3202338
3202602
3203903
3206190
3206303
3212333
3215036
3217304
3217932
3218073
3219416
3221606
3222198
3225400
3225882
3226314
3228748
3231384
3231584
3238802
3240584
3241607
3244303
3245799
3246150
3246987
3248259
3248682
3249260
3252729
3254084
3254558
3255626
3256089
3256715
3258208
3259308
3260880
3262376
3262507
3262948
3263510
3264860
3266101
3266532
3268680
3270417
3271575
3277113
3277119
3277339
3277958
3278721
3283597
3285116
3291794
3293397
3299235
3299635
3302608
3304505
3305936
3307981
3308201
3310087
3310769
3310904
3311639
3312366
3312471
3316409
3317780
3318062
3318359
3322353
3323065
3323445
3325207
3327950
3328874
3329460
3329467
3329502
3331619
3336385
3336617
3338493
3339108
3339404
3345756
3346139
3352476
3357067
3357109
3357311
3357441
3357591
3359230
3359959
3361008
3363342
3364055
3364573
3365147
3368659
3368670
3370106
3370866
3371191
3375039
3376526
3379106
3379725
3385164
3386086
3388340
3388344
3388905
3388906
3389049
3394668
3395932
3396052
3399718
3402346
3405445
3411733
3412473
3412625
3412666
3413101
3413602
3414351
3414604
3415321
3415367
3419073
3419644
3425526
3427055
3428548
3432702
3433149
3434292
3434430
3435231
3435410
3438301
3442751
3445291
3447515
3450589
3459346
3462174
3463704
3464273
3464597
3466940
3468340
3471979
3472520
3472524
3474391
3476466
3477511
3477588
3478763
3479499
3480601
3481268
3484960
3485508
3486856
3487331
3491574
3492152
3492535
3493419
3493619
3495607
3496103
3497264
3497572
3497754
3497915
3497931
3498270
3498752
3506284
3512865
3516522
3517460
3521916
3522935
3524732
3525611
3526098
3527119
3529042
3536510
3539996
3540769
3540919
3542871
3545526
3545835
3547102
3549314
3551677
3553382
3553846
3557818
3558593
3559880
3560933
3562461
3563695
3564003
3564195
3564486
3564535
3565501
3565971
3567990
3569481
3570025
3571411
3573726
3575778
3577665
3578242
3580073
3580689
3582917
3583538
3586525
3587221
3587957
3588103
3588578
3590540
3591224
3593831
3595710
3603090
3605059
3605444
3611408
3611783
3612290
3613704
3621226
3623656
3624366
3624875
3629128
3629397
3631447
3631610
3637368
3644086
3644508
3647410
3648865
3649692
3650482
3650538
3650985
3651974
3657331
3657806
3658923
3659933
3660355
3662180
3664759
3666897
3670505
3670904
3671201
3672252
3673106
3674021
3675109
3676613
3678897
3682335
3684392
3686752
3690478
3690935
3691546
3692534
3692908
3695831
3695854
3695969
3698065
3699320
3699569
3707387
3708561
3709324
3709771
3712217
3712635
3712675
3717096
3719695
3720813
3721363
3725259
3729489
3729972
3730374
3734010
3734877
3738491
3740910
3741028
3742621
3745828
3747272
3751313
3753336
3753438
3756194
3756506
3756541
3756995
3757651
3760048
3761772
3762437
3762710
3763214
3764982
3765680
3766214
3766861
3767206
3768197
3768889
3770791
3772287
3774090
3776882
3778227
3779090
3780611
3780652
3782362
3783195
3790923
3790986
3792544
3793022
3800637
3802469
3803737
3806340
3806559
3806873
3809274
3811072
3814041
3816656
3817089
3820386
3821583
3821940
3822002
3822804
3825466
3825813
3826223
3828172
3828344
3829410
3830087
3830972
3836444
3842230
3847136
3849160
3850017
3850095
3850971
3854317
3855016
3857645
3860736
3861486
3861784
3862351
3862928
3863253
3866701
3866735
3872221
3874132
3878455
3878706
3878756
3880008
3884469
3887115
3890486
3891490
3893910
3896112
3897830
3900341
3901294
3902324
3902504
3904155
3904479
3906699
3909020
3909759
3911667
3914083
3915678
3918048
3918431
3918547
3918665
3919401
3921092
3921365
3924070
3927638
3928816
3931653
3932768
3934093
3935672
3937367
3938769
3944023
3945638
3948527
3948600
3949643
3951692
3952631
3955798
3957627
3963989
3966143
3970948
3971564
3973836
3978341
3979307
3979557
3981402
3988371
3991041
3992279
3993472
3993591
3995626
3995916
3996975
3997574
3997634
3998896
4001051
4002103
4003803
4006224
4007805
4009374
4010453
4011234
4011376
4011400
4011958
4013608
4014885
4015195
4017604
4017924
4021056
4021306
4023101
4028882
4028924
4029549
4029592
4030026
4031892
4034171
4037100
4038339
4042256
4046022
4047465
4047837
4048750
4049723
4049973
4051086
4052822
4052953
4053613
4059522
4061130
4061184
4064142
4065037
4065383
4067441
4067755
4069090
4074477
4076816
4077247
4077858
4080386
4082401
4082408
4083319
4084151
4092466
4092570
4093327
4093795
4094790
4096121
4099730
4100281
4100558
4100679
4100982
4102166
4104489
4109294
4112534
4113548
4114440
4115653
4115747
4118751
4121789
4122797
4122861
4126295
4126390
4126643
4128861
4132900
4133424
4135556
4135576
4137296
4140619
4144995
4146199
4153420
4158205
4159475
4162373
4163812
4169839
4171322
4177327
4177925
4178154
4179412
4179840
4181278
4185049
4187978
4190421
4192092
4200782
4203161
4205073
4208026
4208323
4210135
4211140
4212497
4212857
4212899
4213208
4217063
4219694
4220821
4223644
4225633
4225775
4226882
4227426
4227506
4228718
4229061
4230016
4231012
4234820
4236474
4239080
4241721
4242999
4247107
4248560
4249100
4249620
4249960
4250092
4257389
4258253
4261538
4268227
4269845
4270824
4275266
4275886
4276185
4279566
4282371
4284946
4285114
4285376
4285550
4288653
4288952
4293208
4293878
4296502
4302449
4302615
4307058
4307324
4307780
4308131
4308307
4308434
4310563
4312748
4313835
4314249
4315244
4315271
4315489
4317323
4323839
4324237
4327267
4330979
4332078
4332657
4334883
4335109
4337422
4337658
4344833
4346356
4350408
4351160
4351180
4353875
4356161
4357110
4358745
4360278
4360984
4364284
4364378
4364603
4367397
4369068
4373417
4379127
4379625
4385294
4389195
4392974
4395282
4397779
4399714
4401841
4404238
4404732
4406945
4409994
4410026
4410759
4411874
4417710
4419800
4422342
4425470
4428236
4429139
4430415
4430731
4433802
4434399
4437105
4437906
4439778
4440175
4443677
4448332
4449282
4452794
4456336
4456346
4462613
4465141
4468325
4469511
4471397
4475084
4476597
4477463
4484505
4484547
4489800
4490673
4490733
4491668
4494663
4495380
4500386
4500414
4500526
4506005
4506112
4506333
4508666
4509539
4514540
4514847
4515703
4517589
4517686
4518047
4518808
4522535
4523014
4524615
4524960
4525398
4526487
4527532
4528257
4535784
4537653
4538867
4539053
4542153
4545647
4545733
4546503
4546717
4552346
4553711
4557646
4560523
4562820
4565237
4568631
4570760
4571177
4575106
4576025
4578036
4578652
4578778
4579074
4579221
4582539
4588940
4590058
4590637
4596607
4597889
4599031
4599884
4601127
4601218
4606332
4607024
4611570
4611608
4618287
4619399
4619993
4625335
4625701
4626136
4626929
4627743
4629012
4629333
4631680
4632016
4632633
4634031
4635264
4638319
4640833
4644580
4645331
4646148
4653343
4653514
4654400
4654428
4655411
4660905
4667475
4670845
4671726
4678489
4681045
4685153
4686678
4690727
4692529
4694222
4694382
4694417
4695820
4697265
4698744
4699173
4700056
4702155
4703282
4707747
4708908
4710762
4711636
4713244
4713518
4715662
4715957
4719903
4721654
4722297
4722447
4722449
4722796
4723461
4723545
4724260
4724716
4725241
4725258
4727749
4728461
4728587
4729789
4731094
4731317
4732977
4733552
4735257
4736089
4739405
4740225
4740754
4741676
4747534
4750430
4750473
4753261
4753826
4754654
4755746
4758132
4758591
4760444
4760618
4763089
4766579
4770428
4776240
4778839
4782127
4782687
4790148
4791243
4794606
4794639
4795287
4796232
4796654
4797065
4801282
4804737
4806464
4807118
4807619
4808566
4809565
4810403
4811622
4811747
4812143
4813881
4816432
4817809
4819051
4825363
4827779
4828017
4828154
4829502
4831962
4834056
4835240
4835412
4839053
4842765
4844561
4844687
4853513
4853857
4854652
4855003
4855429
4856589
4858728
4863596
4864346
4866673
4868849
4868881
4869049
4870970
4872347
4872679
4879452
4880998
4881025
4883038
4883339
4885590
4886803
4887016
4887714
4887884
4888171
4890681
4894905
4899164
4899387
4899456
4900147
4900877
4901233
4901268
4902785
4903442
4904464
4905004
4907647
4910480
4911583
4911701
4915860
4916790
4917497
4918013
4922373
4923394
4924225
4924716
4924982
4930359
4934347
4939472
4946494
4948268
4949226
4952909
4955575
4955831
4957816
4968401
4970936
4971593
4978245
4979812
4981005
4981704
4982403
4984348
4985838
4990936
4992120
4998170
5001093
5001458
5002147
5003334
5005558
5006136
5007759
5009202
5012284
5018686
5019731
5022026
5022275
5023369
5024764
5027625
5034766
5035268
5037237
5040609
5041653
5042972
5045987
5047137
5051014
5051214
5051805
5051970
5053441
5053516
5057183
5057888
5059512
5059557
5059874
5061528
5068073
5071974
5072664
5074094
5074470
5075150
5076434
5079511
5079721
5084635
5087398
5087576
5088737
5089635
5089797
5091801
5095988
5098397
5100872
5102016
5106800
5107609
5108711
5110596
5113175
5113618
5116821
5117499
5118616
5120035
5125666
5126182
5127321
5129186
5130036
5134571
5135175
5135287
5140587
5141992
5142725
5143718
5145248
5145377
5147382
5149991
5152344
5152618
5156992
5157317
5158300
5162394
5164697
5165208
5166946
5180694
5182341
5182367
5186928
5190369
5194294
5196056
5196097
5197256
5199993
5206719
5206764
5209172
5211612
5221304
5221420
5222892
5225927
5227255
5230573
5233415
5235225
5235791
5236326
5236415
5236600
5238180
5240052
5240432
5240971
5242917
5243840
5246696
5249244
5253293
5256247
5258268
5259882
5260397
5262136
5262584
5263118
5263969
5264784
5265860
5268077
5268447
5269577
5270046
5270689
5271119
5273725
5273739
5275607
5276590
5276710
5276978
5277075
5278276
5278356
5280182
5280409
5281229
5281539
5283469
5283615
5284057
5284392
5288300
5288331
5289120
5291301
5292334
5296233
5296903
5300908
5300926
5301308
5301844
5302661
5304566
5308209
5312031
5313367
5313454
5318917
5320296
5322017
5323771
5331056
5335446
5336169
5336988
5338353
5338974
5339185
5340301
5343829
5348222
5348788
5348929
5349016
5353443
5353613
5353792
5353811
5355592
5356035
5359741
5361534
5362081
5365237
5366484
5367748
5370910
5371713
5376909
5378847
5381326
5386447
5387740
5387784
5395115
5398493
5404321
5406311
5407814
5408031
5409612
5410196
5412271
5413936
5416365
5418259
5419311
5419398
5422001
5422702
5424835
5429115
5430672
5432678
5432689
5434383
5436356
5438498
5438725
5438810
5440149
5443045
5444444
5454381
5455403
5456121
5457436
5459025
5459162
5459361
5459657
5460298
5461704
5464403
5465670
5465855
5467230
5467748
5469014
5469594
5471373
5471638
5476448
5477953
5477964
5484034
5484534
5489418
5491471
5492123
5492471
5492899
5493309
5494011
5497004
5497858
5503567
5508056
5508122
5518469
5519159
5519371
5526849
5529092
5532025
5532201
5532350
5532386
5534768
5535408
5535488
5538861
5542430
5546140
5547111
5547124
5549534
5550619
5553228
5553440
5562590
5563316
5563774
5563935
5565871
5568073
5570868
5573938
5577252
5578520
5578866
5579291
5579379
5580676
5581135
5584034
5585181
5587108
5587284
5588153
5590136
5595561
5602357
5602370
5604504
5605319
5611490
5613078
5614720
5615983
5618713
5618728
5620860
5621034
5621922
5623074
5625114
5629507
5631546
5631722
5633688
5634955
5635942
5636246
5636623
5640204
5642421
5643877
5645436
5649549
5654254
5656118
5657687
5659843
5661203
5661546
5661974
5663147
5663245
5663634
5663996
5665041
5669435
5671091
5672654
5672962
5677238
5679079
5681513
5682085
5682625
5684323
5687662
5691155
5692357
5692922
5696051
5697479
5700387
5700463
5701722
5702558
5702596
5707922
5711337
5711625
5715201
5715573
5717840
5718190
5720239
5722923
5724059
5726665
5730944
5737901
5740396
5740849
5745316
5746107
5747773
5750493
5753938
5754260
5755828
5758405
5760357
5764011
5764969
5770248
5771633
5771877
5774759
5775525
5778246
5778998
5779067
5780779
5782620
5783804
5784499
5784560
5784573
5784600
5785023
5786785
5787320
5788208
5789130
5789203
5789894
5791433
5792478
5793792
5797032
5799646
5801099
5801430
5804748
5807983
5808578
5808857
5809115
5809556
5810362
5812266
5817261
5817295
5817715
5819416
5821197
5821657
5823914
5825165
5831511
5833198
5834280
5835122
5837072
5837299
5837816
5838659
5841282
5841651
5842392
5843226
5846069
5846930
5853033
5855443
5855914
5857065
5857321
5857583
5862618
5863939
5864789
5865667
5867116
5868423
5868610
5870805
5872033
5873411
5874637
5878699
5881301
5884369
5886685
5886796
5889682
5889972
5890306
5892729
5897916
5898875
5904246
5905330
5905577
5906594
5911348
5912494
5914139
5915094
5915729
5916387
5922434
5923456
5924674
5925691
5929078
5932815
5935106
5935164
5942275
5944798
5950311
5950819
5952784
5954509
5954973
5955951
5960707
5961436
5964896
5966792
5967103
5968134
5969872
5971260
5974124
5978138
5979947
5984217
5984475
5984751
5990578
5997211
5998338
6002119
6005902
6006169
6008858
6013946
6014860
6015149
6015368
6016978
6021468
6028109
6028283
6029690
6029835
6031332
6031419
6035966
6039264
6041948
6047408
6052949
6058112
6058331
6058748
6059729
6066692
6069536
6070392
6073146
6073569
6073972
6075638
6075920
6080627
6082631
6083670
6084715
6084829
6085461
6090873
6092647
6093681
6094576
6098839
6098956
6101672
6102171
6102259
6102455
6103300
6106925
6109133
6115373
6123909
6131453
6135049
6137165
6143027
6143492
6143702
6146902
6147724
6148883
6153689
6154312
6156397
6159462
6162753
6163308
6169576
6170122
6172153
6175736
6176093
6179823
6182746
6186052
6186257
6186519
6187871
6190739
6191737
6193117
6194390
6198890
6199774
6200599
6201815
6202460
6203824
6204011
6205022
6205839
6206586
6207748
6208393
6209128
6211614
6216249
6217972
6225167
6227099
6229032
6229827
6230203
6231719
6234158
6240409
6242167
6242732
6248437
6252715
6254470
6255059
6255622
6258221
6260122
6263888
6264378
6268154
6268532
6268577
6269964
6270954
6275666
6276594
6278151
6282396
6283700
6285253
6288451
6289799
6290410
6291448
6292711
6293157
6293652
6296410
6297503
6298976
6300422
6304355
6304735
6306452
6307463
6309168
6310957
6311195
6312571
6313750
6323122
6324142
6324486
6328628
6331361
6331431
6334590
6335734
6337778
6339108
6340049
6341884
6341991
6343810
6347368
6347437
6349910
6352290
6356205
6356604
6357772
6357965
6361375
6363645
6364205
6367322
6367422
6370157
6372563
6373883
6380498
6383155
6387404
6390093
6396452
6397867
6400313
6401070
6402177
6403921
6404972
6405321
6407152
6410759
6413046
6413116
6413529
6413778
6414885
6415168
6415177
6415711
6416527
6416989
6423736
6426451
6429114
6433894
6436800
6439698
6440353
6442172
6442269
6442589
6443054
6444921
6445391
6445526
6447129
6448910
6452519
6455893
6457031
6457400
6457724
6461045
6461208
6461474
6462393
6462607
6462647
6463496
6464374
6465238
6467810
6469666
6471414
6471869
6472300
6477921
6478550
6483088
6484807
6487741
6491447
6493119
6495584
6499057
6501372
6501868
6502431
6507577
6507910
6509510
6510766
6513605
6520290
6520438
6523295
6526441
6526886
6529631
6533130
6534630
6537277
6537409
6542260
6547204
6550824
6552312
6552702
6558589
6559844
6560147
6569831
6571317
6572433
6572497
6572772
6573160
6574648
6580842
6581029
6581923
6584512
6587082
6589076
6590147
6592964
6600113
6600574
6600879
6601537
6601610
6603542
6603811
6605301
6605562
6607519
6608394
6609416
6612756
6612879
6613990
6616015
6616237
6616332
6618762
6619950
6620037
6629880
6630031
6631130
6633249
6633431
6637119
6640964
6641567
6645015
6645259
6645980
6649172
6650293
6650497
6655628
6657413
6658776
6660739
6661269
6661663
6663005
6663845
6666037
6666600
6667588
6669453
6670197
6670491
6670711
6672284
6673698
6678453
6679675
6687081
6687901
6688519
6689385
6691229
6691926
6692937
6693254
6694480
6694640
6696748
6700168
6700334
6700436
6707559
6710263
6710395
6711595
6712283
6716124
6717120
6717583
6719412
6719724
6720519
6722110
6725611
6726055
6726394
6726956
6727792
6729919
6733230
6740883
6741224
6743085
6745122
6745383
6748501
6753696
6758028
6758814
6766011
6768176
6775620
6778561
6778991
6780536
6781634
6783657
6787638
6788951
6792702
6793466
6794540
6795843
6796097
6796573
6796864
6797151
6800665
6800870
6801444
6801493
6802675
6804766
6807419
6810090
6810456
6811515
6813419
6815409
6817520
6818868
6818999
6820517
6820674
6825133
6825631
6825871
6828066
6828578
6831649
6832515
6832686
6834274
6834758
6840577
6842777
6847891
6848881
6850835
6852104
6853479
6855067
6855114
6855186
6856919
6858017
6860571
6861741
6865954
6870173
6872723
6874087
6874193
6876051
6877587
6878820
6878931
6879643
6881264
6882326
6886517
6886685
6890666
6892150
6892927
6893903
6899512
6899754
6904549
6905702
6907477
6910179
6910682
6912919
6916735
6921913
6922161
6923218
6923342
6926507
6928325
6928562
6930448
6931587
6931653
6935349
6936809
6940113
6940522
6941847
6942110
6942561
6942707
6947972
6948715
6954232
6954501
6956489
6961490
6963913
6964387
6967355
6967790
6968318
6970133
6970731
6971000
6971248
6975114
6980990
6981783
6985194
6988066
6988879
6991980
6995531
6996881
6997713
6998906
7000085
7000380
7001813
7001844
7004641
7009961
7010879
7011852
7012136
7012190
7016003
7016602
7017852
7018345
7022579
7025395
7026903
7028922
7030592
7031520
7032748
7038679
7039231
7041494
7041519
7041572
7042228
7044344
7044994
7046329
7047849
7050309
7051278
7053768
7057077
7057740
7059508
7062398
7065042
7068300
7068324
7070452
7071804
7071980
7076315
7076681
7077005
7077784
7080573
7081787
7082368
7084963
7085119
7087612
7089399
7090883
7100968
7102113
7105151
7105197
7106057
7106263
7107975
7107987
7111853
7111956
7115442
7118219
7121298
7122137
7123119
7125582
7125730
7129025
7131547
7133852
7134317
7135317
7136529
7137310
7140616
7142509
7142870
7145491
7148064
7149937
7151009
7151174
7153687
7155591
7157847
7158435
7160534
7162728
7167241
7168653
7170455
7171275
7173062
7174303
7175537
7176737
7177922
7180086
7180753
7181633
7184523
7186470
7187313
7192063
7192185
7195762
7198095
7200383
7203466
7209151
7211040
7211119
7214131
7217679
7219314
7223266
7230867
7232266
7232647
7234378
7235758
7237545
7238845
7239875
7240907
7241426
7242263
7246112
7249671
7253724
7253837
7254520
7254665
7255956
7258773
7260200
7260372
7260732
7260955
7261954
7265332
7266904
7271879
7272291
7272443
7272947
7273171
7274887
7275051
7287566
7290716
7293946
7297245
7297753
7298716
7301985
7302191
7303141
7306036
7306402
7308415
7310919
7313239
7315093
7316028
7316644
7322639
7328467
7330069
7330535
7330765
7332008
7332804
7336874
7339803
7340102
7340439
7340642
7343331
7345408
7346522
7346719
7350762
7351022
7353400
7355577
7356099
7356335
7359332
7362394
7363442
7366826
7372171
7372644
7374243
7377845
7379351
7380849
7384709
7386294
7386364
7387542
7393090
7393241
7394955
7395013
7397514
7399772
7400281
7402590
7404283
7404477
7411002
7412588
7413054
7415278
7417003
7417066
7419659
7420866
7422928
7424285
7427459
7428610
7430679
7431994
7434213
7435222
7435266
7438470
7444255
7446913
7447539
7447762
7448719
7451828
7460245
7460563
7461258
7461531
7463205
7464853
7469671
7470814
7473113
7474988
7475869
7477632
7478423
7480852
7485540
7485541
7485634
7485937
7486042
7487453
7488280
7488812
7491036
7492485
7493497
7493655
7494167
7495781
7496848
7500808
7502014
7503375
7504222
7504234
7504967
7505173
7506067
7510286
7513996
7518988
7519488
7520896
7521776
7524392
7525174
7544912
7549486
7552706
7553166
7554682
7557636
7557803
7560423
7561248
7561916
7562791
7573222
7576044
7582055
7582808
7582937
7583018
7585749
7586497
7587435
7588027
7588196
7588300
7590168
7593374
7598794
7599474
7600421
7601872
7603762
7604303
7604840
7605102
7607315
7612258
7614681
7619939
7620236
7622719
7622931
7628163
7628547
7628904
7633246
7633472
7633772
7636636
7636879
7638154
7638746
7640713
7644367
7645610
7646077
7647226
7650095
7653238
7653490
7653975
7654872
7655441
7656804
7659489
7661159
7662033
7662294
7662367
7666010
7668641
7669392
7670254
7670270
7675810
7676543
7684012
7684897
7685166
7686836
7687243
7690059
7690913
7692057
7692996
7693209
7697150
7701026
7701234
7701341
7701600
7702089
7702192
7702854
7703842
7705598
7708201
7710299
7710493
7711889
7711917
7712108
7715342
7716077
7717195
7721192
7721199
7725406
7727269
7729047
7729800
7731056
7731322
7734506
7737920
7738406
7742118
7742943
7745894
7747547
7747723
7761079
7761466
7766897
7767853
7771621
7773069
7773445
7774061
7774336
7774827
7776573
7778703
7779020
7779435
7783570
7783719
7790376
7791426
7791772
7794111
7794998
7796558
7797274
7807937
7811034
7812987
7815864
7817117
7819437
7819715
7819982
7822041
7824850
7827986
7828969
7834562
7837865
7844396
7846878
7847095
7848881
7850351
7851997
7853576
7854771
7859582
7861744
7863473
7863808
7867943
7868256
7870947
7875098
7878450
7880430
7881364
7881577
7884599
7888456
7892210
7893182
7896573
7897173
7898383
7900052
7900290
7901487
7903563
7905266
7906858
7907757
7909631
7912236
7914882
7916400
7916992
7918215
7919847
7926065
7926491
7928692
7929913
7932227
7933719
7934608
7936300
7938788
7939679
7940723
7941355
7943865
7944282
7944737
7945532
7948852
7949164
7949299
7950947
7953351
7954590
7955481
7955823
7956246
7958088
7965471
7971994
7972945
7974085
7974713
7974970
7977216
7985675
7988411
7990806
7991616
7994779
7997658
7999039
8005044
8007452
8007733
8008196
8014693
8016949
8017132
8021336
8022142
8022263
8022583
8030503
8031711
8032019
8035617
8035891
8037473
8039065
8045878
8046176
8049339
8051482
8051497
8054306
8054860
8058145
8058407
8058423
8060287
8062479
8062689
8062720
8064237
8069183
8071679
8072481
8072765
8080079
8080120
8082825
8083381
8083827
8083885
8090314
8091566
8093718
8097333
8097701
8099804
8104373
8104988
8105251
8105623
8107341
8107367
8108246
8110477
8112532
8112584
8113576
8114312
8116241
8116869
8116976
8119396
8121333
8123666
8124795
8127074
8127868
8128080
8128650
8130714
8133204
8133670
8135648
8136388
8136503
8137025
8144190
8145777
8146878
8147994
8148660
8150484
8152182
8154217
8159630
8161023
8162030
8163159
8164979
8165286
8165944
8170199
8170762
8172411
8181450
8181581
8181914
8186043
8193570
8194921
8195376
8196108
8196733
8198600
8198816
8199051
8204361
8205153
8205360
8211058
8214689
8218888
8219186
8219991
8220044
8223363
8223607
8226534
8227615
8229236
8229545
8229717
8233453
8235575
8238376
8239716
8239901
8241262
8248393
8250195
8257020
8257172
8258948
8259260
8260794
8261105
8264589
8265651
8267835
8271210
8271300
8272948
8273952
8278310
8279103
8279329
8279551
8283053
8285846
8286486
8288660
8292250
8294309
8294361
8294566
8297176
8297516
8297552
8297952
8299784
8300187
8300663
8301018
8302307
8304168
8306069
8308708
8309900
8311264
8311631
8312055
8313366
8316400
8318240
8325379
8330510
8333799
8333860
8335004
8336076
8341629
8342066
8344671
8347472
8348012
8351790
8352128
8352228
8354547
8357463
8357573
8357968
8359955
8362745
8364421
8364791
8366416
8369041
8372961
8373491
8373936
8377611
8378287
8378709
8384691
8385223
8385804
8389787
8399442
8400172
8400522
8405937
8408154
8412400
8415182
8417037
8420252
8422017
8423078
8424296
8425703
8426498
8427195
8431569
8434714
8438998
8440610
8440946
8441242
8445953
8446019
8447484
8448167
8452341
8453329
8454572
8454680
8456471
8460494
8461146
8461191
8461732
8464134
8464625
8468448
8470223
8471278
8471964
8472116
8472757
8474846
8478875
8481328
8481716
8482627
8483002
8485531
8486249
8487356
8487522
8488004
8489803
8490153
8492265
8494045
8494406
8497938
8501263
8501788
8504817
8506171
8507609
8510683
8511614
8511914
8512677
8514014
8515201
8521555
8527494
8529340
8530485
8530895
8531215
8531217
8531372
8534933
8540827
8542849
8543081
8543651
8546663
8548346
8549217
8550615
8552435
8555345
8555883
8556400
8557344
8558091
8560158
8562182
8562378
8564647
8567700
8568220
8568839
8568868
8569672
8570969
8570993
8573768
8573814
8576597
8576863
8577738
8583479
8584847
8586628
8587890
8590064
8593510
8594256
8594283
8595807
8597213
8602721
8603633
8611120
8612140
8612495
8615397
8617011
8617566
8618211
8618755
8619346
8623922
8624375
8626638
8630999
8636087
8639397
8641085
8645153
8646241
8646619
8647211
8647646
8647766
8648500
8649442
8652086
8656761
8657857
8661220
8661899
8662013
8664669
8666096
8667349
8668531
8672829
8674800
8676382
8681003
8685188
8685854
8690646
8692100
8692695
8693959
8694353
8695481
8699277
8702571
8704344
8705194
8706276
8714129
8720895
8721965
8723722
8724925
8725068
8725603
8727334
8727851
8727861
8728808
8730415
8731662
8733496
8734378
8736109
8739380
8743806
8744867
8749021
8750731
8751248
8751621
8756163
8756235
8757177
8758773
8765115
8769995
8771648
8771670
8773815
8778121
8779577
8784688
8789025
8791570
8792611
8793144
8794006
8795060
8796278
8799461
8802215
8803305
8806156
8809097
8809564
8813098
8819642
8820257
8820508
8820957
8823469
8826058
8826330
8834010
8835206
8838430
8839864
8843508
8846922
8851067
8857128
8857298
8859018
8860040
8865243
8865487
8867828
8868201
8870726
8872955
8874360
8874399
8875190
8876862
8878324
8881007
8883919
8884555
8884812
8885867
8889262
8889354
8892000
8896537
8899292
8902769
8903338
8905522
8906643
8907035
8910062
8910797
8911049
8911785
8914358
8917324
8917348
8919028
8920680
8921867
8923990
8925005
8926263
8927630
8928378
8928826
8929882
8930445
8931094
8932735
8932825
8934823
8937960
8940642
8940762
8940849
8942133
8946509
8949654
8953087
8954172
8954960
8959088
8961739
8962809
8963815
8964282
8965648
8967059
8967101
8969893
8971553
8972230
8972476
8972709
8973447
8973582
8976939
8977514
8978714
8978808
8979650
8980404
8980468
8987980
8988128
8989157
8993633
8996851
8999937
9002267
9006660
9008965
9009494
9013594
9016419
9016789
9024205
9024897
9030417
9033301
9034470
9036074
9037003
9040208
9044248
9046486
9047081
9047911
9048219
9052400
9054410
9054665
9057276
9064299
9066751
9068484
9069912
9070922
9071765
9075355
9076694
9080285
9082140
9085286
9085524
9094869
9095603
9100865
9101199
9103065
9104391
9104656
9107195
9108236
9109802
9111108
9115630
9122726
9123563
9123726
9123997
9124217
9124974
9126270
9126503
9127145
9128097
9128516
9128872
9132058
9136995
9139218
9143716
9144264
9147946
9153497
9155259
9156298
9157494
9161497
9162297
9163804
9166908
9168242
9171475
9171989
9178295
9179169
9180981
9181855
9182451
9182660
9182860
9184077
9186379
9187347
9190582
9191981
9192331
9196094
9200451
9201720
9204700
9204762
9206972
9208942
9209429
9210391
9210652
9212153
9212395
9212409
9216914
9217932
9221654
9222006
9222746
9225863
9226401
9230203
9230864
9233500
9234595
9235469
9237326
9239031
9240757
9241046
9247253
9250539
9252032
9253373
9256016
9256738
9260492
9262011
9262999
9264604
9267475
9269115
9274778
9275642
9281966
9282248
9282400
9284308
9284763
9285579
9292529
9293292
9294098
9294718
9295931
9296241
9297715
9298750
9299644
9300659
9301886
9304256
9304391
9305241
9306683
9309360
9315739
9316876
9317716
9321068
9321335
9324765
9326071
9327220
9330675
9331566
9331624
9331858
9338464
9338615
9341595
9342209
9342862
9345460
9345589
9347349
9352464
9353325
9353701
9354102
9354998
9356034
9356692
9359823
9362334
9365204
9365359
9368199
9368997
9377992
9378044
9378356
9379163
9381027
9382854
9384528
9385887
9387184
9387547
9390509
9392742
9393498
9394925
9396317
9400595
9403712
9404813
9405051
9406314
9407352
9407978
9410659
9411183
9414013
9416094
9416380
9419293
9419450
9419533
9420016
9420090
9421184
9426024
9426062
9426162
9426205
9427251
9427638
9428252
9428674
9430414
9430727
9430936
9435170
9435669
9439580
9440708
9441358
9442615
9443313
9443353
9444152
9444528
9444852
9446099
9454241
9454639
9455585
9457005
9457915
9459641
9460632
9461927
9464991
9466258
9467319
9469316
9469597
9470543
9472263
9476797
9477809
9481883
9485348
9486784
9487539
9488113
9490102
9490382
9491119
9493575
9493805
9494994
9496497
9497756
9499367
9500530
9500986
9502949
9503806
9508542
9509284
9509312
9509430
9509444
9510620
9511737
9516139
9518254
9519749
9521750
9521933
9522675
9524031
9524137
9525933
9528514
9529411
9530582
9531867
9532166
9533528
9534926
9535652
9536086
9537833
9539889
9541126
9543949
9544256
9544408
9545625
9548287
9550327
9551436
9552887
9554463
9560020
9560786
9562074
9562776
9563552
9564151
9565911
9569220
9570468
9570657
9575157
9575692
9575789
9577374
9578403
9579513
9584584
9587090
9587097
9588032
9589182
9594944
9595713
9599239
9599309
9602112
9602467
9604282
9605404
9607258
9609781
9610548
9611089
9611567
9612187
9617781
9620124
9624650
9624858
9628732
9628874
9630777
9633048
9634896
9635541
9636507
9636559
9637739
9638700
9642982
9651858
9652525
9653373
9653839
9654278
9655602
9656417
9656972
9659258
9661524
9662538
9663372
9666426
9668317
9670747
9672380
9672530
9674173
9675039
9675096
9676364
9679676
9681213
9681960
9682422
9685788
9687766
9689092
9691657
9692230
9692286
9695609
9696274
9698169
9699004
9699664
9700970
9703075
9705436
9715596
9715782
9717265
9719288
9719610
9726166
9726257
9733056
9734368
9734446
9734764
9735271
9737835
9740796
9741557
9746237
9753507
9754609
9755935
9757914
9758426
9758758
9759492
9759724
9761795
9763567
9763609
9764818
9765453
9767961
9768128
9769373
9769596
9778034
9782116
9782740
9788508
9789311
9789811
9793539
9794467
9794869
9795488
9796540
9799179
9799358
9799399
9799644
9803749
9804528
9807769
9815919
9820865
9822415
9822616
9826251
9829233
9830480
9833661
9834772
9837950
9841210
9845596
9848392
9849051
9852188
9852236
9852671
9857056
9858666
9858844
9859166
9864328
9864696
9865669
9867463
9868362
9871789
9871841
9874521
9874841
9880792
9884985
9892443
9893061
9893978
9895259
9895587
9897767
9898299
9901297
9901395
9902095
9902427
9903282
9908086
9909549
9909636
9913130
9915312
9918268
9918633
9920193
9920213
9921650
9921910
9922477
9923286
9923944
9924951
9926113
9926378
9926821
9928670
9932114
9933749
9935247
9936307
9937480
9939314
9939394
9943232
9946162
9946280
9946336
9946882
9949391
9950765
9955892
9957397
9961602
9964643
9965068
9965655
9966099
9966156
9968042
9968084
9970895
9971216
9972377
9973104
9973307
9973571
9974139
9975842
9979788
9980213
9983544
9984745
9985415
9986972
9987673
9988294
9989441
9989905
9991376
9992590
9993336
9995055
9995761
9996899
9998903
10009691
10013679
10014401
10016439
10017313
10019330
10020165
10021226
10022424
10023374
10024720
10024943
10026748
10028877
10029250
10031592
10032578
10034079
10034913
10036402
10038499
10039234
10039866
10041078
10043004
10044753
10045695
10046205
10048622
10054506
10055560
10056599
10057262
10058255
10058339
10058487
10058846
10060224
10062554
10071202
10071435
10076869
10077941
10077959
10081193
10081344
10085799
10087202
10090138
10092029
10092345
10094637
10095283
10095655
10096734
10096847
10098207
10100004
10102297
10104655
10104934
10107819
10108938
10109765
10110324
10122592
10122897
10126161
10126904
10126987
10127015
10127805
10128692
10128711
10129971
10132510
10132674
10133166
10134255
10135304
10135474
10138340
10138494
10140354
10141097
10147501
10148923
10149425
10149876
10151882
10153314
10159258
10160270
10161521
10163595
10164702
10165646
10169101
10170018
10170133
10176858
10177348
10177660
10177917
10178239
10180028
10182362
10185901
10187196
10187448
10188821
10189094
10192147
10192824
10194111
10198491
10199118
10199702
10199983
10200442
10201399
10202282
10205651
10205733
10206392
10210177
10210611
10213999
10218537
10221395
10224268
10226046
10226047
10226457
10228056
10228603
10229274
10230478
10230491
10231776
10233472
10238035
10244498
10246387
10246758
10246928
10247423
10250288
10253275
10255287
10255495
10257904
10259952
10260207
10261684
10262068
10263169
10264193
10265428
10266321
10266677
10268343
10268943
10270832
10271665
10272411
10273216
10274120
10277103
10277426
10278838
10280149
10281933
10285310
10286163
10288593
10291562
10294796
10295452
10295616
10296779
10298368
10299358
10300531
10300730
10300825
10301518
10302566
10303049
10305449
10309218
10309868
10314892
10315376
10315554
10315815
10316259
10320894
10322670
10323232
10329065
10332445
10332880
10333437
10338851
10341219
10343107
10346442
10346764
10347177
10353299
10353449
10353817
10355414
10357461
10357534
10357649
10360509
10362645
10363467
10367397
10372711
10374917
10375405
10378053
10380884
10382932
10383114
10383231
10388674
10390136
10391300
10393933
10394715
10395282
10395482
10395829
10396132
10396408
10397824
10397878
10398529
10398919
10400705
10402810
10408061
10408712
10409867
10410630
10412406
10412665
10415311
10415963
10417667
10419501
10426329
10427155
10427439
10429347
10437059
10438952
10441438
10442035
10442723
10442749
10444509
10444736
10447311
10447997
10453307
10453993
10456298
10458992
10459675
10460219
10461855
10467003
10468793
10470617
10473791
10474388
10474953
10476443
10478262
10482181
10482331
10484272
10486868
10486986
10488074
10489600
10495698
10496719
10498283
10498610
10501327
10503181
10503871
10507126
10510422
10512719
10517629
10518265
10519368
10519508
10520491
10523831
10525084
10525213
10526043
10527406
10527904
10533955
10535002
10536596
10537105
10537471
10537995
10538186
10539766
10541476
10545118
10545792
10548201
10553976
10556250
10556272
10562043
10562458
10565448
10567220
10568382
10571652
10573876
10576645
10581229
10581872
10584376
10588166
10589759
10591908
10592282
10594824
10596308
10598101
10598979
10599261
10604526
10606137
10608342
10609033
10610758
10612318
10612684
10616236
10616373
10622139
10624779
10626278
10637463
10638346
10639692
10641977
10641995
10642240
10642545
10642883
10646757
10647707
10651778
10654859
10654942
10656050
10659927
10660668
10666399
10678189
10679551
10683900
10684845
10686295
10687514
10689185
10690175
10692691
10693973
10695609
10696138
10697402
10701950
10702367
10703004
10705788
10706294
10707970
10708129
10709795
10711819
10713503
10715340
10716180
10716534
10719509
10721562
10726361
10729764
10732831
10733972
10734041
10736018
10738090
10741325
10742084
10742428
10742644
10743737
10745092
10747107
10747415
10748874
10750162
10751681
10755023
10755094
10758080
10761761
10762744
10763336
10764393
10764457
10766968
10770577
10771467
10775343
10781068
10782165
10782324
10784216
10785103
10785453
10787690
10788300
10788483
10788930
10791094
10794124
10797549
10799076
10799152
10800121
10801128
10801587
10802684
10806273
10811038
10811478
10812523
10812683
10813591
10815289
10818501
10823996
10824978
10826820
10828084
10829757
10830133
10835595
10835966
10838057
10838654
10838856
10838981
10845571
10850627
10852060
10855805
10862591
10864062
10864112
10866598
10871432
10872204
10873389
10874186
10874643
10886214
10888238
10888856
10891798
10893832
10899095
10900990
10901502
10903027
10903213
10904193
10904241
10904539
10907840
10916784
10919506
10920461
10921273
10921932
10922900
10924919
10925491
10926162
10928346
10929854
10930169
10930473
10933078
10934054
10934154
10937420
10937744
10938290
10940995
10943260
10953742
10954873
10959551
10959577
10964018
10968339
10970869
10971495
10972562
10974659
10975335
10976691
10978587
10978718
10978895
10982872
10982985
10983376
10984265
10984893
10992083
10992757
10994533
10994652
10995834
11011182
11012407
11014988
11017127
11018875
11019430
11021191
11024380
11024418
11026962
11029517
11036570
11036792
11037129
11037761
11039345
11041458
11043204
11047599
11047857
11048121
11048152
11050055
11052321
11052713
11053781
11055633
11056471
11057648
11058778
11059338
11060607
11060667
11061236
11061967
11062489
11064867
11066632
11070159
11070161
11070955
11074038
11075224
11076096
11076298
11076637
11076959
11078257
11079292
11080094
11081142
11084893
11087590
11088491
11090268
11092884
11096899
11098051
11099817
11100164
11105542
11105776
11107099
11107719
11108420
11108891
11110539
11111083
11115418
11117442
11118633
11118811
11122582
11123893
11128545
11128836
11131407
11132089
11136289
11137354
11138515
11140298
11140712
11142340
11151214
11151856
11151976
11152481
11153318
11155000
11155314
11157526
11158327
11159872
11165697
11168205
11170093
11170623
11173004
11173291
11174499
11175411
11175708
11179830
11183171
11186836
11190025
11191466
11192896
11194986
11197071
11197138
11198116
11198845
11199622
11200541
11201552
11206081
11206258
11206264
11207570
11208514
11210978
11213069
11213363
11213428
11215595
11216519
11217427
11218026
11227223
11232083
11233169
11233371
11234030
11236787
11237190
11238554
11245486
11247976
11255470
11255503
11259419
11261007
11264544
11265806
11266895
11268101
11278936
11279593
11280309
11282407
11292412
11293598
11294491
11295329
11296738
11298830
11299291
11299341
11304452
11309519
11312784
11317518
11318666
11318831
11319738
11323174
11323238
11326554
11328849
11328917
11329157
11331619
11332393
11336968
11338712
11339267
11341153
11342309
11346092
11348578
11349052
11350134
11355792
11356636
11356805
11360827
11364525
11364700
11367098
11369569
11370001
11370121
11370921
11374408
11377445
11377678
11379080
11379841
11381844
11387155
11387961
11390067
11391131
11391277
11398637
11400087
11407184
11409799
11415536
11416669
11418325
11418365
11421608
11425651
11426060
11426510
11427878
11428272
11433624
11435945
11438755
11439448
11440182
11443904
11446938
11447123
11450295
11451074
11452208
11452815
11453267
11458151
11459546
11462272
11463052
11463591
11468225
11469622
11469746
11470972
11473838
11482012
11486231
11492361
11494483
11494677
11495443
11496235
11498509
11499221
11499546
11499852
11503044
11503550
11503721
11504699
11508654
11511733
11523171
11524325
11525743
11527335
11528818
11530095
11532067
11534099
11534809
11539809
11546725
11546861
11550805
11551077
11551795
11552109
11556067
11560689
11561091
11562932
11567791
11567802
11567965
11569322
11569367
11574870
11575698
11576463
11579377
11581143
11583555
11586539
11586799
11586872
11590277
11602177
11603976
11606014
11606676
11607122
11610641
11610992
11611934
11613174
11615090
11616451
11616639
11617862
11619159
11620315
11620665
11620728
11621525
11622971
11623961
11639262
11640390
11640781
11641279
11644738
11649000
11650861
11654678
11655585
11656549
11657292
11657432
11658176
11658195
11659304
11662905
11663596
11664576
11665581
11670655
11672926
11674965
11675360
11682619
11686290
11687972
11691860
11692656
11693013
11693898
11694027
11695918
11696086
11696492
11701007
11703613
11708620
11708860
11710436
11711100
11713523
11718455
11718637
11719887
11721728
11723934
11723935
11729679
11735298
11735795
11737414
11739574
11743505
11743546
11745919
11746485
11748924
11751286
11753745
11756064
11759998
11760389
11766151
11775352
11776018
11777413
11778325
11780653
11782042
11782065
11783543
11786243
11787750
11789719
11790664
11793041
11793683
11800761
11803752
11804231
11809212
11811909
11812751
11812758
11813606
11814487
11818528
11820576
11829182
11829308
11829334
11829811
11833705
11834770
11836750
11836842
11837758
11842795
11849465
11851443
11852640
11854425
11862796
11864680
11866559
11866861
11868703
11868795
11870957
11872527
11874948
11876994
11879406
11879594
11886839
11888917
11890162
11891724
11893357
11895080
11895682
11896887
11897831
11903419
11909715
11909980
11910133
11911089
11911172
11914683
11915090
11916415
11917845
11918846
11920818
11920906
11924009
11930250
11930329
11930396
11930476
11934113
11934615
11935343
11937438
11938561
11943561
11943712
11946624
11948076
11948114
11952584
11953311
11954379
11959217
11960008
11960294
11960780
11961798
11966935
11971151
11972163
11974800
11975108
11975800
11976577
11977568
11978659
11979915
11982523
11983460
11991549
11995162
11998337
12003829
12004261
12005523
12007317
12008294
12011752
12018373
12021363
12021581
12029654
12030477
12033105
12034738
12038727
12044375
12047756
12048813
12052131
12054642
12055705
12057776
12057886
12060172
12061569
12064748
12065247
12065822
12071899
12072696
12079737
12081305
12082754
12083173
12086376
12088130
12090238
12090951
12091019
12092290
12092738
12093023
12095343
12095869
12096026
12096050
12097998
12101853
12105267
12106417
12106583
12107131
12109269
12113615
12115052
12118002
12118560
12119757
12120421
12123402
12128155
12128855
12128939
12129674
12133996
12135003
12137413
12137710
12138788
12140615
12142978
12144186
12146084
12146682
12147173
12148578
12149337
12150316
12150382
12151778
12156670
12158558
12160672
12160841
12161134
12161929
12169467
12170377
12175552
12175673
12176788
12177461
12178089
12181214
12184348
12194521
12194639
12194985
12196152
12197266
12198111
12200784
12204740
12205582
12206120
12206407
12206992
12213122
12213605
12215889
12218590
12219852
12222426
12229850
12234199
12236301
12236482
12237984
12239082
12239172
12240128
12242218
12244204
12245178
12245585
12245777
12247174
12248813
12249428
12250085
12250623
12251193
12252837
12255014
12256245
12256307
12258250
12258703
12263899
12264169
12265671
12269112
12269195
12269558
12269756
12270545
12271862
12272338
12273278
12276658
12286344
12291054
12293795
12293923
12295310
12297168
12299035
12299809
12302959
12307106
12310122
12311200
12311623
12312590
12315849
12317254
12317441
12318117
12318726
12319492
12320006
12320524
12321575
12322926
12326212
12328818
12330013
12331403
12332544
12333866
12336076
12342558
12344434
12344768
12344997
12347095
12350112
12350720
12351792
12354292
12356955
12358780
12359829
12360338
12370002
12370081
12370726
12371172
12371562
12371796
12373240
12376111
12377830
12378147
12379178
12383239
12383405
12383483
12389616
12389672
12391874
12393786
12394844
12395052
12398799
12400864
12401206
12406491
12407912
12408413
12413753
12413826
12417658
12417988
12420500
12427284
12427411
12430048
12433015
12433040
12433945
12435240
12436830
12437734
12441363
12441706
12442210
12442377
12442437
12446709
12446939
12446995
12448303
12449228
12452678
12455100
12457321
12459599
12462015
12463765
12464798
12465252
12466567
12467111
12469475
12470946
12473413
12474090
12474443
12480903
12482540
12485926
12486009
12488777
12488938
12489991
12490223
12492879
12497233
12499442
12501138
12503727
12512244
12514196
12515035
12515598
12516894
12517486
12517735
12519437
12519938
12520021
12520094
12520189
12523390
12527132
12527754
12532645
12533081
12537781
12538894
12542622
12544539
12545301
12547458
12550389
12550720
12550875
12555729
12556142
12556252
12556486
12556620
12557105
12557395
12559014
12559024
12564031
12564096
12564183
12566752
12570040
12572846
12575622
12577389
12579363
12582868
12583590
12583956
12589996
12590159
12591521
12593087
12595535
12596312
12596569
12596706
12597504
12598210
12599179
12599483
12602681
12602683
12607274
12614285
12614952
12616224
12616252
12616320
12617437
12619967
12620459
12621793
12622808
12622993
12623469
12624068
12625901
12629175
12630403
12632200
12632357
12632454
12632525
12637775
12637973
12638293
12639813
12640049
12646237
12649353
12649688
12649753
12653703
12654613
12655165
12655849
12656035
12668245
12670733
12670765
12671366
12675187
12675994
12677135
12680120
12683211
12689068
12696162
12697155
12698778
12701319
12701917
12702613
12711261
12711340
12711728
12712766
12713598
12713960
12715045
12718540
12720647
12721960
12722192
12722707
12723911
12727884
12728458
12733865
12735285
12738809
12740150
12741589
12743569
12746231
12746513
12748189
12750102
12750644
12751796
12754029
12764073
12764290
12771398
12772826
12786969
12792109
12792939
12793730
12793758
12794771
12796229
12796419
12796653
12796941
12798138
12798952
12800195
12802657
12804771
12804772
12805162
12810773
12811285
12813034
12814001
12816051
12819364
12821778
12823509
12832169
12834093
12836043
12837053
12837926
12838194
12838309
12840530
12841303
12842646
12842973
12843300
12845568
12846455
12850707
12851660
12853235
12853918
12854588
12856518
12857282
12859769
12862958
12863780
12865607
12869191
12869598
12872393
12873292
12873899
12876820
12879340
12880500
12881391
12884805
12889448
12892900
12893097
12893835
12894335
12897491
12897625
12898848
12900087
12900626
12901179
12914266
12925907
12929816
12929939
12931472
12932609
12935421
12937683
12939363
12941017
12942311
12944710
12950325
12951422
12954253
12954440
12954642
12955895
12957111
12957461
12960004
12961328
12963867
12967110
12969419
12972765
12974000
12974801
12977035
12977749
12979175
12987173
12989746
12993740
12994095
12999306
12999697
13000179
13002875
13003018
13003844
13005245
13007363
13008251
13008784
13009149
13010142
13010382
13011072
13013615
13013688
13015013
13018466
13019882
13020023
13021272
13026690
13027704
13027795
13029289
13030649
13030912
13033367
13033424
13033693
13037622
13039139
13043421
13044048
13044627
13047704
13048021
13049311
13053902
13059203
13059548
13060371
13063437
13064838
13065490
13066317
13066423
13067856
13069364
13071999
13072182
13072932
13074312
13078301
13080338
13080362
13082731
13083076
13085233
13086473
13087858
13092763
13092971
13095241
13097975
13098938
13098959
13099649
13105225
13105836
13107982
13108538
13109132
13109145
13109628
13115414
13116313
13123228
13125306
13127149
13128215
13128634
13131662
13132756
13135573
13139548
13140845
13141390
13141610
13142635
13148077
13149863
13150590
13150677
13153441
13153621
13158408
13159732
13160915
13161112
13161823
13162436
13166072
13168397
13169040
13174019
13175448
13179521
13181276
13189990
13194044
13195781
13196961
13200918
13200950
13202806
13203567
13206643
13209190
13210582
13212180
13213845
13214352
13214715
13215352
13216491
13218426
13221038
13225399
13226555
13231234
13231830
13233855
13234528
13239384
13239496
13242153
13242958
13245467
13247163
13248116
13250735
13251891
13253230
13255006
13255653
13256120
13256151
13257684
13258346
13261149
13261985
13263367
13265572
13266877
13271386
13273495
13274652
13275800
13277713
13279159
13282266
13283443
13289410
13289684
13292613
13294584
13295317
13297660
13298181
13299641
13300048
13300352
13303943
13305419
13306112
13307093
13309027
13309192
13313984
13315339
13323110
13324120
13324446
13324878
13325728
13327329
13327858
13328570
13329063
13329570
13330703
13333365
13334931
13335293
13336005
13336701
13336850
13337229
13339343
13339470
13341022
13345420
13345492
13349136
13349824
13350207
13352999
13353399
13355812
13356047
13357055
13357121
13357715
13368513
13368622
13376891
13377521
13379070
13380454
13381021
13381889
13381950
13382690
13382778
13384660
13385181
13386909
13387033
13388731
13389023
13389162
13393280
13396408
13396484
13399943
13404049
13404503
13404566
13407575
13408119
13408311
13410278
13412596
13413033
13414306
13415610
13419802
13419831
13425584
13430276
13431322
13431600
13431681
13433230
13434133
13436675
13436879
13438135
13438905
13440333
13440442
13442653
13446990
13448407
13451240
13451409
13451572
13453940
13455383
13456873
13458413
13465662
13468474
13475449
13479364
13481243
13481434
13487748
13490528
13495061
13496754
13497575
13500005
13500348
13501462
13502519
13503985
13506312
13508704
13508946
13512131
13521644
13522633
13523676
13524139
13526838
13527757
13528014
13528398
13529387
13534188
13534326
13535130
13535384
13536254
13537823
13538900
13539275
13539960
13543351
13546081
13546965
13550046
13554369
13556880
13557903
13559373
13561003
13561243
13562246
13562654
13565303
13567759
13574162
13578085
13579600
13581853
13585113
13585445
13587953
13588348
13588394
13588925
13589789
13591163
13592908
13595184
13595708
13596820
13598421
13598843
13602884
13606075
13607653
13608913
13611967
13612882
13615336
13615874
13619605
13619855
13621124
13623351
13623633
13625384
13625908
13628231
13635237
13638248
13639182
13639727
13640055
13640724
13640892
13645240
13645272
13649319
13649727
13649775
13650978
13652253
13659097
13659397
13660663
13666654
13667869
13669347
13670886
13675592
13678253
13679713
13681582
13682002
13682032
13686161
13687156
13692415
13693556
13699090
13699105
13700044
13701117
13706948
13707504
13709736
13710561
13710638
13710866
13713452
13714025
13714572
13714880
13722270
13722535
13722700
13722872
13725100
13726128
13726656
13731443
13732378
13734886
13736364
13739103
13739385
13739741
13741369
13741410
13743883
13744323
13745939
13747549
13752586
13758222
13760031
13760289
13760849
13761263
13761667
13764489
13764937
13765854
13769975
13775278
13776994
13777106
13782454
13783352
13783394
13784188
13785774
13786138
13787440
13790941
13792860
13796393
13798400
13799532
13800366
13802968
13803889
13804642
13806673
13807554
13807906
13809654
13810319
13811545
13812150
13813858
13814659
13817424
13819384
13823302
13824230
13824433
13825801
13827852
13829278
13830549
13831042
13831199
13833751
13834175
13842047
13844287
13850580
13852450
13853821
13855656
13855803
13855827
13856599
13863069
13863251
13865299
13865669
13865717
13867599
13871333
13874022
13877526
13878252
13879749
13880069
13887369
13888162
13888268
13891947
13892567
13893880
13894025
13897651
13899041
13899607
13900969
13905304
13906387
13907924
13909021
13909165
13910239
13917010
13918772
13920561
13922007
13922676
13923985
13924235
13925210
13933036
13933176
13934789
13934959
13935940
13937299
13937794
13939388
13940090
13940789
13944875
13945548
13945839
13947053
13948061
13952587
13954790
13955068
13958960
13961985
13962945
13965645
13966405
13967376
13968038
13968960
13970036
13972330
13974771
13976665
13977778
13979351
13982176
13982468
13983168
13987019
13989933
13990871
13990901
13991101
13991907
13992482
13993669
13994606
14001730
14002033
14003118
14003463
14004302
14004534
14005225
14005720
14006054
14007208
14009229
14010783
14012033
14016667
14020720
14024257
14026789
14027256
14030548
14035975
14036175
14037589
14037816
14039022
14040506
14043225
14043280
14043977
14044164
14044435
14045100
14053164
14053421
14054050
14061063
14061296
14061980
14065427
14065784
14069804
14073323
14075573
14076165
14076958
14077823
14078995
14080191
14080295
14082737
14084293
14085410
14088442
14088467
14088693
14089178
14089662
14093341
14097234
14098505
14099942
14100334
14102943
14109959
14110347
14110950
14112293
14116569
14118406
14118797
14118907
14123728
14124416
14126291
14130403
14130784
14132808
14137327
14138468
14138765
14139054
14139411
14139563
14143433
14143599
14145369
14145693
14149724
14151251
14157371
14158665
14159042
14159991
14160266
14163669
14164330
14174462
14176041
14176371
14183292
14183319
14184080
14184853
14186726
14187056
14189205
14189254
14189917
14191571
14191978
14193359
14195558
14195788
14198610
14201598
14202788
14204454
14206315
14206766
14208108
14210449
14214896
14215254
14216117
14216178
14216406
14221042
14221540
14222506
14223333
14223700
14224736
14229006
14230665
14231381
14234711
14236647
14237410
14246728
14250035
14251377
14254139
14254263
14257894
14258688
14262792
14264643
14266605
14267626
14269298
14270177
14270640
14277027
14277576
14278934
14278937
14279176
14280171
14282349
14282614
14284008
14287966
14287997
14290912
14291434
14291836
14293192
14293499
14298136
14299189
14300028
14300038
14301287
14302583
14303943
14306465
14307600
14316289
14318752
14318767
14319874
14321249
14321356
14322454
14323043
14323598
14325546
14326160
14326563
14326714
14330337
14330450
14331346
14332722
14332842
14334950
14336082
14340048
14340196
14340546
14342476
14342581
14342720
14343101
14345926
14347936
14350216
14353049
14353652
14353658
14353681
14355967
14364057
14364759
14365293
14365754
14366113
14366362
14367016
14368659
14372002
14372959
14374133
14374499
14375982
14378519
14379408
14380112
14380481
14380555
14380849
14381637
14385202
14392368
14392455
14393426
14397768
14399082
14399411
14399517
14399907
14407980
14408056
14408471
14410851
14410906
14411191
14414046
14416535
14416587
14418107
14422352
14422677
14424942
14428231
14429561
14431671
14433424
14436821
14438985
14441022
14441734
14444797
14447218
14448685
14449252
14449399
14449978
14451664
14452740
14453022
14453163
14453682
14454628
14455114
14455940
14458822
14462677
14462937
14465672
14465835
14470204
14470360
14472428
14474099
14474166
14475875
14476780
14482994
14485207
14485736
14486112
14491096
14492229
14494733
14495180
14495370
14495907
14496781
14499382
14499807
14500414
14501790
14502077
14503857
14506984
14507786
14508875
14510216
14510522
14512468
14515061
14515635
14517836
14519423
14519605
14520211
14521536
14523179
14523997
14525525
14525722
14526386
14526595
14530683
14531339
14531649
14533506
14536772
14539263
14539264
14540633
14541821
14541886
14542541
14544005
14545178
14546235
14546935
14549407
14550435
14558146
14563545
14563709
14564067
14564628
14572088
14572606
14572659
14573889
14573966
14577356
14579536
14580248
14583284
14587466
14589588
14589767
14591384
14592037
14593980
14596615
14597626
14598620
14603630
14609828
14610780
14611047
14611298
14615728
14618812
14618958
14628525
14630565
14630867
14631274
14634935
14635539
14635579
14637208
14638975
14640720
14641263
14644819
14645178
14647915
14648725
14650044
14651226
14651355
14651457
14654227
14654861
14659921
14661351
14661387
14662360
14663174
14663408
14664824
14665922
14667215
14667912
14667916
14668747
14670336
14672051
14672077
14672796
14673654
14675956
14676439
14677959
14678887
14679226
14679952
14688920
14691694
14692066
14695912
14695929
14699003
14704265
14705437
14706708
14708426
14711297
14713910
14717243
14717607
14720256
14721112
14721162
14721675
14723751
14724388
14724477
14727561
14729745
14731345
14732500
14734595
14737815
14739148
14739576
14741516
14742098
14745752
14746040
14746814
14747103
14747624
14750050
14753049
14753933
14754003
14757649
14760204
14762529
14762546
14766653
14772644
14772896
14773046
14773481
14775428
14779601
14780948
14781445
14786490
14787635
14787772
14791888
14793683
14795062
14797283
14804123
14811042
14813317
14816458
14818156
14819297
14819730
14821707
14822024
14822802
14826363
14827268
14828571
14830574
14830930
14832541
14833866
14834820
14837071
14839397
14842298
14842755
14847638
14849292
14850487
14852129
14852450
14852593
14853600
14854004
14858080
14858375
14858873
14865252
14867155
14868971
14870575
14872603
14876287
14876538
14878747
14882657
14884992
14885708
14885857
14886901
14886919
14887479
14888349
14890623
14892132
14895257
14897329
14898742
14899598
14902095
14902254
14902498
14902733
14906438
14906860
14908694
14910580
14912721
14918175
14918336
14918629
14926424
14928044
14928200
14928487
14929091
14929119
14930201
14932025
14932373
14934756
14939156
14941912
14945383
14950849
14952904
14953393
14954007
14954668
14955871
14956403
14958542
14960334
14961323
14962013
14962703
14962815
14965042
14967218
14969028
14971275
14971687
14978396
14979313
14980829
14982408
14982753
14989391
14990792
14991161
14996073
15002031
15003825
15006800
15021654
15021747
15021958
15023462
15025423
15025981
15028882
15028910
15029466
15030968
15032228
15033639
15034184
15035138
15035164
15038771
15042519
15044969
15048115
15051539
15051748
15051756
15052339
15053314
15055732
15057507
15058923
15060656
15061950
15062924
15066473
15069383
15070233
15070613
15071745
15074325
15076059
15078603
15078629
15080377
15082051
15089284
15091547
15092451
15093900
15094391
15096442
15097062
15097096
15100079
15105081
15113407
15113411
15114651
15115358
15116514
15117548
15120932
15124843
15125518
15126210
15127476
15127674
15128343
15130367
15130450
15132007
15135461
15135926
15136449
15138399
15138765
15141062
15153212
15154257
15154514
15156303
15157391
15161699
15162323
15166792
15168963
15169236
15169284
15169715
15170585
15174865
15177067
15177146
15179452
15181139
15186452
15187136
15191700
15198088
15198107
15198142
15199334
15199539
15204659
15206720
15207857
15208633
15211432
15212313
15212725
15214248
15215520
15222818
15223479
15224170
15231791
15233328
15233345
15234188
15235031
15238348
15238579
15239320
15239916
15241911
15244088
15245042
15245760
15246141
15248330
15251586
15251981
15252270
15254427
15254826
15257553
15259457
15261144
15261931
15262564
15262628
15264109
15269168
15270665
15271022
15271501
15273219
15274006
15274026
15275574
15276132
15277493
15278044
15278802
15284294
15284477
15286501
15287843
15288195
15290529
15296822
15296965
15299408
15301100
15309230
15311425
15314647
15315411
15318319
15318586
15318678
15322250
15328185
15335863
15339552
15340707
15341349
15341732
15342717
15348089
15349774
15353228
15354393
15357154
15357816
15358572
15359078
15361529
15362781
15365705
15368861
15371789
15373984
15374211
15375479
15377545
15378661
15379961
15380230
15381118
15381626
15382937
15387083
15388641
15388882
15389656
15391999
15395200
15398801
15398951
15402022
15404717
15405138
15405714
15409513
15409548
15410363
15411614
15411705
15413806
15414577
15415175
15420131
15420891
15422233
15422762
15426364
15433648
15434703
15436321
15436896
15437363
15438498
15440266
15442050
15444391
15446342
15447012
15447170
15448253
15451889
15453927
15456233
15457348
15462085
15462100
15463204
15463668
15469026
15473445
15474668
15475184
15475253
15480367
15483122
15483550
15486963
15491570
15492952
15495113
15495545
15495819
15500644
15501327
15501526
15501778
15501796
15502618
15503310
15505101
15505844
15506583
15506767
15507377
15507527
15507732
15514205
15519184
15520046
15520070
15525848
15526345
15527686
15528992
15530680
15531017
15531956
15535237
15535943
15537649
15538750
15540612
15544770
15546738
15547373
15547953
15551982
15553370
15554254
15555854
15556132
15557872
15563157
15565364
15565560
15568118
15572849
15576432
15577301
15582043
15583728
15584074
15584233
15584976
15585677
15586457
15587063
15589820
15591994
15592905
15595054
15598958
15600090
15601224
15602154
15605302
15610454
15612148
15616357
15617931
15618477
15618488
15619994
15620606
15623267
15624038
15625101
15630418
15630905
15631102
15632365
15633296
15633693
15634917
15636665
15638001
15638967
15639047
15640947
15645080
15645691
15647375
15647685
15649075
15649285
15650818
15650917
15651394
15652414
15653340
15653633
15654922
15654972
15655340
15655407
15657503
15658069
15658089
15658472
15660676
15661546
15662867
15663304
15664313
15670395
15672875
15673961
15675371
15677338
15678277
15678543
15681329
15681775
15682160
15683248
15687062
15688312
15690416
15690697
15691752
15692032
15692618
15692921
15692975
15694460
15694723
15700081
15702205
15702859
15705593
15707045
15708729
15710138
15711225
15715016
15720578
15722905
15723487
15726428
15732250
15733394
15733652
15736260
15737720
15738558
15739915
15742743
15742935
15747878
15751291
15751630
15752889
15753689
15754941
15755972
15757050
15757935
15768680
15769912
15772159
15786256
15791585
15794569
15795781
15796267
15796571
15797166
15797418
15806300
15806679
15810395
15811555
15811700
15811883
15813238
15816393
15819108
15823627
15823956
15824411
15825598
15826607
15828505
15833207
15833956
15834467
15835814
15837626
15837676
15837922
15848153
15850003
15850139
15850880
15851466
15854447
15854745
15855518
15855964
15857975
15860176
15861762
15867483
15869206
15869363
15873239
15873729
15875311
15877232
15878397
15885489
15885624
15892539
15892722
15892883
15892988
15893198
15893307
15894621
15894923
15895466
15907807
15918176
15918286
15920894
15923541
15929199
15930029
15931013
15933542
15934259
15934517
15935098
15937524
15938264
15939473
15945486
15945989
15946487
15946595
15946808
15948749
15950882
15955920
15958435
15958945
15960578
15963264
15963502
15964014
15964022
15964275
15965629
15966807
15969015
15970617
15975935
15976181
15977687
15978737
15980984
15984867
15987566
15988646
15992408
15995305
15997067
15997952
15998973
16000240
16000825
16003179
16005505
16005861
16006610
16008243
16008460
16011378
16011830
16014307
16015417
16018499
16018765
16019355
16020889
16025361
16026391
16028141
16028418
16030733
16033388
16036032
16037665
16037941
16039474
16039786
16040295
16040398
16044308
16045493
16046427
16047718
16049263
16050128
16057073
16058410
16064112
16065004
16069287
16070204
16071689
16071736
16072424
16073066
16077432
16079111
16089863
16090320
16094808
16095773
16097729
16098214
16100265
16100561
16101810
16103145
16104642
16107093
16109538
16109812
16109902
16116178
16116770
16117265
16127309
16128437
16130857
16131375
16131972
16134162
16137268
16137962
16139347
16142557
16143611
16145320
16146031
16151846
16151900
16153176
16159444
16159867
16160883
16162222
16163070
16165177
16165456
16165720
16169714
16169932
16171751
16171943
16173084
16174234
16176177
16176283
16178284
16180469
16186650
16188722
16189128
16192967
16193531
16196795
16200926
16205610
16209923
16213537
16214288
16217647
16219465
16219588
16222382
16223081
16223250
16224504
16225482
16226119
16229667
16232730
16235538
16237420
16239321
16240125
16241233
16241251
16241807
16241987
16245507
16249200
16250096
16256269
16257895
16267441
16269207
16272057
16276138
16277884
16280963
16285636
16286149
16287746
16291756
16292141
16292761
16294514
16294747
16298884
16300553
16301439
16303537
16304258
16307295
16308730
16310147
16310325
16310903
16313475
16316276
16318288
16319453
16323158
16331652
16333341
16335058
16335083
16336461
16339216
16340376
16343132
16345051
16356325
16356753
16362431
16362773
16363507
16365772
16366499
16372498
16373686
16375231
16375765
16376092
16377081
16378112
16379037
16380748
16383579
16384456
16385766
16388962
16392081
16393997
16396410
16396627
16402388
16402664
16403135
16404989
16406065
16411612
16422303
16425100
16425261
16426299
16426550
16428394
16429049
16431405
16433099
16433162
16434452
16434863
16438351
16439609
16439792
16439887
16440639
16440864
16442785
16443375
16445020
16446449
16449294
16452532
16452837
16454025
16456836
16457782
16458595
16459786
16459966
16462505
16463644
16467133
16468947
16469084
16471561
16472055
16476495
16477420
16477533
16479955
16480847
16482895
16483241
16484806
16485628
16485860
16488782
16489136
16497468
16503562
16503911
16504175
16504449
16506468
16507086
16508548
16509996
16510252
16510292
16510676
16512091
16513995
16514647
16514676
16515115
16515269
16522838
16530682
16532914
16537365
16537402
16538081
16538460
16541332
16541588
16542025
16542049
16543215
16544361
16551554
16552746
16553312
16555408
16556062
16557857
16560634
16561458
16561646
16562168
16567306
16567820
16569182
16570198
16572062
16572403
16573155
16573279
16573721
16574353
16577465
16578256
16580656
16580819
16581390
16585441
16587125
16587983
16588029
16594716
16596190
16599429
16600301
16601197
16601205
16602517
16603183
16605233
16605714
16606634
16606860
16610571
16611033
16611746
16611940
16623628
16624305
16624748
16626661
16627991
16628072
16629136
16632053
16635593
16636305
16637948
16640680
16641865
16643051
16644215
16644667
16647132
16650473
16656167
16658610
16662588
16663795
16667572
16668203
16672331
16673583
16674106
16674148
16674811
16678162
16679055
16682059
16684033
16684791
16685181
16685448
16689783
16694488
16696494
16698369
16707068
16708801
16711052
16714616
16714912
16717643
16722771
16726057
16727360
16728574
16728680
16732522
16732676
16735339
16735718
16736177
16736739
16737681
16743090
16743626
16744270
16744911
16747003
16748825
16749542
16751966
16752381
16753594
16754551
16756357
16757154
16757373
16758577
16760825
16761685
16765288
16766630
16766796
16769185
16770184
16771366
16771883
16772136
16772216
16773678
16776968
16777561
16783895
16786826
16791762
16791870
16797535
16798229
16801364
16805371
16807014
16807362
16809615
16812423
16813148
16816816
16818707
16819185
16826322
16826540
16826846
16831402
16833704
16836388
16838808
16839072
16839227
16843200
16844108
16844837
16848552
16862286
16862352
16865757
16866326
16866489
16872503
16873415
16873596
16885684
16889345
16891344
16892931
16894533
16895903
16896596
16896708
16896971
16897960
16898713
16899341
16900096
16903906
16904477
16905369
16905825
16906346
16906843
16912777
16914198
16916727
16916800
16917185
16917883
16920755
16921523
16923349
16924723
16928398
16929811
16931776
16934103
16934649
16941648
16942933
16943862
16945554
16950365
16951723
16952816
16954301
16954304
16962369
16963023
16963536
16964974
16967290
16968362
16969312
16978188
16985279
16985563
16985968
16986009
16987852
16994339
16996682
16996854
17000931
17002519
17006560
17006648
17008548
17009694
17013526
17015138
17017068
17017909
17018735
17021407
17022165
17024752
17028005
17030564
17031351
17032527
17037605
17038113
17038567
17046437
17051012
17051955
17053458
17053763
17053907
17057232
17059145
17059737
17061899
17062183
17063268
17064025
17068355
17069070
17070971
17074011
17074591
17076146
17077432
17079955
17081426
17081961
17086706
17088592
17089198
17089535
17091691
17095309
17098684
17100116
17103227
17104073
17104498
17106983
17107611
17108797
17109007
17109633
17113432
17116854
17118883
17120321
17121900
17121966
17127088
17128208
17134639
17134991
17136026
17139778
17140113
17141027
17142421
17143871
17144342
17147300
17151369
17151570
17152365
17152773
17153431
17157345
17158839
17159429
17162854
17164976
17165191
17166005
17167869
17167943
17172974
17176437
17177191
17182045
17185472
17186430
17191370
17192392
17193650
17194265
17197961
17198000
17199526
17200686
17201438
17203796
17204564
17204618
17206726
17210122
17212564
17214006
17214079
17216109
17218288
17218442
17218986
17220599
17221001
17221336
17221809
17231573
17231873
17235413
17235518
17236188
17236438
17237853
17239208
17245115
17245961
17247290
17247353
17248921
17250500
17255618
17256397
17263534
17264621
17268869
17269706
17269904
17271617
17271885
17273348
17274976
17275108
17275462
17280018
17281254
17284038
17289026
17296848
17299709
17302427
17305392
17307675
17309598
17310299
17310784
17314430
17314798
17318283
17319516
17322596
17328223
17328300
17330881
17332363
17332869
17333156
17334876
17336052
17336324
17339859
17341484
17344797
17346662
17348444
17348591
17348658
17350103
17350385
17353499
17356664
17358819
17361377
17364060
17364263
17364862
17366189
17368861
17373579
17376424
17376911
17383301
17383337
17383370
17383652
17383722
17385783
17385906
17387749
17390587
17392417
17394143
17397886
17398908
17416160
17416431
17417116
17417374
17423719
17425674
17426899
17428156
17430438
17431458
17431489
17434672
17441707
17446067
17453747
17455300
17461817
17464998
17472523
17472594
17476209
17476722
17477772
17481406
17482339
17482390
17485502
17487762
17489921
17490028
17490435
17493715
17497742
17498184
17499062
17500299
17503692
17509155
17509387
17513872
17514046
17514862
17517459
17518167
17523364
17530496
17535977
17539724
17540643
17543123
17554085
17559840
17561137
17562453
17563794
17569672
17569983
17571998
17572635
17574479
17579020
17583519
17583771
17583953
17584508
17589986
17599341
17614233
17617641
17618610
17621389
17622922
17624340
17625658
17628636
17628969
17628998
17630065
17632119
17633210
17635000
17635235
17635953
17639405
17639722
17639790
17640456
17642584
17643543
17644092
17644104
17644816
17644873
17648706
17651669
17652006
17657092
17666013
17666713
17667424
17668324
17669414
17669505
17669796
17671665
17671681
17672647
17674500
17674811
17678055
17678246
17678495
17694832
17695333
17697131
17698691
17699035
17700404
17701059
17701384
17702223
17704136
17707464
17710330
17711190
17713241
17714153
17714406
17715456
17715569
17717807
17718082
17725494
17726728
17726821
17726961
17727088
17728323
17731684
17732239
17732559
17733532
17733559
17734207
17739013
17744256
17754649
17756476
17757084
17757751
17764224
17764306
17764358
17765525
17765923
17766534
17769025
17774459
17775789
17775976
17776558
17779500
17779685
17782121
17783767
17784721
17785040
17785517
17790377
17791622
17792576
17794232
17795525
17801462
17803098
17805154
17805357
17805527
17807426
17809607
17812847
17816033
17817206
17818224
17821132
17827690
17829724
17833274
17834094
17834740
17834876
17835202
17836831
17837486
17837910
17838978
17840810
17842592
17844977
17851139
17851786
17855300
17859287
17859298
17859425
17864229
17864938
17865330
17867287
17875125
17876441
17877359
17877893
17879901
17884455
17885104
17888437
17889673
17894113
17895092
17897693
17899667
17901059
17902916
17903118
17903340
17904126
17904301
17907250
17912226
17912313
17913257
17913918
17914142
17918301
17919194
17921888
17922163
17923777
17924019
17927184
17928571
17934030
17936005
17937532
17941424
17948219
17949014
17949691
17950357
17955747
17956227
17958134
17958178
17958698
17962997
17963521
17963616
17964959
17968181
17968334
17969075
17969887
17974376
17976515
17978543
17979209
17981661
17982277
17982783
17986945
17994489
17997570
17998459
18002991
18004643
18009502
18010422
18012150
18012293
18012721
18013027
18015148
18018675
18020060
18023575
18025651
18032152
18033319
18033501
18033838
18037267
18039080
18039639
18041365
18041627
18041828
18042736
18043353
18047485
18049096
18049895
18049988
18050629
18050913
18054651
18055553
18058403
18058818
18063349
18063926
18064030
18066956
18067322
18068889
18069660
18069913
18078407
18079408
18080149
18080336
18080628
18081823
18083991
18085190
18085323
18088868
18089359
18089986
18089987
18090573
18091374
18095603
18098448
18101877
18102683
18102837
18111364
18116069
18121168
18124145
18126188
18126552
18130539
18135804
18138616
18141041
18143445
18145480
18148753
18155812
18156321
18159650
18160201
18160723
18162038
18162341
18169033
18172093
18172318
18175884
18177525
18177660
18182160
18187203
18187357
18187755
18188054
18188240
18189176
18189997
18191179
18192084
18192495
18199161
18206685
18208386
18211498
18216837
18219040
18220658
18221319
18223883
18227348
18227722
18228464
18230118
18231187
18231743
18231983
18237113
18250088
18250217
18251600
18255645
18257094
18257359
18257679
18258140
18258930
18259137
18259272
18259835
18262038
18266408
18267223
18267862
18269254
18270755
18271704
18274912
18277926
18282742
18282840
18284241
18286010
18286117
18286590
18288029
18288557
18290354
18294056
18295507
18298869
18300616
18303587
18307002
18308374
18309764
18310253
18311149
18312441
18313930
18315478
18316624
18316715
18318027
18320154
18320429
18320786
18322153
18323081
18325580
18327467
18328979
18332573
18332741
18332844
18335397
18339054
18342086
18343686
18344082
18344778
18345636
18346028
18348073
18356173
18356428
18357680
18357851
18361095
18361395
18364318
18369339
18371625
18375929
18376641
18378691
18378948
18380214
18382108
18383108
18383608
18384256
18385017
18385569
18386118
18387407
18391607
18391609
18395496
18395752
18397589
18398845
18401758
18407747
18409897
18412712
18414712
18423098
18425088
18427253
18427952
18428168
18428430
18432520
18433014
18436514
18437414
18438881
18440250
18440834
18442143
18442555
18443148
18444462
18450034
18453022
18455450
18461040
18461134
18462230
18462841
18465606
18465761
18465876
18465884
18467319
18468856
18472256
18472662
18473960
18476666
18478669
18479803
18483533
18484956
18489608
18489803
18494379
18494826
18495115
18497023
18500999
18502650
18506567
18509464
18510332
18510403
18514813
18515768
18521151
18521868
18522556
18522776
18523541
18528188
18533184
18533494
18534306
18534488
18535319
18535963
18537263
18538117
18539463
18542068
18544363
18544540
18546581
18546871
18548812
18549966
18550322
18551192
18551267
18554455
18554536
18554944
18556628
18557255
18557648
18558430
18558826
18558858
18559195
18560129
18560959
18564879
18565510
18566233
18566402
18567858
18567874
18569885
18571123
18575258
18577471
18580058
18580101
18581625
18582389
18582692
18584971
