30706
30968
32863
35936
38936
208761
218222
250213
250292
250419
250451
250522
250772
250826
251716
252038
252161
252227
252450
252970
253002
253216
253251
253259
253806
253968
254075
254372
254927
255528
255575
255843
256313
256436
256847
257064
257243
257514
257607
257806
258031
258369
258963
259102
259169
259882
260269
260325
260806
260944
261033
261203
261222
261293
261324
261371
261462
261491
261571
261773
262288
262360
262703
262739
263181
299435
305150
319189
329921
330011
330091
331114
331665
331754
332483
332871
333691
334348
334955
335822
336109
336444
337285
339218
339537
339833
340226
340668
340755
340759
341000
341076
355135
355565
355588
355624
355867
355972
356386
356677
356796
356911
357539
358193
358273
358391
358453
358595
358709
358931
359191
359498
359609
360527
360556
360931
361012
361082
361223
361248
361753
361843
362268
362387
362871
363511
363513
364032
364226
364265
364594
364786
364827
364986
365253
365924
366658
366837
367133
367217
367317
367474
368309
368542
369446
369493
369616
370249
370280
370401
370625
370954
371708
433482
434917
436607
437899
444073
446813
501109
501238
501389
501768
501953
502403
502428
502515
502543
502606
502642
503096
503175
503408
503529
503848
503917
504049
504084
504104
504792
505136
505171
505539
505570
506178
506286
506336
506808
507029
507248
507432
507453
507647
507755
508893
508929
509572
509607
509848
509856
510405
510502
510581
510637
510780
510808
510848
511706
511834
511886
512149
512257
512264
512334
512442
512512
513008
513371
548513
616142
626781
627068
627978
629349
630023
630079
630549
630732
631283
631820
631879
632755
633156
633157
634750
635034
635274
636838
637076
637387
637964
638427
831822
832062
832081
832331
832365
833032
833528
833650
833747
833830
834045
834234
834371
834455
834634
834667
835967
836173
836646
836809
837072
837690
837996
838248
839365
839478
839697
839765
839992
840012
840221
840571
840927
841122
841261
841499
841539
841643
841799
842551
842958
843513
843540
843691
843877
844420
845158
845658
845818
846007
846610
847195
847844
848019
898210
898792
898946
898959
898991
899046
899098
899225
899540
900122
900122
900328
901647
901921
902066
902221
902433
902520
903196
904212
904412
904565
905122
905438
905645
906424
906489
906726
907004
907038
907057
907473
907476
907754
909075
909368
909696
910059
911157
911276
911727
912359
912362
912529
912564
912709
1044168
1044731
1046082
1047441
1049776
1054015
1057178
1057884
1194711
1194769
1196390
1197056
1198872
1200128
1204210
1205337
1205365
1205506
1207185
1207720
1209594
1236262
1344984
1534370
1643537
1668707
1669013
1669164
1669307
1669873
1670049
1670952
1671012
1671519
1672056
1673034
1673311
1673486
1673506
1674417
1675352
1677057
1677672
1677724
1677931
1678252
1678539
1679318
1679521
1679815
1680047
1680701
1680905
1681110
1681614
1681762
1681822
1682043
1683477
1683924
1684617
1684768
1684847
1687115
1687203
1687471
1746035
1751656
1755968
1756568
1757626
1757725
1760214
1761245
1761286
1762262
1763219
1765038
1765620
1883663
1885356
1893890
1905878
1910619
1921415
1924225
1928468
2078190
2084664
2088196
2088243
2120045
2127546
2128793
2129614
2133596
2134547
2134628
2203208
2208919
2212292
2285790
2287093
2289550
2290276
2291277
2291409
2291569
2292004
2292270
2292572
2292655
2293736
2294078
2294361
2294388
2299726
2299942
2301932
2301995
2302335
2319533
2364241
2364607
2364732
2364789
2364879
2365380
2365457
2366506
2367213
2367600
2368494
2369167
2369384
2369825
2369841
2369878
2369981
2370034
2370190
2370412
2370772
2370814
2370833
2371035
2371258
2371463
2371625
2371655
2372038
2372137
2372561
2373283
2373906
2374097
2374440
2374754
2374946
2375645
2375934
2376458
2377177
2377222
2377317
2377861
2378436
2378580
2378617
2378657
2378864
2379001
2379048
2379547
2379719
2379746
2379988
2380430
2380839
2380924
2380988
2381091
2381102
2381123
2381165
2381495
2382282
2382399
2382428
2383083
2383437
2384443
2384630
2384798
2385415
2385821
2385846
2386035
2386891
2387633
2387638
2388139
2388242
2388337
2388567
2388591
2389268
2389566
2389802
2390310
2390521
2390999
2391375
2391870
2392199
2392412
2392434
2392450
2392675
2392849
2394461
2394733
2395035
2395152
2396223
2396959
2397342
2398276
2398509
2398748
2399248
2399583
2399753
2400118
2400192
2400736
2400902
2401658
2402008
2402059
2402106
2402479
2402647
2403151
2403348
2403672
2404084
2404186
2404335
2404370
2404500
2404544
2404723
2404987
2405984
2406780
2406821
2407126
2475112
2476115
2477628
2477636
2479015
2479091
2479108
2479475
2479611
2479667
2479695
2480575
2480838
2482448
2482527
2483428
2483528
2483669
2483757
2483840
2483842
2484273
2484385
2485385
2485739
2485866
2486204
2486291
2486783
2486945
2487450
2488371
2489175
2489285
2489361
2489499
2489588
2489697
2489725
2489970
2490012
2490203
2490411
2490472
2490833
2491629
2492156
2492608
2492869
2525719
2543419
2544288
2611248
2612463
2612512
2613701
2615496
2615568
2615622
2616403
2616899
2616994
2617259
2619043
2619426
2619839
2620030
2620883
2621799
2622435
2623313
2623374
2632149
2632683
2686514
2818237
2830636
2837862
2838765
2839388
2840562
2841985
2842649
2843088
2843629
2844012
2844214
2844633
2845156
2845981
2846547
2846717
2846885
2846925
2847237
2847245
2847379
2847770
2848596
2848675
2849262
2850146
2851210
2852503
2852817
2867996
2870255
2870426
2870973
2871596
2872165
2872635
2872735
2874165
2874318
2874595
2874769
2876571
2877530
2878597
2980313
2980793
2984939
2984980
2990285
2990931
3008169
3017721
3024614
3039623
3040154
3041006
3041185
3041900
3042936
3044095
3045026
3047775
3048342
3066122
3072787
3073237
3074627
3075558
3111064
3111094
3111621
3111786
3111823
3114013
3114394
3114631
3114780
3114857
3115640
3116366
3117411
3117441
3118163
3118456
3118820
3119162
3119175
3119379
3119589
3119852
3120073
3121252
3122304
3122335
3122974
3123092
3123214
3123344
3123869
3123970
3124786
3124977
3125213
3125377
3125854
3125936
3127079
3127581
3127685
3128047
3156229
3208220
3229735
3229910
3230336
3230683
3231763
3231769
3232090
3232859
3233069
3233137
3233320
3233834
3233871
3234070
3234158
3234375
3234403
3234449
3234742
3235047
3235076
3235238
3235272
3235332
3235364
3235478
3235611
3235818
3237202
3237225
3237568
3238041
3238058
3238377
3238512
3238686
3239176
3239655
3239659
3239967
3239990
3240169
3240275
3241156
3241411
3242006
3242146
3242801
3243546
3243603
3243748
3243803
3243843
3243861
3244378
3244382
3244441
3244445
3244610
3244841
3245003
3245426
3245474
3246877
3247264
3247463
3248203
3249301
3249336
3249572
3249647
3250949
3251051
3251294
3251379
3251927
3253145
3253254
3253300
3253623
3254133
3255163
3255317
3255478
3256905
3257219
3257450
3257595
3285347
3286880
3286968
3287811
3288001
3288263
3288722
3288772
3289034
3289554
3290769
3291281
3291946
3292431
3292457
3292557
3292794
3293439
3294112
3294450
3294642
3296086
3296087
3296250
3296525
3296799
3296954
3297327
3297818
3297901
3298846
3300025
3300942
3300951
3301050
3302661
3302811
3303384
3303758
3304050
3304540
3304776
3305069
3305459
3305710
3306414
3306819
3306979
3307327
3307888
3308413
3308523
3308748
3309217
3309321
3309794
3309858
3310140
3334443
3342616
3430097
3430191
3430291
3430328
3430459
3430496
3430545
3430777
3431270
3431705
3431817
3432414
3432807
3433091
3434219
3434963
3435518
3435607
3435961
3436592
3436680
3436851
3436909
3437259
3437333
3437444
3437451
3437814
3438363
3438590
3438658
3438712
3440379
3440732
3441164
3442317
3442859
3443577
3445215
3449308
3449565
3450637
3451696
3457693
3459892
3460062
3460101
3460880
3461088
3461275
3461483
3461495
3461553
3461936
3462140
3462155
3462368
3462736
3462882
3463019
3463188
3463322
3463841
3464175
3464650
3464865
3465175
3465183
3465199
3465204
3465226
3465558
3465571
3465656
3465837
3465886
3466338
3466614
3467111
3467202
3467206
3467421
3467716
3469485
3469534
3470152
3470400
3470893
3471270
3471872
3472158
3472611
3473697
3474993
3475191
3476502
3476948
3477851
3479511
3479533
3480922
3480965
3481917
3482870
3484709
3486151
3486485
3487977
3488109
3489202
3489618
3490332
3493751
3495290
3538575
3538630
3538662
3539156
3539308
3539407
3539435
3539565
3540217
3540595
3541044
3541406
3541583
3541990
3542077
3542188
3542695
3543552
3543610
3544126
3544218
3544264
3544896
3544954
3545470
3545586
3545668
3545872
3546029
3546031
3546172
3546506
3546675
3546915
3547732
3547767
3547936
3547988
3548355
3550242
3550273
3550936
3551470
3569453
3569542
3586677
3589414
3589595
3590008
3590517
3591473
3591958
3593631
3593698
3598916
3601989
3602106
3603021
3604220
3605209
3605489
3605767
3605774
3606331
3606675
3606788
3607063
3607163
3607212
3607449
3608178
3609304
3609394
3609558
3609889
3610123
3610585
3610753
3611028
3611060
3611335
3611510
3611807
3612153
3612568
3613107
3613372
3613540
3614171
3614295
3614301
3614802
3616152
3616152
3616578
3616642
3616851
3617486
3617965
3617978
3618004
3618215
3618444
3618508
3618941
3619046
3619139
3619194
3619580
3619953
3620691
3620976
3621058
3621064
3621399
3621740
3622650
3622876
3624104
3624783
3624843
3625081
3626067
3626155
3626837
3626990
3627822
3628391
3628919
3629159
3629244
3629399
3630510
3630696
3630874
3630955
3630998
3631075
3631376
3631383
3631508
3632289
3632735
3633096
3633446
3633552
3633707
3634059
3634936
3635028
3636126
3636148
3636688
3636729
3637259
3637260
3637432
3637597
3637795
3638074
3638490
3638840
3639013
3639039
3639309
3639968
3640294
3640322
3640720
3640835
3640991
3641129
3641576
3641626
3641640
3641759
3641995
3642056
3642229
3642677
3642736
3642737
3643217
3643327
3643596
3643772
3643818
3645349
3645717
3651443
3654863
3691753
3691799
3692261
3692863
3692981
3693077
3693119
3693161
3693292
3693354
3693589
3693692
3693712
3693935
3694050
3694322
3694618
3694702
3694799
3694883
3695109
3695247
3695374
3695642
3695870
3696217
3696491
3697118
3697416
3697622
3697647
3697791
3698197
3699558
3700120
3700158
3700325
3700644
3700680
3700838
3701451
3701574
3702305
3702588
3702685
3702801
3702994
3703127
3704416
3704584
3705344
3705958
3706236
3706470
3706502
3707065
3707187
3707198
3707266
3707303
3707408
3707540
3707586
3707690
3707732
3707959
3722942
3723674
3724227
3724646
3724659
3724979
3725747
3727109
3727129
3727617
3727622
3728484
3730006
3730265
3730425
3730807
3731011
3731030
3731312
3731366
3732944
3733059
3733112
3733629
3733641
3733996
3734153
3734176
3734941
3735139
3735669
3735680
3735921
3736270
3736300
3736371
3736806
3737004
3737062
3737456
3738289
3738545
3800223
3800461
3800467
3801008
3801559
3801661
3802092
3802474
3802486
3802727
3803395
3803970
3804189
3804345
3804398
3805049
3805179
3806405
3806810
3807190
3808196
3808792
3808821
3809597
3810064
3810181
3811091
3811610
3811629
3811656
3811834
3812190
3812322
3826307
3826521
3828966
3829008
3830187
3830732
3830788
3832011
3835522
3839413
3839802
3841062
3841815
3841854
3842115
3842352
3842664
3843127
3843578
3843831
3843984
3844073
3844258
3844610
3844787
3844829
3845054
3845116
3845539
3845978
3846217
3846359
3846364
3846724
3847250
3847403
3847755
3848006
3848635
3848653
3848717
3849214
3849324
3849386
3849623
3849730
3849752
3849760
3849782
3849956
3850251
3850775
3850822
3851183
3851196
3851368
3851519
3851844
3852391
3852480
3852967
3853350
3853424
3853425
3853590
3853625
3853705
3854161
3854484
3854563
3854830
3855166
3855221
3855416
3855910
3855994
3856139
3870478
3870990
3871797
3871843
3872520
3872831
3872831
3872851
3873973
3874170
3874878
3875234
3875292
3875485
3875766
3877581
3877626
3877850
3878222
3878604
3878685
3878774
3878956
3878996
3880703
3881710
3882548
3882716
3882795
3882882
3882903
3883521
3883659
3884005
3885562
3885695
3885903
3886154
3886200
3886536
3886650
3886860
3887017
3887472
3888386
3888620
3889009
3889461
3889983
3890289
3890486
3893718
3896094
3899542
3914596
3914941
3915597
3916623
3918954
3919798
3919890
3920109
3920279
3921690
3922202
3922291
3922835
3924567
3924726
3925979
3926324
3926911
3927253
3927905
3928253
3928489
3929422
3929462
3960639
3961171
3961252
3961263
3961374
3961521
3962187
3962419
3962611
3962626
3963090
3963845
3964098
3964185
3964284
3964379
3964771
3964976
3965093
3965425
3965435
3965496
3965709
3966129
3966198
3966363
3966476
3966717
3966911
3966971
3967445
3967915
3968038
3968145
3968330
3968552
3968619
3968887
3969240
3969302
3969511
3969693
3970324
3970609
3971313
3971768
3971927
3971971
3972120
3972879
3974378
3974408
3974489
3974648
3974710
3975131
3986318
3986486
3986502
3986601
3986933
3988514
3988571
3989270
3989771
3992353
3992813
3994371
3994481
3994610
3996018
3996429
3997162
3998873
3999611
4000020
4000152
4000514
4000850
4001897
4002117
4002399
4002821
4002980
4003314
4003825
4004029
4004059
4004746
4005403
4005785
4007099
4007129
4007326
4007671
4008032
4008307
4008350
4008438
4010103
4010521
4010963
4011859
4012193
4012569
4013237
4013879
4064382
4066143
4066160
4066257
4066415
4066756
4066777
4067006
4067019
4067264
4067550
4067559
4067697
4067891
4067918
4067970
4068118
4068447
4069759
4069963
4070002
4070425
4070497
4070597
4070836
4071375
4071970
4072520
4072598
4072991
4073199
4073838
4074061
4075106
4075679
4075975
4076196
4076359
4076418
4076705
4076937
4077280
4077670
4077821
4078088
4093031
4093262
4093278
4093713
4094349
4095009
4095010
4095179
4095477
4095755
4096519
4096910
4096956
4097510
4098031
4098032
4098179
4098371
4098465
4098538
4099233
4099536
4099561
4099799
4100210
4101581
4101920
4102577
4102723
4103327
4103762
4104358
4104630
4105484
4106084
4106218
4106484
4107046
4107381
4107452
4107526
4107564
4107658
4108550
4108802
4108828
4108976
4109089
4109120
4109379
4109935
4110016
4110045
4110517
4110539
4110807
4110938
4110985
4111931
4111949
4111980
4112085
4112465
4112781
4112890
4113014
4113036
4113247
4114010
4114160
4114267
4114626
4114782
4115238
4115289
4115368
4115441
4115528
4115659
4115917
4115929
4116085
4116118
4116134
4116610
4116818
4117177
4117212
4117397
4117475
4117584
4117634
4117706
4117803
4118073
4118209
4119057
4120045
4120462
4120727
4120888
4121039
4121285
4121331
4121469
4121622
4121712
4122149
4122688
4123039
4123409
4123417
4123764
4123793
4123906
4124613
4124673
4124803
4125095
4125437
4125687
4125892
4125970
4126035
4126273
4126815
4127044
4127109
4127260
4127383
4127411
4127659
4128254
4128284
4128307
4128871
4128878
4129074
4129224
4129245
4130938
4131118
4132856
4132861
4134375
4134414
4138086
4140101
4141092
4141517
4142084
4142335
4142479
4143431
4143928
4144252
4144301
4144342
4144376
4144935
4145079
4145392
4145906
4146272
4146415
4147007
4147106
4147283
4147390
4147548
4148335
4148825
4148837
4149099
4149381
4149462
4150584
4151385
4151440
4152055
4152129
4152210
4152363
4152760
4153642
4153715
4154439
4154684
4154795
4154900
4154947
4154952
4154959
4155672
4155990
4156186
4156339
4157136
4157200
4157724
4157902
4158016
4158042
4160494
4160586
4161723
4161818
4161943
4162626
4162930
4163084
4163725
4165299
4165718
4167763
4167914
4168253
4168509
4168668
4168734
4168812
4169140
4169749
4171441
4171510
4171778
4171781
4171916
4172053
4172073
4172118
4172433
4173081
4173099
4174235
4174363
4174494
4174662
4174963
4175074
4175123
4175129
4175342
4175765
4175776
4176020
4176555
4176620
4177401
4178427
4178503
4178622
4180621
4181254
4181444
4181588
4181650
4181717
4181751
4182082
4182499
4182524
4182863
4184295
4185054
4185057
4185275
4185400
4185507
4185869
4185951
4186004
4186312
4186577
4189144
4189223
4189243
4189528
4189714
4190618
4190649
4190883
4191458
4191734
4191900
4192586
4193065
4193078
4193122
4193936
4194074
4194163
4194264
4194378
4194496
4194639
4195319
4195476
4195811
4196195
4196572
4196575
4197182
4197197
4197295
4197313
4197526
4197715
4198326
4198377
4198457
4199035
4199107
4199234
4199439
4199698
4199749
4199799
4200245
4200403
4200759
4200987
4201188
4201809
4202149
4202684
4203024
4203062
4203540
4203667
4204418
4204713
4204934
4204986
4204998
4205333
4206235
4206382
4206411
4206436
4234456
4234836
4236847
4239723
4241147
4245497
4245572
4245835
4246236
4246999
4248371
4248494
4249218
4250783
4251021
4251050
4251213
4252684
4252747
4252805
4252885
4253828
4253971
4255721
4256106
4257861
4258257
4258432
4259026
4261378
4261518
4261870
4262008
4262209
4262498
4263159
4263417
4263743
4264134
4265814
4266382
4266855
4268051
4268970
4269709
4270461
4270624
4271144
4272660
4274149
4274626
4275189
4275534
4275652
4276408
4276463
4276575
4280133
4280159
4282841
4283017
4283020
4283542
4283802
4284600
4284644
4284762
4284909
4285152
4286000
4286106
4286252
4286640
4286986
4287073
4287486
4287535
4287617
4288610
4288911
4289688
4289889
4290436
4291057
4291770
4291934
4292152
4292163
4292403
4292820
4292832
4293013
4293088
4293114
4293126
4293317
4293622
4293903
4294102
4294168
4294603
4295307
4295879
4296148
4296420
4296777
4296825
4296961
4297010
4297281
4297852
4298813
4299536
4299641
4299715
4300218
4300628
4301000
4302420
4302517
4303472
4304181
4304207
4304469
4304500
4304528
4305090
4305220
4305555
4305718
4305879
4306150
4306520
4306552
4306725
4306798
4307020
4307189
4308335
4308832
4308970
4308979
4309133
4309260
4309430
4309796
4309971
4309990
4310101
4310279
4310596
4311241
4311520
4311659
4312239
4314852
4317138
4318723
4319042
4322680
4323664
4355851
4359042
4359385
4361970
4362215
4362633
4362926
4363915
4365325
4366228
4368712
4369471
4369505
4369966
4373051
4374859
4374870
4389422
4389613
4390465
4391470
4392634
4392891
4394346
4396987
4399030
4399347
4399806
4401314
4401419
4401543
4403510
4403584
4403690
4404197
4404687
4405962
4406466
4406667
4407303
4407390
4407700
4407984
4408270
4408672
4409018
4409552
4409624
4410496
4411264
4411537
4411542
4411571
4411633
4412465
4412578
4412706
4412963
4413095
4413659
4413722
4413844
4414029
4415109
4415234
4415437
4416033
4416338
4416424
4416439
4416812
4416928
4417236
4417395
4417446
4417479
4417929
4418438
4418977
4419242
4419319
4419590
4420016
4420121
4420296
4420881
4421252
4421392
4422075
4422421
4422655
4422880
4423322
4423387
4423617
4423654
4424127
4424420
4424608
4424941
4426055
4426126
4426233
4426308
4426399
4426865
4427063
4427429
4427605
4427724
4428834
4429311
4429623
4429854
4430044
4430482
4430664
4430719
4431181
4431504
4431854
4432083
4432212
4432743
4432839
4432857
4433282
4433424
4434172
4434319
4434329
4434433
4434671
4435506
4435613
4435663
4435735
4435793
4436245
4436273
4436819
4437390
4437489
4437865
4438032
4438077
4438197
4438544
4438680
4438776
4439152
4439174
4439243
4439502
4439524
4439846
4440594
4440891
4441064
4441180
4441530
4441626
4441680
4442123
4442319
4442578
4443198
4443442
4444020
4444492
4444559
4444930
4445066
4445226
4445291
4445358
4445886
4445987
4446647
4447240
4447383
4447511
4447521
4448376
4448550
4448769
4449030
4449036
4449269
4449331
4449702
4450379
4451107
4451159
4451255
4452203
4452234
4452317
4452559
4452599
4452824
4452836
4453043
4453147
4453189
4453953
4454218
4454219
4454326
4454593
4455407
4455692
4455730
4455863
4455944
4456202
4456253
4456802
4456947
4457015
4457724
4458009
4458451
4459262
4459787
4460119
4460162
4460284
4460329
4460351
4460516
4461417
4461713
4461881
4461984
4461999
4462019
4462206
4462415
4462499
4462805
4463851
4463887
4464399
4464659
4465163
4465387
4465396
4465813
4466209
4466454
4466881
4467116
4467148
4500675
4500797
4500896
4501034
4502790
4503047
4503205
4503242
4503402
4504018
4504285
4504507
4504673
4504824
4504937
4505055
4505122
4505435
4505504
4505536
4505643
4505809
4506141
4506219
4506390
4506448
4506829
4506960
4507155
4508041
4508263
4508896
4508946
4509315
4510374
4510391
4510817
4511284
4511356
4511488
4511790
4512399
4512707
4513150
4513249
4513466
4513601
4513723
4513833
4514239
4514596
4515093
4515251
4515287
4516255
4516447
4517542
4517553
4517668
4518232
4518292
4518306
4518515
4518823
4518909
4519274
4519717
4520544
4521013
4521444
4521479
4521883
4521907
4521930
4522039
4522194
4522500
4523118
4523162
4523456
4523545
4523776
4523949
4524060
4524093
4524615
4524914
4525026
4525274
4525564
4526171
4526716
4526967
4527505
4528128
4528138
4528327
4528413
4528655
4529263
4529800
4530819
4530912
4531585
4531896
4532115
4532719
4533349
4533653
4534502
4534524
4534621
4535107
4536578
4537120
4537227
4537301
4537315
4537384
4537449
4538149
4538238
4538406
4538582
4538810
4538930
4539047
4539216
4539828
4540031
4540512
4541020
4541169
4541679
4541746
4541868
4542181
4543027
4543080
4543292
4543899
4543962
4544221
4544234
4544656
4544903
4545543
4546115
4546392
4547337
4547515
4547556
4547587
4548905
4548978
4549674
4550431
4551423
4551730
4551839
4552780
4553305
4553505
4554151
4554154
4555395
4555781
4555815
4556173
4557603
4558113
4558204
4558316
4558607
4558813
4559008
4559520
4560030
4560085
4560648
4561127
4562287
4562861
4563578
4563864
4564733
4565508
4565528
4565530
4565575
4566199
4566245
4566528
4567177
4567348
4568392
4568421
4568671
4570627
4570810
4585022
4585848
4586447
4586914
4587039
4587079
4587236
4587452
4587497
4587725
4587988
4588006
4588134
4588193
4588245
4589000
4589358
4589626
4590048
4591171
4591190
4591712
4592252
4592452
4592890
4593328
4593925
4594924
4594944
4595167
4595295
4595361
4595396
4595578
4595722
4595744
4595799
4595920
4596141
4596572
4596576
4596606
4596748
4596801
4597751
4597969
4598127
4598266
4598317
4599321
4599465
4599546
4599603
4601192
4601441
4601712
4601743
4601863
4603401
4603422
4603952
4604099
4604860
4604997
4605435
4606244
4607292
4607743
4607918
4608240
4608291
4608594
4610126
4610239
4610320
4611401
4612652
4613392
4613697
4614358
4615329
4615433
4615518
4615683
4615787
4616316
4617076
4617184
4617685
4617856
4617977
4617989
4618804
4618910
4618978
4619754
4620181
4621344
4621665
4623205
4624390
4625106
4625706
4626154
4626328
4627593
4627692
4629309
4629781
4632378
4632561
4633683
4633841
4634287
4636030
4636494
4636694
4636891
4637119
4638527
4639477
4639610
4639874
4640188
4640488
4640900
4641124
4641368
4641634
4641870
4641904
4642168
4642383
4642742
4642953
4643709
4644132
4644240
4644706
4644756
4645762
4645857
4645861
4646038
4646142
4646219
4646281
4646353
4647396
4647656
4648145
4648264
4648561
4648822
4649639
4649914
4649954
4650875
4650918
4651094
4651286
4651691
4652007
4652383
4652652
4652907
4654766
4655305
4655331
4655361
4655533
4655886
4655933
4655979
4655985
4656242
4656282
4656663
4656809
4656878
4656889
4657163
4657181
4657492
4658104
4658301
4658313
4658326
4658410
4658560
4659345
4659462
4659938
4660133
4661102
4661195
4661263
4661441
4661759
4661809
4661871
4662573
4662730
4662917
4663187
4663765
4663946
4664198
4664298
4664415
4664426
4665413
4665575
4665913
4667000
4668020
4668107
4669779
4671020
4672598
4673015
4673131
4673195
4673260
4673424
4673770
4674687
4675074
4675456
4676008
4676073
4677618
4677913
4677977
4678288
4678609
4678657
4678959
4679267
4681068
4681659
4683184
4683907
4683981
4684428
4685208
4685213
4685329
4685750
4686569
4686817
4687251
4687362
4687427
4687546
4688198
4688295
4688567
4688626
4688652
4688660
4688844
4688995
4689070
4689703
4689712
4689810
4690088
4690327
4690336
4690349
4690588
4691281
4691385
4691639
4693361
4693416
4693586
4693645
4694310
4694655
4694757
4694775
4694880
4695253
4695330
4695456
4695591
4695658
4696446
4696466
4696576
4696616
4696805
4696847
4697034
4697480
4697612
4697737
4697974
4698282
4698476
4699049
4699150
4699228
4699376
4699789
4699797
4699800
4700065
4700228
4700330
4700442
4702325
4702440
4702803
4703106
4703881
4704092
4704121
4704187
4706545
4707573
4707752
4708610
4709377
4709844
4710273
4711248
4711974
4712301
4712619
4713275
4715740
4726097
4726214
4726222
4726430
4726920
4727051
4727848
4728012
4728113
4728159
4728171
4728322
4728544
4728855
4728928
4729087
4729404
4729540
4729579
4730019
4730085
4730112
4730162
4730245
4730311
4730323
4730364
4731187
4731208
4731261
4731339
4731389
4731440
4731625
4731729
4731740
4732483
4732507
4732835
4732884
4733585
4733846
4734424
4734693
4735014
4735839
4736442
4737046
4737067
4738241
4738683
4739726
4740384
4741816
4743111
4743540
4745446
4746240
4746390
4752262
4752265
4752603
4752651
4752892
4753003
4754089
4754175
4754377
4754525
4754583
4754626
4754948
4755746
4756158
4756357
4756509
4756530
4756540
4756566
4757085
4757544
4757545
4757585
4757790
4758134
4758369
4758999
4760411
4760414
4760619
4760799
4761062
4761831
4761931
4762370
4762993
4763877
4764215
4764524
4764556
4764903
4764978
4765012
4765326
4765785
4765788
4765863
4766258
4766390
4766407
4766547
4766900
4767248
4767559
4768089
4768437
4768444
4768647
4768947
4769102
4769693
4769907
4770357
4770805
4770970
4771066
4771614
4771925
4772124
4773012
4773044
4773080
4773688
4774268
4774282
4774896
4774918
4775015
4775021
4775032
4775350
4775721
4775782
4776430
4776642
4776806
4777057
4777126
4777230
4777264
4777295
4777544
4777585
4777700
4777807
4778211
4778525
4779875
4780200
4780467
4780590
4780646
4780691
4780762
4781154
4781258
4781270
4781352
4781613
4781932
4782454
4782528
4782757
4782797
4783915
4784596
4784867
4786310
4786993
4787105
4787447
4787485
4787551
4787581
4788146
4788325
4788409
4788744
4789018
4789069
4789101
4789130
4789427
4789603
4789982
4790183
4790562
4790724
4790839
4791014
4791881
4792082
4792135
4792906
4793505
4793784
4794735
4795002
4795258
4795757
4796032
4796061
4796332
4796522
4797034
4797480
4797807
4797871
4798019
4798209
4798350
4799326
4799469
4799613
4799643
4799728
4800047
4800147
4800655
4800907
4801006
4801913
4802489
4802642
4802694
4803155
4803768
4804097
4804270
4804297
4804328
4804348
4804891
4805005
4805145
4805200
4805273
4805463
4805631
4805791
4806250
4806423
4807750
4808057
4808274
4808319
4808392
4808625
4809088
4809092
4809223
4809421
4809492
4809739
4809755
4809787
4809894
4810119
4810298
4810620
4810649
4811053
4811087
4811242
4811312
4811430
4811812
4811975
4812137
4812957
4813471
4813824
4814211
4814233
4814337
4814612
4815062
4815103
4815269
4815631
4816093
4816196
4816383
4816627
4816899
4817234
4817660
4817679
4818092
4818110
4819558
4820171
4820509
4820586
4820826
4821447
4821790
4821935
4822059
4822374
4822457
4822649
4822745
4822795
4823350
4823987
4824105
4824111
4824231
4824600
4824686
4824753
4825694
4825828
4825833
4825887
4826890
4827285
4827417
4827595
4828151
4828296
4828619
4828849
4828894
4829802
4830575
4830709
4831169
4831340
4831508
4831529
4831551
4831559
4831659
4832040
4832088
4832252
4832337
4832497
4832727
4833053
4833806
4834530
4834620
4834667
4834920
4835441
4836052
4836144
4836275
4836845
4836851
4836963
4837889
4838443
4838529
4838899
4838921
4839404
4840272
4840300
4840356
4840426
4841252
4841673
4842102
4843007
4843133
4844908
4845019
4845069
4845315
4845378
4846665
4847007
4847064
4848359
4848905
4849212
4849978
4850461
4850574
4850586
4850642
4851779
4851881
4852025
4852752
4853019
4853788
4853828
4853880
4853888
4854021
4854388
4854571
4854608
4854637
4854894
4854963
4855190
4855454
4855517
4855525
4855810
4856334
4857228
4857487
4857640
4857935
4857947
4858019
4858128
4858320
4858337
4858348
4858415
4858932
4859123
4859561
4859606
4859650
4860368
4860466
4860522
4860718
4860726
4861596
4861783
4862078
4862769
4862919
4863017
4863279
4863479
4863528
4863910
4864604
4864606
4864720
4865302
4865307
4865342
4865440
4865875
4866215
4866532
4866550
4866554
4866669
4866882
4867098
4867126
4867157
4868309
4868383
4868441
4868576
4868834
4868902
4869692
4870087
4870155
4870242
4870321
4870537
4870648
4870923
4871507
4871542
4871717
4871909
4872047
4872083
4872090
4872280
4872511
4872989
4873019
4873683
4875001
4875222
4875226
4876207
4876467
4876820
4876921
4876932
4877283
4877448
4877481
4877964
4878173
4878280
4878529
4878676
4879127
4879477
4879501
4879600
4879761
4880145
4880482
4880636
4880782
4880896
4881080
4881213
4882145
4882150
4882405
4882459
4882841
4883003
4883265
4883589
4883623
4883838
4883910
4884006
4884153
4884345
4884530
4884584
4884856
4884951
4885040
4885249
4885313
4885536
4885730
4885902
4886169
4886257
4887057
4887885
4888017
4888278
4888511
4888571
4888590
4889049
4889287
4889838
4890068
4890208
4890853
4891089
4891956
4891973
4892113
4892402
4892479
4892835
4892842
4894213
4894691
4895308
4895809
4896117
4896800
4896877
4897134
4897263
4897823
4898464
4898488
4899441
4899555
4899817
4899830
4899882
4900039
4900740
4901108
4901265
4901287
4901396
4901467
4901646
4901866
4902254
4902474
4903184
4903214
4903239
4903846
4904955
4905388
4905603
4905838
4906154
4906253
4906670
4906946
4907106
4907160
4907467
4908147
4908591
4908759
4908895
4908931
4909293
4909608
4909694
4910106
4910110
4910216
4910377
4910666
4910815
4910996
4911021
4911098
4911101
4911392
4911992
4912065
4912197
4912229
4912539
4913270
4913632
4913951
4914841
4914863
4915051
4915059
4915595
4915889
4916008
4916186
4916849
4916924
4916940
4917173
4917201
4917979
4918015
4918487
4919116
4919347
4919444
4919564
4919693
4919866
4919999
4920010
4920285
4920319
4920910
4920980
4921218
4921433
4921798
4922256
4922907
4923372
4923432
4923434
4923621
4923894
4924062
4924166
4924338
4924590
4924689
4925825
4925876
4925979
4926119
4926628
4926874
4927144
4927233
4927264
4927894
4927902
4928032
4928086
4928605
4929348
4929435
4929465
4929543
4929607
4929626
4929661
4930273
4930568
4930779
4930869
4931189
4931379
4931529
4931689
4931947
4932004
4932501
4932749
4933004
4933026
4933062
4933095
4933199
4933463
4934309
4934395
4934688
4935044
4935762
4935888
4935939
4936350
4936752
4937245
4937296
4939070
4939730
4940189
4942533
4943624
4944877
4945600
4945608
4945718
4946024
4946312
4946665
4946748
4946940
4947034
4947362
4947376
4947713
4948114
4948497
4949247
4949687
4949862
4950211
4950287
4950350
4950414
4950588
4950672
4950743
4951054
4951340
4951660
4951675
4951898
4951998
4952024
4952340
4952675
4952861
4953350
4953364
4953849
4954064
4954354
4954568
4954699
4954736
4954953
4955467
4955959
4956390
4956421
4957713
4958277
4962692
4962758
4963033
4964663
4970290
4971004
4972247
4972314
4972391
4972510
4972547
4972578
4972614
4973623
4973811
4974025
4974414
4974599
4975303
4975536
4975747
4976117
4976448
4976553
4977053
4977280
4977391
4977464
4977847
4978220
4978444
4978700
4978803
4979286
4979420
4979467
4979665
4979948
4980139
4980499
4980768
4981181
4981362
4981559
4981675
4982327
4983200
4983345
4983884
4984205
4984308
4984577
4985380
4985588
4985603
4985747
4985885
4987559
4988112
4989472
4989574
4989712
4989733
4990272
4990896
4991108
4991988
4991997
4992465
4992680
4992729
4993077
4993231
4994064
4994144
4994151
4994358
4994944
4996709
4997064
4997636
4997998
4998457
4998639
4999109
4999217
4999599
4999763
4999820
4999883
5000163
5000181
5000304
5000764
5000864
5000936
5001286
5001596
5002035
5002148
5002315
5002501
5002841
5003031
5004655
5004690
5004844
5005435
5005660
5006085
5006128
5006153
5006440
5006796
5007047
5007096
5007149
5007151
5007191
5007398
5008225
5008820
5008843
5008982
5009358
5009368
5009373
5010482
5010739
5010745
5010901
5011800
5012006
5012031
5012390
5012434
5012793
5013112
5013782
5013794
5013822
5013855
5013863
5014048
5014204
5014300
5014763
5014769
5015202
5015449
5015988
5016336
5016510
5016681
5016798
5016814
5016967
5017328
5018172
5018208
5018870
5019043
5019062
5019226
5019350
5020051
5020105
5020265
5020285
5020287
5020504
5020597
5021214
5022692
5023386
5024697
5025680
5026604
5027759
5028143
5028359
5028862
5029320
5029443
5029599
5029851
5029965
5030051
5030645
5031553
5031986
5032497
5032714
5032886
5033282
5033426
5034195
5034284
5034416
5034488
5034559
5035178
5035273
5035273
5035415
5035829
5036343
5036444
5037302
5037368
5037565
5038005
5052432
5052785
5052949
5053232
5053568
5053827
5054607
5055372
5055805
5055858
5056009
5056180
5057171
5057276
5057368
5057416
5057498
5057546
5058010
5058442
5058722
5059070
5059413
5059537
5059735
5059894
5060177
5060249
5060575
5060609
5060952
5061011
5061196
5061273
5062078
5062404
5063341
5063452
5063456
5064738
5065482
5065493
5066130
5066323
5066925
5066963
5067479
5068435
5068467
5068487
5068527
5068782
5068826
5069029
5069122
5069398
5069635
5069674
5069890
5069916
5070802
5070862
5071464
5071550
5071606
5072287
5074175
5075032
5075273
5077060
5077573
5077810
5078033
5080242
5080780
5080973
5081269
5084158
5084243
5084549
5084632
5085860
5085953
5086091
5086566
5104635
5104965
5105126
5105171
5105577
5106311
5106433
5106449
5107102
5107136
5108581
5108587
5109212
5109219
5109641
5110352
5110501
5110841
5111027
5111117
5111286
5111476
5111502
5111877
5112423
5113245
5113471
5113518
5113716
5113921
5114211
5114496
5115175
5115389
5115981
5116864
5117047
5117417
5117427
5117536
5117910
5118378
5118715
5118904
5118970
5119263
5119592
5120101
5121246
5121373
5121410
5121455
5121620
5122021
5122161
5122838
5122919
5123214
5123674
5123675
5124133
5124952
5125080
5125095
5125486
5125533
5125751
5125962
5126213
5126439
5126457
5126619
5126767
5127531
5128085
5128539
5129593
5130159
5130286
5130316
5130749
5130812
5131102
5131634
5132618
5132975
5133331
5133636
5134059
5134387
5135470
5135520
5135631
5135977
5136065
5136181
5137515
5137933
5138165
5139237
5139403
5140158
5140377
5140789
5141320
5141739
5142389
5142601
5143442
5143866
5144015
5144209
5144634
5144697
5145678
5145911
5146075
5146211
5146466
5147259
5147271
5147290
5147620
5148406
5148950
5148982
5149102
5149127
5149510
5149587
5149633
5149818
5150790
5150878
5150980
5151316
5151389
5151734
5151755
5151777
5152191
5152691
5152771
5153233
5153276
5153820
5154247
5154427
5154866
5155047
5155101
5155131
5155257
5155357
5155409
5155425
5155852
5156582
5157916
5157960
5157985
5158822
5158860
5158906
5159324
5160053
5160075
5160430
5160952
5160981
5161036
5162567
5162672
5162812
5163190
5163836
5164054
5164369
5164448
5164928
5178703
5178924
5181693
5184767
5185114
5186574
5201395
5202634
5203495
5204848
5208348
5213001
5214845
5214923
5214947
5215352
5215628
5216212
5216898
5216972
5217162
5217447
5218118
5218418
5219478
5219668
5219763
5219875
5219899
5220186
5220653
5220735
5220927
5220968
5221056
5221563
5221937
5222061
5222688
5222830
5223063
5223909
5223982
5224291
5225081
5225364
5225546
5225896
5225928
5226380
5227014
5227413
5227767
5228023
5228596
5228901
5229237
5229599
5229927
5230360
5230385
5230795
5230852
5231182
5231485
5235224
5235669
5236261
5240401
5240863
5241353
5241501
5247483
5250948
5252475
5252516
5253020
5253422
5254519
5254559
5254987
5256768
5258637
5265674
5265780
5268036
5269149
5269273
5269433
5269532
5269627
5269976
5270126
5270486
5270690
5270779
5271028
5271374
5271941
5272333
5273494
5273730
5273984
5274358
5275080
5275338
5275540
5275554
5276011
5276275
5276327
5276665
5276881
5277232
5277337
5277929
5278025
5278059
5278289
5278396
5278961
5279125
5279519
5279940
5279976
5280682
5280906
5281070
5281297
5281314
5281553
5281841
5282031
5282046
5282284
5282420
5282607
5282630
5282958
5283313
5283340
5283541
5283949
5284088
5284889
5285275
5285697
5285853
5285894
5286012
5286119
5302785
5302837
5302973
5303118
5303315
5303760
5304003
5304128
5304786
5304921
5305337
5305477
5305714
5306625
5306646
5306684
5306798
5307000
5307212
5307332
5307365
5308401
5308914
5308937
5309192
5309201
5309230
5309269
5309583
5309698
5309808
5309845
5310181
5310342
5310647
5311013
5311095
5311433
5312063
5312707
5312862
5312866
5313073
5313554
5313779
5313783
5314185
5314258
5314523
5314653
5315057
5315091
5315323
5316085
5316267
5316316
5316718
5316855
5316869
5317133
5317425
5317481
5317684
5318023
5318410
5318540
5318651
5318873
5320058
5320894
5320975
5321479
5321556
5321671
5321699
5321940
5322079
5322116
5322169
5322216
5322519
5322743
5322976
5323341
5323717
5323878
5324326
5324531
5324909
5325372
5325636
5325781
5325954
5326194
5326399
5326475
5326596
5326830
5326915
5327105
5327175
5327664
5327824
5328118
5328377
5328541
5328602
5329019
5329598
5330777
5331468
5333019
5333557
5334376
5335368
5336614
5336851
5338394
5339358
5339426
5340125
5340210
5340527
5341618
5342693
5342932
5343667
5343704
5344734
5345841
5346126
5346191
5346476
5346504
5346789
5347108
5347146
5347153
5347330
5347494
5347792
5348151
5348666
5348974
5349032
5350489
5350574
5350992
5351028
5351107
5351264
5351383
5351473
5351988
5352254
5352581
5352691
5352703
5353067
5353907
5353978
5354046
5354122
5354134
5354814
5354963
5355068
5355783
5356018
5356148
5356203
5356211
5356811
5357130
5357685
5357729
5358117
5358370
5358619
5358769
5359060
5359084
5359547
5359797
5360630
5360768
5360914
5361019
5361065
5361512
5361790
5362080
5362383
5362439
5362473
5362547
5363090
5363686
5364623
5364806
5365373
5365479
5365800
5365977
5366125
5366469
5366498
5366844
5366926
5367160
5367380
5367517
5367658
5367818
5367945
5367973
5368122
5368469
5368499
5369585
5370390
5370700
5370970
5371273
5372113
5372173
5372276
5372456
5372694
5372836
5372886
5373143
5373543
5373838
5374482
5374521
5375550
5376355
5376677
5377444
5377481
5379063
5380261
5380409
5381014
5381372
5381848
5382133
5382156
5383325
5383710
5383929
5386912
5387184
5388058
5389291
5389839
5390073
5390346
5390902
5391189
5391497
5391596
5391611
5391741
5392042
5392158
5392439
5392475
5392631
5393745
5393787
5393927
5394418
5395322
5395653
5395981
5396351
5396681
5396693
5396714
5396776
5396876
5397071
5397127
5397209
5397216
5397862
5398875
5398999
5399098
5399110
5399284
5399851
5399968
5399990
5400264
5400348
5400683
5400703
5401226
5401571
5401969
5402016
5402219
5402773
5403279
5403505
5403734
5403756
5403800
5403933
5404633
5405160
5405372
5405557
5405677
5405722
5405873
5406487
5407498
5407575
5408241
5408661
5408684
5408927
5409069
5409092
5409143
5409161
5409205
5409365
5409610
5409881
5410169
5410295
5410423
5411206
5411209
5411539
5411710
5411876
5411928
5412335
5412431
5412808
5413344
5413392
5413567
5414549
5414685
5414876
5415208
5415468
5415667
5416085
5416743
5417076
5417352
5417764
5418797
5418827
5420514
5420573
5420691
5420858
5421221
5421306
5421417
5421983
5422237
5422340
5422369
5422372
5422507
5422800
5423060
5423125
5423293
5423323
5423731
5424677
5425128
5425213
5425342
5425441
5425600
5425750
5425764
5440143
5440439
5440977
5441137
5441474
5441914
5442049
5442817
5444006
5444324
5444912
5444941
5445019
5445854
5446291
5446705
5447589
5447726
5447943
5448118
5448213
5448588
5448834
5448940
5449521
5449819
5450217
5450545
5450938
5451192
5451455
5451561
5452033
5452226
5452340
5452865
5453013
5453504
5453645
5453905
5454224
5454906
5454945
5454957
5454985
5455010
5455430
5455809
5456158
5456394
5456447
5456743
5457994
5458087
5458537
5459465
5459611
5459700
5460222
5460293
5460456
5460853
5461337
5461444
5461825
5461968
5462014
5462469
5462761
5462769
5463589
5463663
5463706
5464090
5464287
5464683
5464926
5464955
5465619
5465749
5466024
5466350
5466513
5466892
5467028
5467318
5467678
5467808
5468193
5468242
5468302
5468493
5468680
5469209
5469215
5469376
5469698
5470331
5470395
5470809
5471398
5471821
5472174
5472939
5473178
5473287
5473491
5474164
5474534
5474536
5474611
5475105
5476041
5476706
5477549
5477565
5478187
5478306
5478378
5479170
5479310
5479376
5479405
5479433
5479816
5480072
5480662
5480686
5481520
5481755
5482535
5482699
5482825
5482850
5483083
5483106
5483311
5483489
5484147
5484151
5484273
5484324
5484381
5484851
5484863
5485041
5485670
5485729
5485802
5486387
5486604
5486774
5487619
5487856
5487937
5488397
5488486
5488694
5488735
5489308
5489411
5489670
5492009
5492519
5495143
5499194
5499780
5500467
5501304
5502792
5503092
5503452
5503636
5503931
5504236
5505178
5506242
5510387
5510938
5511307
5511516
5513097
5514948
5516401
5516754
5517224
5517669
5518343
5543756
5543887
5543970
5544478
5544526
5545768
5545802
5545865
5546085
5546528
5547113
5547203
5547206
5547239
5547273
5547933
5549049
5549448
5549962
5550361
5550616
5551724
5551870
5552072
5552248
5552685
5552750
5553520
5566452
5566643
5566654
5566732
5566780
5566876
5566971
5566998
5567212
5567829
5568531
5568610
5568930
5569009
5569257
5569529
5569713
5569807
5570069
5570482
5570901
5570977
5571762
5572110
5572233
5572735
5572967
5573236
5573748
5574150
5574617
5574702
5574972
5575113
5575551
5575582
5575751
5576080
5576103
5576680
5576893
5577043
5577511
5577680
5578104
5578532
5578601
5578921
5579065
5579168
5579241
5579321
5579469
5579529
5579614
5580596
5580611
5580622
5580849
5581818
5582002
5582224
5582359
5582771
5582911
5582975
5583326
5583372
5583689
5584118
5584295
5584514
5584626
5584802
5585576
5585913
5586295
5587457
5587508
5587772
5588704
5588705
5589032
5589309
5589475
5589778
5589896
5591007
5591674
5591801
5591829
5592329
5592833
5593640
5593692
5594272
5594372
5594649
5594652
5594975
5595718
5595955
5595969
5596454
5596566
5596580
5596608
5597084
5597173
5597424
5597670
5597781
5598370
5598399
5598409
5598440
5598790
5599358
5599407
5599510
5599651
5599698
5600097
5600469
5601288
5602707
5603442
5603605
5604167
5604318
5604523
5604534
5604709
5605175
5605628
5605680
5605694
5606276
5606307
5606354
5606776
5606851
5606870
5607169
5607321
5607402
5608030
5608141
5608573
5608614
5608758
5608799
5608864
5609103
5609412
5609423
5609837
5609957
5610349
5610651
5610843
5611022
5611551
5611956
5612050
5612533
5612578
5612656
5613808
5613823
5614052
5614722
5614824
5616214
5616388
5616534
5617101
5617319
5617401
5617812
5618130
5618204
5618474
5618562
5619265
5619760
5619894
5620060
5620107
5620186
5620232
5620478
5620938
5620962
5621120
5621180
5621484
5621624
5621632
5621954
5622564
5622752
5623060
5623107
5623703
5624231
5624254
5624540
5624645
5624677
5624782
5624927
5625602
5625910
5625939
5626113
5626210
5626468
5626798
5627663
5628658
5629101
5629171
5629522
5629610
5629625
5629677
5629726
5630399
5630480
5630759
5632091
5632834
5633281
5633536
5633710
5633874
5634166
5634606
5634754
5634845
5635051
5635332
5635872
5636082
5636572
5636691
5637302
5637522
5637947
5637973
5638051
5638695
5638867
5639035
5639585
5640165
5640311
5640433
5641339
5641916
5642557
5642989
5642995
5645237
5645581
5646299
5646634
5646992
5647170
5648172
5648532
5648853
5648924
5649010
5649344
5649509
5650962
5651039
5651995
5652493
5652686
5653099
5653442
5653594
5653699
5653740
5654054
5657402
5658587
5658690
5672073
5701843
5707194
5707419
5707482
5707616
5708130
5708834
5708876
5709360
5710663
5711024
5712221
5712517
5712680
5713255
5713565
5713626
5714006
5715162
5715215
5715364
5715507
5716308
5717473
5717755
5719026
5719277
5719801
5719975
5720282
5721187
5721206
5721226
5721620
5721853
5722502
5723166
5724519
5724613
5724827
5725037
5726150
5726663
5727430
5727631
5727911
5728098
5728224
5728763
5729012
5729128
5729690
5729719
5730597
5730983
5731164
5732491
5732502
5732756
5734373
5734732
5734882
5735161
5735275
5735945
5736847
5737264
5737428
5737471
5737577
5737762
5740199
5740355
5741554
5741862
5743022
5754421
5755757
5755797
5755960
5756172
5756912
5756953
5757203
5757360
5757737
5759345
5759444
5759600
5759620
5759805
5761198
5762301
5763280
5763539
5764286
5764683
5765710
5765798
5765995
5766199
5766423
5766443
5766673
5767719
5768000
5768379
5768897
5769002
5769041
5769232
5769686
5770442
5770552
5770962
5770965
5771063
5771207
5771216
5771516
5772218
5803993
5805434
5806125
5806897
5808362
5808386
5809095
5809205
5809650
5810892
5811207
5812127
5813017
5813527
5814251
5815335
5815369
5815387
5815506
5816334
5816988
5817418
5817503
5817835
5818970
5819490
5820094
5821300
5821463
5821571
5823388
5823674
5823690
5826263
5826817
5826846
5827017
5827514
5828297
5829104
5830147
5831159
5831442
5831525
5831657
5831740
5831804
5832071
5832274
5832406
5832960
5833293
5833953
5834082
5834318
5834356
5834503
5834816
5835055
5835157
5835426
5835446
5835784
5835854
5835882
5835928
5836791
5836831
5836868
5837063
5837232
5837505
5837626
5837632
5837734
5837748
5837752
5837867
5837938
5837980
5838085
5838309
5838426
5838556
5838707
5838878
5839088
5839805
5840992
5841259
5841485
5841509
5841805
5842220
5842261
5842495
5843277
5844341
5844379
5844431
5844463
5844709
5845084
5845198
5846416
5846886
5846918
5846950
5847280
5847419
5847625
5847689
5847860
5847885
5848346
5848481
5849485
5849867
5850124
5850517
5850641
5851531
5851638
5851702
5852442
5852501
5852605
5852648
5852652
5852793
5853559
5853729
5853792
5853806
5854068
5854069
5854475
5855029
5855039
5855053
5855169
5855333
5855486
5855906
5856465
5856721
5856927
5857067
5857222
5857512
5857554
5857692
5858024
5858162
5859006
5859025
5859424
5859952
5860029
5860117
5860272
5860333
5860382
5860800
5874969
5875462
5876215
5878062
5879361
5881214
5881874
5881977
5882333
5886259
5886521
5887583
5889849
5890225
5890846
5890888
5948972
6008440
6008765
6009025
6009444
6009535
6010000
6010356
6011206
6012012
6013117
6013967
6014189
6015340
6016902
6016994
6017495
6017739
6018389
6018431
6019343
6020069
6020164
6020971
6021309
6022449
6022643
6023457
6023865
6023947
6025108
6025200
6026309
6027130
6027479
6028550
6028651
6028870
6029032
6030322
6031102
6031768
6031978
6032064
6032337
6032341
6032766
6033826
6034304
6034660
6034775
6034788
6034788
6034884
6035178
6037508
6050662
6054031
6054237
6055827
6056101
6057320
6057330
6058324
6058659
6058676
6058993
6059763
6060480
6062879
6064816
6067441
6067914
6068327
6087636
6087654
6087719
6087881
6088048
6088133
6088370
6088452
6088632
6088819
6089058
6089094
6089272
6089347
6089724
6089770
6091147
6091156
6091229
6091277
6091489
6091542
6092244
6092683
6092819
6093440
6093533
6094019
6094026
6094081
6094511
6094691
6094815
6094841
6094915
6094932
6094969
6095133
6095978
6096556
6097525
6097729
6098194
6101232
6109408
6115924
6128562
6128650
6128701
6128720
6128945
6129296
6129436
6129495
6130308
6130655
6130799
6131109
6131539
6131574
6131647
6131662
6133026
6133344
6133449
6133840
6134630
6134806
6135344
6136954
6137066
6137970
6138353
6138837
6139343
6139812
6140902
6141944
6150472
6151859
6171889
6173125
6174149
6174402
6174570
6174829
6175057
6175064
6175293
6175363
6175764
6176527
6178068
6178453
6178654
6179560
6179605
6179988
6180028
6181455
6181472
6182137
6182389
6182778
6182877
6182997
6183098
6183564
6183662
6183866
6185458
6185692
6186229
6186681
6187663
6187811
6187902
6188561
6188786
6189967
6190155
6190214
6190575
6192447
6192529
6192567
6192698
6192920
6193440
6193865
6193946
6194505
6194622
6195341
6196933
6197167
6197386
6197400
6197657
6197943
6198161
6198529
6198815
6198845
6199266
6199366
6199409
6199531
6199649
6200808
6200826
6200895
6201820
6202118
6202222
6202313
6203090
6203949
6204919
6205114
6205875
6205943
6206578
6206610
6206811
6206994
6207026
6207218
6207887
6207897
6208047
6208458
6208589
6209383
6209788
6209958
6210101
6210548
6211883
6212240
6212366
6213241
6213297
6213948
6215841
6216993
6223298
6233207
6233318
6240735
6241343
6287097
6287251
6287375
6288952
6289002
6289213
6289605
6290244
6290330
6290524
6290559
6290929
6291042
6291348
6291483
6291515
6291650
6291653
6291765
6292074
6292487
6292883
6293001
6293136
6293481
6293704
6293894
6293946
6294069
6294149
6294523
6294649
6295065
6295172
6295183
6295987
6296752
6296853
6297329
6297483
6297540
6297677
6298511
6298526
6299187
6299339
6299383
6299701
6299800
6314407
6316122
6318302
6318581
6325655
6326769
6328132
6331351
6332060
6332834
6336576
6370837
6378635
6381458
6382324
6384024
6384841
6385247
6386909
6386936
6387319
6388836
6390166
6393025
6393285
6450217
6451780
6452605
6453305
6454206
6455085
6458503
6458766
6475741
6475945
6476657
6477285
6477575
6477617
6477855
6478410
6478664
6479405
6479647
6480309
6480459
6480751
6480838
6481494
6481588
6483327
6483946
6484098
6484270
6484394
6484612
6485131
6485133
6485288
6485511
6485596
6486780
6486957
6487626
6487899
6488139
6488380
6488461
6488831
6489247
6489660
6489780
6490134
6491110
6491143
6491287
6491880
6492849
6493228
6498567
6509564
6511536
6511918
6513306
6513637
6513766
6514041
6514254
6515181
6515593
6519440
6519547
6521499
6521682
6522860
6524203
6524293
6524698
6577646
6597284
6597494
6598642
6598709
6598854
6598980
6599511
6599544
6600042
6600357
6600362
6600910
6601779
6602027
6602131
6602460
6602501
6602630
6602810
6603815
6604110
6604790
6604821
6604833
6604976
6605051
6605258
6605390
6605716
6605789
6606211
6606215
6606806
6607203
6607263
6607539
6607841
6608408
6608720
6609015
6609394
6610138
6610200
6610697
6611288
6611310
6611681
6612305
6612494
6613017
6613327
6613449
6613781
6613880
6614194
6614287
6614990
6615396
6615645
6616213
6616357
6649323
6651358
6651523
6652399
6653271
6653788
6653835
6654343
6657432
6658198
6659759
6660964
6663899
6663960
6665364
6682525
6691653
6710257
6710397
6710507
6710673
6710753
6710866
6710955
6711173
6711600
6711830
6711886
6712194
6712339
6712451
6712717
6712763
6713067
6713221
6713343
6713416
6713462
6713940
6713962
6714224
6714616
6714693
6714811
6714964
6715101
6715455
6715525
6715779
6715822
6717152
6717412
6717672
6717789
6717853
6718239
6718580
6718669
6718714
6718911
6719390
6719417
6719451
6719672
6720156
6720220
6720362
6720505
6720601
6720702
6720996
6721035
6721099
6722094
6722114
6822301
6825104
6825649
6830292
6849586
6850522
6854389
6854594
6855358
6855598
6855850
6857085
6857142
6857808
6859788
6860298
6860830
6861172
6862651
6862856
6863493
6863565
6863810
6864527
6865439
6867282
6868545
6869406
6870592
6873405
6873586
6874383
6874675
6874697
6874991
6902956
6904130
6908167
6909517
6915118
6970354
6970646
6970984
6971387
6972658
6973526
6974457
6975068
6977621
6978337
6978747
6979249
6980158
6980930
6981202
6982554
6985913
6986594
6986766
6987417
6987524
6988005
6990327
6990886
6991389
6991439
6991661
6992393
6992967
6993205
6993771
6995159
6996039
6996166
6996299
6996926
6997218
6997244
6997583
6997638
6997728
6998368
7050423
7052299
7052676
7052898
7058394
7059029
7060805
7061438
7062781
7064586
7119817
7120144
7120213
7120444
7123218
7123661
7123816
7124437
7124512
7124867
7127575
7127696
7128101
7129020
7145127
7146582
7146602
7147040
7148190
7148396
7149385
7151782
7152698
7154273
7154419
7155073
7155111
7156102
7156216
7222648
7223811
7225814
7225898
7228507
7230161
7231091
7231526
7232874
7232875
7233538
7234116
7234885
7235374
7236326
7236454
7237113
7237851
7238016
7238583
7238655
7292432
7292609
7293191
7293210
7293587
7294124
7294223
7295638
7295826
7296814
7297588
7297717
7298018
7298141
7298229
7298686
7299111
7299113
7300302
7301735
7301889
7302034
7303545
7304409
7304469
7304890
7304958
7305336
7305497
7308116
7308157
7310386
7312629
7315036
7319013
7319080
7338015
7341570
7341853
7348500
7351162
7351601
7376788
7377162
7377412
7377624
7377709
7377724
7378224
7378359
7378400
7378454
7378553
7378810
7378936
7378955
7379034
7379082
7379108
7379284
7380137
7380160
7380191
7380275
7380323
7380354
7380798
7380931
7381444
7381811
7382561
7382974
7383301
7383345
7383532
7383959
7384172
7384625
7384930
7385068
7385227
7385952
7386514
7386979
7387307
7388083
7388283
7388539
7388609
7389398
7389564
7389654
7403523
7403989
7403992
7404222
7406727
7410211
7410525
7410643
7411411
7412086
7412373
7413805
7414234
7414701
7415323
7416175
7417176
7418939
7419781
7420400
7420969
7421170
7421976
7422787
7423125
7423127
7423443
7424283
7424966
7427379
7427512
7427758
7428214
7493676
7500368
7500383
7501724
7502209
7502886
7504155
7506945
7508433
7509059
7510805
7513022
7513608
7515631
7569301
7569383
7569422
7569845
7569851
7570112
7570120
7571161
7571208
7571222
7571544
7571556
7571741
7572226
7572469
7572501
7572543
7573156
7573185
7573287
7573385
7573622
7573700
7573846
7574437
7574537
7574694
7574707
7574796
7575187
7575419
7576317
7576444
7577116
7577386
7577744
7577795
7578056
7578480
7580650
7582474
7583466
7589628
7591255
7596499
7596601
7596699
7597045
7597330
7597633
7597807
7598681
7598741
7598774
7598994
7599152
7599170
7599209
7600368
7600592
7600679
7601113
7601238
7601367
7601903
7602236
7602354
7602398
7603032
7603170
7603419
7603607
7603679
7603810
7603921
7603995
7604066
7604074
7604727
7604822
7605074
7605120
7605555
7607534
7607971
7608179
7608675
7609283
7609330
7609398
7610595
7611478
7611615
7611629
7611780
7611829
7611876
7611932
7612010
7613425
7613967
7614043
7614059
7614962
7615043
7615334
7615432
7615833
7616393
7616914
7617280
7617288
7617429
7617558
7617559
7617854
7617910
7619932
7619959
7620028
7620098
7620145
7620737
7620810
7620859
7621024
7621382
7621445
7621505
7621583
7622633
7622708
7622825
7623004
7623098
7623446
7623928
7624091
7624609
7624658
7624887
7625105
7625134
7625161
7625479
7625730
7625907
7626122
7626177
7627063
7627289
7628014
7628110
7628185
7628478
7628811
7628838
7629610
7629873
7630281
7631025
7631245
7631355
7631531
7631556
7631791
7632067
7632078
7643479
7644196
7644285
7644721
7646158
7646254
7646354
7647610
7647697
7649087
7649516
7649711
7650080
7651522
7651563
7651682
7652465
7652762
7653635
7653666
7653808
7654127
7654609
7654875
7654885
7654946
7655242
7655304
7655487
7655540
7656866
7657099
7658138
7658266
7658557
7658598
7658673
7659000
7659095
7659349
7659386
7659433
7659889
7660456
7660748
7660972
7660989
7661071
7661130
7661362
7661496
7661532
7661793
7662093
7662184
7662389
7662788
7663136
7663437
7664088
7664223
7664590
7664932
7665022
7665072
7665135
7666453
7666508
7666549
7666585
7666592
7666909
7667573
7667614
7667760
7667914
7668035
7668067
7668227
7669461
7669488
7669732
7670280
7670567
7670625
7670813
7670881
7671094
7671218
7671393
7672081
7672308
7672732
7673052
7673283
7673582
7673738
7673767
7673777
7673848
7689656
7689733
7690379
7690772
7691234
7691331
7691405
7692493
7693003
7693104
7693171
7693184
7693666
7693984
7694520
7694561
7695161
7695467
7695653
7695733
7696061
7696160
7696558
7696804
7697333
7697450
7697853
7697976
7698091
7698305
7698509
7698738
7698874
7698987
7699330
7700118
7700120
7700433
7700574
7717952
7723920
7724578
7725546
7726625
7727173
7730164
7730371
7730375
7730814
7730979
7731242
7731443
7732567
7732760
7734849
7735152
7735776
7736137
7736230
7736917
7737384
7737552
7739787
7739900
7740488
7741069
7742895
7743727
7744423
7744958
7746685
7747064
7747521
7747799
7750585
7750821
7752106
7752271
7752697
7754113
7754561
7757987
7758298
7763806
7765022
7765105
7765296
7767458
7769039
7770074
7773939
7774907
7775115
7775331
7788927
7789203
7789559
7790308
7791790
7792598
7793223
7794402
7794469
7794725
7794744
7795372
7795818
7798048
7798240
7798399
7798666
7799708
7799771
7800402
7800772
7801685
7801836
7802473
7803454
7803914
7804188
7804534
7805338
7805849
7805927
7805993
7819513
7819549
7819612
7820047
7821951
7822422
7822425
7823293
7823948
7823991
7824493
7824766
7826373
7826383
7826840
7826983
7827383
7827436
7828866
7830722
7831550
7832228
7832923
7833013
7833305
7836461
7836771
7836853
7837145
7837326
7837951
7839183
7840080
7841028
7841529
7842623
7842719
7842905
7843640
7843798
7844081
7844390
7844690
7845585
7846241
7846347
7846482
7846569
7846633
7846813
7847133
7847623
7847884
7848231
7848368
7849137
7850158
7850629
7850648
7851076
7851223
7851270
7851273
7851350
7851717
7852034
7852052
7853395
7854034
7854078
7854391
7854404
7854590
7854762
7854844
7855254
7855379
7855568
7855749
7855749
7856114
7856120
7856533
7856571
7856667
7857075
7857440
7857613
7858084
7858378
7858846
7859236
7860431
7860868
7861373
7861552
7861858
7862212
7863123
7863308
7863412
7863612
7863744
7864029
7864488
7865535
7865593
7865935
7866224
7866314
7866412
7883613
7884301
7886301
7886433
7886492
7886883
7887051
7887116
7887388
7887417
7888046
7888211
7888371
7888952
7889121
7889641
7889666
7889958
7891704
7892291
7892787
7892952
7896813
7896883
7897302
7897348
7941117
7941586
7942278
7942409
7943922
7945031
7945124
7945407
7948569
7949440
7950337
7950636
7951081
7952532
7953001
7953088
7953198
7953361
7953462
7953564
7953600
7953823
7954009
7954054
7954265
7954384
7954514
7954799
7954859
7954966
7955018
7955275
7955346
7956159
7956453
7957108
7957112
7957129
7957324
7957993
7958032
7958386
7958403
7959247
7959545
7959604
7959673
7959828
7959998
7960004
7960041
7960307
7960575
7960705
7961195
7961588
7961811
7961960
7962532
7962666
7962715
7963141
7963166
7963368
7964429
7964601
7964962
7965146
7965339
7965432
7965512
7965907
7966080
7966291
7966350
7966435
7966466
7966778
7967071
7967319
7967553
7967653
7968512
7968857
7969120
7969221
7969231
7969402
7969495
7969662
7969689
7970182
7970210
7970226
7970365
7970391
7970431
7970638
7971052
7971115
7971177
7971731
8002852
8003194
8003390
8003742
8004024
8004378
8005170
8005996
8006944
8007651
8007722
8008547
8009013
8011113
8011679
8011808
8012211
8012508
8013545
8013576
8027150
8029149
8029368
8030677
8031875
8032188
8033003
8033626
8033869
8034453
8034673
8035143
8036399
8037269
8038157
8038696
8038742
8038948
8039754
8040000
8040117
8041350
8041530
8042141
8042557
8042827
8043933
8044005
8044448
8044464
8044497
8045103
8045643
8045899
8046298
8046620
8047034
8047185
8048125
8048338
8048701
8048910
8049820
8050185
8051745
8052259
8052267
8052770
8052941
8052974
8053501
8053771
8054452
8054472
8055315
8106378
8107416
8108409
8108435
8108687
8108757
8108931
8109210
8110211
8110235
8110522
8110763
8110879
8111013
8111054
8111254
8111717
8112242
8112743
8112814
8112933
8113129
8113308
8113610
8113692
8113791
8113862
8113871
8114456
8114838
8115347
8115460
8115526
8115527
8115575
8115609
8116257
8116462
8116668
8116684
8116932
8117154
8117727
8117979
8118478
8118811
8118819
8119910
8120603
8120829
8120851
8121359
8122142
8122292
8122295
8123812
8124224
8126300
8126738
8128640
8194951
8195662
8199091
8199845
8201634
8204562
8205506
8206212
8206432
8207239
8207660
8208943
8209778
8211884
8213094
8213872
8214272
8214856
8216680
8272688
8345222
8345437
8346878
8347568
8348220
8348312
8348672
8349755
8349769
8349928
8350446
8351066
8351118
8351443
8351564
8351693
8351987
8352056
8352879
8353008
8353260
8354030
8354392
8354444
8354697
8354861
8398574
8398906
8399215
8399276
8399419
8400038
8400183
8400542
8400930
8401004
8401353
8401382
8401463
8401471
8402298
8402529
8404343
8404719
8404797
8405644
8405744
8405789
8406585
8407039
8407212
8407316
8408485
8409272
8409899
8410182
8410320
8463229
8463277
8463534
8463923
8464472
8464822
8464906
8465013
8465177
8465440
8466053
8466294
8466795
8466979
8467240
8467556
8467578
8467703
8467764
8468505
8468750
8468947
8469009
8469128
8469204
8469314
8469482
8469620
8469678
8469850
8469956
8470036
8470130
8470341
8470454
8470689
8470731
8470871
8471292
8471809
8472370
8472391
8473384
8473494
8473675
8474107
8474140
8474977
8475228
8475805
8476288
8476900
8476943
8477411
8477633
8477672
8477802
8478199
8478297
8479044
8480300
8481659
8483087
8487209
8488703
8573429
8573533
8576247
8577807
8578968
8602930
8605166
8605505
8606651
8621332
8621677
8644271
8644314
8644486
8644672
8645397
8645519
8647182
8648018
8650036
8650174
8651023
8651642
8652503
8652815
8652821
8653611
8653750
8653854
8653897
8653969
8654275
8654294
8654698
8655252
8655627
8655762
8656204
8656497
8656671
8657826
8658240
8660153
8661305
8661427
8661450
8661962
8661982
8662149
8662345
8663213
8704977
8705097
8705171
8707986
8708102
8710016
8711173
8712004
8714135
8715493
8718920
8720570
8736801
8739885
8741400
8741871
8749883
8750339
8752547
8753518
8754063
8754721
8755071
8787795
8788691
8788852
8789504
8790684
8790857
8791834
8792912
8793975
8798252
8799278
8799394
8800149
8800857
8801588
8802122
8802365
8803622
8804270
8804771
8805225
8805984
8830696
8831016
8831380
8831584
8831845
8832017
8832068
8832115
8832123
8832563
8833256
8833496
8833669
8833689
8833940
8834016
8834169
8834625
8834782
8834788
8834958
8836358
8836384
8836586
8836715
8836869
8836925
8837449
8837886
8837963
8838235
8838367
8838653
8838674
8838809
8839423
8839432
8839527
8839671
8840333
8840463
8841473
8842133
8842220
8842275
8842544
8842769
8843888
8844458
8845024
8845045
8845128
8845353
8845360
8845467
8845484
8845549
8845691
8846110
8846325
8846862
8847035
8847685
8847706
8847834
8848074
8848358
8848379
8848492
8848877
8849281
8849756
8849769
8850161
8850339
8850502
8850854
8851290
8851405
8851499
8851633
8852270
8852647
8852774
8853171
8853514
8855084
8855239
8855645
8855817
8855964
8856148
8856537
8856665
8856782
8857260
8857272
8857412
8857944
8858108
8858112
8858178
8858315
8858333
8858334
8859749
8859830
8860133
8860164
8860578
8860590
8860766
8861157
8861572
8861615
8862046
8862613
8862896
8863346
8864026
8864406
8864525
8864569
8864828
8864860
8865092
8865148
8865550
8870214
8870768
8870930
8871185
8871708
8871915
8873075
8873989
8874240
8876131
8877688
8879059
8879948
8882347
8883501
8884107
8886967
8887091
8887158
8888398
8888549
8889978
8890166
8890342
8890535
8890619
8890781
8891258
8891511
8891612
8892511
8892547
8892605
8892698
8892904
8893040
8893054
8893640
8893708
8894029
8894355
8894444
8895083
8895572
8896273
8896533
8896673
8897314
8897364
8897657
8898179
8899000
8899219
8899277
8899546
8899745
8899925
8900158
8900295
8900355
8900666
8954749
8954919
8955014
8955237
8955420
8956394
8956853
8956855
8956867
8957066
8957309
8957596
8958097
8958163
8958196
8958238
8958351
8958554
8958707
8958712
8958750
8959403
8959871
8960321
8960353
8960755
8961177
8961480
8961651
8961974
8962523
8962795
8962996
8963702
8964461
8964498
8964838
8965265
8965578
8965759
8966001
8966168
8966446
8966915
8966994
8967558
8967769
8967939
8968294
8968634
8969194
8969364
8969722
8969986
8970222
8970375
8970596
8970758
8970857
8988586
8988620
8989429
8989667
8990112
8990203
8992631
8992691
8992738
8993339
8993352
8993646
8994069
8994119
8994427
8994805
8995632
8996603
8996730
8996776
8997119
8997446
8997568
8997920
8998039
8998621
8998722
8998927
8999470
9000837
9000972
9067404
9071501
9114293
9114354
9114970
9114987
9115278
9115465
9115735
9116261
9116269
9117600
9117619
9118074
9118080
9118233
9118392
9119114
9119399
9119790
9119961
9120234
9120248
9121065
9121098
9121276
9121280
9121281
9122335
9123361
9123634
9124656
9124915
9125708
9127252
9127328
9128118
9128213
9128278
9128730
9128936
9129489
9129524
9129525
9129901
9129910
9129926
9130053
9130071
9130580
9130625
9130685
9130693
9130811
9130880
9130929
9131268
9131615
9131790
9131851
9131862
9132099
9132358
9132611
9132761
9133195
9133229
9133283
9133664
9133712
9133864
9134289
9134555
9134934
9134996
9135094
9135466
9136128
9136267
9136498
9136803
9137583
9137818
9138279
9138968
9138984
9139571
9140329
9140388
9140621
9140969
9141008
9141012
9141060
9141716
9142041
9142684
9142942
9182651
9182742
9182863
9183121
9183302
9183434
9183583
9183621
9183869
9183913
9184024
9184229
9184428
9184512
9185124
9185493
9186192
9186527
9186803
9186903
9186987
9187493
9187775
9188200
9188352
9188415
9189271
9189292
9189369
9189456
9189589
9189669
9189813
9189850
9190214
9190665
9191503
9191919
9192037
9192055
9192313
9192596
9193079
9193493
9193717
9193820
9194066
9194319
9194462
9194736
9194982
9292573
9292642
9292659
9292798
9292889
9292910
9292997
9293071
9293220
9293817
9293935
9294572
9294681
9294722
9295171
9295264
9295283
9295439
9296222
9296268
9296327
9297052
9297318
9297654
9297909
9297996
9299041
9299070
9299309
9299462
9299660
9299879
9299978
9300363
9300466
9301101
9301227
9301313
9301466
9301636
9301731
9301857
9301887
9302274
9302470
9302886
9302922
9303338
9303717
9304006
9304271
9304301
9304369
9304833
9305057
9305194
9305321
9305420
9305534
9305596
9306258
9306352
9306558
9306561
9307474
9307569
9307577
9307641
9307751
9307933
9307984
9308224
9308276
9308299
9308449
9308486
9308853
9308990
9309110
9309310
9369278
9437951
9439846
9443822
9444197
9445555
9445796
9446759
9447873
9450727
9450843
9454527
9455556
9479387
9557878
9558429
9558624
9559071
9559699
9560230
9560328
9560732
9560801
9560830
9560870
9561361
9561685
9561927
9562011
9562035
9562657
9562982
9562988
9563222
9563590
9563671
9563743
9563925
9563968
9564059
9564062
9564458
9564525
9564542
9564611
9564869
9565106
9565610
9565716
9565726
9566015
9566219
9566363
9566489
9566562
9566930
9567235
9567336
9567401
9567964
9568599
9568636
9568787
9570015
9571830
9572410
9572522
9572659
9572701
9572867
9573514
9573706
9573966
9574351
9574448
9574556
9574652
9574696
9574911
9575288
9575312
9575470
9575989
9576191
9578200
9578657
9578734
9578888
9579194
9579404
9579499
9579717
9579734
9580493
9581064
9581501
9581592
9582131
9582281
9582284
9582412
9582690
9582772
9582929
9583141
9583160
9583717
9584180
9584520
9584528
9584737
9585130
9585226
9585699
9586547
9586730
9586877
9586938
9586995
9587311
9587543
9587761
9587946
9588251
9588836
9589130
9589479
9590171
9590275
9590378
9591121
9591719
9591775
9592442
9593428
9593872
9594129
9594566
9595114
9595546
9595576
9595616
9596196
9598323
9598919
9600334
9601136
9601352
9603491
9603631
9604860
9605435
9605946
9606918
9607139
9607206
9608869
9608896
9610601
9674233
9674663
9674810
9675614
9676193
9676221
9676366
9676745
9676905
9677115
9677717
9677865
9677866
9677934
9678157
9678319
9678437
9678793
9679131
9679653
9680750
9681126
9681713
9682047
9682953
9683066
9683636
9684029
9685476
9686700
9687384
9687967
9688006
9688809
9688885
9689386
9692559
9692950
9693890
9694024
9694297
9694438
9695640
9698026
9698368
9698439
9701141
9701763
9703252
9704870
9704948
9705597
9705633
9705710
9706003
9706047
9706289
9707088
9707698
9707710
9708094
9708874
9709443
9710357
9710737
9712585
9713301
9713811
9713853
9714048
9716016
9717052
9717422
9717665
9717822
9718893
9853055
9869463
9883091
9883742
9888625
9894015
9987170
9987985
9988821
9989242
9989345
9991172
9991357
9991380
9992089
9992847
9994265
9994724
9994765
9997884
9998378
9999516
10000231
10001651
10096875
10098671
10098881
10121690
10122059
10122502
10123228
10123310
10123958
10124269
10124342
10125272
10125714
10126454
10126517
10127109
10127118
10127784
10128441
10129187
10129894
10130610
10131647
10131919
10131959
10132701
10133449
10133488
10133503
10134789
10135691
10135804
10137232
10138062
10220372
10224708
10228180
10252227
10313451
10340045
10340050
10340453
10340538
10342461
10345964
10346883
10349107
10351703
10352523
10353783
10506671
10514530
10565955
10567072
10587664
10658696
10660275
10670957
10672561
10672592
10673290
10673563
10673868
10673881
10674048
10674936
10674948
10675239
10675757
10675980
10676423
10677490
10677531
10714914
10715824
10715833
10715981
10716023
10716476
10716875
10717074
10717143
10717770
10718795
10718802
10720175
10720833
10724827
10726162
10726911
10727486
10728615
10729577
10779235
10781964
10784075
10784157
10784389
10786096
10786472
10786504
10789548
10790218
10791681
10793053
10793168
10796700
10796968
10872605
10873005
10873727
10873795
10875429
10875604
10876132
10876293
10876396
10876407
10877122
10877365
10877396
10877817
10879316
10879468
10879822
10880192
10880267
10880791
10881178
10881512
10882153
10882260
10882265
10882348
10882365
10882600
10882946
10882956
10883529
10883677
10883874
10884048
10884189
10884292
10884442
10884464
10884870
10886124
10886143
10886215
10886448
10886966
10887258
10887262
10887388
10887637
10887770
10887938
10888118
10889032
10917920
10921638
10923514
10927529
10930846
10932927
10933581
10952594
10952785
10955493
10956534
10956603
10959865
10960789
10962816
10967310
10967792
10968385
10968768
10969809
10970428
10970794
10971357
10971393
10972807
10972829
10973355
10973644
10973787
10973790
10973891
10973966
10974051
10974990
10975536
10975563
10976135
10976464
10976591
10976875
10976878
10977023
10977495
10978863
10979070
10979659
10979744
10980207
10980341
10981389
10981488
10982087
11023000
11036672
11037335
11164107
11164975
11165325
11166544
11168093
11168299
11169878
11171018
11171658
11172401
11174927
11175617
11175985
11176581
11177030
11177282
11177595
11177699
11194260
11194348
11195120
11195318
11196941
11197098
11197573
11198149
11198261
11198292
11198976
11199319
11200944
11201511
11202920
11204749
11206134
11206237
11208037
11208313
11211484
11422243
11422374
11422633
11423372
11424141
11427017
11427250
11427804
11427848
11428469
11428638
11428664
11428863
11431427
11432039
11432095
11432747
11432977
11433000
11433798
11434390
11435249
11479610
11479684
11479789
11482195
11482329
11482376
11482387
11483068
11484421
11484437
11484491
11484910
11485383
11485969
11486581
11486598
11487007
11487553
11487639
11488385
11488395
11488438
11488620
11488720
11488861
11488989
11489408
11489801
11489926
11489975
11521614
11522942
11523725
11523844
11524178
11527324
11527496
11530352
11530893
11531412
11532848
11533636
11536282
11536888
11538663
11538743
11538907
11539111
11540095
11540469
11541437
11541471
11541739
11542119
11542760
11543096
11543428
11543976
11544115
11544442
11544599
11544983
11545210
11545459
11545755
11545920
11546341
11546957
11547882
11547899
11548064
11548123
11548138
11548647
11550127
11550234
11550361
11550848
11551335
11551399
11551647
11551976
11552131
11552748
11552846
11556669
11570484
11788072
11789009
11792392
11793148
11795241
11795590
11795713
11799941
11802477
11810101
11837886
11838221
11839548
11841013
11842019
11845393
11845519
11845716
11847514
11848176
11848776
11848926
11854887
11942349
11943188
11944474
11944500
11944823
11946350
11946730
11946799
11947113
11947721
11947800
11948032
11949127
11949807
11950101
12024442
12025062
12025900
12027425
12028491
12030175
12032008
12037028
12038180
12038180
12040849
12041239
12069033
12088495
12092802
12092850
12094071
12094092
12094680
12095363
12095491
12096118
12097019
12097030
12097088
12097711
12097733
12098220
12098318
12098830
12099721
12100253
12100652
12101269
12101435
12102219
12102474
12102969
12104449
12104637
12105773
12106413
12106481
12107158
12107248
12107434
12107747
12107803
12107963
12108157
12108167
12108254
12121996
12122500
12124285
12124306
12124465
12126311
12126360
12126609
12126828
12127624
12128463
12128532
12128701
12128846
12129438
12130161
12131403
12131506
12131683
12132843
12134425
12134674
12134824
12139484
12142771
12152401
12153879
12155491
12217109
12218641
12221162
12223411
12226515
12226880
12229765
12233933
12234599
12235049
12235067
12235328
12235782
12235924
12235934
12236012
12236158
12236219
12236447
12236494
12236576
12236690
12236734
12237754
12237840
12237926
12237988
12238114
12238265
12238353
12238381
12238598
12239489
12239877
12240510
12240578
12241083
12241136
12241162
12241325
12241614
12242515
12242680
12242941
12243194
12243374
12243389
12243637
12243659
12244239
12244447
12244984
12244986
12245117
12245143
12245184
12245241
12245785
12245890
12246106
12246607
12246714
12247630
12247635
12248073
12248437
12249386
12249498
12249776
12249944
12250254
12250667
12251189
12251330
12251534
12251648
12270341
12271079
12271166
12271409
12272984
12273111
12274056
12274067
12274249
12274376
12274665
12274807
12275695
12275940
12276016
12276625
12276676
12276857
12277235
12278581
12278783
12279024
12279233
12279492
12280147
12280399
12280412
12281032
12281588
12281826
12282287
12282903
12282938
12282986
12283014
12283579
12283873
12284007
12284230
12284297
12284413
12285184
12286043
12320226
12345468
12367076
12370009
12370681
12373012
12374094
12376031
12378329
12378449
12410006
12413804
12416166
12417536
12419546
12420836
12422149
12423135
12423946
12423973
12472957
12473095
12475948
12476622
12476787
12476993
12478688
12478725
12479209
12479249
12479736
12479823
12480596
12481004
12481953
12482747
12483195
12483545
12487168
12560081
12560960
12561399
12561625
12562084
12562647
12564059
12564238
12566490
12566558
12567076
12567231
12567507
12567584
12567604
12567891
12567949
12568230
12569141
12569977
12571019
12571612
12572438
12573217
12573820
12574221
12574770
12575078
12575281
12575308
12575893
12576957
12584432
12585971
12587984
12588928
12591427
12591732
12592936
12593577
12616661
12616772
12620244
12620404
12620461
12621060
12624471
12624958
12625873
12626785
12724150
12724615
12726477
12727013
12727875
12728095
12729301
12729824
12730248
12730280
12731408
12732664
12734952
12735942
12736146
12736604
12739579
12788054
12788836
12789179
12789449
12790048
12790120
12791115
12791766
12793807
12796412
12796577
12796667
12796795
12796906
12797057
12797279
12856014
12856088
12856133
12856137
12856198
12856621
12856714
12856840
12857674
12857798
12858012
12858031
12858045
12858223
12858393
12858546
12859267
12859312
12859385
12859980
12860026
12860283
12860458
12860628
12860976
12861006
12861241
12861414
12861694
12862300
12862411
12862499
12862580
12862840
12863349
12863961
12864421
12864794
12864802
12864804
12864983
12865369
12865789
12865829
12866087
12866584
12866963
12867077
12867175
12867563
12868157
12868300
12868567
12868603
12868681
12868754
12868857
12869091
12869124
12869436
12869561
12869611
12869712
12869779
12869899
12869976
12870745
12871329
12871509
12871726
12871897
12889373
12892202
12893840
12896291
12896923
12896980
12898503
12900071
12900979
13078436
13078825
13079159
13079628
13080816
13080886
13081730
13083032
13083208
13083261
13083690
13083801
13083966
13084551
13084641
13084664
13084780
13085425
13085565
13085679
13086607
13086967
13088357
13109246
13110518
13112021
13117237
13117424
13117777
13117950
13118579
13119080
13119103
13119153
13119442
13119580
13119782
13119818
13119883
13120272
13120546
13120887
13121067
13121281
13121384
13121407
13122652
13123017
13124035
13124681
13125328
13125493
13125514
13125861
13126006
13126038
13126096
13126333
13126632
13127202
13127356
13127542
13129955
13176572
13178046
13178930
13178971
13179423
13179551
13179673
13179780
13180067
13180550
13180812
13181694
13181770
13182974
13184014
13184615
13185105
13185538
13187646
13187656
13187841
13188287
13188589
13188870
13189425
13189765
13189996
13190550
13191110
13191902
13192406
13193279
13193377
13194067
13194500
13194915
13195339
13195666
13195957
13196185
13196220
13252685
13253175
13253313
13253565
13253598
13253788
13253920
13253921
13254480
13254598
13254709
13254752
13254996
13255025
13255095
13255292
13255293
13255798
13256511
13256776
13257264
13257328
13257389
13257615
13257622
13257656
13257685
13257880
13257911
13258122
13258156
13259344
13259563
13259662
13260196
13260434
13260538
13260561
13260929
13261192
13261266
13261947
13262149
13262331
13262406
13262986
13295242
13296047
13296064
13296469
13296957
13297280
13297754
13297897
13298384
13298625
13299078
13299131
13299439
13299736
13299858
13299929
13300526
13300702
13300917
13301056
13301115
13301218
13301505
13301919
13301922
13301936
13301993
13302387
13302802
13302820
13303009
13303082
13304140
13304230
13304905
13304956
13305229
13305614
13305719
13305799
13306186
13306202
13306888
13307244
13307303
13307763
13308091
13308358
13308674
13308751
13308808
13309200
13309582
13309787
13310065
13310457
13310613
13310672
13310902
13310912
13310929
13311931
13364598
13366339
13369688
13370331
13370339
13370465
13370831
13372667
13373693
13375630
13376369
13376789
13379189
13381851
13383663
13383669
13389651
13428973
13429070
13429548
13430014
13431186
13431431
13432412
13432539
13432669
13433322
13433475
13436195
13438680
13438981
13439257
13439506
13439542
13439655
13441586
13444488
13444819
13445945
13449203
13449408
13451739
13451870
13452809
13454563
13458010
13557713
13557963
13557984
13558421
13558498
13558713
13558950
13559173
13559638
13559850
13560481
13560580
13560727
13560807
13560948
13561007
13561430
13561724
13561978
13562435
13562469
13562863
13562970
13563598
13563651
13563716
13564077
13564083
13564194
13564563
13565139
13565605
13566511
13566815
13567385
13568335
13568499
13568684
13568714
13569353
13573183
13575238
13577423
13578126
13578993
13580722
13580798
13582386
13582525
13619081
13623977
13624171
13626457
13627103
13631770
13632062
13635767
13635781
13636015
13638622
13639786
13639814
13639869
13639914
13639925
13639992
13641153
13641208
13641380
13641732
13641835
13641854
13642014
13643568
13643780
13643948
13644010
13644446
13644478
13644640
13644804
13645206
13645230
13645384
13645711
13645800
13645816
13646189
13646252
13646363
13646910
13648000
13648037
13648365
13648596
13648765
13648885
13669181
13669238
13669441
13669503
13669828
13670038
13670133
13670520
13670667
13670811
13671291
13671322
13671431
13671505
13672477
13672602
13672692
13672733
13673140
13673248
13673532
13673578
13673643
13673866
13673997
13674006
13674535
13674719
13675018
13675037
13675353
13675410
13675713
13675824
13676047
13676288
13676493
13676542
13676738
13676919
13676922
13677239
13677400
13677440
13677713
13677829
13677999
13678114
13678122
13678178
13678227
13678896
13678946
13679301
13679361
13679372
13679380
13680441
13680450
13680686
13681053
13681535
13681768
13682229
13682398
13683353
13702861
13703450
13705472
13705573
13705708
13705714
13707337
13707671
13708279
13709504
13711193
13711486
13711703
13712347
13712542
13712548
13713629
13714183
13714324
13714825
13715570
13748171
13748172
13748224
13748830
13749302
13749697
13750431
13750991
13751800
13751925
13752363
13752508
13752863
13753534
13753555
13754173
13754406
13754577
13754938
13755334
13755557
13756487
13756598
13756714
13756838
13757052
13757495
13757869
13758085
13758681
13758753
13759520
13759758
13760581
13761566
13933200
13936212
13938571
13939062
13940382
13941082
13941678
13945768
13947998
13980995
13985676
13991295
13993176
13993426
13994200
13996637
14000270
14000349
14000875
14000929
14000985
14001052
14001773
14001822
14001956
14002183
14002359
14002412
14002502
14003030
14003295
14003380
14003558
14003567
14003994
14004615
14004784
14005019
14005102
14005130
14005404
14005420
14005618
14005733
14006627
14006836
14007167
14007785
14007966
14008162
14008197
14008445
14008636
14008653
14008744
14008750
14008904
14008924
14009004
14009251
14009325
14010026
14010126
14010518
14010754
14010768
14010818
14011187
14011886
14011967
14011993
14012198
14012277
14012364
14012545
14012621
14012635
14043017
14043498
14043649
14043729
14043817
14044740
14045872
14046923
14047025
14047372
14047703
14047775
14047871
14047913
14047999
14048293
14048657
14048833
14049461
14049982
14050017
14050068
14050489
14050558
14050896
14050939
14051757
14052279
14052309
14053653
14054228
14054276
14055344
14056111
14056122
14056144
14056279
14056937
14057242
14057300
14058322
14059023
14059458
14059634
14060036
14090450
14090805
14092565
14093801
14094230
14094343
14096286
14096348
14096634
14097463
14097472
14097474
14097866
14098023
14098086
14098096
14098537
14098928
14099420
14196636
14386778
14388533
14392429
14435604
14435673
14436548
14436936
14436988
14437181
14437385
14437419
14437706
14437934
14438141
14438404
14438414
14438573
14438738
14438842
14439027
14439066
14439633
14439882
14439951
14439980
14439985
14439985
14440095
14440149
14440607
14440755
14440868
14440922
14441013
14441283
14444044
14444096
14444113
14444363
14444504
14444592
14445036
14445478
14445537
14445615
14445909
14446321
14446620
14446828
14447575
14447614
14448045
14644402
14645056
14645769
14645996
14646542
14647815
14647929
14651661
14651893
14652150
14652608
14654365
14654573
14688581
14702797
14712910
14720485
14729716
14737527
14866480
14869585
14870481
14922964
14923161
14923592
14923881
14924098
14924437
14924589
14924889
14924954
14925069
14925292
14925485
14925605
14925633
14925670
14926047
14926208
14926282
14926327
14926709
14926835
14927074
14927275
14927356
14927411
14927721
14927786
14927790
14927899
14927947
14927975
14928744
14929785
14929914
14929920
14930305
14930513
14930612
14931098
14931223
14931262
14931437
14931512
14931687
14931929
14932672
14932707
14933029
14933031
14933043
14933065
14933274
14933549
14933602
14935268
14935821
14935890
14936168
14936551
14937148
14937699
14937930
14938012
14938039
14938401
14938601
14938602
15079824
15079991
15080229
15081540
15081584
15081948
15082250
15083991
15085663
15087105
15087153
15087523
15088031
15089363
15090186
15090255
15091332
15091814
15192046
15192851
15196549
15196550
15198227
15203584
15203992
15738546
15739236
15741548
15743927
15748235
15758896
15795071
15901956
15904469
16191946
16223695
16224793
16225394
16225781
16225929
16228121
16229146
16229755
16230819
16231008
16231276
16232216
16233677
16233814
16234895
16235316
16235506
16235511
16381268
16391294
16394785
16479273
16575732
16580501
16583543
16583667
16584176
16587888
16591196
16591366
16592181
16593192
16593524
16593779
16594114
16594540
16594564
16594656
16594772
16594903
16595164
16595502
16595760
16596320
16596474
16596948
16597271
16597669
16598328
16598558
16598670
16598866
16599792
16599934
16600110
16600294
16600489
16835543
16837166
16849397
16855810
16860087
16860124
16861464
16867960
16868403
16869521
16885969
16886281
16889017
16937796
16937818
16938342
16938621
16938834
16938915
16940332
16940515
16940716
16940806
16941321
16942598
16943786
16943892
16944118
16944250
16944500
16944540
16944676
16944794
16944817
16945300
16945399
16945538
16945591
16946632
16946726
16947251
16947333
16947373
16947426
16947721
16947965
16948075
16948388
16948453
16948554
16949015
16949113
16949617
16949797
16949802
16949872
16949935
16950032
16950601
16951417
16951989
17144606
17360662
17548149
17549132
17552241
17655295
17655680
17763577
17763704
17763857
17764389
17764409
17765227
17765784
17766230
17766493
17766834
17767584
17767602
17767718
17768185
17770741
17770804
17770823
17771604
17772128
17772317
17774005
17774121
17774387
17774680
17775487
17775760
17775874
17777182
17778022
17799229
17799532
17800666
17800933
17801804
17802599
17802654
17802780
17802928
17804949
17808026
17808109
17808403
17808923
17810855
17810973
17812470
17812741
17812794
17813362
17813670
17814664
17851625
18020023
18030186
18034342
18036011
18259460
18260957
18262296
18262833
18263791
18265801
18267716
18270686
18374148
18376245
18376298
18387656
18449950
18451713
18452536
18453942
18455872
18456333
18464455
18467353
18475742
18476745
18478172
18479646
18482737
18483178
18537893
