53556
53760
54472
55100
55390
55432
55670
56225
56479
57220
57462
58124
58274
58566
58653
59309
59403
61142
61761
61913
62085
62209
62427
62946
62948
63103
63326
63411
64595
64772
65441
65714
65954
66195
66276
66646
67062
67475
67595
67949
68925
68958
69102
69695
70664
82482
89957
91496
93509
94453
96952
97257
98461
99102
148150
148861
152290
153044
154833
183742
183822
183986
184190
185174
185548
186516
186550
186818
187198
187839
188175
188507
189055
189194
189521
189678
190062
190289
190538
190834
190999
191420
192036
192961
192978
193143
193202
193217
193726
195206
195313
195440
195927
196414
196478
196726
197055
197210
197827
197925
213737
223198
243603
244033
244180
244984
245563
245591
245736
246115
246275
246485
247087
247235
247236
247304
247527
247689
247807
248163
248501
249023
250120
250496
251083
251417
252323
252436
253006
253399
254846
256070
256754
257337
257376
258179
258255
258756
260679
261091
261622
262041
262691
262903
263744
264168
264317
264511
264936
264999
265980
266213
266377
266513
266768
267561
267573
267592
267922
268708
269252
269284
269404
269429
269812
269889
269935
270120
271092
271180
271282
271618
271691
272036
272057
272079
272493
272993
273073
273535
273578
274122
274549
274729
282874
298511
312899
313462
314813
316172
318507
322746
325909
326615
331527
333090
333915
334615
335516
336395
339813
340076
371345
371814
372506
372637
374150
375259
375352
375635
378797
379668
380565
380864
381309
382760
383229
383316
384198
384525
384594
384825
387599
388042
388197
388818
388893
389248
391956
392077
392482
393401
396070
397006
400873
401078
401842
402082
402334
403569
403626
404292
418942
420121
420812
422363
422901
423720
424712
425958
426195
427738
428702
428770
429469
429554
429871
430962
432037
432276
433011
433048
434078
435862
528415
529019
529040
530214
530656
531699
532357
533789
535084
535513
537419
538213
538363
630399
668909
681031
681357
682110
682834
682924
682971
683224
683745
684356
684448
684579
685149
685155
685267
686193
686747
686833
687203
687225
687708
688576
688604
688660
688730
689556
689977
690406
691311
691437
692159
692290
692373
692881
692929
694171
694205
694268
694488
694931
695516
695606
695609
695642
695676
696336
697452
697851
698365
698764
699019
700127
700273
700475
700651
701088
701153
701923
702161
702301
702411
702577
702657
702770
702859
703077
703504
703734
703790
704098
704243
704355
704621
704667
704971
705125
705247
705320
705366
705844
705866
706128
706520
706597
706715
706868
707005
707359
707429
707683
707726
709056
709316
709576
709693
709757
710143
710484
710573
710618
710815
711294
711321
711355
711576
712060
712124
712266
712409
712505
712606
712900
712939
713003
713998
714018
749732
750004
750339
750765
750784
751197
751215
752663
753276
753614
753691
753931
754552
754895
755040
755164
755479
755562
755754
755850
755900
756455
757092
757210
757216
757336
757705
757791
757858
758799
758933
758938
758992
759995
760390
760522
760700
761256
761401
761724
761954
761999
762907
763680
763814
764274
764445
764613
764634
764656
764664
764764
765145
765193
765357
765442
765602
799318
801018
801835
802241
803903
803930
804313
805830
807160
810019
810279
812003
813891
814748
814989
816776
817289
817526
817749
819958
820496
820689
820985
823874
823959
824265
824348
825576
825669
825807
826282
877196
892594
892764
893579
894590
894922
895177
895512
895938
895962
896054
896170
896301
896562
896900
897158
897718
897872
898346
898669
899067
899726
899956
900068
900264
901190
901332
901508
901692
901887
902289
903376
904396
904483
906155
907396
908974
909391
909507
909571
909636
909800
910146
911063
911450
911832
912384
912449
913994
914289
914353
914664
914985
915033
915335
915643
917444
918035
919560
920283
920357
920804
922470
922856
922890
923248
924678
925188
925279
925391
925682
925888
926083
926595
927105
927160
927723
928202
929362
929936
930653
930939
931808
932583
932603
932605
932650
933274
933320
933603
934252
934423
935467
935496
935746
937702
937885
946405
952116
955489
974451
975033
975187
975200
975232
975287
975339
975466
975781
976363
976363
976569
977888
978162
978307
978462
978674
978761
979437
980453
980653
980806
981363
981679
981886
982665
982730
982967
983245
983279
983298
983714
983717
983995
985316
985609
985937
986300
987398
987517
987968
988600
988603
988770
988805
988950
1049226
1049451
1049514
1049648
1050162
1050866
1050908
1051392
1052695
1053056
1054253
1054549
1054712
1055287
1055597
1055658
1056038
1057194
1057247
1057396
1057539
1058340
1059505
1059787
1061058
1061309
1061833
1062007
1062314
1063219
1063238
1063258
1063652
1063885
1064534
1065198
1090307
1090477
1090572
1090795
1090978
1091952
1092411
1092413
1092425
1092624
1092867
1093154
1093655
1093721
1093754
1093796
1093909
1094112
1094265
1094270
1094308
1094961
1095429
1095879
1095911
1096313
1096735
1097038
1097209
1097532
1098081
1098353
1098554
1099260
1100019
1100056
1100396
1100823
1101136
1101317
1101559
1101726
1102004
1102473
1102552
1103116
1103327
1103497
1103852
1104192
1104752
1104922
1105280
1105544
1105780
1105933
1106154
1106316
1106415
1106586
1106935
1108006
1108107
1108326
1108488
1109778
1110558
1111224
1111434
1111520
1111793
1111797
1112222
1113282
1113760
1114116
1114231
1114244
1114244
1114340
1114634
1116964
1118005
1118277
1119151
1120384
1120932
1121166
1121439
1121995
1122282
1122590
1122689
1122704
1122834
1123135
1123251
1123532
1123568
1123724
1124838
1124880
1125020
1125511
1126415
1126746
1127074
1127444
1127774
1127786
1127807
1127869
1127969
1128164
1128220
1176027
1227215
1232111
1232305
1234591
1235237
1239904
1240196
1243549
1245373
1246365
1252527
1254154
1263683
1302624
1419919
1420299
1422310
1425186
1426610
1430960
1431035
1431298
1431699
1432462
1499538
1499584
1499790
1500596
1500842
1500959
1502192
1502372
1502983
1503399
1503669
1504775
1504847
1505290
1505306
1505339
1505945
1506485
1506741
1507140
1507462
1507876
1508027
1508967
1509180
1509543
1509752
1510662
1511027
1512587
1513101
1513109
1513612
1513783
1513816
1514343
1514613
1515294
1515314
1516157
1547444
1547561
1548632
1549368
1549751
1550685
1550918
1551157
1551657
1551992
1552162
1552527
1552601
1553145
1553311
1554067
1554417
1554468
1554515
1554888
1555056
1555560
1555757
1556081
1556493
1556595
1556744
1556779
1556909
1556953
1557132
1557396
1558393
1559189
1559230
1559535
1593678
1593839
1596458
1596499
1598728
1600971
1603378
1607355
1607422
1608212
1609064
1610065
1611828
1612670
1613289
1613858
1614059
1614865
1615676
1616014
1616016
1616332
1617172
1617855
1620268
1620401
1620647
1621103
1639850
1640330
1644476
1644517
1649822
1650468
1684431
1834980
1835124
1836076
1836573
1836897
1836946
1836987
1837021
1837580
1837724
1838037
1838551
1838917
1839060
1839652
1839751
1839928
1840035
1840193
1840980
1841470
1841482
1841744
1842026
1842107
1843229
1844030
1844085
1844700
1844774
1844855
1845008
1845405
1846287
1846360
1847084
1847329
1847440
1847545
1847592
1847597
1847604
1848317
1848635
1848831
1848984
1849781
1849845
1850369
1850547
1850661
1850687
1861160
1872543
1874640
1874693
1886051
1886341
1886683
1886879
1887231
1887513
1887867
1888659
1889485
1890433
1891140
1891211
1892036
1892502
1894602
1895168
1895297
1895700
1895997
1897034
1897065
1932320
1941872
1980093
2137101
2181081
2182755
2183308
2184668
2184770
2184908
2184929
2185468
2186092
2186304
2187184
2187193
2187661
2187876
2187925
2188273
2188427
2189260
2189340
2189347
2189554
2190140
2191905
2192260
2192832
2193194
2193653
2193835
2194305
2194413
2194795
2194959
2195016
2195079
2195359
2195377
2195500
2195960
2196060
2196132
2196482
2196792
2197231
2197344
2197511
2197697
2198037
2198227
2199076
2199169
2199786
2201264
2201958
2203269
2204252
2205176
2206331
2206715
2206931
2207434
2207892
2208015
2208171
2208423
2208537
2208623
2209217
2210125
2210558
2211069
2211286
2211458
2211854
2211998
2212767
2212856
2212988
2213060
2213131
2213750
2213845
2213845
2213987
2214401
2214915
2215016
2215874
2215940
2216137
2216577
2263982
2265020
2266013
2266039
2266291
2266361
2266535
2266814
2267815
2267839
2268126
2268367
2268483
2268617
2268658
2268858
2269321
2269846
2270347
2270418
2270537
2270733
2270912
2271214
2271296
2271395
2271466
2271475
2272060
2272442
2272951
2273064
2273130
2273131
2273179
2273213
2273861
2274066
2274272
2274288
2274536
2274758
2275331
2275583
2276082
2276415
2276423
2277514
2278207
2278433
2278455
2278963
2279746
2279896
2279899
2343757
2346486
2348597
2348679
2348911
2350618
2350994
2351026
2354070
2354740
2356203
2357575
2357690
2361222
2361490
2362603
2370776
2415757
2415940
2416507
2416613
2416934
2417111
2417259
2417603
2417632
2417978
2418060
2418294
2418514
2418651
2418792
2418952
2419079
2419107
2419256
2419603
2419633
2420719
2421524
2421834
2422104
2422407
2423247
2423307
2423410
2423590
2423828
2423970
2424020
2424277
2424677
2424972
2425616
2425655
2425807
2425945
2428798
2429472
2429637
2429843
2431538
2431575
2432059
2432099
2432586
2432673
2433446
2433854
2434803
2435597
2436045
2436395
2449202
2449587
2455517
2456952
2458642
2459934
2466108
2468848
2543750
2543839
2544007
2544183
2544411
2544531
2544648
2544817
2545429
2545632
2546113
2546621
2546770
2547280
2547347
2547469
2547782
2548628
2548681
2548893
2549500
2549563
2549822
2549835
2550257
2550504
2551144
2551716
2551993
2552938
2553116
2553157
2553188
2554506
2554579
2555275
2556032
2557024
2557331
2557440
2558381
2558906
2559106
2559752
2559755
2812912
2813023
2813073
2813319
2813382
2814669
2815011
2815068
2816363
2816909
2817216
2817982
2818465
2818578
2818590
2818646
2819783
2819885
2820029
2820756
2821023
2821792
2821832
2821884
2821892
2822025
2822392
2822575
2822612
2822641
2822898
2822967
2823194
2823563
2824073
2824605
2824947
2826426
2826631
2827268
2827340
2827585
2828302
2829214
2831057
2832320
2833181
2834367
2837180
2837361
2838158
2838450
2838472
2838766
2852595
2853126
2853978
2854157
2854872
2855908
2857067
2857998
2860747
2861314
2932974
2933319
2974665
2974713
2975934
2975955
2976543
2977226
2977354
2977981
2978882
2978893
2978951
2979574
2979596
2980083
2980181
2980693
2981584
2982116
2982515
2983132
2983298
2984082
2984337
2984832
2986312
2986500
2987636
2988276
2988344
2989021
2989111
2989297
2989610
2989666
2989826
2990020
2990030
2990117
2991807
2992186
2992643
2992921
2995707
2995943
2997228
2997393
2997819
2999235
2999683
3003109
3003420
3009518
3011777
3011948
3012495
3013118
3013687
3014157
3014257
3015687
3015840
3016117
3016291
3018093
3019052
3020119
3033594
3033649
3033681
3034175
3034327
3034426
3034454
3034584
3035236
3035614
3036063
3036425
3036602
3037009
3037096
3037207
3037714
3038571
3038629
3039145
3039237
3039283
3039915
3039973
3040489
3040605
3040687
3040891
3041048
3041050
3041191
3041525
3041694
3041934
3042751
3042786
3042955
3043007
3043374
3045261
3045292
3045955
3046489
3129831
3173855
3178132
3178169
3179509
3186005
3186448
3187566
3191984
3195271
3204901
3206379
3207991
3267196
3267730
3273273
3273642
3274085
3274811
3274893
3275541
3275852
3275925
3276855
3277297
3278037
3278100
3278692
3278701
3279367
3280024
3280770
3281477
3282193
3283230
3283502
3283542
3284284
3285032
3285071
3285086
3286372
3287274
3287387
3288815
3289645
3411979
3412201
3413386
3414222
3414303
3414807
3414884
3414999
3415027
3415268
3415407
3415444
3415497
3415544
3415847
3416071
3416304
3416669
3417045
3417206
3417654
3417859
3418237
3418700
3418964
3419109
3419282
3419522
3419727
3419803
3419924
3420158
3420243
3420433
3420503
3420992
3421152
3421446
3421705
3421869
3421930
3422347
3489956
3492242
3493827
3494146
3497784
3498768
3500639
3501875
3502899
3503152
3503320
3503579
3503807
3503814
3504043
3504113
3504514
3505277
3506818
3507203
3507404
3508310
3508355
3508738
3508778
3510205
3510222
3510887
3511139
3511528
3511627
3511747
3511848
3512314
3512412
3512616
3514208
3514442
3613191
3613382
3613393
3613471
3613519
3613615
3613710
3613737
3613951
3614568
3615270
3615349
3615669
3615748
3615996
3616268
3616452
3616546
3616808
3617221
3617640
3617716
3618501
3618849
3618972
3619474
3619706
3619975
3620487
3620889
3621356
3621441
3621711
3621852
3622290
3622321
3622490
3622819
3622842
3623419
3623632
3623782
3624250
3624419
3624843
3625271
3625340
3625660
3625804
3625907
3625980
3626060
3626208
3626268
3626353
3627335
3627350
3627361
3627588
3649091
3649204
3649285
3650366
3651617
3652357
3652662
3653323
3654294
3654398
3654483
3654648
3654752
3655281
3656041
3656149
3656650
3656821
3656942
3656954
3657769
3657875
3657943
3677806
3683145
3693829
3694203
3694453
3694665
3694750
3694765
3695265
3695400
3695441
3695495
3695594
3695851
3695977
3695996
3696075
3696123
3696149
3696325
3697178
3697201
3697232
3697316
3697364
3697395
3697839
3697972
3698485
3698852
3699602
3700015
3700342
3700386
3700573
3701000
3701213
3701666
3701971
3702109
3702268
3702993
3703555
3704020
3704348
3705124
3705324
3705580
3705650
3706439
3706605
3706695
3735913
3736392
3736405
3736431
3736642
3736871
3736935
3737368
3737473
3737566
3737621
3738007
3738380
3739118
3739403
3739485
3739491
3739826
3740167
3741077
3741303
3742531
3743210
3743270
3743508
3744494
3744582
3745264
3745417
3757385
3759898
3765264
3766167
3766790
3767964
3769387
3770051
3770490
3771031
3771414
3771616
3772035
3772558
3773383
3773949
3774119
3774287
3774327
3774639
3774647
3774781
3775172
3775998
3776077
3776664
3777548
3778612
3779905
3780219
3813881
3817139
3817344
3819675
3819806
3820745
3822499
3825946
3845687
3845879
3846139
3846524
3846621
3846729
3846825
3846869
3847084
3847461
3847485
3847643
3848162
3848364
3850373
3850830
3850907
3851061
3851367
3851577
3851672
3851890
3851907
3852666
3853237
3853674
3853765
3854304
3854454
3854457
3854585
3854863
3854945
3855102
3855314
3855333
3855890
3856353
3856693
3856701
3856910
3857303
3857399
3857872
3858720
3858903
3859050
3859111
3859168
3859484
3859716
3859934
3860119
3860424
3861009
3861303
3861652
3862344
3862448
3862551
3863294
3863892
3863948
3883655
3884140
3884817
3886086
3888876
3890364
3890990
3892736
3894953
3895539
3897562
3953631
3953986
3955746
3956982
3957411
3957524
3959467
3959529
3959815
3960644
3960653
3960655
3961047
3961204
3961267
3961277
3961718
3962109
3962601
4016216
4016339
4017063
4018628
4018866
4018895
4019058
4020529
4020592
4020650
4020730
4021673
4021816
4023566
4023951
4025706
4026102
4026277
4026871
4029223
4029363
4029715
4029853
4030054
4030343
4031004
4031262
4031588
4031979
4033659
4136994
4151210
4185779
4189577
4191939
4193309
4195319
4196609
4197922
4198908
4199719
4199746
4340450
4340660
4341808
4341875
4342020
4342146
4342677
4342710
4343208
4343523
4343528
4344076
4344945
4345193
4345297
4345626
4345667
4345796
4345976
4346981
4347276
4347956
4347987
4347999
4348142
4348217
4348424
4348556
4348882
4348955
4349377
4349381
4349972
4350369
4350429
4350705
4351007
4351574
4351886
4352181
4352560
4353304
4353366
4353863
4354454
4354476
4354847
4355471
4355660
4356183
4356493
4356615
4356947
4357046
4357360
4357453
4358156
4358562
4358811
4359379
4359523
4478087
4478902
4479738
4480159
4480262
4482089
4482274
4482297
4483006
4483764
4485182
4485641
4485682
4488801
4489295
4490433
4491148
4492568
4527891
4528343
4529325
4529473
4529564
4530223
4530448
4531629
4531817
4531876
4532237
4534109
4534191
4534229
4534360
4534582
4535102
4535527
4535608
4536167
4536284
4537003
4538595
4538829
4539048
4539062
4539319
4539605
4539823
4540191
4540477
4540507
4540928
4541028
4541071
4541193
4541311
4587837
4589000
4591003
4591087
4593696
4595350
4596280
4596715
4598063
4598064
4598727
4599305
4600074
4600563
4601515
4601643
4602302
4603040
4603205
4603772
4603844
4683440
4683873
4684088
4684323
4684639
4684738
4685155
4685431
4685591
4685645
4685952
4686632
4687076
4687244
4687380
4687416
4687778
4688093
4688179
4688591
4688595
4688701
4688862
4689151
4689300
4689481
4689506
4689583
4689586
4689877
4690477
4690550
4690682
4690714
4691024
4691755
4692117
4692436
4693326
4693348
4693536
4693544
4694080
4694374
4694493
4694671
4695334
4695409
4695425
4695658
4695686
4696464
4696500
4696972
4697601
4697832
4697929
4698049
4698178
4698351
4698484
4698495
4698770
4713811
4713942
4714201
4714940
4715709
4718585
4718818
4719372
4719416
4720037
4720206
4720232
4720431
4722995
4723607
4723663
4724315
4724545
4724568
4725366
4725958
4726817
4770062
4770445
4771486
4772105
4772471
4773034
4773070
4774484
4774506
4775032
4775321
4775464
4775467
4775568
4775643
4775728
4776667
4777213
4777240
4777812
4778141
4778268
4778552
4778555
4778700
4779172
4780540
4780747
4781336
4781421
4781884
4782018
4783066
4783165
4783764
4785104
4785391
4786301
4787672
4788346
4788402
4788872
4789055
4789606
4790143
4790202
4791078
4791479
4791480
4793073
4793357
4793597
4795161
4795399
4795710
4796287
4796750
4812317
4812600
4812683
4812815
4812898
4812962
4813229
4813432
4813564
4814118
4814451
4815111
4815240
4815476
4815514
4815661
4815974
4816213
4816315
4816584
4816604
4816942
4817012
4817040
4817086
4817949
4817989
4818026
4818221
4818390
4818663
4818784
4818790
4818892
4818906
4818910
4819025
4819096
4819138
4819243
4819467
4819584
4819714
4819865
4820036
4820246
4820963
4822150
4824125
4828866
4839662
4843850
4843939
4861074
4862850
4868818
4869476
4870444
4871523
4872071
4922507
4931738
4939549
4954801
4955452
4960335
4965725
4985860
4986098
4986104
4986645
4987196
4987298
4987729
4988111
4988123
4988364
4989032
4989607
4989826
4989982
4990035
4990686
4990816
4992042
4992447
4992827
4993833
4994429
4994458
4995234
4995701
4995818
4996728
4997247
4997266
4997293
4997471
4997827
4997959
5015364
5015732
5021458
5024878
5044695
5045007
5047743
5104301
5104667
5104792
5104849
5104939
5105440
5105517
5106566
5107273
5107660
5108554
5109227
5109444
5109885
5109901
5109938
5110041
5110094
5110250
5110472
5110832
5110874
5110893
5111095
5111318
5111523
5111685
5111715
5112098
5112197
5112621
5113343
5113966
5114157
5114500
5114814
5115006
5115705
5115994
5116518
5117237
5117282
5117377
5117921
5118496
5118640
5118677
5118717
5118924
5119061
5119108
5119607
5119779
5119806
5120048
5120490
5120899
5120984
5121048
5121151
5121162
5121183
5121225
5121555
5122342
5122459
5122488
5123143
5123461
5123737
5124093
5124842
5126324
5127132
5127757
5128936
5129003
5129259
5129278
5129906
5130352
5132582
5132774
5132933
5133200
5134242
5134305
5134936
5135306
5136219
5136370
5137007
5137988
5138448
5138722
5139068
5139872
5140383
5140461
5140527
5159284
5159619
5160946
5162411
5163417
5166791
5166917
5167114
5168912
5169574
5170174
5170324
5173720
5174186
5174189
5174419
5176924
5180408
5180722
5180840
5181608
5182283
5182570
5184002
5184431
5184898
5200565
5202306
5205655
5206298
5206306
5206432
5206798
5208634
5209660
5211597
5212336
5212756
5215156
5262409
5262503
5262603
5262640
5262771
5262808
5262857
5263089
5263582
5264017
5264129
5264726
5265119
5265403
5266531
5267275
5267830
5267919
5268273
5268904
5268992
5269163
5269221
5269571
5269645
5269756
5269763
5270126
5270675
5270902
5270970
5271024
5272691
5273044
5273476
5320082
5320161
5320687
5320741
5320797
5320864
5321585
5321634
5321768
5321995
5322171
5322224
5322314
5322842
5323107
5323192
5323370
5323379
5323806
5324427
5324596
5324831
5324914
5324942
5325216
5325232
5325430
5325545
5326439
5326648
5326979
5327597
5327778
5327974
5328009
5328257
5328448
5328465
5328556
5328562
5328716
5328736
5328816
5329063
5329137
5329838
5329938
5330330
5330566
5330580
5330630
5330999
5331698
5331779
5331805
5332010
5332089
5332176
5332357
5332433
5332447
5448875
5450408
5450496
5451339
5451529
5451791
5452250
5452300
5452562
5453082
5454297
5454809
5455474
5455959
5455985
5456085
5456322
5456967
5457640
5457978
5458170
5459614
5459615
5459778
5460053
5460327
5460482
5460855
5461346
5461429
5476033
5477212
5478129
5478138
5478237
5479848
5479998
5480571
5480945
5481237
5481727
5481963
5482256
5482646
5482897
5483601
5484006
5484166
5484514
5485075
5485600
5485710
5485935
5486404
5486508
5486981
5487045
5487327
5524882
5533085
5533276
5535984
5537025
5537094
5540356
5541280
5543307
5547801
5548283
5566900
5567000
5567277
5567280
5567603
5568346
5568583
5568597
5569082
5569194
5569208
5569236
5569712
5569801
5570052
5570298
5570409
5570998
5571027
5571037
5571068
5571418
5571986
5572035
5572138
5572279
5572326
5572725
5573097
5573916
5575335
5576070
5576233
5576795
5576946
5577151
5577162
5577337
5577803
5578256
5578308
5578322
5578904
5578935
5578982
5579404
5579479
5579498
5593682
5597925
5665498
5666303
5670001
5670002
5671679
5677036
5677444
5878117
5879373
5880732
5882160
5886282
5887776
5906166
5906173
5906819
5907832
5907956
5908055
5908067
5908241
5908808
5908925
5908947
5909221
5909305
5909640
5909660
5910183
5910528
5910926
5910973
5911176
5911730
5912236
5912462
5912691
5912713
5912757
5912890
5913590
5914117
5914329
5914514
5914634
5914679
5914830
5915444
5916455
5916532
5917198
5917618
5917641
5917884
5918026
5918049
5918100
5918118
5918162
5918322
5918567
5918838
5919126
5919252
5919380
5920163
5920166
5937625
5938090
5939952
5940488
5941350
5941570
5942776
5943299
5943723
5943755
5944883
5946139
5948427
5949417
5949621
5950079
5953054
5984072
5984174
5984272
5984618
5984903
5985206
5985380
5986254
5986314
5986347
5986567
5986725
5986743
5986782
5987941
5988165
5988252
5988686
5988811
5988940
5989476
5989809
5989927
5989971
5990605
5990743
5990992
5991180
5991252
5991383
5991494
5991568
5991639
5991647
5992300
5992395
5992647
5992693
5993128
5995107
5995544
5995752
5996248
5996856
5996903
5996971
5998168
5999051
5999188
5999202
5999353
5999402
5999449
5999505
5999583
6000998
6001540
6001616
6001632
6002535
6002616
6003833
6004743
6004752
6004900
6004942
6005395
6005794
6005993
6006062
6006689
6007714
6007721
6009094
6009752
6013746
6015081
6015830
6016405
6017534
6018496
6049550
6104203
6105245
6113773
6115160
6117421
6117581
6117680
6117775
6118124
6118274
6118634
6118838
6118927
6119176
6119522
6120089
6120481
6121642
6121878
6122132
6122506
6123228
6123486
6123688
6123702
6124159
6124423
6124475
6124813
6125029
6125380
6125485
6126077
6126173
6126207
6126437
6126544
6127109
6127273
6127667
6128088
6128124
6128830
6129054
6129218
6129445
6129462
6129701
6129989
6130179
6130194
6130432
6130568
6130755
6130778
6131106
6131461
6131488
6131689
6132097
6132236
6133037
6133423
6133845
6134001
6134042
6134160
6134267
6167691
6167765
6167810
6167814
6167875
6168298
6168391
6168517
6169351
6169475
6169689
6169708
6169722
6169900
6170070
6170223
6170944
6170989
6171062
6171657
6171703
6171960
6172135
6172305
6172653
6172683
6172918
6173091
6173371
6173977
6174088
6174176
6174257
6174517
6175026
6175638
6176098
6176471
6176479
6176481
6176660
6177046
6177466
6177506
6177764
6178261
6178640
6178754
6178852
6179240
6179834
6179977
6180244
6180280
6180358
6180431
6180534
6180768
6180801
6181113
6181238
6181288
6181389
6181456
6181576
6181653
6182422
6183006
6183186
6183403
6183574
6184302
6185288
6185732
6185989
6186426
6186974
6187406
6187436
6187476
6188056
6190183
6190779
6192194
6192996
6193212
6195351
6195491
6196720
6197295
6197806
6198778
6198999
6199066
6200729
6200756
6202461
6274312
6274455
6274599
6274629
6274714
6275033
6275133
6275641
6275893
6275992
6276899
6277475
6277628
6277680
6278141
6278754
6279083
6279256
6279283
6279314
6279334
6279877
6279991
6280131
6280186
6280259
6280449
6280617
6280777
6281236
6281409
6282736
6283043
6283260
6283305
6283378
6283611
6284074
6284078
6284209
6284407
6284478
6284725
6284741
6284773
6284880
6285105
6285284
6285606
6285635
6286039
6286073
6286228
6286298
6286416
6286798
6286961
6287123
6287943
6288457
6288810
6289197
6289219
6289323
6289598
6290048
6290089
6290255
6290617
6291079
6291182
6291369
6321763
6321821
6323442
6324108
6325924
6327180
6331262
6332389
6332417
6332558
6334237
6334772
6336646
6478275
6478293
6478362
6479287
6479585
6479689
6479780
6480557
6481416
6482386
6482581
6483342
6483410
6484045
6484077
6484278
6484461
6484493
6484685
6485354
6485364
6485514
6485925
6486056
6486850
6487255
6487425
6487568
6488015
6489350
6489707
6489833
6490708
6490764
6491415
6557004
6558459
6558479
6558917
6560067
6560273
6561262
6563659
6564575
6566150
6566296
6566950
6566988
6567979
6568093
6568935
6569385
6569403
6569664
6570118
6570260
6570270
6570348
6570494
6570555
6570783
6570830
6570912
6571026
6571070
6572090
6572176
6572262
6572324
6572450
6572601
6572689
6572717
6572934
6573825
6574213
6574846
6574914
6575419
6575472
6575498
6575661
6575950
6576851
6577016
6577277
6577530
6577710
6577725
6577973
6577995
6578575
6578783
6579320
6579322
6579453
6579479
6579520
6579577
6580121
6580226
6580442
6580943
6581050
6581966
6581971
6582409
6582773
6583722
6583834
6584112
6584280
6584590
6585003
6585525
6585666
6585870
6585984
6586695
6588023
6588806
6588925
6589259
6592405
6592577
6595433
6595974
6596493
6597929
6598717
6601363
6601969
6603746
6604551
6604873
6605640
6605677
6607259
6608457
6608605
6609210
6609568
6610044
6610329
6610352
6611521
6611906
6612125
6638622
6638635
6639027
6639205
6639368
6639720
6640156
6640271
6640365
6640499
6641136
6641513
6641640
6642037
6642380
6643950
6644105
6644511
6644683
6644830
6645014
6645403
6645531
6645648
6646126
6646138
6646278
6646810
6646974
6646978
6647044
6647181
6647199
6647200
6648615
6648696
6648999
6649030
6649444
6649456
6649632
6650023
6650438
6650481
6650912
6651479
6651762
6652212
6652892
6653272
6653391
6653435
6653694
6653726
6653958
6654014
6657832
6659104
6660607
6697090
6697142
6697278
6697423
6697620
6698065
6698308
6698433
6699091
6699226
6699642
6699782
6700019
6700930
6700951
6700989
6701103
6701305
6701517
6701637
6701670
6702706
6703219
6703242
6703497
6703506
6703535
6703574
6703888
6704003
6704113
6704150
6704486
6704647
6704952
6705318
6705400
6705738
6706368
6707012
6707167
6707171
6707378
6707859
6708084
6708088
6708490
6708563
6708828
6708958
6709362
6709396
6709628
6710390
6710572
6710621
6711023
6711160
6711174
6711438
6711730
6711786
6711989
6712328
6712715
6712845
6714028
6715202
6719239
6720589
6726190
6805406
6805712
6805863
6806006
6806572
6806748
6807651
6807711
6808218
6808755
6809733
6810010
6810185
6810205
6811116
6812051
6813756
6814371
6814423
6814630
6814951
6815238
6816017
6816220
6816514
6816746
6817400
6817604
6817809
6818313
6818461
6818521
6818742
6820176
6820623
6821316
6821467
6821546
6823814
6823902
6824170
6825327
6827326
6827545
6828854
6830052
6830365
6831180
6831803
6832046
6832630
6832850
6833320
6834576
6835446
6836334
6836688
6836745
6836948
6837010
6837335
6837545
6837640
6838027
6838174
6838318
6838798
6838829
6838938
6839012
6839984
6840109
6840199
6840240
6840647
6840755
6841039
6841085
6841150
6841373
6841504
6841513
6842042
6842226
6842525
6842544
6842860
6842917
6843220
6843331
6843554
6843795
6844000
6844049
6844245
6844426
6844429
6844746
6844907
6844947
6845220
6845336
6845506
6845621
6845629
6845685
6845734
6846403
6846453
6846808
6846868
6846879
6846887
6847948
6847957
6848193
6848560
6849042
6849275
6849736
6849905
6850860
6928158
6928547
6928881
6929350
6930538
6930608
6931452
6932754
6932930
6932983
6933412
6933523
6933688
6934273
6934363
6934386
6934502
6935147
6935287
6935401
6936329
6936689
6938079
7021809
7022059
7022080
7022517
7022594
7022809
7023046
7023269
7023734
7023946
7024577
7024676
7024823
7024903
7025044
7025103
7025526
7025820
7026074
7026531
7026565
7026959
7027066
7027694
7027747
7027812
7028173
7028179
7028290
7028659
7029235
7029701
7030607
7030911
7031481
7032431
7032595
7032780
7032810
7033449
7050001
7050570
7051484
7051864
7053712
7054428
7054938
7054980
7055175
7057143
7058179
7058549
7058792
7058949
7060020
7128895
7129187
7129525
7129928
7131199
7132067
7132998
7133609
7136162
7136878
7137288
7137790
7138699
7139471
7139743
7141095
7143677
7147232
7147515
7154162
7156824
7157263
7169681
7206582
7215710
7273841
7273871
7274398
7274563
7274600
7276790
7277171
7277408
7277557
7277634
7278417
7279143
7280188
7280218
7280940
7281233
7281597
7281939
7281952
7282156
7282366
7282629
7282850
7284029
7285081
7285112
7285751
7285869
7285991
7286121
7286646
7286747
7287563
7287754
7287990
7288154
7288631
7288713
7289856
7290358
7290462
7290824
7291794
7291882
7292654
7292852
7294475
7294632
7295107
7295683
7295795
7295826
7296510
7296853
7298478
7299045
7300454
7302283
7303668
7303771
7305571
7305847
7309018
7330072
7335693
7354085
7354597
7355404
7355450
7356127
7356438
7356438
7356458
7357580
7357777
7358485
7358841
7358899
7359092
7359373
7361188
7361233
7361457
7361829
7362211
7362292
7362381
7362563
7362603
7408514
7462066
7462186
7462260
7465075
7465191
7467105
7468262
7469093
7471224
7472582
7476009
7477659
7522240
7524003
7524826
7526232
7528162
7528623
7536745
7539643
7541928
7541936
7542046
7542352
7542640
7542993
7543076
7543268
7543362
7543690
7543704
7544041
7544442
7544825
7545575
7546015
7546190
7546539
7546615
7546678
7546742
7546916
7547000
7547071
7547382
7547668
7547988
7548003
7548226
7548326
7548352
7548668
7549003
7549189
7549678
7549692
7550177
7550392
7550682
7550896
7551027
7551064
7551281
7551795
7552287
7552718
7552749
7558876
7606120
7607237
7685300
7685484
7685706
7685841
7686253
7686393
7686457
7686808
7686854
7687171
7687600
7687777
7687996
7688108
7688284
7689058
7689395
7689777
7690939
7690990
7691254
7692186
7692187
7692514
7692791
7692957
7693260
7693378
7694489
7695156
7695283
7695311
7695811
7696315
7697122
7697174
7697463
7697863
7698585
7698653
7700287
7700462
7700990
7701151
7701254
7701265
7701980
7702223
7702254
7702675
7704174
7704326
7704680
7705050
7705125
7705649
7706036
7706370
7707011
7707118
7707123
7707206
7707223
7707458
7707804
7707814
7708387
7708535
7708732
7708906
7709047
7709150
7709300
7709322
7709728
7710982
7711001
7711073
7711306
7711824
7712116
7712120
7712246
7712495
7712628
7712796
7712976
7713890
7768828
7769697
7833728
7835604
7835981
7836203
7841699
7842334
7844110
7844743
7846086
7847891
7929187
7929221
7930030
7930268
7930713
7930804
7933232
7933292
7933339
7933940
7933953
7934247
7934670
7934720
7935028
7935406
7936233
7937204
7937331
7937377
7937720
7938047
7938169
7938521
7938640
7939222
7939323
7939528
7940071
7941438
7941573
7968805
8056747
8057684
8061067
8061823
8063916
8064265
8064388
8068616
8071152
8075464
8079182
8081058
8085073
8088390
8090471
8091125
8171597
8174788
8175131
8177716
8177961
8178379
8178672
8179661
8181071
8181974
8184458
8185217
8185251
8185712
8188797
8190605
8190616
8261021
8262714
8271248
8284592
8284779
8285132
8285305
8285934
8286435
8286458
8286508
8286797
8286935
8287137
8287173
8287238
8287627
8287901
8288242
8288422
8288636
8288739
8288762
8290007
8290372
8291390
8292036
8292683
8292848
8292869
8293216
8293361
8293393
8293451
8293688
8293987
8294557
8294711
8294897
8297310
8298414
8298483
8299358
8299746
8299798
8299991
8300195
8300229
8300516
8300744
8300951
8301214
8301224
8301383
8301548
8301652
8301837
8301876
8302443
8302692
8302761
8302790
8302795
8302795
8302905
8302959
8303417
8303565
8303678
8303732
8303823
8304093
8306854
8306906
8306923
8307173
8307314
8307402
8307846
8308288
8308347
8308425
8308719
8309131
8309430
8309638
8310385
8310424
8310855
8344328
8346363
8346528
8347404
8348276
8348793
8348840
8349348
8352437
8353203
8354764
8355969
8358904
8358965
8360369
8392109
8392297
8392473
8392666
8392750
8392912
8393389
8393642
8393743
8394642
8394678
8394736
8394829
8395035
8395171
8395185
8395771
8395839
8396160
8396486
8396575
8397214
8397703
8398404
8398664
8398804
8399445
8399495
8399788
8400310
8401131
8401350
8401408
8401677
8401876
8402056
8402289
8402426
8402486
8402797
8532211
8536367
8538036
8587599
8605677
8605752
8606079
8606174
8606428
8606465
8606512
8606968
8607535
8607827
8608051
8608068
8608150
8608209
8608441
8608575
8608611
8608872
8609172
8609263
8609468
8609867
8610215
8610516
8611167
8611302
8611669
8612011
8612101
8612151
8612214
8613532
8613587
8613628
8613664
8613671
8613988
8614652
8614693
8614839
8614993
8615114
8615146
8615306
8616540
8616567
8616811
8617359
8617646
8617704
8617892
8617960
8618173
8618297
8618472
8619160
8619387
8619811
8620131
8620362
8620661
8620817
8620846
8620856
8620927
8671370
8671650
8671928
8671935
8672492
8672836
8672949
8673224
8673324
8673373
8673610
8674339
8675465
8675555
8675719
8676050
8676284
8676746
8676914
8677189
8677221
8677496
8677671
8677968
8678314
8678729
8679268
8679533
8679701
8680332
8680456
8680462
8680963
8682313
8682313
8682739
8682803
8683012
8701933
8702007
8702112
8704518
8704652
8704699
8704710
8705391
8706744
8706760
8706814
8707233
8707706
8708292
8708904
8708921
8709330
8709876
8709962
8710708
8710718
8710761
8710943
8711043
8711184
8711312
8711731
8712124
8712249
8712298
8716115
8718170
8720355
8721058
8721925
8723654
8723730
8725318
8725457
8727445
8727620
8728046
8728393
8729473
8729479
8729800
8730569
8730779
8730847
8731030
8731544
8731581
8731780
8731868
8732085
8732113
8732159
8732452
8732757
8732786
8732948
8732982
8733042
8733074
8733188
8733321
8733528
8734912
8734935
8735278
8735751
8735768
8736087
8736222
8736396
8736886
8737365
8737369
8737677
8737700
8737879
8737985
8738866
8739121
8739716
8739856
8740511
8741256
8741313
8741458
8741513
8741553
8741571
8742088
8742092
8742151
8742155
8742320
8742551
8742713
8743136
8743184
8757827
8757845
8757910
8758072
8758239
8758324
8758561
8758643
8758823
8759010
8759249
8759285
8759463
8759538
8759915
8759961
8761338
8761347
8761420
8761468
8761680
8761733
8762435
8762874
8763010
8763631
8763724
8764210
8764217
8764272
8764702
8764882
8765006
8765032
8765106
8765123
8765160
8765324
8766169
8766747
8767716
8767920
8768385
8770407
8770984
8771625
8772057
8772063
8774305
8774649
8775367
8775702
8776060
8776238
8777240
8777600
8777921
8777992
8778078
8778412
8778577
8780030
8780107
8781063
8781561
8781754
8782167
8782510
8782662
8782767
8782808
8783122
8842176
8842263
8842573
8842857
8843143
8843545
8843891
8844425
8844497
8845369
8846137
8846410
8846415
8846444
8846506
8847338
8847451
8847579
8847836
8847968
8848532
8848595
8848717
8848902
8849982
8850107
8850310
8850906
8851211
8851297
8851312
8851685
8851801
8852109
8852268
8852319
8852352
8852802
8853311
8853850
8854115
8854192
8854463
8854889
8854994
8855169
8855754
8856125
8856265
8856948
8857294
8857528
8857753
8858195
8858260
8858490
8858527
8859000
8859293
8859481
8859814
8861182
8861836
8862549
8862776
8863322
8864595
8864709
8868441
8868673
8868930
8869388
8871145
8871353
8894308
8903800
8904582
8904925
8905195
8905794
8905866
8906861
8907512
8909553
8912158
8912323
8912413
8912541
8912652
8912803
8913025
8914049
8914325
8914491
8915177
8915656
8915669
8915713
8916527
8916665
8916754
8916855
8916969
8917087
8917230
8917910
8918067
8918402
8918786
8919163
8919166
8919773
8919788
8919886
8919904
8920117
8920306
8920917
8920968
8921048
8921626
8921698
8921825
8922030
8922289
8922340
8922390
8922836
8922994
8923350
8923578
8923779
8924400
8924740
8925275
8925615
8925653
8926131
8926258
8927009
8927304
8927525
8927577
8927589
8927924
8928826
8928973
8929002
8929027
8958262
8958882
8959720
8961245
8962311
8963995
8965828
8970848
8972000
8972000
8974669
8975059
9038158
9038227
9038244
9038383
9038474
9038495
9038582
9038656
9038805
9039402
9039520
9040157
9040266
9040307
9040756
9040849
9040868
9041024
9041807
9041853
9041912
9042637
9042903
9043239
9043494
9043581
9044626
9044655
9044894
9045047
9045245
9045464
9045563
9045948
9046051
9046686
9046812
9046898
9047051
9047221
9047316
9047442
9047472
9047859
9048055
9048471
9048507
9048923
9049302
9049591
9049856
9049886
9049954
9050418
9050642
9050779
9050906
9051005
9051119
9051181
9051843
9051937
9052143
9052146
9053059
9053154
9053162
9053226
9053336
9053518
9053569
9053809
9053861
9053884
9054034
9054071
9054438
9054575
9054695
9054895
9055354
9055452
9055853
9056413
9056934
9057300
9057308
9057449
9057578
9057579
9057874
9057930
9059952
9059979
9060048
9060118
9060165
9060757
9060830
9060879
9061044
9061402
9061465
9061525
9061603
9062653
9062728
9062845
9063024
9063118
9063466
9063948
9064111
9064629
9064678
9064907
9065125
9065154
9065181
9065499
9065750
9065927
9066142
9066197
9067083
9067309
9068034
9068130
9068205
9068498
9068831
9068858
9069630
9069893
9070301
9071045
9071265
9071375
9071551
9071576
9071811
9072087
9072098
9137555
9140384
9142022
9144473
9145105
9145162
9146685
9148253
9149161
9203021
9206105
9207620
9208091
9216103
9216559
9218767
9219738
9220283
9220941
9221291
9221862
9221905
9222077
9222263
9222988
9223110
9224773
9225609
9227627
9227765
9228614
9229233
9230094
9230406
9230412
9231202
9231341
9231445
9231488
9231560
9231866
9231885
9232289
9232843
9233218
9233353
9233795
9234088
9234262
9235417
9235831
9237744
9238896
9239018
9239041
9239553
9239573
9239740
9239936
9240804
9281248
9297656
9301432
9308933
9310180
9311001
9314983
9315934
9316015
9351365
9351685
9352049
9352253
9352514
9352686
9352737
9352784
9352792
9353232
9353925
9354165
9354338
9354358
9354609
9354685
9354838
9355294
9355451
9355457
9355627
9357027
9357053
9357255
9357384
9357538
9357594
9358118
9358555
9358632
9358904
9359036
9359322
9359343
9359478
9360092
9360101
9360196
9360340
9361002
9361132
9362142
9362802
9362889
9362944
9363213
9363438
9364557
9365127
9365693
9365714
9365797
9366022
9366029
9366136
9366153
9366218
9366360
9366779
9366994
9367531
9367704
9368354
9368375
9368503
9368743
9369027
9369048
9369161
9369546
9369950
9392566
9408165
9408734
9409262
9409502
9409587
9409742
9410853
9411039
9411217
9411298
9411341
9411418
9411719
9411726
9411851
9412632
9413078
9413439
9413789
9413895
9414050
9414402
9415279
9415371
9416469
9416491
9417031
9417072
9417602
9417603
9417775
9417940
9418138
9418417
9418833
9419183
9419356
9419382
9419652
9420311
9420637
9420665
9421063
9421178
9421334
9421472
9421919
9421969
9421983
9422102
9422338
9422399
9422572
9423020
9423079
9423080
9423560
9423670
9423939
9424115
9424161
9440984
9441030
9441492
9442094
9442212
9442308
9442350
9442392
9442523
9442585
9442820
9442923
9442943
9443166
9443281
9443553
9443849
9443933
9444030
9444114
9444340
9444478
9444605
9444873
9445101
9445448
9445722
9446349
9446647
9446853
9446878
9447022
9447428
9448789
9449351
9449389
9449556
9449875
9449911
9450069
9450682
9450805
9451536
9451819
9451916
9452032
9452225
9452358
9453647
9453815
9454575
9455189
9455467
9455701
9455733
9456296
9456418
9456429
9456497
9456534
9456639
9456771
9456817
9456921
9456963
9457190
9486338
9486842
9488627
9488648
9488807
9490653
9490702
9490951
9491170
9491966
9492805
9492874
9493043
9493188
9493780
9494503
9495745
9495848
9496025
9497185
9498767
9499016
9499166
9511927
9512017
9512309
9515465
9515775
9515857
9516149
9516330
9516955
9518187
9519084
9520032
9520533
9521627
9521723
9521909
9522644
9522802
9523085
9523394
9523694
9524589
9525245
9525351
9525486
9525573
9525637
9525817
9546462
9546555
9547005
9547933
9548079
9548168
9548690
9548761
9548924
9549321
9549805
9549912
9550293
9550436
9550482
9550937
9551229
9551237
9552057
9552131
9552174
9552558
9552755
9553151
9553394
9553423
9554087
9554217
9554492
9554818
9554981
9555360
9555496
9555786
9556146
9556276
9556661
9556710
9556770
9556961
9557148
9557677
9557683
9557844
9558166
9558799
9558863
9559277
9559866
9560289
9560642
9561407
9561548
9561615
9561692
9561811
9561848
9561879
9561915
9562924
9563112
9563326
9563715
9563900
9564604
9564837
9565048
9565418
9565749
9565854
9566354
9566581
9566692
9566765
9567148
9567521
9567745
9568001
9568104
9568587
9568721
9568768
9568966
9569249
9569440
9569800
9570069
9570482
9570663
9570860
9570976
9571628
9572501
9572646
9573185
9573506
9573609
9573878
9574681
9574889
9574904
9575048
9759547
9761074
9761115
9761619
9762021
9763118
9763158
9763586
9765367
9767236
9774273
9774379
9776635
9777748
9780053
9781865
9781871
9787853
9823546
9825150
9825181
9825879
9826152
9826457
9826470
9826637
9827525
9827537
9827828
9828346
9828569
9829012
9830079
9830120
9851024
9851349
9851609
9852028
9852119
9852584
9852940
9853790
9854596
9855701
9856551
9856773
9857924
9859486
9859578
9860079
9860323
9860973
9861015
9861927
9862653
9862748
9863555
9863893
9865033
9865227
9866041
9866449
9866531
9867692
9867784
9868893
9890635
9890965
9891126
9891171
9891577
9892311
9892433
9892449
9893102
9893136
9894581
9894587
9895212
9895219
9895641
9896352
9896501
9896841
9897027
9897117
9897286
9897476
9897502
9897877
9898423
9899245
9899471
9899518
9899716
9899921
9900211
9900496
9901175
9901389
9901981
9902864
9903047
9903417
9903427
9903536
9903910
9904378
9904715
9904904
9904970
9905263
9905592
9906101
9907246
9907373
9907410
9907455
9907620
9908021
9908161
9908838
9908919
9909214
9928356
9931461
9932357
9955854
9956335
9956486
9956566
9956654
9957577
9958709
9959760
9959862
9960209
9960540
9960612
9960708
9960750
9960836
9961130
9961494
9961670
9962298
9962819
9962854
9962905
9963326
9963395
9963733
9963776
9964594
9965116
9965146
9966490
9967065
9967113
9968181
9968948
9968959
9968981
9969116
9969774
9970079
9970137
9971159
9971860
9972295
9972471
9972873
9973835
9974725
9975235
9975959
9977043
9977077
9977095
9977214
9978042
9978696
9979126
9979211
9979543
9980678
9981198
9981802
9983008
9983171
9983279
9985096
9985382
9985398
9987971
9988525
9988554
9988725
9989222
9990005
9990812
9991855
10007624
10007625
10007677
10008283
10008755
10009150
10009884
10010444
10011253
10011378
10011816
10011961
10012316
10012987
10013008
10013626
10013859
10014030
10014391
10014787
10015010
10015940
10016051
10016167
10016291
10016505
10016948
10017322
10017538
10018134
10018206
10018973
10019211
10020034
10021019
10021498
10021661
10021762
10021864
10021900
10022123
10022309
10022354
10022565
10022684
10022814
10023099
10023159
10023266
10023318
10023575
10023646
10024459
10024753
10025408
10025412
10025429
10025624
10026293
10026332
10026686
10026703
10027547
10027845
10027904
10027973
10028128
10028298
10028304
10028341
10028607
10028875
10029005
10029495
10029888
10030111
10030260
10030832
10030966
10031015
10031441
10031466
10031668
10032729
10032901
10033262
10033446
10033639
10033732
10033812
10034207
10034380
10034591
10034650
10034735
10034766
10035078
10035371
10035619
10035853
10035953
10036812
10037157
10037420
10037521
10037531
10037702
10037795
10037962
10037989
10038482
10038510
10038526
10038665
10038691
10038731
10038938
10039352
10039415
10039477
10040031
10040759
10040929
10040968
10041747
10041955
10042142
10042350
10042362
10042420
10042803
10043007
10043022
10043235
10043603
10043749
10043886
10044055
10044189
10044708
10045042
10045517
10045732
10046042
10046050
10046066
10046071
10046093
10046425
10046438
10046523
10046704
10046753
10047205
10047481
10047978
10048069
10048073
10048288
10048583
10050352
10050401
10051019
10051267
10051760
10052137
10077845
10078275
10078298
10078334
10078577
10078682
10079096
10079387
10079506
10079621
10080249
10080903
10080983
10081101
10081163
10081305
10081419
10081641
10081901
10082208
10082319
10083237
10083266
10083641
10083722
10083792
10083933
10083958
10084463
10084553
10084978
10085097
10085581
10086221
10086223
10086742
10086936
10086975
10087304
10087496
10087537
10087696
10087963
10088634
10089368
10089547
10089843
10089927
10090027
10090184
10091019
10091252
10092156
10092203
10092326
10092959
10092990
10093111
10093335
10093664
10094418
10124677
10124794
10124802
10125010
10125500
10125631
10126428
10126592
10126693
10126739
10126751
10126902
10127124
10127435
10127508
10127667
10127984
10128120
10128159
10128599
10128665
10128692
10128742
10128825
10128891
10128903
10128944
10129767
10129788
10129841
10129919
10129969
10130020
10130205
10130309
10130320
10131063
10131087
10131415
10131464
10132165
10132426
10133004
10133273
10133594
10134419
10135522
10136239
10136328
10136764
10138201
10138297
10138397
10139653
10139740
10141130
10141559
10141754
10142123
10143565
10143606
10143725
10144508
10144805
10145678
10145709
10145851
10146170
10146652
10146918
10146928
10146989
10147285
10147347
10147530
10147583
10148909
10149142
10150181
10150309
10150600
10165341
10165522
10165576
10165606
10165732
10165832
10165884
10165900
10166327
10167057
10168391
10168435
10168460
10169297
10169335
10169381
10169799
10170528
10170550
10170905
10171427
10171456
10171511
10173042
10173147
10173287
10173665
10174311
10174529
10174844
10174923
10175403
10207723
10207814
10207935
10208193
10208374
10208506
10208655
10208693
10208941
10208985
10209096
10209301
10209500
10209584
10210196
10210565
10211264
10211599
10211875
10211975
10212059
10212565
10212847
10213272
10213424
10213487
10214343
10214364
10214441
10214528
10214661
10214741
10214885
10214922
10215286
10215737
10216575
10216991
10217109
10217127
10217385
10217668
10218151
10218565
10218789
10218892
10219138
10219391
10219534
10219808
10220054
10263798
10264019
10266788
10269862
10270209
10271669
10296021
10296448
10297611
10297932
10299472
10300657
10301373
10301973
10302421
10302595
10303860
10303959
10305576
10306048
10308645
10308828
10309950
10310108
10310554
10312297
10312761
10327039
10328934
10332655
10333534
10333973
10334199
10334658
10335221
10336633
10336812
10339064
10339132
10339650
10339805
10340081
10340158
10340178
10340465
10340523
10340804
10341715
10342551
10343593
10344186
10345012
10345791
10346394
10346795
10347344
10347652
10347855
10347882
10348467
10349252
10349253
10349711
10350530
10350658
10350673
10351064
10351111
10351329
10351540
10351791
10352017
10352035
10352197
10352345
10353109
10353663
10354117
10355171
10355737
10355864
10355894
10356327
10356390
10356680
10357212
10358196
10358553
10358909
10359214
10359637
10359965
10361048
10361098
10361209
10361555
10361643
10361759
10363093
10363511
10363743
10364815
10364981
10365736
10366404
10366955
10367150
10367597
10368225
10368756
10368854
10369258
10369327
10369356
10369396
10369887
10370211
10370453
10370537
10370561
10371183
10371508
10371514
10371748
10372116
10372197
10372269
10372451
10372494
10372585
10372588
10372984
10373051
10373068
10373137
10373395
10373632
10374136
10374242
10374252
10374541
10374745
10374889
10375015
10375088
10375456
10375761
10375862
10375927
10376490
10377125
10377162
10377313
10378541
10380356
10380936
10381048
10381185
10381227
10381393
10394758
10394938
10396676
10396681
10398195
10398234
10401906
10403921
10404912
10405337
10405904
10448081
10450053
10450435
10451823
10452154
10452283
10452558
10452771
10453698
10454110
10457957
10458064
10460016
10460199
10461377
10462720
10462810
10463215
10469066
10479527
10479883
10480601
10480727
10480778
10481189
10481591
10482084
10482135
10483909
10484569
10485028
10487372
10488463
10489716
10490219
10491225
10491412
10491580
10492197
10492603
10492628
10492817
10493673
10494415
10494420
10494921
10495024
10495119
10495349
10495373
10496050
10496348
10496584
10497092
10497303
10497781
10498157
10498652
10498981
10499194
10499216
10499232
10499457
10499631
10501243
10501515
10548228
10549546
10549767
10549771
10550752
10551012
10551365
10551466
10551477
10551828
10551993
10552026
10552509
10552718
10552825
10553074
10553221
10553672
10554022
10554046
10554145
10554306
10554690
10555027
10555181
10555327
10555441
10555625
10555758
10556690
10556695
10556950
10557004
10557386
10557548
10557810
10558134
10558168
10558383
10558455
10558551
10558698
10558890
10559075
10559129
10559401
10559496
10559585
10559794
10559858
10560081
10560275
10560447
10560714
10560802
10561432
10561735
10562869
10563136
10564007
10564802
10564857
10564983
10565131
10567152
10570229
10570312
10570606
10571126
10573058
10573176
10574673
10574944
10574997
10575565
10575873
10576867
10577607
10577761
10577885
10579462
10579512
10579723
10580115
10580754
10580840
10581034
10581069
10581439
10581552
10581858
10581993
10582025
10582160
10582163
10582275
10582584
10582997
10583393
10583511
10583646
10583991
10584214
10584404
10584456
10584579
10584659
10585033
10585159
10585575
10585682
10585693
10586497
10587262
10587363
10587839
10587993
10588050
10588187
10589021
10589036
10589697
10589849
10589893
10590211
10590310
10668298
10698285
10698303
10698334
10698439
10698819
10699135
10699244
10699368
10699390
10699601
10700364
10700514
10700621
10700980
10701136
10701592
10701643
10701722
10701795
10701882
10702013
10702271
10702283
10702439
10702472
10702488
10702964
10703172
10703531
10703566
10703751
10703829
10703938
10703988
10704060
10704157
10704427
10704563
10705411
10706399
10706816
10707081
10707242
10707393
10707639
10707685
10707823
10707976
10708066
10708503
10709042
10709393
10709763
10709771
10710118
10710147
10710260
10710967
10711027
10711157
10711449
10711791
10712041
10712246
10712324
10712389
10712627
10713169
10713398
10713463
10713614
10713737
10713765
10714013
10714608
10714638
10714661
10715225
10715232
10715428
10715578
10715599
10766477
10766967
10767228
10767575
10767712
10768481
10769502
10769973
10769992
10770420
10770567
10770614
10770617
10770694
10771061
10771378
10771396
10772739
10773378
10773422
10773735
10773748
10773934
10774106
10774188
10774598
10774723
10774912
10775093
10775093
10775458
10775464
10775877
10775915
10776011
10776419
10776784
10776957
10777428
10777722
10778190
10778580
10779775
10780212
10780717
10780896
10781202
10781556
10782467
10782652
10782756
10782956
10783088
10783373
10783832
10784879
10784937
10785279
10785568
10785658
10785756
10851218
10851504
10851957
10853043
10854339
10854537
10855848
10856294
10857197
10858857
10858879
10860268
10860311
10861263
10862216
10864055
10865497
10865831
10867323
10867455
10868548
10868964
10869678
10881105
10881450
10882106
10883132
10885463
10886307
10886399
10886618
10886788
10888199
10888711
10888800
10889344
10891076
10891235
10892488
10892833
10893420
10893762
10894414
10894762
10894998
10895931
10895971
10896968
10897097
10897248
10897627
10897812
10898262
10898287
10898374
10898402
10898465
10898501
10898955
10899034
10899267
10899388
10899707
10899776
10899908
10899943
10899963
10900651
10900995
10901030
10901398
10901429
10902037
10902145
10902195
10902667
10902888
10903107
10903291
10903312
10903506
10903614
10904752
10904788
10905431
10905466
10905707
10905715
10906264
10906361
10906440
10906496
10906639
10906667
10906707
10907565
10907693
10907745
10908008
10908116
10908123
10908193
10908301
10908371
10908867
10909230
10925952
10926640
10928640
10928772
10928831
10929222
10929390
10929455
10929727
10929756
10930385
10930550
10930710
10931291
10931460
10931980
10932005
10932297
10934043
10934630
10935126
10935291
10939152
10939222
10939641
10939687
10946951
10970255
10970277
10970801
10971080
10971293
10971374
10972791
10972974
10973175
10973265
10973780
10975057
10976245
10976351
10976577
10976709
10976959
10976999
10977135
10977253
10977276
10977759
10977858
10977997
10978050
10979091
10979185
10979710
10979792
10979832
10979885
10980180
10980424
10980534
10980847
10980912
10981013
10981474
10981572
10982076
10982256
10982261
10982331
10982394
10982491
10983060
10983876
10984448
11032251
11032294
11032470
11032662
11033067
11033383
11033759
11034028
11034283
11036142
11036681
11036707
11036737
11036909
11037262
11037309
11037355
11037361
11037618
11037658
11038039
11038185
11038254
11038265
11038539
11038557
11038868
11039480
11039677
11039689
11039702
11039786
11039936
11040721
11040838
11041314
11041509
11042478
11042571
11042639
11042817
11043135
11043185
11043247
11043949
11044106
11044293
11044563
11045141
11045322
11045574
11045674
11045791
11045802
11046789
11046951
11047015
11047323
11047409
11047774
11048217
11049044
11049513
11049944
11049979
11050383
11050407
11050430
11050539
11050694
11051000
11051618
11051662
11051956
11052045
11052276
11052449
11052560
11052593
11053115
11053414
11053526
11053774
11054064
11054671
11055216
11055467
11056005
11056628
11056638
11056827
11056913
11057155
11057763
11058300
11059319
11059412
11060085
11060396
11060615
11061219
11061849
11062153
11063002
11063024
11063121
11063607
11065078
11065620
11065727
11065801
11065815
11065884
11065949
11084704
11086633
11086760
11086913
11087445
11087465
11088283
11088840
11089286
11089549
11089890
11090640
11090658
11090774
11091241
11093797
11093860
11093879
11094660
11095184
11095373
11097061
11097177
11097443
11097736
11098543
11098816
11098930
11100238
11101078
11104561
11105544
11108653
11131650
11131713
11131721
11132006
11132530
11133424
11133683
11133836
11134131
11134143
11134215
11134324
11134516
11134533
11134544
11134611
11135128
11135319
11135757
11135802
11135846
11136564
11136662
11136718
11136914
11136922
11137792
11137979
11138274
11138965
11139115
11139213
11139475
11139675
11139724
11140106
11140800
11140802
11140916
11141498
11141503
11141538
11141636
11142071
11142411
11142728
11142746
11142750
11142865
11143078
11143294
11143322
11143353
11144505
11144579
11144637
11144772
11145030
11145098
11145888
11146283
11146351
11146438
11146517
11146733
11146844
11147119
11147703
11147738
11147913
11148105
11148243
11148279
11148286
11148476
11148707
11149185
11149215
11163102
11163184
11163223
11163646
11163652
11163913
11163921
11164962
11165009
11165023
11165345
11165357
11165542
11166027
11166270
11166302
11166344
11166957
11166986
11167088
11167186
11167423
11167501
11167647
11168238
11168338
11168495
11168508
11168597
11168988
11169220
11170118
11170245
11170917
11171187
11171545
11171596
11171857
11172281
11175330
11181045
11188267
11192931
11193485
11193647
11193902
11194425
11194632
11195792
11196706
11196957
11198848
11200405
11250330
11278637
11284256
11286137
11286387
11287161
11289598
11293110
11293254
11293335
11293392
11294981
11295230
11295501
11295532
11295652
11297190
11297211
11297741
11297888
11298649
11298786
11299224
11300033
11301081
11301532
11301707
11302029
11302080
11302383
11334969
11335059
11335139
11336162
11336713
11336802
11337531
11337919
11338739
11339396
11340003
11340870
11341157
11341492
11342333
11344266
11344585
11344881
11345274
11345716
11345803
11345807
11346048
11346124
11347329
11348225
11348386
11349038
11350218
11350391
11351368
11352446
11353509
11357786
11358812
11358928
11359683
11360391
11361122
11361656
11361899
11363156
11363804
11364305
11364759
11365518
11366934
11367013
11367140
11367172
11367243
11367493
11367547
11368437
11368759
11368882
11368948
11369171
11369691
11369723
11369937
11369972
11369980
11370527
11370689
11370796
11371093
11371648
11372249
11372296
11372564
11373034
11373157
11373568
11373785
11373964
11374235
11374328
11374527
11374752
11375090
11375684
11375823
11375890
11376603
11376990
11377046
11377527
11377665
11377754
11377924
11377943
11378014
11378045
11378092
11378183
11378212
11378292
11378494
11379009
11379081
11379424
11379460
11379902
11395418
11395676
11396006
11396871
11397866
11398309
11398379
11398730
11398818
11398833
11398885
11398934
11399607
11399688
11399967
11401299
11402042
11402489
11402744
11402918
11403082
11403374
11403814
11403962
11404053
11404259
11404540
11405080
11405290
11405780
11405899
11406510
11406730
11407155
11407181
11407259
11407903
11408075
11408243
11408793
11409373
11409519
11409641
11531386
11531483
11531961
11532427
11533599
11533844
11534825
11534952
11535082
11535735
11535888
11538608
11541093
11541394
11541670
11541919
11541955
11542068
11543999
11546901
11547232
11580223
11580404
11580817
11581326
11582282
11582767
11584440
11584507
11589725
11592798
11592915
11593830
11595029
11641198
11642913
11645093
11645372
11652446
11653560
11654923
11699595
11700598
11702111
11702119
11703498
11703574
11703591
11703958
11704094
11704150
11704178
11705058
11705321
11706931
11707010
11707911
11708011
11708152
11708240
11708323
11708325
11708756
11708868
11709868
11710222
11710349
11710687
11710774
11711266
11711428
11711933
11712854
11713658
11713768
11713844
11713982
11714071
11714180
11714208
11714453
11714495
11714686
11714894
11714955
11715316
11716112
11716639
11717091
11717352
11720761
11722300
11733431
11733493
11733864
11734541
11735269
11735321
11735417
11736365
11736396
11736479
11736721
11736761
11736986
11736998
11737205
11737309
11737351
11738115
11738380
11738381
11738488
11738755
11739569
11739854
11739892
11740025
11740106
11740364
11740415
11740964
11741109
11741177
11741886
11742171
11742613
11743424
11743949
11744281
11744324
11744446
11744491
11744513
11744678
11745579
11745875
11746043
11746146
11746161
11746181
11746368
11746577
11746661
11746967
11748013
11748049
11748561
11748821
11749325
11749549
11749558
11749975
11750371
11750616
11751043
11751278
11751310
11751411
11751488
11752134
11752527
11752989
11753086
11753160
11754248
11754758
11754859
11754926
11754939
11755421
11755739
11756275
11756316
11756916
11757222
11757408
11757488
11757816
11757915
11758313
11758559
11759088
11759205
11759608
11759731
11759846
11760060
11760264
11760493
11760629
11760742
11761085
11761873
11761875
11762188
11762329
11780167
11780463
11781001
11781161
11781498
11781938
11782073
11782841
11784030
11784348
11784936
11784965
11785043
11785878
11786315
11786729
11787613
11787750
11787967
11788142
11788237
11788612
11788858
11788964
11789545
11789843
11790241
11790569
11790962
11791216
11791479
11791585
11792057
11792250
11792364
11792889
11793037
11793528
11793669
11793929
11794248
11794930
11794969
11794981
11795009
11795034
11795454
11795833
11796182
11796418
11796471
11796767
11837390
11837835
11838427
11842567
11843029
11843519
11843667
11849649
11853608
11860082
11863614
11863661
11880684
11880969
11881034
11881319
11881347
11881632
11881951
11881989
11881996
11882173
11882337
11882635
11882994
11883509
11883817
11883875
11885332
11885417
11885835
11885871
11885950
11886107
11886226
11886316
11886831
11887097
11887424
11887534
11887546
11887910
11888750
11888821
11888889
11888965
11888977
11889657
11889806
11889911
11890626
11890861
11890991
11891046
11891054
11891654
11891973
11892528
11892572
11892960
11893213
11893462
11893612
11893903
11893927
11894390
11894640
11895473
11895611
11895757
11895862
11895908
11896355
11896633
11896923
11897226
11897282
11897316
11897390
11897933
11898529
11930867
11934236
11934442
11936032
11936306
11937525
11937535
11938529
11938864
11938881
11939198
11939968
11940685
11943084
11945021
11947646
11948119
11948532
11959196
11959307
11959356
11959362
11959575
11959998
11960009
11960253
11960788
11960853
11961634
11962660
11962736
11962855
11964854
11965487
11965677
11965821
11965883
11965950
11965984
11966315
11966732
11966757
11967096
11968528
11969287
11969290
11969508
11969633
11969740
11970102
11970184
11970237
11970545
11970810
11973377
11973456
11973476
11973761
11973947
11974851
11974882
11975116
12007867
12008557
12010869
12013248
12017556
12068350
12068547
12068775
12070183
12071133
12071266
12071530
12071844
12072144
12072556
12072780
12073024
12073290
12073526
12073560
12073824
12074039
12074398
12074609
12075365
12075788
12075896
12076362
12076412
12077418
12077513
12077517
12077694
12077798
12077875
12077937
12078009
12079052
12079312
12079801
12079920
12080217
12080478
12081295
12081570
12081610
12149370
12151606
12151945
12153091
12173861
12174250
12175510
12176263
12176302
12176563
12176800
12177112
12177575
12178026
12178279
12178432
12178521
12178706
12179058
12179235
12179277
12179502
12179564
12179987
12180426
12180665
12180807
12180812
12181172
12181698
12181851
12182203
12182454
12183083
12183101
12183165
12183662
12183772
12183834
12184071
12184178
12184200
12184208
12184230
12184404
12184699
12185223
12185270
12185631
12185644
12185816
12185967
12186292
12186839
12186928
12187415
12187798
12187872
12187873
12188038
12188073
12188153
12188609
12188932
12189011
12189278
12189614
12189669
12189864
12190358
12190442
12190587
12235466
12235642
12235645
12236167
12236427
12237225
12237269
12237387
12237534
12237777
12238625
12238731
12238877
12239265
12239611
12239698
12240111
12240160
12240242
12241235
12241536
12242313
12242514
12243061
12243682
12244395
12244559
12244777
12244788
12245028
12245445
12245457
12245638
12245713
12245739
12245751
12245942
12246247
12246528
12246727
12246793
12247228
12247932
12248504
12248773
12249045
12439744
12439915
12440081
12440133
12440540
12440636
12441013
12441549
12441597
12441772
12442754
12442890
12443081
12443413
12443673
12443872
12444290
12444948
12445281
12445557
12445969
12447002
12447032
12448719
12448778
12448896
12449063
12449426
12449511
12449622
12450188
12450442
12450545
12450574
12450577
12450712
12451005
12451265
12451330
12451498
12451528
12451936
12452882
12453333
12453418
12453547
12453646
12453805
12453955
12453969
12454496
12455228
12455781
12456200
12456213
12456533
12457301
12458663
12458683
12459171
12459176
12460038
12461560
12461819
12461979
12462361
12462565
12462584
12462866
12462920
12464498
12464613
12464666
12465183
12465195
12465550
12465707
12465730
12466495
12466693
12467223
12467234
12467475
12467824
12467854
12467925
12468360
12468558
12468616
12469010
12469843
12470099
12481537
12598004
12628633
12628755
12628854
12628992
12630748
12631005
12631163
12631200
12631360
12631976
12632243
12632465
12632631
12632782
12632895
12633013
12633080
12633393
12633462
12633494
12633601
12633767
12634099
12634177
12634348
12634406
12634787
12634918
12635113
12635999
12636221
12636854
12636904
12637273
12638332
12638349
12638775
12639242
12639314
12639446
12639748
12640357
12640665
12641108
12641207
12641424
12641559
12641681
12641791
12642197
12642554
12643051
12643209
12643245
12644213
12644405
12645500
12645511
12645626
12646190
12646250
12646264
12676262
12684121
12696252
12696466
12698911
12698953
12700132
12700677
12700733
12701956
12705467
12724663
12724860
12725291
12725580
12725797
12726136
12726288
12726588
12726653
12726768
12726991
12727184
12727304
12727332
12727369
12727746
12727907
12727981
12728026
12728408
12728534
12728773
12728974
12729055
12729110
12729420
12729485
12729489
12729598
12729646
12729674
12730443
12731484
12731613
12731619
12732004
12732212
12732311
12732797
12732922
12732961
12733136
12733211
12733386
12733628
12734371
12734406
12734728
12734730
12734742
12734764
12734973
12735248
12735301
12736967
12737520
12737589
12737867
12738250
12738847
12739398
12739629
12739711
12739738
12740100
12740300
12740301
12907197
12921012
13095485
13097064
13118521
13121324
13121869
13126512
13154030
13157042
13159401
13159892
13161212
13161912
13162508
13166598
13168828
13178094
13182191
13322097
13322619
13322693
13322922
13322962
13324080
13324761
13325032
13326475
13327158
13327270
13327612
13327650
13327716
13327746
13328311
13328490
13328574
13328909
13329183
13329234
13329266
13329295
13329592
13329768
13330147
13330348
13330727
13330889
13331004
13331179
13332046
13332247
13332300
13333071
13333670
13333949
13334900
13335167
13335423
13335922
13336197
13336226
13336497
13336687
13337199
13337645
13337972
13338036
13338184
13338374
13338515
13377221
13378049
13378181
13378442
13378675
13378735
13378754
13379213
13379451
13380002
13380232
13380372
13381017
13381253
13382120
13382137
13382277
13382566
13382643
13382999
13383006
13384377
13384855
13385472
13385973
13386281
13386964
13387041
13387298
13387427
13387987
13388628
13388652
13389605
13389719
13389981
13389994
13390046
13390203
13390904
13391272
13391429
13391451
13391560
13391631
13391810
13392030
13392418
13392638
13393348
13393378
13393403
13394010
13549690
13565481
13582118
13583357
13584218
13585571
13589071
13593724
13595135
13596609
13597493
13597534
13597986
13598114
13598236
13598343
13598630
13599113
13599375
13600257
13600333
13601537
13602577
13603178
13603668
13604101
13606209
13606219
13606404
13606850
13607152
13607433
13607988
13608328
13608559
13609113
13609673
13610465
13610969
13611842
13611940
13612630
13613063
13613478
13613902
13614229
13614520
13614748
13614783
13649006
13651345
13651855
13654479
13658530
13659116
13830179
13830227
13830363
13830412
13830683
13831254
13832215
13832938
13833043
13833117
13833620
13834030
13834402
13835822
13835919
13836874
13837583
13837609
13837871
13837902
13837930
13838492
13838622
13838957
13839120
13839281
13839552
13839922
13839954
13840127
13840200
13840422
13840591
13841737
13842234
13842372
13842381
13842535
13842662
13842832
13843198
13843373
13843392
13843503
13843681
13843998
13844643
13844922
13845061
13845641
13874203
13874220
13874360
13874713
13875061
13875372
13875902
13876250
13876257
13876460
13876760
13876915
13877506
13877720
13878170
13878618
13878783
13878879
13879427
13879738
13879937
13880825
13880857
13880893
13881501
13882081
13882095
13882709
13882731
13882828
13882834
13882845
13883163
13883534
13883595
13884243
13884455
13884619
13884870
13884939
13885043
13885077
13885108
13885357
13885398
13885513
13885620
13886024
13886338
13887688
13888013
13888280
13888403
13888459
13888504
13888575
13888967
13889071
13889083
13889165
13889426
13921050
13921876
13922475
13922942
13923067
13923107
13923264
13923480
13923525
13923753
13924016
13924034
13924162
13924221
13924273
13925028
13925386
13925654
13926076
13927199
13927218
13927740
13928280
13928480
13928918
13929356
13929953
13930952
13930972
13931195
13931323
13931389
13931424
13931606
13931750
13931772
13931827
13931948
13932169
13932600
13932604
13932634
13932776
13932829
13933779
13933997
13934155
13934294
13934345
13935532
13935700
13935716
13935815
13936147
13937728
13937785
13938484
13938985
13941567
13942027
13943585
13943695
13943824
13945232
13945643
13946376
13959944
13960015
13960122
13960197
13960288
13960754
13960952
13961318
13961494
13961613
13962723
13963200
13963512
13963743
13963933
13964371
13964553
13964608
13965070
13965393
13965743
13965972
13966101
13966632
13966728
13966746
13967171
13967313
13968061
13968208
13968218
13968322
13968560
13969395
13969502
13969552
13969624
13969682
13973118
13975494
13978942
13992801
13993606
13993623
13994028
13994516
13994839
13995313
13995456
13995943
13996184
13996637
13996690
13996998
13997295
13997417
13997488
13998085
13998261
13998476
13998615
13998674
13998777
13999064
13999478
13999481
13999495
13999552
13999946
14000361
14000379
14000568
14000641
14001699
14001789
14002464
14002515
14002788
14003173
14003278
14003358
14003745
14003761
14004447
14004803
14004862
14005322
14005650
14005917
14006233
14006310
14006367
14006759
14007141
14007346
14007624
14008016
14008172
14008231
14008461
14008471
14008488
14009490
14029275
14031158
14031273
14031636
14031939
14032714
14032925
14032954
14033020
14035378
14036406
14036585
14037443
14038210
14038677
14039106
14040081
14040807
14041134
14041452
14042108
14044573
14044920
14044925
14045328
14045413
14047336
14050839
14051758
14053982
14056578
14057398
14058658
14082842
14084603
14084620
14084717
14084875
14085216
14085237
14085466
14085479
14085724
14086010
14086019
14086157
14086351
14086378
14086430
14086578
14086907
14088219
14088423
14088462
14088885
14088957
14089057
14089296
14089835
14090430
14090980
14091058
14091451
14091659
14092298
14092521
14093566
14094139
14094435
14094656
14094819
14094878
14095165
14095397
14095740
14096130
14096281
14096548
14118539
14119755
14119838
14120029
14122191
14123772
14124807
14128672
14129640
14129848
14130064
14242615
14243324
14244098
14247840
14314859
14319195
14322667
14334467
14334561
14334775
14334985
14336098
14336611
14337378
14337579
14337859
14338046
14338172
14338711
14338960
14339076
14339638
14339667
14340545
14340931
14341112
14342439
14342450
14342704
14344321
14344680
14344830
14345109
14345223
14345893
14346795
14347212
14347376
14347419
14347525
14347710
14350147
14350303
14351502
14351810
14352970
14355439
14360208
14363250
14363374
14363883
14367595
14405526
14407058
14409579
14411828
14414932
14415297
14418182
14422350
14447185
14447246
14447862
14447879
14448170
14448357
14448627
14449153
14449161
14450492
14450511
14450966
14450972
14451125
14451284
14452006
14452291
14452682
14452853
14453126
14453140
14453957
14453990
14454168
14454172
14454173
14455227
14456253
14456526
14457548
14457807
14458600
14460144
14460220
14461010
14461105
14461170
14461622
14461828
14462381
14462416
14462417
14462793
14462802
14462818
14462945
14462963
14565953
14586567
14587057
14587195
14587447
14587480
14587670
14587802
14587803
14588362
14588480
14588591
14588634
14588878
14588907
14588977
14589174
14589175
14589680
14590393
14590658
14591146
14591210
14591271
14591497
14591504
14591538
14591567
14591762
14591793
14592004
14592038
14593226
14593445
14593544
14594078
14594316
14594420
14594443
14594811
14595074
14595148
14595829
14596031
14596213
14596288
14596868
14599966
14627120
14627287
14627525
14628836
14628880
14629244
14629546
14631287
14632959
14634401
14634449
14634819
14635327
14636659
14637482
14637551
14638628
14639110
14640112
14641001
14643400
14644554
14645160
14648020
14648144
14648211
14649451
14649602
14676321
14677002
14677174
14677825
14677932
14678413
14680735
14681294
14681797
14681847
14682069
14682801
14683375
14683613
14684179
14685567
14686447
14686574
14686707
14687334
14687626
14687652
14687991
14688046
14688136
14688776
14773416
14773430
14773664
14776271
14777435
14777463
14777518
14777563
14777574
14777641
14778802
14778857
14779029
14779381
14779484
14779503
14779663
14781217
14781429
14781597
14781659
14782095
14782127
14782289
14782453
14782855
14782879
14783033
14783360
14783449
14783465
14783838
14783901
14784012
14784559
14785649
14785686
14786014
14786245
14786414
14786534
14822945
14823171
14823195
14823491
14823906
14823947
14824181
14824963
14826027
14826065
14826117
14826149
14826395
14826770
14826884
14828102
14828572
14828604
14828636
14828966
14829105
14829311
14829375
14829546
14829571
14830032
14830167
14831171
14831553
14831810
14832203
14832327
14833217
14833324
14833388
14834128
14834187
14834291
14834334
14834338
14834479
14835245
14835415
14835478
14835492
14835754
14835755
14836161
14836715
14836725
14836739
14836855
14837019
14837172
14837592
14838151
14838407
14838613
14838753
14838908
14839198
14839240
14839378
14839710
14839848
14840692
14840711
14841110
14841638
14841715
14841803
14841958
14842019
14842068
14842486
14845394
14853192
14856015
14950894
14951367
14952563
14953482
14954221
14954973
14955136
14955656
14957172
14958661
14959138
14959701
14960046
14960164
14960920
14960975
14961087
14964645
14964671
15286414
15286462
15286719
15287108
15287657
15288007
15288091
15288198
15288362
15288625
15289238
15289479
15289980
15290164
15290425
15290741
15290763
15290888
15290949
15291690
15291935
15292132
15292194
15292313
15292389
15292499
15292667
15292805
15292863
15293035
15293141
15293221
15293315
15293526
15293639
15293874
15293916
15294056
15294477
15294994
15295555
15295576
15296569
15296679
15296860
15297292
15297325
15298162
15298413
15298990
15299473
15300085
15300128
15300596
15300818
15300857
15300987
15301384
15301482
15327012
15328015
15329442
15330916
15334007
15334448
15338750
15345415
15345865
15347255
15348186
15449628
15449843
15451284
15451974
15452626
15452718
15453078
15454161
15454175
15454334
15454852
15455472
15455524
15455849
15455970
15456099
15456393
15456462
15457285
15457414
15457666
15458436
15458798
15458850
15459103
15459267
15460701
15461265
15465680
15465746
15466021
15467651
15473278
15473992
15475420
15476158
15476567
15476699
15477061
15477397
15478444
15478664
15478946
15479368
15479527
15479861
15480372
15480576
15480606
15481293
15481950
15482332
15483646
15483676
15483873
15484218
15484579
15484854
15484897
15484985
15486650
15487068
15487510
15488406
15488740
15489116
15489784
15490426
15525091
15530114
15536806
15536821
15557340
15602815
15629775
15714972
15715710
15715797
15716040
15717615
15717742
15718687
15718698
15718880
15719007
15719296
15719438
15720326
15720571
15720647
15721256
15721307
15721488
15721866
15723212
15723414
15723655
15723864
15724123
15724778
15725030
15725043
15725663
15726219
15726457
15726918
15727534
15727569
15727617
15727645
15728210
15728504
15728638
15728861
15728928
15729044
15729815
15730674
15794010
15794187
15794769
15794788
15795165
15795702
15795801
15797216
15797404
15798392
15799166
15799295
15799596
15799719
15799807
15800264
15800689
15800691
15801880
15803313
15803467
15803612
15805123
15805987
15806047
15806468
15806536
15825753
15827376
15831829
15832668
15833954
15833980
15834303
15835830
15836210
15836279
15836593
15837201
15837280
15837512
15838607
15839287
15839581
15904349
15904352
15904690
15904738
15904979
15905090
15906176
15906262
15906464
15906612
15906670
15906713
15907035
15907833
15908245
15908444
15908596
15908617
15908627
15908653
15909172
15909631
15909632
15909672
15909877
15910221
15910456
15911086
15912498
15912501
15912706
15912886
15913149
15913918
15914018
15914457
15915080
15915964
15916302
15916611
15916643
15916990
15917065
15917099
15917413
15917872
15917875
15917950
15918345
15933874
15934406
15934487
15934498
15934609
15934756
15935422
15935654
15935846
15935861
15936325
15937080
15937333
15937420
15937519
15937614
15938006
15938211
15938328
15938660
15938670
15938731
15938944
15939364
15939433
15939598
15939711
15939952
15940146
15940206
15940680
15941150
15941273
15941380
15941565
15941787
15941854
15942122
15942475
15942537
15942746
15942928
15943559
15943844
15944548
15945003
15945162
15945206
15945355
15946114
15947613
15947643
15947724
15947883
15947945
15948366
15948659
15949962
15952419
15953145
15954146
15954278
15954438
15954873
15955139
15955441
15955524
15956605
15956947
15957230
15957257
15962595
15962811
15964801
15964864
15965204
15971876
16051778
16052040
16053935
16057008
16060008
16187831
16187935
16190649
16192209
16193370
16228662
16230417
16234313
16263716
16265052
16265092
16265255
16265467
16266207
16266248
16266498
16266655
16267032
16268640
16268739
16268895
16268915
16269100
16270493
16271596
16272575
16272834
16273581
16273978
16275005
16275093
16275290
16275494
16275718
16275738
16275968
16277014
16277295
16277674
16278192
16278297
16278336
16278527
16278981
16279737
16279847
16280257
16280260
16280358
16280502
16280511
16280811
16281513
16335732
16336917
16337020
16484699
16485074
16486432
16486673
16487636
16488750
16491604
16491720
16495404
16496433
16519514
16519666
16519747
16520375
16520486
16520918
16520959
16521103
16521144
16521209
16521448
16521757
16521768
16522182
16522302
16522694
16522996
16523188
16523367
16523896
16524301
16524395
16524878
16524923
16525001
16526153
16526168
16526397
16527067
16527169
16528559
16528733
16528879
16529446
16529664
16529746
16530157
16530475
16530549
16530819
16530907
16531610
16532105
16532239
16532405
16532452
16532531
16532577
16532823
16533283
16533307
16533465
16533525
16533829
16533969
16533977
16534299
16534909
16535097
16535405
16535452
16536048
16536576
16536599
16536885
16536990
16537022
16537127
16537272
16537947
16538255
16538284
16538458
16589424
16589535
16596952
16597560
16645895
16647336
16648027
16648799
16650264
16650288
16650997
16651107
16651552
16652794
16653109
16815067
16815103
16815166
16815601
16817505
16817976
16817979
16818847
16819502
16819545
16820047
16820320
16821927
16821937
16822394
16822537
16822937
16822990
16824420
16826276
16827104
16827782
16841404
16856194
16856736
16857454
16859092
16863185
16863442
16864514
16865573
16871570
16919392
16919470
16919494
16919899
16920175
16920759
16921445
16921519
16921709
16921994
16922665
16922965
16924025
16924215
16924310
16924422
16924446
16924733
16925200
16925282
16925474
16925515
16925603
16926110
16926484
16926608
16927235
16927377
16927610
16928456
16928529
16928838
16929628
16929911
16930093
16930443
16930475
16930927
16931561
16931960
16932314
16932570
16933143
16933448
16933784
16934146
16934474
16934907
16934932
16935342
16935399
16935729
16936032
16968120
16968229
16968433
16969106
16969476
16969478
16969553
16970047
16970983
16971648
16972491
16972507
16973129
16973248
16973320
16974112
16974252
16974318
16974347
16974375
16974758
16975014
16975604
16975628
16976462
16976697
16977477
16977641
16977767
16977792
16978025
16978048
16978253
16978431
16979089
16979093
16979215
16979266
16979323
16979793
16979805
16979983
16980612
16980671
16980744
16981329
16981546
16981716
16982561
16982798
16982879
16983339
16983428
16983636
16983677
16984250
16984353
17009245
17009452
17009456
17009895
17010060
17010323
17010524
17011648
17011841
17013930
17014233
17014857
17015218
17015311
17015998
17016465
17016633
17018868
17018981
17019569
17020150
17021976
17022808
17023504
17024039
17038357
17039225
17039575
17040794
17042343
17042549
17044128
17045268
17045908
17046651
17049177
17049867
17050235
17050831
17051280
17051532
17051845
17051949
17080951
17081444
17082197
17084044
17085343
17087196
17087856
17087959
17088315
17092241
17092503
17093565
17095831
17096207
17096828
17096870
17127275
17127363
17127414
17127433
17127658
17128009
17128149
17128208
17129021
17129368
17129512
17129822
17130252
17130287
17130360
17130375
17131739
17132057
17132162
17132553
17133343
17133519
17134057
17135667
17135779
17136683
17137066
17137550
17138056
17138525
17152988
17154140
17160445
17236243
17236335
17237472
17237567
17237692
17238375
17238679
17238833
17239474
17241048
17241467
17243512
17243663
17244002
17244258
17244417
17244483
17244561
17244889
17245498
17247190
17247259
17247527
17247530
17247665
17247802
17247822
17247867
17248182
17248830
17248848
17249984
17250112
17250243
17250411
17263454
17263841
17264040
17264780
17265878
17265913
17266149
17266224
17267526
17267628
17267871
17267956
17268504
17269722
17269831
17269877
17270200
17270710
17271740
17271894
17272055
17273482
17273796
17274027
17274172
17299929
17299934
17300050
17300471
17301290
17301538
17301972
17302083
17302148
17302267
17302919
17303016
17303288
17303347
17303373
17303381
17303565
17303716
17303791
17304424
17304433
17304531
17304809
17305048
17305057
17305070
17305309
17306002
17306106
17306360
17308082
17308137
17308307
17308366
17309031
17309376
17309478
17309496
17309601
17309974
17310051
17310177
17310312
17310379
17311167
17311187
17311297
17311337
17311526
17311568
17311755
17312201
17312333
17312458
17312695
17313003
17313197
17313770
17313871
17313949
17314097
17314510
17314518
17314521
17314786
17314949
17315051
17382203
17395875
17396538
17483320
17483511
17484363
17485368
17486532
17486789
17488244
17490885
17492928
17493245
17493704
17495212
17495317
17495441
17497408
17497482
17497588
17498095
17498585
17499860
17500364
17500565
17551559
17639790
17640797
17641635
17641803
17641882
17641969
17641990
17642608
17642746
17643092
17644649
17644782
17644990
17645241
17645287
17645623
17645737
17645947
17646104
17646559
17647473
17647707
17648096
17648548
17649070
17649376
17649573
17649675
17649915
17649934
17650184
17650218
17650885
17651381
17651503
17651600
17651683
17651898
17652087
17652224
17652308
17652487
17652520
17653820
17654026
17654499
17654662
17654925
17655543
17655849
17656101
17657218
17657331
17657550
17657618
17657845
17657865
17658074
17658424
17658780
17658975
17659114
17659352
17659392
17659496
17659652
17660404
17660811
17661366
17661393
17661544
17661730
17662273
17663011
17663511
17663671
17663860
17664463
17665048
17665697
17665872
17680421
17681918
17683257
17683794
17684752
17686762
17688677
17691647
17775651
17775762
17779234
17779394
17779451
17780050
17783461
17783948
17784863
17785775
17804810
17812986
17819502
17846476
17846521
17846581
17846589
17846707
17846776
17846825
17847164
17847511
17847686
17847747
17847758
17847995
17848254
17848507
17848657
17849091
17849125
17849179
17849560
17849608
17849760
17850185
17850451
17850830
17850892
17850990
17851362
17852024
17852163
17852394
17852699
17853479
17853714
17854175
17854864
17854880
17855467
17856225
17856284
17856517
17856865
17856904
17856908
17856956
17857612
17857937
17858580
17858838
17877725
17894368
17902782
17912808
17916299
17926954
17931519
17932734
17932783
17933972
17935767
17935839
17935893
17936674
17937170
17937265
17937530
17939314
17939697
17940110
17940301
17941154
17942070
17942706
17943584
17943645
17945091
17945503
17947579
17948017
17949919
17967393
17969189
17969399
17977386
17977986
17979044
17979143
17981632
17982663
17982704
17983680
17984637
17986456
17987038
17987726
17988670
17989376
17989596
17990403
17990824
17992107
17992942
17995048
17996258
17997036
17997436
17998020
17999844
18017976
18018308
18018617
18018678
18018821
18019440
18019585
18019944
18020332
18020406
18020755
18020784
18020865
18020873
18021700
18021931
18023745
18024121
18024199
18025046
18025146
18025191
18025987
18026441
18026614
18026718
18027887
18028674
18029301
18029584
18029722
18030346
18031183
18032671
18032971
18033331
18033515
18033810
18034115
18035057
18036121
18040266
18040817
18041186
18041395
18042976
18044827
18046280
18046633
18047103
18047548
18048222
18175226
18176324
18176925
18177312
18177460
18179652
18180677
18181286
18182350
18182539
18182807
18183747
18185208
18185345
18186426
18186847
18187037
18187042
18188789
18188824
18188978
18189569
18189794
18190219
18190262
18190287
18190574
18190930
18191181
18191230
18191283
18191285
18191325
18191532
18192359
18192954
18192977
18193116
18193492
18193502
18193507
18194616
18194873
18194879
18195035
18195934
18196140
18196165
18196524
18196568
18196927
18197246
18197916
18197928
18197956
18197989
18197997
18198182
18198338
18198434
18198897
18198903
18199336
18199583
18200122
18200470
18200644
18200815
18200932
18200948
18201101
18201462
18202306
18202342
18203004
18203177
18203196
18203360
18203484
18204185
18204239
18204399
18204419
18204421
18284316
18284907
18284977
18285215
18285430
18285795
18286253
18286904
18287369
18287429
18287431
18287618
18287891
18288059
18288163
18288335
18288587
18288686
18289822
18289873
18289976
18290116
18290625
18290871
18291141
18291230
18291261
18291891
18291899
18292029
18292083
18292602
18293345
18293432
18293462
18293540
18293604
18293623
18293658
18294270
18294565
18294776
18294866
18295186
18295376
18295526
18295686
18295944
18296001
18296498
18296746
18297001
18297023
18297059
18297092
18297196
18297460
18298306
18298392
18337731
18337759
18338305
18338876
18338975
18339351
18339518
18339563
18339683
18340030
18340166
18340262
18340638
18340660
18340729
18340988
18341010
18341332
18342080
18342377
18342550
18342666
18343016
18343112
18343166
18343609
18343805
18344064
18344684
18344928
18345506
18345978
18346045
18346416
18346552
18346712
18346777
18346844
18347372
18347473
18348133
18348726
18348869
18348997
18349007
18349862
18350036
18350255
18350516
18350522
18389525
18389756
18389772
18390207
18390843
18391503
18391504
18391673
18391971
18392249
18393013
18393404
18393450
18394004
18394525
18394526
18394673
18394865
18394959
18395032
18395727
18396030
18396055
18396293
18396704
18398075
18398414
18399071
18399217
18399821
18400256
18400852
18401124
18401978
18402578
18402712
18402978
18403540
18403875
18403946
18404020
18404058
18404152
18405044
18405296
18405322
18405470
18405583
18405614
18405873
18406429
18406510
18406539
18407011
18407033
18407301
18407432
18407479
18454761
18455350
18457372
18457473
18457608
18457614
18459237
18459571
18460179
18461404
18463093
18463386
18463603
18464247
18464442
18464448
18465529
18466083
18466224
18466725
18467470
18472273
18496567
18496958
18497898
18498032
18498305
18498446
18499648
18502034
18502376
18502447
18505149
18505771
18507260
18508878
18508956
18509605
18509641
18509718
18510011
18510055
18510297
18511096
18511706
18511718
18512102
18524674
18525027
18525191
18525474
18525810
18526069
18526849
18527614
18528047
18528100
18528251
18528422
18529413
18529518
18529610
18529658
18529740
18529788
18530252
18530684
18530964
18531312
18531655
18531779
18531977
18532136
18532419
18532491
18532817
18532851
18533194
18533253
18533438
18533515
18534320
18534646
18535583
18535694
18535698
18536980
18537724
18537735
18538372
18538565
18539167
18539205
18539721
18540677
18540709
18540729
18540769
18541024
18541068
18541271
18541364
18541640
18541877
18541916
18542132
18542158
18543044
18543104
18543706
18543792
18543848
18547741
18550674
18551346
18553677
18554759
18556696
18558994
18559114
