5.0
16.0
6.0
10.0
16.0
1.0
1.0
8.0
6.0
1.0
19.0
8.0
16.0
12.0
9.0
2.0
7.0
17.0
3.0
28.0
27.0
31.0
28.0
27.0
27.0
29.0
24.0
26.0
45.0
50.0
45.0
55.0
54.0
51.0
40.0
52.0
59.0
74.0
75.0
60.0
66.0
60.0
72.0
76.0
77.0
75.0
86.0
86.0
85.0
90.0
113.0
119.0
107.0
104.0
126.0
138.0
121.0
125.0
145.0
152.0
158.0
159.0
152.0
150.0
146.0
153.0
141.0
151.0
144.0
156.0
154.0
151.0
158.0
151.0
145.0
144.0
158.0
170.0
170.0
169.0
166.0
160.0
168.0
175.0
168.0
173.0
196.0
193.0
188.0
188.0
189.0
196.0
189.0
183.0
180.0
217.0
218.0
205.0
203.0
213.0
201.0
210.0
212.0
217.0
239.0
222.0
221.0
221.0
252.0
245.0
248.0
246.0
247.0
256.0
252.0
258.0
240.0
271.0
273.0
272.0
263.0
262.0
276.0
265.0
271.0
273.0
283.0
293.0
290.0
292.0
309.0
304.0
311.0
301.0
314.0
313.0
315.0
300.0
300.0
319.0
319.0
316.0
303.0
316.0
306.0
307.0
309.0
318.0
304.0
316.0
304.0
310.0
318.0
312.0
305.0
318.0
304.0
314.0
313.0
333.0
326.0
334.0
334.0
321.0
338.0
336.0
323.0
329.0
333.0
332.0
337.0
321.0
324.0
322.0
325.0
330.0
321.0
334.0
338.0
321.0
320.0
334.0
338.0
325.0
332.0
332.0
336.0
322.0
337.0
336.0
322.0
325.0
333.0
325.0
337.0
330.0
333.0
326.0
356.0
359.0
356.0
359.0
340.0
340.0
355.0
348.0
348.0
355.0
358.0
348.0
347.0
341.0
352.0
340.0
359.0
357.0
343.0
367.0
375.0
363.0
369.0
373.0
375.0
361.0
371.0
369.0
373.0
366.0
364.0
367.0
367.0
372.0
372.0
363.0
378.0
362.0
393.0
384.0
389.0
384.0
389.0
419.0
415.0
400.0
403.0
429.0
429.0
436.0
439.0
457.0
455.0
442.0
443.0
454.0
455.0
444.0
453.0
456.0
478.0
471.0
464.0
465.0
484.0
496.0
492.0
495.0
481.0
487.0
496.0
480.0
484.0
491.0
498.0
480.0
497.0
496.0
518.0
507.0
513.0
511.0
514.0
511.0
504.0
506.0
516.0
514.0
508.0
509.0
507.0
505.0
514.0
503.0
506.0
513.0
515.0
539.0
537.0
534.0
533.0
520.0
521.0
520.0
536.0
531.0
549.0
557.0
557.0
545.0
541.0
551.0
545.0
550.0
557.0
573.0
573.0
562.0
565.0
575.0
567.0
575.0
564.0
565.0
598.0
584.0
580.0
594.0
581.0
589.0
597.0
589.0
589.0
614.0
614.0
605.0
607.0
603.0
611.0
610.0
616.0
606.0
620.0
634.0
636.0
636.0
641.0
656.0
655.0
643.0
647.0
654.0
643.0
650.0
648.0
674.0
669.0
668.0
677.0
662.0
660.0
661.0
663.0
668.0
679.0
676.0
673.0
664.0
675.0
660.0
675.0
673.0
661.0
679.0
691.0
687.0
683.0
681.0
681.0
694.0
693.0
688.0
684.0
692.0
692.0
684.0
694.0
682.0
687.0
690.0
695.0
684.0
695.0
690.0
688.0
686.0
692.0
689.0
696.0
691.0
693.0
686.0
693.0
695.0
686.0
698.0
683.0
682.0
683.0
684.0
698.0
684.0
687.0
688.0
690.0
691.0
696.0
689.0
680.0
697.0
697.0
688.0
691.0
711.0
713.0
702.0
713.0
712.0
711.0
712.0
716.0
715.0
738.0
737.0
723.0
739.0
729.0
724.0
729.0
730.0
729.0
736.0
722.0
720.0
733.0
721.0
726.0
725.0
729.0
733.0
721.0
721.0
723.0
732.0
729.0
720.0
735.0
732.0
722.0
727.0
726.0
722.0
736.0
732.0
737.0
728.0
732.0
738.0
727.0
724.0
733.0
732.0
726.0
730.0
735.0
723.0
732.0
739.0
720.0
739.0
721.0
748.0
741.0
748.0
752.0
753.0
742.0
744.0
753.0
753.0
778.0
760.0
772.0
763.0
761.0
762.0
761.0
760.0
772.0
766.0
763.0
764.0
764.0
771.0
761.0
768.0
778.0
765.0
765.0
763.0
772.0
762.0
760.0
770.0
775.0
776.0
765.0
776.0
765.0
794.0
784.0
790.0
795.0
783.0
784.0
782.0
787.0
786.0
794.0
796.0
784.0
785.0
795.0
793.0
786.0
799.0
791.0
790.0
790.0
787.0
799.0
796.0
781.0
783.0
796.0
787.0
790.0
783.0
815.0
819.0
814.0
803.0
801.0
806.0
808.0
816.0
803.0
834.0
836.0
837.0
839.0
820.0
831.0
820.0
835.0
829.0
841.0
844.0
844.0
849.0
851.0
842.0
845.0
846.0
856.0
875.0
860.0
879.0
878.0
868.0
867.0
866.0
869.0
873.0
873.0
878.0
878.0
870.0
868.0
863.0
861.0
873.0
865.0
877.0
893.0
888.0
898.0
895.0
887.0
899.0
887.0
898.0
882.0
916.0
900.0
933.0
925.0
922.0
923.0
957.0
949.0
951.0
945.0
975.0
964.0
977.0
963.0
967.0
965.0
979.0
974.0
976.0
998.0
993.0
989.0
997.0
996.0
990.0
981.0
989.0
996.0
1011.0
1005.0
1009.0
1018.0
1014.0
1010.0
1000.0
1016.0
1005.0
1029.0
1020.0
1037.0
1028.0
1023.0
1031.0
1039.0
1027.0
1035.0
1051.0
1051.0
1073.0
1079.0
1078.0
1079.0
1079.0
1078.0
1064.0
1070.0
1078.0
1078.0
1070.0
1071.0
1079.0
1078.0
1060.0
1060.0
1065.0
1070.0
1069.0
1065.0
1078.0
1061.0
1060.0
1079.0
1061.0
1074.0
1064.0
1078.0
1073.0
1096.0
1098.0
1097.0
1082.0
1089.0
1096.0
1082.0
1098.0
1095.0
1118.0
1111.0
1103.0
1100.0
1100.0
1117.0
1110.0
1102.0
1112.0
1125.0
1125.0
1135.0
1131.0
1156.0
1148.0
1154.0
1146.0
1152.0
1157.0
1143.0
1156.0
1144.0
1169.0
1164.0
1196.0
1193.0
1196.0
1196.0
1217.0
1214.0
1208.0
1211.0
1205.0
1207.0
1211.0
1219.0
1201.0
1212.0
1209.0
1206.0
1219.0
1218.0
1202.0
1206.0
1213.0
1219.0
1213.0
1201.0
1204.0
1211.0
1217.0
1200.0
1201.0
1211.0
1207.0
1200.0
1217.0
1222.0
1221.0
1238.0
1235.0
1221.0
1226.0
1223.0
1229.0
1234.0
1240.0
1250.0
1254.0
1259.0
1254.0
1256.0
1251.0
1250.0
1254.0
1258.0
1242.0
1241.0
1253.0
1259.0
1244.0
1249.0
1241.0
1256.0
1259.0
1251.0
1241.0
1256.0
1248.0
1257.0
1249.0
1244.0
1248.0
1241.0
1254.0
1255.0
1243.0
1257.0
1258.0
1256.0
1252.0
1251.0
1257.0
1247.0
1252.0
1278.0
1268.0
1278.0
1275.0
1268.0
1271.0
1279.0
1271.0
1275.0
1290.0
1282.0
1287.0
1288.0
1293.0
1292.0
1295.0
1283.0
1295.0
1306.0
1302.0
1309.0
1309.0
1311.0
1307.0
1308.0
1304.0
1315.0
1302.0
1309.0
1309.0
1310.0
1310.0
1309.0
1316.0
1317.0
1302.0
1314.0
1328.0
1324.0
1320.0
1320.0
1327.0
1322.0
1339.0
1338.0
1339.0
1355.0
1359.0
1353.0
1348.0
1353.0
1344.0
1340.0
1352.0
1346.0
1373.0
1371.0
1363.0
1367.0
1360.0
1371.0
1378.0
1362.0
1362.0
1377.0
1371.0
1374.0
1374.0
1370.0
1376.0
1379.0
1364.0
1367.0
1371.0
1395.0
1386.0
1383.0
1395.0
1392.0
1393.0
1395.0
1385.0
1391.0
1385.0
1390.0
1390.0
1381.0
1388.0
1396.0
1397.0
1387.0
1382.0
1391.0
1400.0
1416.0
1411.0
1405.0
1410.0
1404.0
1413.0
1407.0
1412.0
1422.0
1429.0
1420.0
1436.0
1431.0
1434.0
1435.0
1426.0
1424.0
1449.0
1456.0
1456.0
1444.0
1456.0
1457.0
1456.0
1447.0
1459.0
1477.0
1478.0
1465.0
1476.0
1471.0
1460.0
1467.0
1465.0
1468.0
1487.0
1488.0
1480.0
1480.0
1480.0
1492.0
1486.0
1489.0
1495.0
1500.0
1505.0
1500.0
1504.0
1511.0
1501.0
1502.0
1506.0
1512.0
1538.0
1521.0
1530.0
1527.0
1541.0
1550.0
1550.0
1554.0
1546.0
1541.0
1555.0
1554.0
1540.0
1563.0
1574.0
1588.0
1587.0
1594.0
1586.0
1616.0
1615.0
1603.0
1614.0
1617.0
1601.0
1619.0
1607.0
1615.0
1631.0
1638.0
1626.0
1639.0
1651.0
1648.0
1658.0
1648.0
1646.0
1651.0
1658.0
1645.0
1643.0
1678.0
1663.0
1672.0
1661.0
1693.0
1688.0
1693.0
1697.0
1680.0
1691.0
1684.0
1683.0
1694.0
1712.0
1707.0
1713.0
1710.0
1716.0
1712.0
1711.0
1711.0
1717.0
1732.0
1732.0
1737.0
1723.0
1720.0
1728.0
1728.0
1721.0
1730.0
1746.0
1757.0
1750.0
1756.0
1763.0
1772.0
1775.0
1764.0
1779.0
1763.0
1764.0
1768.0
1761.0
1783.0
1801.0
1819.0
1801.0
1815.0
1810.0
1817.0
1807.0
1801.0
1810.0
1833.0
1827.0
1823.0
1827.0
1823.0
1839.0
1838.0
1836.0
1820.0
1850.0
1848.0
1846.0
1842.0
1879.0
1862.0
1874.0
1875.0
1873.0
1868.0
1868.0
1860.0
1873.0
1889.0
1888.0
1887.0
1880.0
1909.0
1905.0
1926.0
1934.0
1930.0
1937.0
1927.0
1929.0
1937.0
1932.0
1931.0
1951.0
1953.0
1943.0
1955.0
1947.0
1954.0
1956.0
1949.0
1956.0
1970.0
1967.0
1972.0
1972.0
1986.0
1991.0
1995.0
1987.0
1997.0
1985.0
1995.0
1988.0
1993.0
