93
4239
4773
5018
5040
6485
8486
9981
15138
17949
19918
20303
26267
26642
27149
28563
30375
33983
34382
34679
35730
36584
37499
38587
40091
41208
42985
44939
47327
47709
48803
48893
51624
52763
54358
54898
58118
60972
61965
64288
64580
67357
68543
70065
70656
71874
72271
72334
72501
72795
77535
77947
78469
78840
79802
81701
82763
83672
84678
87763
89056
89442
89841
91391
94302
94571
99894
100832
101775
105009
105501
105853
106213
111213
112469
113329
117492
117974
118406
120840
123476
123676
126051
130635
131312
131517
131872
132324
135881
139861
144198
144395
150451
152043
152956
155124
160140
168408
174630
174653
175974
177601
178608
181064
181136
181258
183306
185214
186795
187601
189178
190270
191126
191865
192249
194044
194137
194182
195101
196576
196977
197327
199077
200007
200419
202786
203480
205229
205818
207579
208079
209572
210629
211202
212423
214811
217237
222908
226394
227167
227317
229269
231924
232233
233500
235712
238356
239947
240057
242103
243728
243805
244438
245806
246691
249809
250240
252388
254125
255283
260821
260827
261047
261666
262429
264871
266574
266661
268727
272636
272922
283003
283394
283487
284174
288236
292415
293707
294142
296079
301112
307464
310145
310355
313421
317735
317869
319681
320987
323079
324940
326614
327574
328009
328707
331815
335847
336681
336966
341201
341881
343103
343355
346728
348826
351653
353467
356566
362854
363729
364036
369340
375407
377641
377778
378036
380359
381672
382922
383375
384478
385196
385381
386354
390968
393347
395342
397666
397925
399205
399875
403064
403249
403643
405717
408073
413038
415265
418185
418906
419380
421040
422452
423394
424316
426021
426485
430457
431232
432519
433572
435100
436334
436642
436834
437125
437174
438140
438610
440629
443980
444053
446214
448419
448952
453333
453951
454116
454175
455915
456051
457915
458986
459409
465590
465939
466018
469509
470118
473119
475543
476806
477400
478199
481507
487620
489977
499829
500269
501506
501999
502311
505477
507671
508833
510474
512088
515065
515452
515948
516212
517513
519800
519913
524970
526242
526665
527243
530712
532067
532541
533609
534072
534698
536191
537291
538863
540359
540490
540931
541493
542843
544115
545732
547195
548730
548784
550876
551054
552760
554005
555095
556297
558697
559854
564737
565567
565580
566161
566556
567372
567723
568501
570185
576203
576277
578502
581868
583034
586578
586991
591198
593987
595850
595920
599481
600990
606077
610416
614413
616881
618321
618912
619362
621647
623926
626514
627102
628945
635924
641474
641874
644847
646744
648175
650220
650440
654209
657499
658467
660385
662257
663601
663647
665707
669741
670646
673429
675453
677553
679219
679951
680108
680978
682321
682862
684869
688894
689094
693172
696375
698645
699205
702322
702422
705157
707563
708883
713133
718718
719967
721381
721871
722300
722516
724318
726434
732386
736714
738905
740588
742078
742490
744105
744431
745257
747347
749236
751939
754207
754835
754976
756319
758509
759101
761217
761486
763536
763699
769457
773983
774684
775685
775937
779735
782480
788044
788501
790017
790225
793354
795124
800491
802611
807712
808476
809538
810876
811282
815348
817441
821355
823253
825873
826048
834570
834736
835027
835433
836129
838807
841682
843296
845479
845491
847298
850273
851009
854433
861270
864373
864984
866207
866313
870631
871454
871617
874525
878981
880000
881797
882676
883163
884184
886107
892251
898369
898821
902497
904179
906795
908032
910855
911162
911314
912531
915193
917233
918342
919793
921369
925429
928867
930924
933284
937010
937467
938078
939066
939440
942363
942386
942501
945676
947145
948313
948966
951056
951064
952046
953882
954221
958460
958773
958872
960141
962291
965410
966312
970048
970780
970831
970914
971145
971670
972202
973356
975178
978136
983410
983486
984121
984822
990994
991402
991530
991641
993122
1000289
1000490
1003064
1006312
1008293
1009321
1010277
1012113
1013563
1017866
1021520
1024358
1025179
1026811
1028489
1031842
1035238
1036061
1042191
1044313
1044507
1045273
1046065
1048339
1050177
1051283
1051614
1053230
1054710
1060514
1062830
1064128
1064474
1064609
1066652
1070194
1073360
1074108
1074513
1074647
1075471
1076308
1085065
1087893
1089423
1089992
1090316
1092659
1095669
1096381
1097471
1098238
1103240
1103373
1103514
1105920
1106468
1107816
1108291
1112534
1113112
1113495
1114379
1114579
1116567
1117063
1118224
1118532
1118714
1118875
1118891
1119230
1119712
1124051
1127707
1129817
1131352
1132116
1132634
1136199
1137124
1138717
1139957
1143316
1144560
1144881
1145803
1148897
1150084
1150797
1157431
1157434
1158260
1158499
1159481
1159849
1159914
1160923
1160982
1163349
1164794
1166242
1167098
1167509
1171605
1174755
1176639
1183158
1185924
1187706
1189573
1191991
1192636
1196530
1199067
1199522
1201425
1202296
1203547
1203827
1204046
1205675
1206395
1210044
1210158
1213161
1221024
1221667
1224498
1224923
1225521
1225782
1227053
1227154
1228518
1228846
1231544
1234246
1234936
1237957
1238258
1239287
1240656
1241895
1243456
1244868
1251469
1251540
1251863
1256418
1258141
1266084
1271985
1272057
1273838
1276578
1283674
1283914
1285871
1288296
1289146
1291521
1292818
1292826
1293367
1293389
1293414
1293685
1294908
1295197
1296363
1299728
1300947
1301708
1303122
1306915
1309366
1309470
1312353
1313316
1313532
1315194
1317789
1319938
1322689
1325164
1328438
1330313
1331580
1337236
1337915
1339923
1341501
1344401
1344626
1347136
1349371
1349714
1352187
1359731
1362852
1364892
1366101
1367755
1369578
1372213
1372500
1374918
1375432
1378835
1385143
1385519
1387752
1389527
1392981
1397054
1398191
1398532
1399240
1400414
1401205
1402016
1404017
1404260
1404792
1405375
1407818
1408954
1410435
1411070
1414230
1415157
1416492
1416829
1419135
1419497
1419921
1420025
1422290
1422523
1422804
1426748
1428696
1429791
1430619
1431761
1432973
1435900
1437307
1438577
1440244
1441506
1444295
1448886
1448928
1449130
1449260
1449410
1451049
1451778
1452827
1455161
1455874
1456392
1456966
1465156
1465539
1471023
1471414
1473316
1475614
1480732
1481813
1481957
1482634
1482980
1484148
1486792
1487850
1493304
1493388
1494443
1496547
1497151
1497339
1497894
1498496
1499536
1501518
1504150
1505564
1508660
1512828
1513516
1513988
1514329
1519501
1522917
1523203
1526357
1526664
1526969
1527217
1528190
1528333
1528694
1530804
1530899
1537159
1537784
1538636
1539067
1540673
1541000
1543473
1544741
1547234
1548047
1550216
1550698
1554088
1554597
1558414
1563476
1565599
1569865
1570874
1571680
1572982
1577788
1580208
1580972
1582066
1584842
1586413
1591044
1592102
1592784
1594360
1595397
1596620
1598752
1599805
1599818
1601155
1607726
1609171
1609705
1610020
1611610
1614679
1614714
1615780
1616236
1617005
1620239
1627320
1627714
1635474
1636231
1637930
1639723
1640198
1641315
1642325
1642747
1644572
1647151
1651346
1655804
1656845
1657520
1658584
1658947
1661240
1663313
1666387
1667183
1667335
1667376
1667811
1668312
1669061
1669314
1670031
1670077
1673783
1674354
1680236
1681765
1683258
1687296
1689729
1689878
1690501
1690566
1692105
1693582
1700046
1703504
1703512
1704758
1705834
1709705
1710159
1710549
1711558
1713813
1714525
1714905
1716667
1719410
1720334
1720920
1720927
1720962
1723079
1727845
1728077
1729953
1730568
1730864
1732450
1734570
1738376
1739493
1743375
1746456
1748820
1749387
1750805
1750870
1751688
1752019
1756592
1757458
1757963
1759826
1762481
1766286
1766982
1767718
1767864
1768339
1770301
1770985
1773592
1775471
1782485
1782548
1783479
1785337
1787194
1797355
1799785
1800495
1801004
1804070
1804752
1804887
1805622
1806349
1806454
1810392
1811763
1812045
1812342
1825296
1825414
1825760
1826927
1828041
1828886
1833316
1834976
1839522
1840011
1841850
1842084
1843693
1843716
1844202
1845951
1849080
1849208
1850389
1850935
1851249
1864309
1865916
1866134
1867925
1868985
1872387
1872921
1875837
1876074
1876914
1877575
1883845
1885709
1886253
1888411
1891760
1892057
1892428
1892689
1892972
1893214
1895112
1895752
1896057
1896393
1897394
1898365
1901055
1904257
1906883
1908484
1910449
1912682
1914257
1915982
1916649
1918000
1919914
1925496
1927105
1928845
1929573
1930954
1931192
1932324
1933713
1933715
1936919
1937222
1938837
1940263
1940751
1945162
1946318
1946450
1949268
1954318
1957766
1957835
1958036
1958959
1960532
1964791
1964900
1968511
1968546
1970255
1976370
1981794
1986789
1987037
1990149
1991844
1992959
1992999
1993973
1996431
1996478
1997907
1999162
1999411
2007229
2008403
2009166
2009613
2012059
2012477
2012517
2017385
2017508
2017933
2018110
2018298
2018954
2019836
2028513
2028604
2031252
2032719
2034788
2035402
2035895
2037589
2038743
2038818
2039097
2039306
2039711
2039844
2042368
2043280
2045319
2046701
2047015
2047342
2049874
2052232
2054606
2054632
2057080
2058972
2059907
2060565
2062627
2064144
2068580
2069027
2070170
2070308
2071109
2071288
2074179
2078629
2081169
2083393
2086595
2087943
2090452
2092257
2095527
2098555
2099099
2102709
2104572
2104781
2108228
2109196
2111217
2111795
2112941
2113584
2115229
2115424
2117442
2120225
2120583
2122145
2122946
2123194
2123688
2126469
2127566
2128489
2129033
2130419
2132734
2134786
2136673
2137250
2139081
2139697
2141925
2142546
2143193
2143915
2146510
2150346
2150686
2151662
2153864
2155064
2155560
2155640
2156405
2158435
2158767
2162996
2164515
2171193
2172796
2177514
2190171
2190176
2190794
2191901
2196076
2197834
2198364
2202318
2202812
2203500
2203895
2205750
2206316
2206920
2209397
2213961
2218708
2219881
2222029
2224310
2224811
2226214
2227696
2229337
2229703
2231251
2231873
2232812
2236280
2236339
2238224
2238327
2238900
2239890
2241280
2241345
2244847
2247338
2248520
2250626
2255504
2258827
2259147
2259639
2259912
2261869
2263688
2264620
2265179
2266727
2268636
2271121
2274882
2284053
2285451
2288261
2290499
2291622
2292206
2292427
2295174
2296327
2298719
2299206
2304389
2304940
2308676
2310988
2312442
2312974
2316187
2320069
2321329
2322585
2323577
2323702
2327288
2327728
2329494
2329522
2330405
2331251
2332920
2334232
2334621
2336368
2337569
2346252
2347171
2350964
2352070
2355507
2355817
2361668
2363450
2364473
2367169
2368665
2369016
2369911
2369922
2371358
2372118
2372443
2376291
2377778
2380358
2380977
2384855
2385277
2385404
2385617
2386710
2389317
2392163
2394856
2398069
2399457
2400046
2400837
2400867
2402090
2404281
2405085
2406229
2408967
2409532
2410294
2414433
2416323
2416399
2420979
2425278
2425969
2428270
2428277
2431192
2431301
2431821
2433539
2435456
2436920
2438114
2441948
2442549
2442591
2444192
2444575
2445424
2449160
2454604
2456929
2459730
2459788
2460591
2460642
2466719
2469152
2469888
2472473
2473949
2474334
2475893
2476546
2477364
2479174
2480362
2485319
2486393
2487409
2489668
2489900
2489997
2491652
2494090
2494603
2495330
2495458
2499271
2500240
2501563
2503398
2504797
2505800
2508333
2509367
2510406
2512088
2512464
2513214
2515667
2515980
2520320
2522420
2524398
2532148
2538729
2542386
2544262
2544735
2544873
2547116
2549478
2555139
2561246
2565716
2565784
2567250
2571474
2577593
2578818
2579542
2580048
2580178
2580637
2581705
2583031
2583786
2584467
2588616
2590660
2591496
2593795
2593956
2594874
2595061
2598524
2604309
2605682
2606265
2606769
2607330
2608667
2609437
2609700
2611112
2611710
2612803
2613012
2614919
2618558
2619099
2619103
2620970
2623045
2624090
2624167
2625342
2626078
2627180
2627847
2632380
2633232
2633599
2633671
2634092
2636483
2638339
2639190
2643022
2643420
2646450
2650162
2651261
2651840
2654066
2654292
2656605
2657587
2658713
2660316
2664887
2666127
2668620
2672068
2672789
2672942
2676421
2677498
2678649
2679018
2679751
2680453
2683768
2685667
2688081
2691125
2691133
2694542
2694942
2697070
2697588
2700654
2702955
2704590
2706123
2706829
2710129
2710223
2710448
2713242
2714913
2719262
2723357
2724074
2729080
2729108
2729220
2736927
2739573
2742944
2743948
2746368
2747381
2748511
2749441
2749686
2751110
2756690
2760153
2762795
2768451
2772352
2773042
2774472
2774848
2775528
2776812
2779889
2780099
2786583
2791065
2792154
2794111
2794371
2796120
2796370
2799390
2802518
2805284
2806187
2807463
2807779
2811075
2811738
2814679
2815114
2815981
2817163
2821776
2827278
2827700
2830602
2832057
2832884
2833674
2833730
2834177
2835166
2843652
2843694
2848947
2849820
2849880
2850815
2852568
2853167
2853227
2854489
2856644
2857696
2859396
2861817
2863398
2864967
2866046
2866827
2866969
2866993
2867551
2869774
2869960
2873060
2876554
2876640
2877410
2877624
2883253
2884618
2887597
2888469
2889412
2889625
2891359
2892847
2899497
2904416
2907634
2911076
2912309
2913127
2913427
2914033
2916790
2918964
2919875
2922024
2925928
2927060
2928194
2929124
2932576
2933141
2933969
2935061
2937447
2937906
2939759
2939933
2942404
2945894
2949743
2953101
2954554
2955094
2955614
2955954
2956086
2963383
2964247
2967532
2972066
2972566
2973016
2977286
2978311
2978459
2979621
2984688
2987303
2987736
2991033
2992230
2992587
2992649
2993451
2996113
2996460
2996870
3001412
3006318
3008342
3010056
3011324
3013927
3014146
3014460
3016861
3018659
3021437
3021647
3022826
3024870
3025994
3026469
3031116
3032130
3037048
3039131
3042919
3044402
3050407
3051005
3051234
3052492
3052920
3054358
3058129
3061058
3063501
3065172
3068022
3068129
3068350
3070683
3071556
3076557
3076864
3077720
3079606
3079703
3080064
3080825
3083947
3085325
3086551
3090613
3093215
3095864
3096786
3099040
3099044
3099605
3099606
3099749
3105368
3106632
3106752
3110418
3111888
3112060
3113126
3113803
3114688
3120160
3126142
3128457
3129606
3130316
3130988
3132456
3135490
3136004
3138718
3139269
3139546
3139667
3139970
3141154
3143477
3148282
3151522
3151979
3152603
3153887
3165115
3168487
3171773
3175274
3175737
3177420
3177518
3182833
3183786
3184275
3184987
3185186
3185500
3185979
3186179
3189547
3191046
3193995
3195128
3202136
3208936
3213503
3216917
3218101
3218273
3221914
3225626
3227422
3227548
3230877
3230911
3236397
3238308
3242631
3242882
3242932
3244184
3246064
3246071
3246982
3247814
3256129
3256233
3256990
3257458
3258453
3259784
3263756
3264168
3264320
3264824
3265048
3266764
3266928
3277881
3281336
3283063
3283717
3284218
3285165
3286164
3287002
3288221
3288346
3288742
3290480
3293031
3294408
3299742
3300837
3304200
3304233
3304881
3305826
3306248
3306659
3310197
3311756
3313038
3314628
3315578
3321534
3322032
3326969
3329533
3332327
3335700
3336109
3336765
3339381
3340285
3343683
3343971
3348132
3348490
3349598
3349692
3351368
3352015
3354920
3357797
3360094
3362511
3367243
3370990
3371741
3372558
3378417
3379656
3383573
3387339
3389422
3389970
3390502
3394550
3395675
3397013
3401403
3402231
3402801
3403423
3404569
3410856
3412307
3413127
3417332
3417591
3419920
3420870
3424382
3427924
3427934
3434201
3440328
3441172
3441177
3443053
3444755
3445187
3450308
3452697
3454014
3460326
3462742
3462980
3463117
3464465
3466925
3471316
3473962
3474500
3474986
3475346
3476331
3476503
3481763
3481795
3482528
3483643
3489479
3491569
3493531
3494735
3501956
3504156
3504298
3505405
3505949
3506029
3507241
3507584
3508539
3509535
3513343
3514997
3517603
3520244
3521522
3523372
3530547
3532070
3536122
3536874
3536894
3539589
3541875
3542779
3543646
3548436
3550041
3550429
3552069
3556413
3557591
3560428
3561543
3562868
3564447
3566142
3567544
3572097
3574120
3574222
3576978
3577290
3577325
3577779
3578435
3580832
3582556
3583221
3583494
3583998
3585766
3586464
3586998
3592533
3595068
3595725
3603272
3604782
3610598
3611697
3611984
3615321
3620139
3620383
3620425
3623412
3623848
3628681
3633814
3635432
3636411
3643278
3644548
3647446
3648885
3652762
3654438
3663122
3665885
3666063
3667224
3668122
3668284
3670288
3674475
3676663
3678958
3681768
3682294
3682856
3686122
3688222
3689228
3692162
3692390
3695765
3695860
3696113
3698331
3702370
3703918
3705873
3706594
3707054
3710020
3711110
3717249
3718243
3719668
3722272
3729734
3732463
3734030
3735223
3735922
3736621
3738566
3740056
3745154
3746096
3746468
3747381
3748354
3748604
3749717
3751453
3751584
3752244
3758153
3759761
3759815
3764371
3764487
3765083
3768429
3768583
3770043
3771474
3774282
3777873
3778951
3779700
3779818
3781221
3784300
3785266
3785516
3787361
3794330
3797000
3798238
3799431
3799550
3801585
3801875
3802115
3803010
3803356
3805414
3805728
3807063
3812450
3814789
3815220
3815831
3818359
3825872
3825984
3827429
3833335
3834596
3836318
3837467
3839983
3841701
3844212
3845165
3846195
3846375
3848026
3848350
3849375
3855425
3858348
3858713
3859402
3860589
3862813
3863391
3865014
3866457
3867656
3870517
3877658
3878160
3879662
3880554
3881767
3881861
3884865
3887903
3888911
3888975
3891108
3892694
3893160
3895384
3897109
3897172
3899765
3900972
3903034
3904391
3907565
3909532
3909976
3911199
3912357
3912879
3914967
3917011
3918218
3918429
3919154
3919219
3921029
3921795
3922397
3922512
3925827
3925836
3927491
3928111
3928410
3931791
3934596
3937171
3937339
3937601
3937775
3939698
3953446
3957757
3960163
3960295
3961376
3965563
3966712
3970602
3971658
3973250
3974545
3975445
3975945
3976393
3976562
3978866
3983150
3985445
3985753
3986827
3990163
3991444
3992036
3994508
3994853
3995844
3996536
3998438
3999934
4001737
4004529
4005874
4006737
4008258
4008299
4010009
4010842
4018344
4018610
4019066
4019417
4019593
4019720
4021849
4024034
4025121
4025535
4026530
4026557
4026775
4028609
4033391
4033614
4033683
4034374
4035104
4035460
4035495
4037012
4037669
4038691
4039231
4041874
4044707
4045810
4045928
4050087
4051017
4051724
4053823
4054673
4059208
4059812
4059924
4065224
4066629
4067362
4068355
4069885
4070014
4072525
4074580
4077580
4077699
4077863
4079252
4081173
4081174
4082374
4082921
4085156
4086011
4087138
4091603
4092764
4094618
4095492
4097100
4097374
4099518
4099813
4103759
4105855
4105881
4110442
4113883
4117701
4118489
4119689
4126881
4128275
4130889
4132851
4133872
4135544
4136423
4136886
4142181
4144630
4146492
4150525
4151902
4154410
4155692
4156834
4157687
4158930
4159021
4164135
4164827
4167396
4167567
4168453
4168481
4169464
4174958
4181528
4185609
4186779
4187374
4187745
4188404
4188844
4188920
4191221
4194100
4200587
4206989
4208034
4210329
4210578
4211672
4212726
4214488
4214529
4215688
4218425
4225151
4225196
4227604
4230044
4239122
4240621
4241550
4242345
4244760
4245008
4247636
4252362
4259317
4263096
4265404
4267901
4269836
4271963
4274360
4274854
4277067
4284656
4285000
4285795
4286146
4286572
4287732
4289871
4294739
4295489
4297413
4300785
4301829
4303148
4306163
4307313
4308319
4311605
4314130
4315775
4316598
4317416
4318395
4323387
4323789
4327425
4328292
4331906
4334325
4334443
4336036
4339243
4340687
4346364
4346862
4352531
4369741
4370459
4371770
4377168
4379885
4380847
4381017
4381654
4391269
4391714
4391757
4393366
4394142
4394955
4397346
4397585
4397819
4398553
4399536
4400244
4409933
4410508
4411280
4411672
4411733
4419605
4421097
4423668
4424206
4425011
4426342
4426596
4429701
4432815
4433112
4434924
4435929
4437286
4437646
4437688
4437997
4441852
4444483
4445610
4448433
4450463
4453062
4454180
4454730
4458626
4462856
4463000
4463701
4464811
4464941
4469905
4471086
4473643
4476291
4481783
4483058
4486819
4486950
4487067
4487277
4487893
4490667
4491083
4491536
4495543
4497282
4497730
4498264
4499115
4499930
4501006
4503223
4503593
4504723
4505192
4505835
4506265
4512754
4512792
4519471
4520583
4521177
4526519
4526885
4527497
4529629
4529649
4531369
4534692
4545124
4545240
4546712
4549747
4551075
4554393
4557102
4557689
4558135
4561130
4565649
4570232
4570628
4573299
4577680
4577870
4585300
4585774
4587136
4593998
4594921
4597777
4600325
4604374
4607328
4609349
4610963
4614131
4614430
4618686
4619356
4621980
4627927
4628093
4629917
4632093
4632125
4632293
4634214
4635591
4635923
4642696
4644247
4648355
4649880
4653929
4655349
4658533
4659719
4661605
4665292
4666805
4667671
4670919
4672546
4673287
4674403
4674842
4675771
4675775
4675846
4676416
4677857
4678412
4679429
4680335
4680757
4682076
4683005
4683032
4685045
4685346
4687597
4688810
4689023
4689721
4689891
4690178
4692688
4696912
4703892
4711984
4717242
4717442
4718033
4718198
4719669
4719744
4723411
4724116
4725740
4725785
4726102
4727756
4733976
4736185
4739652
4741169
4743722
4743919
4744251
4745284
4747142
4747785
4747935
4747937
4748284
4748949
4749033
4749748
4750204
4750729
4750746
4753237
4753949
4754075
4755277
4756582
4756805
4758465
4762843
4766140
4769563
4771281
4772097
4772469
4774092
4775189
4777142
4777740
4781682
4782596
4782609
4783565
4784747
4787727
4787961
4788001
4788945
4790650
4791482
4794798
4795618
4796147
4797069
4802927
4805823
4805866
4810713
4812328
4815217
4815290
4816333
4818382
4819321
4822488
4824317
4825351
4826854
4828113
4829724
4830887
4831343
4833306
4834163
4838899
4839641
4839669
4842243
4845599
4846453
4853323
4855932
4858285
4858559
4862933
4863258
4864241
4868335
4870638
4871149
4871854
4878030
4881052
4882413
4884474
4886225
4886714
4887980
4893283
4894401
4894980
4900618
4902503
4905082
4905525
4908728
4909406
4910523
4911942
4917573
4918089
4919228
4922294
4922769
4922996
4923692
4923911
4924688
4927618
4930101
4932304
4932569
4933062
4933872
4937045
4939895
4940011
4940187
4940475
4941316
4944825
4945311
4945754
4946894
4948153
4951052
4953181
4953598
4957527
4958446
4960457
4961073
4961199
4961495
4961642
4964960
4968596
4970370
4971328
4975011
4977677
4977933
4979918
4987154
4987461
4989289
4990343
4991982
4993566
4994223
4994656
4998404
5000046
5007211
5007267
5007368
5007429
5009265
5009285
5013164
5015306
5015334
5016589
5023087
5025686
5028974
5029534
5038953
5041332
5043244
5046601
5047080
5048681
5049026
5049464
5050553
5051598
5052323
5059850
5061719
5062407
5063004
5065710
5066511
5068383
5068780
5072282
5075414
5078387
5078973
5079736
5082613
5084888
5087766
5088159
5090469
5092305
5096911
5096953
5097578
5097621
5098055
5099921
5102200
5104201
5105478
5105788
5108197
5108517
5111649
5111899
5113694
5116478
5118953
5120097
5124881
5125690
5129472
5130543
5130726
5132060
5136122
5138233
5138734
5139580
5140108
5140290
5141428
5145327
5145997
5150002
5150020
5150402
5150938
5151755
5153660
5157303
5164895
5167049
5171854
5172470
5174742
5177879
5178597
5179418
5181083
5181139
5182733
5184303
5185125
5187158
5188892
5191213
5191952
5193860
5196276
5197871
5200241
5200624
5200740
5200858
5201594
5203285
5203558
5206263
5206861
5207654
5208468
5209737
5210058
5212405
5212741
5213358
5214756
5215989
5219044
5220017
5220898
5227661
5231885
5233695
5234261
5234796
5234885
5235070
5236650
5238522
5238902
5239441
5240792
5246476
5246673
5247731
5248553
5254119
5255883
5257327
5258147
5258331
5261289
5264188
5266630
5267602
5267976
5270890
5274746
5276185
5276420
5278099
5278572
5283719
5285392
5287184
5290839
5290901
5292164
5296034
5297484
5297934
5298837
5298865
5301538
5306101
5307999
5308968
5309909
5312624
5315287
5320067
5322973
5325871
5326774
5329203
5333891
5333892
5333985
5334288
5334393
5335804
5336631
5337163
5338267
5339617
5340449
5341642
5342821
5343116
5344549
5344580
5347377
5354371
5355626
5355929
5363451
5363465
5365333
5366316
5366436
5366704
5366801
5368002
5368082
5369908
5370135
5370955
5371265
5373195
5373341
5373783
5374118
5378026
5378057
5378846
5381027
5384668
5385034
5385358
5386137
5388926
5390140
5390721
5393316
5393472
5395965
5397752
5399236
5400844
5401161
5402387
5402547
5404655
5408075
5408241
5408343
5415466
5418170
5418302
5419502
5421025
5424134
5432551
5432869
5433564
5433837
5435511
5437159
5440202
5445365
5445584
5446001
5446982
5460869
5465443
5467706
5469474
5472364
5475008
5478266
5478290
5480418
5481770
5481946
5488646
5492024
5497852
5500565
5503980
5504268
5507844
5508216
5510483
5510833
5512882
5515566
5517582
5521563
5522876
5526627
5527391
5528465
5529721
5529929
5530036
5530295
5530784
5530887
5531549
5532537
5534293
5536896
5538994
5539188
5540584
5540612
5540803
5544037
5544772
5545929
5547585
5549148
5549456
5553732
5555573
5558007
5558579
5559119
5560817
5564366
5565815
5566827
5566985
5567497
5569111
5570178
5574138
5575344
5576705
5577552
5577564
5578297
5578503
5579397
5581999
5583262
5583708
5584203
5586961
5588054
5589527
5590973
5596388
5598289
5602055
5602545
5606321
5606699
5606744
5608131
5609121
5613305
5614115
5617278
5620157
5621538
5622535
5624180
5625135
5625770
5626428
5632475
5633497
5634715
5635732
5639119
5642458
5645327
5648470
5648722
5649207
5650104
5650673
5652036
5654721
5656391
5657265
5657526
5657599
5660970
5661040
5664199
5665343
5667387
5668717
5669658
5680063
5680450
5685881
5686837
5692969
5694455
5695571
5695635
5695910
5696298
5697786
5703270
5703582
5703717
5705365
5707769
5709008
5709899
5710241
5710664
5712506
5716960
5717780
5719567
5720808
5722042
5723242
5724427
5726591
5727258
5728138
5731192
5731974
5740799
5741179
5742896
5743907
5745612
5747401
5747639
5749015
5750194
5752060
5752338
5752605
5754664
5757473
5760609
5761592
5765815
5766953
5767322
5767646
5770967
5771130
5771396
5772315
5772529
5772569
5773418
5774296
5775160
5777732
5779588
5781336
5781791
5782222
5783805
5789490
5791379
5791458
5794470
5798018
5799653
5803862
5805901
5806077
5808043
5809310
5810297
5810601
5810978
5815865
5817803
5820282
5825403
5826696
5826740
5828774
5830149
5831737
5831784
5831856
5833589
5834687
5837241
5838411
5842624
5847619
5848886
5849071
5850446
5850964
5852230
5852810
5854589
5854854
5860646
5865734
5866648
5866937
5867156
5868766
5872447
5874516
5875831
5878050
5879059
5879103
5882307
5888092
5890750
5891376
5891599
5895218
5898315
5900268
5903145
5904398
5914113
5914803
5915015
5922493
5929391
5930413
5931131
5932446
5934035
5934172
5934371
5934667
5935308
5936714
5939995
5940879
5941704
5942920
5943565
5944929
5945116
5946127
5946944
5947691
5948853
5954796
5955342
5957373
5960956
5961313
5965043
5967966
5969387
5970538
5970794
5971056
5976091
5977412
5978262
5979140
5980589
5981896
5982083
5984278
5984704
5987208
5989528
5991382
5992317
5992933
5996747
6000457
6001428
6001441
6003851
6004936
6007545
6007757
6012316
6013244
6014801
6019046
6020350
6021903
6025101
6026449
6027060
6028913
6032211
6034895
6040355
6044485
6045612
6049393
6053176
6053443
6055009
6056048
6057093
6057207
6057839
6063251
6065025
6066059
6066954
6071217
6071334
6073506
6073584
6074460
6077806
6078505
6081134
6084225
6084975
6085273
6085840
6086417
6086742
6089038
6091149
6092497
6092628
6094146
6094303
6098762
6099260
6099500
6101695
6102207
6105278
6105556
6107054
6110914
6112499
6112569
6113747
6125363
6126089
6126547
6126708
6128644
6130846
6133641
6137441
6140591
6143821
6146982
6150636
6151594
6156873
6158258
6158502
6161384
6162150
6164871
6168381
6172774
6173340
6173481
6173568
6177995
6178165
6178344
6178363
6180144
6180587
6184293
6185563
6188915
6190895
6191829
6192042
6195064
6198921
6202675
6203647
6205345
6207351
6207362
6209056
6211029
6213171
6213398
6213483
6214822
6217718
6219117
6228462
6231119
6235368
6238731
6239623
6242038
6244788
6246316
6248251
6254274
6256590
6256701
6259587
6259877
6260211
6262634
6267332
6273973
6274147
6275554
6275699
6277196
6277283
6280534
6282024
6282285
6284242
6285117
6286139
6289479
6289602
6290713
6300586
6301606
6301950
6306092
6312737
6319260
6320211
6320442
6320852
6321554
6324547
6325401
6331110
6335599
6335665
6338718
6341332
6342785
6343116
6346434
6353630
6356452
6362463
6363558
6364590
6365109
6365946
6369795
6373354
6377743
6378702
6384073
6385157
6385404
6386421
6391175
6393020
6394525
6394536
6400606
6401106
6405990
6408043
6408695
6409043
6410922
6414225
6420756
6423238
6423455
6425241
6427487
6435088
6436487
6436868
6438599
6439979
6441766
6443066
6448104
6448530
6450731
6451952
6454266
6455758
6457199
6459830
6460581
6461443
6461459
6466999
6467732
6474632
6477943
6485596
6485937
6487798
6489835
6490668
6491014
6493353
6494240
6495800
6496516
6504364
6504451
6507054
6507755
6509888
6514168
6516528
6520238
6525230
6525730
6527138
6528018
6529910
6530560
6531895
6533415
6535875
6536844
6539334
6542643
6543179
6545111
6547044
6547839
6548215
6549731
6552170
6558421
6565420
6572964
6576560
6581500
6587328
6588930
6589396
6589626
6590869
6591665
6595735
6598184
6604543
6605958
6608404
6609161
6610268
6612012
6613063
6616389
6616989
6618199
6619868
6620106
6621303
6623379
6625082
6627174
6629876
6630379
6632616
6636432
6641610
6641858
6642915
6643039
6647190
6651580
6652303
6653122
6654487
6655108
6655319
6656435
6660852
6667648
6667661
6669795
6670610
6676054
6681916
6682381
6682591
6685791
6686613
6687485
6688384
6690258
6692863
6695509
6697027
6697619
6698842
6700474
6702310
6702905
6703184
6703442
6703883
6704689
6706593
6711588
6711622
6712042
6713743
6715524
6715984
6718241
6719492
6726484
6728892
6729173
6729636
6736133
6738389
6738572
6741134
6743153
6744823
6745751
6746979
6752910
6753462
6755725
6755750
6755803
6756459
6759135
6761082
6761925
6766675
6766797
6770374
6772707
6774995
6777412
6777959
6781115
6782362
6783626
6786788
6787591
6794246
6797090
6797946
6800700
6801123
6801526
6803192
6803474
6808181
6810415
6813908
6815110
6815675
6818804
6820232
6823140
6823216
6824475
6825311
6825349
6830117
6830745
6831002
6833248
6841707
6844443
6845852
6845965
6846648
6846793
6848084
6850901
6852328
6852500
6852860
6853083
6854082
6857460
6859032
6863629
6864514
6864783
6866453
6866860
6869676
6870530
6871674
6872613
6872826
6876767
6880466
6881442
6887051
6887293
6892088
6893241
6894450
6894989
6896565
6896637
6896751
6897233
6897793
6898371
6900751
6902727
6904184
6904706
6905594
6906819
6907761
6909875
6911366
6912814
6913190
6913806
6914081
6914572
6916318
6918448
6918765
6919180
6923315
6923464
6930121
6932507
6933843
6933930
6939393
6940772
6942493
6944247
6947671
6947740
6949452
6951293
6952477
6953172
6953233
6953246
6953273
6953696
6955458
6955993
6956881
6957803
6957876
6958567
6960106
6961151
6962465
6969696
6971383
6972465
6973307
6975257
6975484
6976001
6976844
6979131
6979617
6983329
6984154
6987105
6988758
6988934
6995473
6998972
7000472
7003119
7003251
7007399
7009091
7011579
7012470
7013514
7014146
7016656
7017073
7017528
7018323
7020137
7020866
7024326
7026222
7026533
7027564
7029302
7030690
7033118
7033487
7034228
7035062
7037905
7038766
7044869
7047279
7047948
7051066
7056261
7060593
7061379
7067582
7068147
7073852
7078130
7079885
7080474
7081037
7082987
7087931
7091551
7093039
7093429
7095978
7096658
7097605
7099056
7100946
7101487
7102024
7102286
7104499
7109835
7114026
7114194
7118175
7119659
7120917
7122563
7124142
7125337
7130369
7130645
7136472
7142292
7142960
7145297
7146817
7150652
7150691
7155059
7162208
7162669
7162974
7163632
7163705
7165637
7165908
7166037
7166118
7168849
7169597
7170535
7171127
7171296
7171400
7173268
7176474
7184823
7185616
7189027
7191899
7192712
7195813
7198974
7201136
7202865
7203200
7207335
7207648
7210339
7214755
7217178
7222436
7222733
7225216
7225428
7230660
7231044
7231401
7235658
7237246
7238888
7240151
7242881
7242896
7245028
7245202
7246090
7247242
7249282
7252361
7254967
7259246
7266203
7268698
7269151
7275310
7277733
7278207
7281175
7281610
7282138
7283953
7284551
7284820
7285068
7288934
7291620
7292363
7297880
7298149
7300137
7300865
7303415
7304779
7304885
7306743
7308279
7309512
7309623
7310335
7311956
7312145
7313244
7315363
7315545
7319233
7323078
7323681
7327129
7327373
7328094
7334247
7334720
7336319
7339921
7341631
7345628
7345635
7349842
7351705
7353483
7354236
7355492
7355758
7358942
7362789
7364954
7372398
7375339
7375769
7377314
7378412
7379579
7379833
7380309
7380600
7380887
7384401
7384606
7385180
7385229
7386411
7388502
7391155
7393826
7394192
7395251
7397155
7399470
7399641
7401229
7401713
7407532
7409732
7414846
7415836
7417790
7419775
7421668
7422029
7424650
7427223
7429096
7430168
7430333
7433314
7435531
7436987
7438546
7442659
7450127
7450230
7453716
7456493
7459572
7460411
7461393
7463856
7464004
7465952
7468243
7468301
7475412
7477935
7482630
7483751
7483955
7489086
7490871
7492234
7497695
7500930
7503137
7503689
7507785
7509102
7512943
7513939
7514402
7516231
7516543
7517338
7518929
7522430
7522874
7523213
7523775
7524611
7527354
7528610
7531449
7538134
7538282
7541139
7544285
7544730
7550349
7550978
7555516
7557235
7560169
7563875
7564277
7566096
7566193
7566513
7566978
7568845
7569315
7569450
7571053
7572834
7576443
7581465
7581670
7581932
7583284
7586152
7587150
7588530
7589803
7601467
7602612
7605650
7605696
7606556
7606762
7608474
7608486
7612251
7613042
7614708
7617428
7620873
7621195
7622763
7625340
7627692
7628191
7628279
7628475
7629320
7632945
7635153
7641393
7644571
7646475
7648731
7649319
7651418
7653612
7658125
7659537
7661220
7663685
7667158
7669473
7669969
7670532
7675678
7676011
7677146
7677297
7679011
7679069
7681570
7683828
7684337
7686646
7688339
7688533
7695995
7696182
7697076
7699665
7702235
7704229
7705300
7711015
7711933
7712906
7713190
7713244
7717057
7717656
7718906
7719399
7723633
7726449
7727194
7729025
7732632
7734919
7734989
7735402
7735651
7736758
7737041
7737050
7737584
7738400
7738862
7745524
7745746
7745841
7748271
7749459
7749546
7759389
7762478
7762986
7764951
7766676
7767140
7768118
7773616
7774838
7782244
7783064
7783682
7784548
7786392
7787089
7792124
7793267
7795566
7797441
7798322
7800085
7801953
7802413
7803929
7806883
7807050
7809670
7810495
7811163
7812038
7820861
7824875
7826684
7830954
7832307
7835240
7835416
7835565
7835601
7837983
7838623
7838703
7842076
7845751
7846281
7846675
7848017
7848857
7851049
7851612
7852600
7854465
7855209
7855503
7855723
7857296
7858710
7863937
7867251
7868519
7868865
7869290
7869378
7870675
7871134
7874033
7875180
7877107
7877283
7878152
7880135
7884234
7886756
7889061
7889526
7890526
7891738
7892519
7894847
7895582
7898068
7902703
7904426
7912933
7913159
7913459
7916323
7916566
7917841
7918433
7920400
7924054
7925297
7925764
7929212
7931030
7931267
7933153
7934292
7934358
7937299
7938802
7939019
7940600
7941184
7943259
7944924
7947353
7949247
7951288
7952748
7956052
7956461
7957786
7958049
7958500
7958646
7962386
7964250
7965819
7967975
7969335
7969678
7970106
7971279
7971377
7971766
7972128
7973173
7980015
7980314
7980651
7980854
7983543
7985620
7986734
7986931
7989437
7994243
7994866
7996951
8000016
8003307
8003862
8005460
8005968
8006931
8010200
8010406
8011356
8014251
8014617
8018857
8019663
8019784
8020104
8028024
8029232
8029540
8033138
8033412
8034994
8036586
8043399
8043697
8046860
8049003
8049018
8051827
8052381
8055666
8055928
8055944
8057808
8060000
8060210
8060241
8061758
8066704
8069200
8070002
8070286
8077600
8077641
8080346
8080902
8081348
8081406
8087835
8089087
8091239
8094141
8096372
8098427
8098479
8099471
8100207
8102136
8102764
8102871
8105291
8107568
8107936
8110039
8114608
8115223
8115486
8115858
8117576
8117602
8123002
8124589
8125690
8126806
8127472
8129296
8130994
8133029
8138442
8139835
8140842
8141971
8143791
8144098
8144756
8149049
8151382
8152511
8154790
8155584
8155796
8156366
8158430
8160920
8161386
8163364
8164104
8164219
8164741
8167720
8168283
8169932
8178971
8179102
8179435
8183564
8191091
8192442
8192897
8193629
8194254
8196121
8196337
8196572
8201882
8202674
8202881
8208579
8212210
8216409
8216707
8217512
8217565
8220884
8221128
8224055
8225136
8226757
8227066
8227238
8230974
8233096
8235897
8237237
8237422
8238783
8245914
8247716
8254541
8254693
8256469
8256781
8258315
8258626
8262110
8263172
8265356
8268731
8268821
8270469
8271473
8275831
8276624
8276850
8277072
8280574
8283367
8284007
8286181
8289771
8291830
8291882
8292087
8294697
8295037
8295073
8295473
8297305
8297708
8298184
8298539
8299828
8301689
8303590
8306229
8307421
8308785
8309152
8309576
8310887
8313921
8315761
8322900
8328031
8331320
8331381
8332525
8333597
8339150
8339587
8342192
8344993
8345533
8349311
8349649
8349749
8352068
8354984
8355094
8355489
8357476
8360266
8361942
8362312
8363937
8366562
8370482
8371012
8371457
8375132
8375808
8376230
8382212
8382744
8383325
8387308
8396963
8397693
8398043
8403458
8405675
8409921
8412703
8414558
8417773
8419538
8420599
8421817
8423224
8424019
8424716
8429090
8432235
8436519
8438131
8438467
8438763
8443474
8443540
8445005
8445688
8449862
8450850
8452093
8452201
8453992
8458015
8458667
8458712
8459253
8461655
8462146
8465969
8467744
8468799
8469485
8469637
8470278
8472367
8476396
8478849
8479237
8480148
8480523
8483052
8483770
8484877
8485043
8485525
8487324
8487674
8489786
8491566
8491927
8495459
8498784
8499309
8502338
8503692
8505130
8508204
8509135
8509435
8510198
8511535
8512722
8519076
8525015
8526861
8528006
8528416
8528736
8528738
8528893
8532454
8538348
8540370
8540602
8541172
8544184
8545867
8546738
8548136
8549956
8552866
8553404
8553921
8554865
8555612
8557679
8559703
8559899
8562168
8565221
8565741
8566360
8566389
8567193
8568490
8568514
8571289
8571335
8574118
8574384
8575259
8581000
8582368
8584149
8585411
8587585
8591031
8591777
8591804
8593328
8594734
8600242
8601154
8608641
8609661
8610016
8612918
8614532
8615087
8615732
8616276
8616867
8621443
8621896
8624159
8628520
8633608
8636918
8638606
8642674
8643762
8644140
8644732
8645167
8645287
8646021
8646963
8649607
8654282
8655378
8658741
8659420
8659534
8662190
8663617
8664870
8666052
8670350
8672321
8673903
8678524
8682709
8683375
8688167
8689621
8690216
8691480
8691874
8693002
8696798
8700092
8701865
8702715
8703797
8711650
8718416
8719486
8721243
8722446
8722589
8723124
8724855
8725372
8725382
8726329
8727936
8729183
8731017
8731899
8733630
8736901
8741327
8742388
8746542
8748252
8748769
8749142
8753684
8753756
8754698
8756294
8762636
8767516
8769169
8769191
8771336
8775642
8777098
8782209
8786546
8789091
8790132
8790665
8791527
8792581
8793799
8796982
8799736
8800826
8803677
8806618
8807085
8810619
8817163
8817778
8818029
8818478
8820990
8823579
8823851
8831531
8832727
8835951
8837385
8841029
8844443
8848588
8854649
8854819
8856539
8857561
8862764
8863008
8865349
8865722
8868247
8870476
8871881
8871920
8872711
8874383
8875845
8878528
8881440
8882076
8882333
8883388
8886783
8886875
8889521
8894058
8896813
8900290
8900859
8903043
8904164
8904556
8907583
8908318
8908570
8909306
8911879
8914845
8914869
8916549
8918201
8919388
8921511
8922526
8923784
8925151
8925899
8926347
8927403
8927966
8928615
8930256
8930346
8932344
8935481
8938163
8938283
8938370
8939654
8944030
8947175
8950608
8951693
8952481
8956609
8959260
8960330
8961336
8961803
8963169
8964580
8964622
8967414
8969074
8969751
8969997
8970230
8970968
8971103
8974460
8975035
8976235
8976329
8977171
8977925
8977989
8985501
8985649
8986324
8986700
8987101
8987997
8989033
8989691
8992822
8995333
8997127
8998555
8999565
9000408
9003998
9005337
9011139
9011281
9013184
9015455
9017303
9017948
9018914
9018966
9020146
9021107
9022870
9027230
9028251
9029082
9029573
9029839
9035216
9039204
9039971
9041370
9041720
9045483
9049840
9052598
9053767
9055371
9056300
9059505
9063545
9065783
9066378
9067208
9067516
9072992
9078543
9080305
9081344
9082201
9083350
9086805
9087696
9087754
9087988
9094594
9094745
9097725
9098339
9098825
9099962
9100802
9104154
9104421
9107851
9110889
9111241
9111981
9115098
9115636
9119438
9120099
9122735
9124063
9124101
9124201
9124244
9125290
9125677
9126291
9126713
9128453
9128766
9128975
9133209
9133708
9137619
9138209
9139728
9140716
9142321
9145192
9146832
9152495
9153359
9156079
9158384
9158913
9163013
9165838
9166208
9171004
9173270
9174284
9175118
9178172
9180063
9182493
9184126
9184276
9185919
9186785
9186842
9188110
9189231
9190526
9193590
9194857
9195918
9197915
9198196
9199142
9200862
9205396
9206408
9209704
9211927
9216425
9216973
9218656
9223727
9226233
9226240
9227175
9228325
9234946
9236439
9237780
9240423
9241145
9245437
9246087
9247344
9248042
9248082
9248881
9249257
9249581
9250828
9258970
9259368
9260314
9261734
9262644
9264370
9270768
9271050
9271202
9273110
9273565
9274381
9275675
9278655
9278717
9280927
9282897
9283384
9284346
9284607
9286108
9286350
9286364
9290869
9291887
9293739
9295045
9299567
9305539
9306308
9309834
9309904
9312707
9313062
9314877
9315999
9317851
9318886
9319780
9320795
9322022
9324392
9324527
9325377
9326819
9329496
9337129
9337284
9340124
9340922
9348783
9350175
9354453
9357570
9358671
9358909
9360172
9361210
9361836
9364517
9365041
9366390
9368988
9369117
9370877
9375992
9377112
9378009
9379180
9380465
9380764
9382126
9383524
9384250
9384684
9386431
9389260
9390134
9391946
9392820
9393416
9393625
9393825
9395042
9397344
9398312
9404438
9407903
9409339
9410094
9410668
9412657
9412937
9413674
9416130
9416360
9418766
9418818
9419130
9419937
9421801
9423628
9425302
9426661
9427958
9428321
9431283
9433516
9434272
9435658
9442026
9443161
9443240
9443628
9444666
9445498
9445860
9446945
9450440
9452547
9453860
9454092
9454656
9457179
9457946
9458487
9458965
9459585
9465179
9467522
9472048
9472256
9475698
9484574
9485241
9486089
9486555
9486994
9488318
9489133
9489688
9491177
9492425
9492614
9497114
9497649
9497746
9499331
9500360
9501985
9505988
9506788
9508295
9511399
9512733
9515966
9516480
9520945
9522271
9524836
9525409
9525465
9528788
9529453
9531348
9532183
9532843
9534149
9535621
9537631
9537886
9540497
9547520
9549972
9554162
9555699
9556446
9556908
9560274
9563417
9565498
9565784
9568697
9568854
9568937
9569420
9569494
9570588
9575195
9576069
9577926
9579631
9581357
9581646
9587853
9589198
9591053
9594199
9594437
9601155
9605631
9608849
9611935
9614265
9616957
9617064
9618883
9622441
9622510
9624983
9627363
9631278
9631677
9632845
9633038
9637542
9638308
9639596
9640298
9641074
9641673
9643433
9649137
9649974
9650137
9650408
9650628
9651385
9652681
9652914
9653556
9654508
9654927
9655283
9658469
9664462
9665196
9670458
9670792
9672658
9673984
9674249
9676788
9677829
9684744
9685507
9686313
9686933
9688146
9688456
9689592
9689606
9690782
9691899
9696301
9698416
9699911
9701912
9702095
9702837
9704193
9704299
9706095
9709612
9711973
9722133
9722319
9723802
9725825
9726147
9732703
9732794
9739593
9740905
9740983
9741301
9741808
9744372
9747333
9748094
9752774
9760044
9761146
9762472
9764451
9764963
9765295
9766029
9766261
9768332
9770104
9770146
9771355
9771990
9774498
9774665
9775910
9776133
9784571
9788653
9789277
9795045
9795848
9796348
9800076
9801004
9801406
9802025
9803077
9805716
9805895
9805936
9806181
9810286
9811065
9814306
9822456
9827402
9828952
9829153
9832788
9835770
9837017
9840198
9841309
9844487
9847747
9852133
9854929
9855588
9858725
9858773
9859208
9863593
9865203
9865381
9865703
9870865
9871233
9872206
9874000
9874899
9878326
9878378
9881058
9881378
9887329
9891522
9898980
9899598
9900515
9901796
9902124
9904304
9904836
9907834
9907932
9908632
9908964
9909819
9914623
9916086
9916173
9919667
9921849
9924805
9925170
9926730
9926750
9928187
9928447
9929014
9929823
9930481
9931488
9932650
9932915
9933358
9935207
9938651
9940286
9941784
9942844
9944017
9945851
9945931
9949769
9952699
9952817
9952873
9953419
9955928
9957302
9962429
9963934
9968139
9971180
9971605
9972192
9972636
9972693
9974579
9974621
9977432
9977753
9978914
9979641
9979844
9980108
9980676
9982379
9986325
9986750
9990081
9991282
9991952
9993509
9994210
9994831
9995978
9996442
9997913
9999127
9999873
10001592
10002298
10003436
10005440
10016228
10020216
10020938
10022976
10023850
10025867
10026702
10027763
10028961
10029911
10031257
10031480
10033285
10035414
10035787
10038129
10039115
10040616
10041450
10042939
10045036
10045771
10046403
10047615
10049541
10051290
10052232
10052742
10055159
10061043
10062097
10063136
10063799
10064792
10064876
10065024
10065383
10066761
10069091
10077739
10077972
10083406
10084478
10084496
10087730
10087881
10092336
10093739
10096675
10098566
10098882
10101174
10101820
10102192
10103271
10103384
10104744
10106541
10108834
10111192
10111471
10114356
10115475
10116302
10116861
10129129
10129434
10132698
10133441
10133524
10133552
10134342
10135229
10135248
10136508
10139047
10139211
10139703
10140792
10141841
10142011
10144877
10145031
10146891
10147634
10154038
10155460
10155962
10156413
10158419
10159851
10165795
10166807
10168058
10170132
10171239
10172183
10175638
10176555
10176670
10183395
10183885
10184197
10184454
10184776
10186565
10188899
10192438
10193733
10193985
10195358
10195631
10198684
10199361
10200648
10205028
10205655
10206239
10206520
10206979
10207936
10208819
10212188
10212270
10212929
10216714
10217148
10220536
10225074
10227932
10230805
10232583
10232584
10232994
10234593
10235140
10235811
10237015
10237028
10238313
10240009
10244572
10251035
10252924
10253295
10253465
10253960
10256825
10259812
10261824
10262032
10264441
10266489
10266744
10268221
10268605
10269706
10270730
10271965
10272858
10273214
10274880
10275480
10277369
10278202
10278948
10279753
10280657
10283640
10283963
10285375
10286686
10288470
10291847
10292700
10295130
10298099
10301333
10301989
10302153
10303316
10304905
10305895
10307068
10307267
10307362
10308055
10309103
10309586
10311986
10315755
10316405
10321429
10321913
10322091
10322352
10322796
10327431
10329207
10329769
10335602
10338982
10339417
10339974
10345388
10347756
10349644
10352979
10353301
10353714
10359836
10359986
10360354
10361951
10363998
10364071
10364186
10367046
10369182
10370004
10373934
10379248
10381454
10381942
10384590
10387421
10389469
10389651
10389768
10395211
10396673
10397837
10400470
10401252
10401819
10402019
10402366
10402669
10402945
10404361
10404415
10405066
10405456
10407242
10409347
10414598
10415249
10416404
10417167
10418943
10419202
10421848
10422500
10424204
10426038
10432866
10433692
10433976
10435884
10443596
10445489
10447975
10448572
10449260
10449286
10451046
10451273
10453848
10454534
10459844
10460530
10462835
10465529
10466212
10466756
10468392
10473540
10475330
10477154
10480328
10480925
10481490
10482980
10484799
10488718
10488868
10490809
10493405
10493523
10494611
10496137
10502235
10503256
10504820
10505147
10507864
10509718
10510408
10513663
10516959
10519256
10524166
10524802
10525905
10526045
10527028
10529662
10531255
10533404
10533778
10536320
10537804
10539597
10540475
10540757
10545684
10547958
10547980
10553751
10554166
10557156
10558928
10560090
10564672
10565925
10566054
10566884
10568247
10568745
10574796
10575843
10577437
10577946
10578312
10578836
10579027
10580607
10581973
10584197
10586966
10591550
10592193
10594697
10598225
10601867
10602541
10604950
10611063
10612674
10614879
10615570
10617295
10618855
10619221
10622773
10622910
10628676
10631316
10632815
10644000
10644883
10646229
10648514
10648532
10648777
10649082
10649420
10653294
10654244
10658315
10661396
10661479
10662587
10666464
10667205
10672936
10684726
10686088
10690437
10691382
10692495
10694534
10694929
10702516
10703305
10704365
10707441
10710253
10711044
10711380
10712978
10714501
10716640
10718388
10718943
10720704
10723893
10723931
10726475
10728969
10730665
10731618
10734237
10735393
10736732
10738365
10739688
10740308
10741009
10741935
10743128
10746699
10748007
10750031
10751222
10753853
10754055
10754714
10757471
10757874
10759238
10766702
10768505
10769133
10776323
10776997
10778773
10778892
10780074
10786867
10787849
10789691
10790955
10792628
10793004
10798466
10798837
10800928
10801525
10801864
10802998
10803605
10804057
10808941
10810336
10813062
10813871
10816862
10818014
10819780
10820127
10825505
10825879
10827507
10836381
10840673
10841517
10841686
10845708
10850905
10851597
10857117
10858894
10860191
10860736
10860956
10861981
10867423
10869209
10869936
10870023
10872787
10872967
10877806
10880143
10881479
10882757
10889610
10894057
10896081
10896699
10899641
10901675
10911692
10914182
10915368
10916261
10917099
10917702
10921745
10922154
10922604
10923972
10924366
10929718
10932039
10936564
10938757
10938800
10940469
10940654
10942154
10942401
10942982
10945651
10946975
10948158
10948355
10949066
10949679
10953315
10955640
10956283
10961262
10961939
10964636
10965478
10965485
10966333
10967214
10971255
10973425
10984418
10985066
10986048
10988161
10989907
10994302
10994560
10994824
10994855
10996758
10999024
10999416
11000484
11001454
11001700
11004208
11006096
11006626
11009007
11009294
11010502
11011414
11011711
11015833
11018391
11018579
11019814
11023415
11025227
11027032
11027298
11027498
11027518
11032498
11033948
11034478
11035508
11038603
11042458
11044413
11049506
11050443
11051221
11053078
11053820
11057725
11058553
11059318
11062232
11063998
11066410
11069394
11069654
11069727
11073132
11076868
11078605
11079785
11083903
11084343
11087264
11090957
11093990
11094456
11097965
11104691
11107681
11107899
11116808
11118132
11120671
11123914
11126223
11129569
11130804
11131605
11133839
11135749
11135773
11138142
11138487
11140644
11141884
11143269
11148174
11148382
11150652
11153685
11156084
11161699
11162796
11165627
11165814
11166016
11167269
11168485
11168835
11170632
11174057
11175584
11175660
11176629
11177636
11178095
11179192
11183509
11185742
11196190
11197911
11202726
11204066
11207210
11207789
11208684
11209477
11212073
11214828
11219506
11219532
11223973
11228294
11230824
11231450
11233607
11236219
11240580
11241736
11246415
11247011
11249036
11250250
11252230
11253238
11263016
11268565
11270133
11271582
11272001
11275204
11276958
11279085
11280336
11282649
11282847
11283167
11284687
11284923
11291111
11293037
11300288
11302701
11302780
11303425
11303871
11304261
11304495
11305939
11308810
11310529
11310846
11311228
11313325
11314001
11315357
11317253
11317384
11317561
11321538
11321651
11322042
11324401
11325289
11325822
11326187
11327180
11327420
11328110
11330653
11330726
11332051
11335504
11337048
11337776
11339871
11340994
11345994
11346145
11346909
11351743
11352515
11353700
11354497
11354954
11363491
11365520
11368554
11369348
11369477
11370810
11370941
11372345
11372861
11373126
11373375
11375117
11379523
11380209
11382164
11383513
11383844
11385064
11385116
11385841
11386957
11388083
11390297
11390713
11391648
11392295
11398755
11403980
11414071
11416885
11417500
11418310
11419761
11422384
11425198
11428119
11428664
11437793
11438443
11439757
11442748
11443227
11448540
11450555
11450863
11452322
11453610
11455129
11458471
11458542
11461528
11465209
11468767
11473358
11474510
11474678
11475546
11479814
11489001
11490681
11491689
11493321
11503119
11504908
11504957
11507588
11513644
11516250
11521257
11521497
11523073
11523737
11526160
11527440
11529002
11530635
11532358
11532960
11534165
11535109
11540697
11544117
11545688
11546540
11547573
11548027
11548528
11551923
11553420
11555915
11556113
11556188
11557686
11560753
11561894
11561963
11563940
11566012
11569247
11570006
11570350
11570566
11571659
11573650
11580703
11580925
11581262
11581894
11583628
11586166
11586287
11587402
11588075
11588703
11591828
11594962
11595474
11596523
11598257
11600794
11601482
11601628
11602047
11602636
11603306
11604560
11604657
11608136
11608153
11611830
11616876
11623662
11625133
11625183
11627777
11628470
11629204
11632926
11635960
11636145
11639317
11640956
11641197
11644015
11651109
11652102
11653725
11656266
11658792
11658994
11659333
11659655
11660953
11661988
11662790
11663838
11667589
11670286
11671187
11672964
11675580
11684464
11684497
11688413
11690001
11694884
11697606
11698561
11699373
11700032
11701000
11703019
11703591
11704262
11706446
11707954
11708269
11708573
11711178
11713699
11714506
11718017
11718632
11725322
11726149
11726255
11727688
11729196
11731831
11732014
11732764
11734144
11738133
11740615
11741017
11747128
11747717
11747728
11747891
11749248
11749293
11751490
11751729
11751761
11752031
11756618
11756974
11757057
11757420
11757661
11758546
11759961
11760200
11762636
11766869
11768345
11769038
11770019
11771953
11772118
11776910
11778265
11783809
11785554
11786220
11793337
11795700
11797369
11798271
11798304
11803515
11804080
11806004
11807954
11808964
11809392
11809480
11812583
11818824
11818903
11818970
11819050
11822687
11822778
11825111
11825192
11826682
11830419
11833017
11835035
11838802
11839271
11845425
11845463
11849933
11850660
11851728
11856566
11857357
11857643
11858129
11859147
11860270
11865126
11865238
11867895
11868700
11871917
11875873
11876715
11877253
11877540
11878125
11884255
11884738
11886813
11887369
11887963
11888038
11892594
11894318
11900764
11903994
11906072
11908709
11911676
11911701
11912606
11913901
11915491
11916395
11921762
11922169
11924964
11925863
11926470
11929391
11931537
11938105
11938681
11940970
11943794
11944537
11946368
11946931
11948304
11948912
11949319
11951742
11955696
11955920
11956908
11958174
11960049
11960981
11961695
11962806
11963898
11965367
11965545
11965733
11966002
11967429
11968271
11971506
11972563
11972627
11975138
11978747
11979637
11982563
11982906
11983410
11983577
11985441
11987909
11988139
11988195
11989503
11993471
11995643
11998306
11999378
11999478
11999576
12003068
12003614
12005305
12008584
12010580
12021004
12021192
12028437
12030515
12036640
12036905
12037058
12038014
12038097
12041608
12042015
12043340
12044770
12045771
12047895
12049099
12053228
12053646
12057986
12063605
12064102
12065721
12067881
12076704
12081259
12086001
12087129
12087342
12090180
12090537
12091152
12093072
12093094
12093891
12106022
12106979
12108133
12109271
12111610
12112856
12113018
12114504
12117166
12118582
12120652
12121413
12123755
12124348
12128340
12130738
12133209
12133641
12133761
12134561
12138048
12141085
12141318
12144027
12145447
12148971
12150312
12151751
12153731
12156393
12156675
12158351
12160264
12160806
12162763
12166428
12169617
12171058
12172488
12174578
12176663
12176730
12177708
12178437
12179214
12181621
12182599
12182734
12186462
12188379
12189141
12191298
12194229
12194560
12195131
12196815
12198652
12199492
12199846
12202821
12204874
12209673
12214319
12215256
12223345
12226958
12230133
12237215
12237397
12238647
12240488
12242694
12242695
12249452
12250165
12250233
12251504
12251952
12252237
12254557
12255083
12255240
12255264
12257212
12261067
12264481
12265920
12266040
12266545
12267382
12269064
12269378
12271590
12272391
12273936
12280856
12283716
12284551
12284731
12287885
12290747
12292445
12293661
12293686
12298149
12300221
12301858
12305244
12305327
12308978
12313039
12313205
12313283
12319416
12319472
12321301
12322332
12322513
12324015
12325113
12325203
12326159
12328249
12330235
12331247
12332812
12333187
12334675
12335772
12336913
12338235
12340445
12346927
12348803
12349242
12356563
12357648
12379828
12382067
12382318
12384187
12385036
12385093
12385922
12389552
12390808
12395090
12395717
12396296
12396688
12396761
12399368
12403614
12404076
12409152
12409500
12412136
12412794
12416038
12416508
12416742
12417656
12421696
12423167
12436089
12437101
12439738
12440046
12440738
12441515
12442506
12443597
12444853
12445999
12446760
12448763
12454074
12454880
12456986
12458050
12458196
12465851
12469117
12470265
12472178
12473624
12480790
12480863
12484695
12485025
12487537
12493251
12493921
12495851
12496615
12499102
12502291
12503113
12504940
12509315
12509438
12510971
12512108
12514920
12517182
12518862
12520516
12522567
12522744
12524055
12528707
12528998
12531569
12532251
12536451
12537516
12538677
12540460
12543321
12543366
12543638
12544356
12544670
12548628
12552767
12554679
12555737
12555945
12559692
12561757
12562099
12567384
12568805
12569306
12572688
12573482
12574138
12581235
12583936
12588790
12589203
12589313
12589547
12589681
12590166
12590456
12592075
12592085
12596622
12596783
12597036
12598102
12598521
12601549
12602643
12605460
12609178
12610604
12618602
12620977
12622196
12623867
12624857
12627373
12628655
12630291
12630820
12632084
12635647
12637514
12638288
12641438
12645585
12647378
12648249
12652143
12653628
12653788
12654696
12656394
12659606
12661154
12661661
12662024
12662661
12663800
12664672
12667373
12668635
12671209
12678633
12682982
12683207
12684191
12684468
12686502
12690709
12692617
12692668
12694216
12695538
12695869
12696181
12697098
12699116
12699516
12703466
12704376
12704928
12705612
12705798
12709040
12709165
12715755
12720811
12722244
12722939
12723902
12723923
12724613
12730189
12730800
12733404
12737075
12738757
12742645
12743441
12743798
12744683
12744812
12746703
12746871
12747277
12748404
12748594
12748828
12749116
12750313
12751127
12752370
12754832
12756946
12756947
12757337
12766785
12768418
12772407
12777048
12779140
12779601
12779651
12780507
12790414
12791570
12795353
12797839
12798313
12799395
12805305
12809636
12810361
12815071
12817812
12817940
12819327
12831533
12833332
12835370
12837513
12838420
12839384
12840127
12840267
12841011
12841030
12842139
12845740
12846431
12847411
12848416
12853490
12855379
12855647
12855762
12857983
12858756
12860099
12860426
12860753
12863021
12863908
12868160
12869113
12870688
12871438
12872085
12872552
12872583
12874116
12874778
12877581
12878417
12879799
12882004
12883309
12886757
12887442
12887506
12890822
12893117
12893185
12893425
12895887
12896661
12901236
12902980
12903535
12906074
12906139
12906226
12908795
12912083
12914889
12917665
12921400
12926358
12931498
12932328
12933119
12933147
12934160
12934983
12935693
12940693
12947609
12947745
12951790
12952302
12953827
12954013
12954993
12955041
12955339
12958640
12968953
12968955
12969372
12971350
12972547
12974332
12982703
12984587
12986750
12986948
12987194
12990818
12991474
12991697
12995398
13001393
13002450
13005768
13008404
13013859
13016652
13017806
13019224
13020816
13022299
13023576
13025548
13027535
13033272
13034405
13036061
13036101
13042581
13042875
13046896
13048848
13049687
13050250
13051546
13052138
13052387
13054089
13054590
13057876
13058275
13058361
13059061
13059145
13059880
13064202
13065209
13067619
13067916
13068994
13070821
13075201
13075518
13076808
13081399
13086700
13087045
13087868
13090934
13092189
13100795
13100921
13100947
13101424
13105318
13108257
13108674
13109311
13112095
13112601
13114277
13114436
13116102
13119179
13123173
13123528
13128739
13129130
13129612
13132308
13132451
13133277
13134678
13136948
13142673
13143770
13143929
13145821
13146708
13147058
13149295
13149905
13150088
13150535
13152699
13154352
13154610
13165550
13168557
13174208
13175963
13184677
13185248
13186311
13188382
13188492
13190778
13192175
13195354
13195853
13196428
13202505
13203302
13214995
13215027
13215628
13221126
13221558
13222820
13224614
13225591
13229049
13231019
13233355
13237365
13238284
13238980
13240844
13245430
13247001
13247499
13250958
13255220
13257081
13259765
13260067
13261909
13262001
13264163
13265733
13268154
13270200
13270894
13272475
13274681
13276569
13278683
13278852
13279145
13279940
13287478
13288388
13292117
13296646
13296823
13296829
13298135
13299079
13301543
13303634
13303928
13303993
13306160
13307084
13307992
13309930
13313724
13314355
13315022
13316294
13316322
13316390
13317507
13320037
13320529
13321863
13323043
13323068
13326922
13329583
13331043
13334010
13338740
13341203
13341218
13342325
13343619
13343753
13344273
13345916
13349259
13350216
13351390
13351756
13353239
13355776
13356665
13357369
13357738
13357812
13358106
13358894
13364553
13365725
13366996
13368714
13370198
13371363
13378455
13378590
13385505
13385688
13385849
13385954
13386164
13392230
13393449
13393700
13398130
13401214
13401360
13405326
13409484
13411452
13412087
13412667
13416696
13418084
13418968
13422515
13424936
13426403
13426970
13427117
13427696
13429382
13430458
13430740
13430881
13431400
13432346
13432832
13434325
13435525
13435814
13437971
13438370
13441097
13443001
13444688
13445475
13446108
13446172
13447653
13452593
13452875
13453231
13454859
13454900
13457373
13457813
13459429
13461039
13465461
13466967
13467579
13470240
13471011
13472074
13477016
13478149
13480653
13481100
13481290
13481827
13482701
13485302
13485727
13486334
13487710
13487997
13488937
13489187
13490251
13490553
13491096
13503437
13508150
13508167
13512274
13518265
13518785
13519151
13521448
13537985
13538315
13545404
13545422
13546244
13546936
13548727
13549470
13550209
13550393
13551003
13551153
13551358
13557831
13562810
13563672
13563696
13566416
13566774
13567637
13567698
13567926
13572562
13573060
13574026
13574853
13575220
13576256
13581656
13585768
13586149
13588173
13592692
13593833
13594130
13594419
13594776
13594928
13598599
13604257
13605087
13606071
13608600
13610698
13613311
13616644
13617008
13619657
13620513
13620563
13621076
13622449
13622680
13623421
13624017
13626012
13628189
13629143
13629861
13630242
13632431
13634916
13636400
13639119
13639174
13639871
13640058
13640329
13640994
13648357
13648615
13649196
13651622
13652362
13653571
13659584
13660087
13660585
13660693
13660906
13662847
13664980
13667413
13670810
13672974
13675011
13675723
13678679
13678827
13679177
13681107
13681212
13681351
13681732
13684557
13686567
13688847
13691680
13692232
13693353
13698821
13702510
13703665
13704307
13704690
13705675
13710939
13716897
13718691
13721666
13725273
13725452
13727069
13727722
13729665
13732300
13733311
13734305
13739315
13739565
13741274
13742179
13748393
13750606
13751135
13751511
13758074
13758571
13759211
13759708
13761049
13762355
13764043
13764380
13765319
13768600
13769306
13771012
13772113
13773644
13779283
13779671
13780274
13781617
13785893
13787730
13788121
13788231
13793052
13794529
13796453
13803091
13804492
13804861
13808882
13810032
13812088
13812103
13813042
13814115
13819946
13820502
13822734
13823559
13823636
13823864
13826630
13833432
13834664
13836911
13842388
13843025
13843114
13846198
13848382
13849982
13851137
13851800
13853616
13855220
13857248
13860932
13861183
13863392
13865433
13868357
13871513
13874441
13876636
13876863
13878131
13880197
13881313
13882613
13882882
13883770
13884278
13884508
13888322
13889572
13891676
13891957
13893012
13893292
13893878
13894181
13894235
13895720
13895983
13898455
13898482
13899243
13900016
13901889
13902219
13904368
13904417
13905080
13906734
13907141
13908522
13910721
13910951
13913773
13920618
13921522
13922971
13923462
13929295
13932536
13934371
13934518
13934542
13935314
13941784
13941966
13945028
13945955
13945984
13949521
13952053
13952520
13955812
13961239
13961439
13962853
13963811
13966938
13967740
13968829
13970170
13970476
13972422
13975015
13975589
13977790
13979452
13982971
13985221
13985813
13986606
13987471
13988643
13989839
13989943
13992385
13993941
13995058
13998090
13998115
13999656
14000584
14000787
14002155
14004206
14005632
14006903
14007396
14007553
14011470
14012616
14018389
14020664
14023805
14024707
14032167
14032685
14032738
14033968
14034045
14037435
14038829
14040471
14040792
14040935
14041942
14042346
14046422
14046717
14047215
14053594
14055961
14058477
14060097
14060253
14060540
14061144
14061172
14062254
14064078
14064426
14066809
14071415
14074130
14078649
14078978
14079433
14080620
14081629
14086469
14093635
14093722
14094693
14099035
14099748
14100080
14102588
14102983
14103029
14103560
14104424
14105798
14107543
14109819
14110343
14111455
14113056
14113478
14120437
14123193
14126664
14132130
14135880
14136185
14136575
14140490
14142369
14142560
14148874
14160612
14163392
14163812
14163842
14167971
14168966
14174225
14175366
14178613
14178687
14181442
14183882
14184416
14184688
14187605
14190652
14192802
14196660
14197012
14198760
14199425
14200651
14201256
14202964
14203765
14206530
14208490
14211042
14211887
14213427
14220676
14223488
14231836
14232103
14232195
14235767
14241702
14246566
14250811
14251136
14253401
14256690
14258020
14260130
14260156
14260306
14260741
14262688
14266861
14268208
14268705
14273750
14274895
14275032
14279720
14283902
14285292
14287060
14288844
14291185
14293136
14293806
14293964
14295047
14298683
14302381
14302685
14304189
14306150
14306708
14309609
14309637
14310193
14311695
14312955
14314366
14314911
14315865
14315891
14316291
14322557
14323415
14323718
14324803
14325148
14325987
14326219
14326910
14327491
14329136
14329512
14330702
14332368
14334229
14334680
14336022
14338363
14356274
14357327
14358166
14358176
14359425
14360721
14362081
14364603
14365738
14374265
14374414
14375458
14375476
14376036
14376906
14379088
14379233
14382859
14384249
14384815
14386177
14390512
14391595
14393132
14394229
14394373
14395447
14402531
14403771
14404478
14405634
14406668
14413527
14415588
14416725
14417501
14420147
14422972
14423264
14423964
14427815
14430729
14431667
14431697
14431897
14432703
14433278
14434465
14440748
14446186
14448439
14452264
14452393
14452495
14455265
14455899
14460959
14465998
14471301
14473017
14473129
14478477
14480467
14482159
14490289
14492484
14496348
14496377
14502130
14506822
14507868
14508146
14508227
14509776
14510679
14514989
14515398
14517129
14518924
14520303
14522524
14528246
14529999
14530169
14531150
14532509
14533004
14534598
14535300
14535999
14540085
14540758
14541049
14542263
14543271
14546470
14547356
14554369
14554602
14555286
14558733
14559090
14563663
14563790
14565342
14569740
14569812
14573456
14574175
14580878
14581459
14582514
14584132
14584707
14585174
14586383
14586661
14588401
14593686
14595893
14596089
14598647
14600980
14601780
14603032
14604063
14605141
14606026
14616191
14618638
14618748
14621356
14626828
14628952
14629606
14632340
14633792
14635476
14636885
14637972
14639745
14639783
14641985
14642064
14644370
14646057
14651370
14652054
14653076
14654010
14654555
14654883
14655552
14655720
14660068
14660100
14664147
14664555
14664603
14665806
14667081
14675594
14677356
14679145
14680591
14681260
14682569
14682819
14683794
14691411
14691446
14692261
14693512
14693603
14695704
14696475
14697073
14702029
14702789
14704131
14704660
14710423
14713407
14714619
14715105
14715409
14716004
14716256
14719413
14719902
14720516
14721177
14722380
14722912
14725051
14726843
14727832
14728522
14729212
14729324
14731551
14735396
14741385
14743546
14743978
14744252
14749077
14749760
14749959
14751535
14753460
14758663
14761970
14762359
14762401
14763195
14764781
14765145
14766447
14769948
14771867
14772767
14774874
14775989
14780726
14780741
14781845
14782309
14787436
14789828
14790070
14793255
14802768
14803757
14804800
14805087
14807530
14808575
14808832
14810621
14811709
14815621
14815806
14819727
14820181
14820244
14823253
14823797
14823989
14825956
14828274
14828711
14829984
14831288
14835424
14837274
14837410
14838151
14838737
14841718
14842016
14842789
14843235
14845246
14847447
14849033
14855982
14861544
14863871
14864453
14867394
14874374
14878285
14878960
14879652
14880918
14881116
14881785
14883809
14883892
14885449
14888903
14889368
14889891
14891812
14891818
14891841
14894127
14902217
14902919
14903453
14903914
14904273
14906883
14908790
14908793
14909032
14910027
14912205
14912470
14913864
14917822
14917853
14920768
14921290
14921692
14922745
14924896
14925008
14930644
14932453
14932711
14933271
14933685
14934089
14936911
14937359
14938276
14938788
14938824
14939797
14940611
14940845
14942261
14943359
14944652
14945349
14945353
14946184
14947773
14949488
14949514
14950233
14951091
14953393
14953876
14955396
14956324
14956663
14957389
14969060
14974459
14974623
14974981
14975615
14980767
14982461
14986670
14987601
14987953
14990287
14996580
14996723
14998068
14998277
14998285
14998868
14999843
15002261
15004036
15005452
15007185
15008479
15009453
15013002
15019647
15019925
15023817
15026771
15029533
15029657
15033288
15034082
15038186
15041141
15042497
15043406
15044341
15046849
15048327
15051970
15052930
15055630
15056390
15057361
15058023
15058945
15060021
15062315
15064756
15066650
15067763
15071545
15071982
15073989
15075121
15075955
15078557
15079478
15080231
15081998
15082422
15090294
15092534
15095581
15095997
15097850
15097885
15098078
15099192
15101450
15102212
15102867
15103007
15109811
15113265
15114430
15117191
15117853
15118609
15119115
15121566
15122966
15124180
15126333
15129916
15130785
15135527
15137212
15137558
15137717
15138460
15139161
15139977
15141000
15142470
15144100
15144340
15145343
15145751
15148400
15150856
15151726
15154917
15156495
15157755
15160809
15161724
15164178
15164716
15170684
15174222
15174719
15177493
15177865
15181711
15181728
15184802
15186179
15191171
15192409
15193946
15193963
15194806
15195649
15198787
15198873
15199343
15200193
15200573
15201705
15204285
15206019
15208563
15208589
15210337
15212011
15220590
15221474
15224555
15228878
15232287
15232924
15234609
15234909
15236175
15242166
15243381
15244859
15246398
15247831
15248208
15249157
15249432
15252835
15253496
15259381
15261104
15261261
15265137
15265627
15267209
15268868
15272629
15275369
15275478
15283747
15284377
15285926
15288297
15291517
15292850
15293278
15295218
15295800
15299454
15304237
15304300
15305858
15306336
15313951
15316050
15318191
15323645
15323806
15324099
15330827
15333952
15336024
15337437
15338293
15340790
15340949
15341193
15341428
15345133
15345555
15347389
15348352
15350603
15352929
15355830
15356287
15361170
15362824
15364193
15365337
15365595
15368203
15369663
15370501
15371858
15374686
15374878
15379821
15383031
15387733
15388482
15388993
15390340
15392152
15392202
15392448
15403016
15407162
15408720
15408961
15409735
15412078
15414222
15414996
15415285
15415806
15418232
15421231
15422115
15422185
15425831
15427707
15433349
15433865
15433934
15439048
15441803
15442231
15443478
15443812
15444966
15446987
15448541
15449791
15454425
15457139
15460818
15464711
15465982
15467419
15467811
15470420
15472109
15472715
15474040
15475683
15476501
15478029
15478226
15478890
15479099
15483187
15483843
15484153
15486618
15489986
15492466
15493552
15494962
15496929
15497868
15498134
15500920
15501366
15501751
15503846
15505591
15506134
15509690
15510049
15512786
15513596
15514915
15515984
15516875
15518866
15522721
15522981
15525716
15525879
15530248
15530404
15532472
15534143
15536189
15536439
15537708
15539935
15540217
15541968
15542492
15544815
15551821
15554622
15555189
15556057
15556118
15556858
15556946
15558828
15559349
15561077
15561201
15562899
15563191
15563330
15567448
15570576
15570652
15576934
15583132
15586278
15593849
15600237
15600256
15600291
15601483
15601688
15602500
15604019
15604310
15606557
15606969
15613678
15614595
15621023
15623063
15623365
15623772
15627433
15628037
15628077
15629706
15633549
15634036
15634233
15635496
15636427
15636824
15638048
15639796
15641132
15642098
15642178
15644078
15648211
15648822
15649671
15649778
15650876
15651465
15652020
15653968
15654582
15654985
15655136
15658759
15658872
15659768
15661144
15661264
15663372
15664504
15670611
15671430
15673631
15676492
15678453
15679026
15679573
15679881
15687271
15687536
15687701
15687873
15690101
15691129
15691657
15695676
15696076
15698489
15698724
15699732
15699798
15700392
15709300
15712371
15715066
15715487
15716063
15719937
15721078
15721511
15723488
15723805
15724583
15728144
15729049
15730352
15732355
15732711
15734322
15735647
15736190
15738889
15739808
15740065
15740449
15741438
15746239
15746377
15747181
15747435
15748305
15749874
15750951
15751326
15752011
15753679
15753941
15754667
15756164
15756484
15763784
15764577
15764683
15768362
15768982
15770431
15770801
15770849
15772731
15776465
15779154
15782801
15782907
15783297
15791370
15791446
15791861
15794241
15794296
15794581
15797436
15797838
15797852
15798458
15798492
15801475
15806477
15815752
15819468
15820628
15820773
15820956
15822311
15822514
15822718
15823974
15824744
15826172
15826281
15828492
15832829
15834246
15837079
15837248
15837411
15839779
15841222
15842234
15844004
15844328
15848359
15849886
15856006
15863441
15864262
15866692
15867035
15868149
15869206
15870672
15873189
15874463
15876455
15878946
15878947
15880316
15881504
15881569
15882224
15883688
15884861
15885918
15886618
15887806
15888430
15892899
15895070
15895343
15895391
15895822
15896692
15901932
15903322
15903532
15905065
15905164
15905641
15906661
15907587
15907880
15909169
15909219
15909587
15909654
15911750
15912316
15912336
15912719
15914923
15915793
15917114
15917551
15918560
15924412
15924844
15925694
15927295
15927824
15928536
15929029
15929536
15930669
15933331
15934897
15935259
15935971
15936667
15936816
15937195
15938628
15940125
15940482
15940961
15942679
15943466
15943486
15945034
15945592
15946953
15947504
15948262
15953754
15953937
15955961
15960854
15963369
15963879
15965512
15968198
15968436
15968948
15968956
15969209
15970563
15971741
15973949
15975551
15980869
15981115
15982621
15983671
15985918
15989801
15992500
15993580
15997342
16000239
16002001
16002886
16003907
16005174
16005759
16008113
16010439
16010795
16011544
16013177
16013394
16016312
16016764
16019241
16020351
16023433
16023699
16024289
16025823
16030295
16031325
16033075
16033352
16035667
16038322
16040966
16042599
16042875
16044408
16044720
16045229
16045332
16049242
16050427
16051361
16052652
16054197
16055062
16062007
16063344
16069046
16069938
16074221
16075138
16076623
16076670
16077358
16078000
16082366
16084045
16094797
16095254
16099742
16100707
16102663
16103148
16105199
16105495
16106744
16108079
16109576
16112027
16114472
16114746
16114836
16121112
16121704
16122199
16132243
16133371
16135791
16136309
16136906
16139096
16142202
16142896
16144281
16147491
16148545
16150254
16150965
16156780
16156834
16158110
16164378
16164801
16165817
16167156
16168004
16170111
16170390
16170654
16174648
16174866
16176685
16176877
16178018
16179168
16181111
16181217
16183218
16185403
16191584
16193656
16194062
16197901
16198465
16201729
16205860
16210544
16214857
16218471
16219222
16222581
16224399
16224522
16227316
16228015
16228184
16229438
16230416
16231053
16234601
16237664
16240472
16242354
16244255
16245059
16246167
16246185
16246741
16246921
16250441
16254134
16255030
16261203
16262829
16272375
16274141
16276991
16281072
16282818
16285897
16290570
16291083
16292680
16296690
16297075
16297695
16299448
16299681
16303818
16305487
16306373
16308471
16309192
16312229
16313664
16315081
16315259
16315837
16318409
16321210
16323222
16324387
16328092
16336586
16338275
16339992
16340017
16341395
16344150
16345310
16348066
16349985
16361259
16361687
16367365
16367707
16368441
16370706
16371433
16377432
16378620
16380165
16380699
16381026
16382015
16383046
16383971
16385682
16388513
16389390
16390700
16393896
16397015
16398931
16401344
16401561
16407322
16407598
16408069
16409923
16410999
16416546
16427237
16430034
16430195
16431233
16431484
16433328
16433983
16436339
16438033
16438096
16439386
16439797
16443285
16444543
16444726
16444821
16445573
16445798
16447719
16448309
16449954
16451383
16454228
16457466
16457771
16458959
16461770
16462716
16463529
16464720
16464900
16467439
16468578
16472067
16473881
16474018
16476495
16476989
16481429
16482354
16482467
16484889
16485781
16487829
16488175
16489740
16490562
16490794
16493716
16494070
16502402
16508496
16508845
16509109
16509383
16511402
16512020
16513482
16514930
16515186
16515226
16515610
16517025
16518929
16519581
16519610
16520049
16520203
16527772
16535616
16537848
16542299
16542336
16543015
16543394
16546266
16546522
16546959
16546983
16548149
16549295
16556488
16557680
16558246
16560342
16560996
16562791
16565568
16566392
16566580
16567102
16572240
16572754
16574116
16575132
16576996
16577337
16578089
16578213
16578655
16579287
16582399
16583190
16585590
16585753
16586324
16590375
16592059
16592917
16592963
16599650
16601124
16604363
16605235
16606131
16606139
16607451
16608117
16610167
16610648
16611568
16611794
16615505
16615967
16616680
16616874
16628562
16629239
16629682
16631595
16632925
16633006
16634070
16636987
16640527
16641239
16642882
16645614
16646799
16647985
16649149
16649601
16652066
16655407
16661101
16663544
16667522
16668729
16672506
16673137
16677265
16678517
16679040
16679082
16679745
16683096
16683989
16686993
16688967
16689725
16690115
16690382
16694717
16699422
16701428
16703303
16712002
16713735
16715986
16719550
16719846
16722577
16727705
16730991
16732294
16733508
16733614
16737456
16737610
16740273
16740652
16741111
16741673
16742615
16748024
16748560
16749204
16749845
16751937
16753759
16754476
16756900
16757315
16758528
16759485
16761291
16762088
16762307
16763511
16765759
16766619
16770222
16771564
16771730
16774119
16775118
16776300
16776817
16777070
16777150
16778612
16781902
16782495
16788829
16791760
16796696
16796804
16802469
16803163
16806298
16810305
16811948
16812296
16814549
16817357
16818082
16821750
16823641
16824119
16831256
16831474
16831780
16836336
16838638
16841322
16843742
16844006
16844161
16848134
16849042
16849771
16853486
16867220
16867286
16870691
16871260
16871423
16877437
16878349
16878530
16890618
16894279
16896278
16897865
16899467
16900837
16901530
16901642
16901905
16902894
16903647
16904275
16905030
16908840
16909411
16910303
16910759
16911280
16911777
16917711
16919132
16921661
16921734
16922119
16922817
16925689
16926457
16928283
16929657
16933332
16934745
16936710
16939037
16939583
16946582
16947867
16948796
16950488
16955299
16956657
16957750
16959235
16959238
16967303
16967957
16968470
16969908
16972224
16973296
16974246
16983122
16990213
16990497
16990902
16990943
16992786
16999273
17001616
17001788
17005865
17007453
17011494
17011582
17013482
17014628
17018460
17020072
17022002
17022843
17023669
17026341
17027099
17029686
17032939
17035498
17036285
17037461
17042539
17043047
17043501
17051371
17055946
17056889
17058392
17058697
17058841
17062166
17064079
17064671
17066833
17067117
17068202
17076112
17088722
17089636
17091030
17092480
17092951
17095909
17099772
17100059
17101779
17102955
17103227
17106762
17108387
17111700
17113565
17115347
17115494
17115561
17117006
17117288
17119675
17119939
17121588
17124269
17124984
17126885
17129925
17130505
17132060
17133346
17135869
17137340
17137875
17142620
17144506
17145112
17145449
17147605
17150268
17153381
17154567
17154777
17155403
17159202
17162624
17164653
17166091
17167670
17167736
17171416
17175643
17176255
17180003
17181487
17181641
17182185
17183798
17184200
17184535
17185008
17194772
17195072
17197695
17198576
17198988
17200511
17201783
17205811
17209742
17210433
17214341
17217236
17220932
17220971
17222497
17224760
17224865
17225535
17225785
17227200
17228555
17234472
17234743
17235428
17235686
17242031
17243986
17245211
17246468
17248750
17249770
17249801
17252984
17253919
17254234
17254304
17256365
17256488
17258331
17261169
17262999
17264725
17268468
17269490
17276933
17281787
17285214
17286172
17287501
17287633
17287987
17292543
17293779
17296563
17301551
17313889
17314241
17315276
17316512
17317264
17319622
17320390
17320444
17322552
17325948
17328390
17329832
17329905
17331935
17334591
17337556
17339839
17341762
17342463
17342948
17346594
17346962
17350447
17351680
17352754
17354929
17354992
17356560
17358139
17363257
17364036
17366999
17370164
17372319
17374877
17377560
17377763
17379166
17382005
17382541
17383973
17387084
17387930
17388506
17389833
17392505
17397223
17400068
17400555
17411079
17412166
17416414
17417251
17417449
17419162
17419430
17420893
17424424
17426204
17430051
17430128
17432709
17434191
17434903
17435104
17435899
17436307
17436965
17440879
17442373
17442963
17446388
17448510
17448725
17449539
17451403
17451477
17460132
17461685
17468202
17471383
17478908
17478979
17482594
17483107
17484157
17487791
17488724
17488775
17491887
17494147
17496306
17496413
17496820
17500100
17504127
17504569
17505447
17506684
17510077
17515540
17515772
17520257
17520431
17521247
17523844
17524552
17529749
17536881
17542362
17546109
17547028
17549508
17560470
17566225
17567522
17568838
17570179
17576057
17576368
17578383
17579020
17580864
17585405
17590049
17590307
17591525
17592363
17593540
17595409
17595667
17596406
17597320
17597859
17598381
17598929
17598967
17612415
17614233
17617641
17618610
17621389
17622922
17624340
17625658
17628636
17628969
17628998
17630065
17632119
17633210
17635000
17635235
17635953
17639405
17639722
17639790
17640456
17642584
17643543
17644092
17644104
17644816
17644873
17648706
17651669
17652006
17657092
17666013
17666713
17667424
17668324
17669414
17669505
17669796
17671665
17671681
17672647
17674500
17674811
17678055
17678246
17678495
17694832
17695333
17697131
17698691
17699035
17700404
17701059
17701384
17702223
17704136
17707464
17710330
17711190
17713241
17714153
17714406
17715456
17715569
17717807
17718082
17725494
17726728
17726821
17726961
17727088
17728323
17731684
17732239
17732559
17733532
17733559
17734207
17739013
17744256
17754649
17756476
17757084
17757751
17764224
17764306
17764358
17765525
17765923
17766534
17769025
17774459
17775789
17775976
17776558
17779500
17779685
17782121
17783767
17784721
17785040
17785517
17790377
17791622
17792576
17794232
17795525
17801462
17803098
17805154
17805357
17805527
17807426
17809607
17812847
17816033
17817206
17818224
17821132
17827690
17829724
17833274
17834094
17834740
17834876
17835202
17836831
17837486
17837910
17838978
17840810
17842592
17844977
17851139
17851786
17855300
17859287
17859298
17859425
17864229
17864938
17865330
17867287
17875125
17876441
17877359
17877893
17879901
17884455
17885104
17888437
17889673
17894113
17895092
17897693
17899667
17901059
17902916
17903118
17903340
17904126
17904301
17907250
17912226
17912313
17913257
17913918
17914142
17918301
17919194
17921888
17922163
17923777
17924019
17927184
17928571
17934030
17936005
17937532
17941424
17948219
17949014
17949691
17950357
17955747
17956227
17958134
17958178
17958698
17962997
17963521
17963616
17964959
17968181
17968334
17969075
17969887
17974376
17976515
17978543
17979209
17981661
17982277
17982783
17986945
17994489
17997570
17998459
18002991
18004643
18009502
18010422
18012150
18012293
18012721
18013027
18015148
18018675
18020060
18023575
18025651
18032152
18033319
18033501
18033838
18037267
18039080
18039639
18041365
18041627
18041828
18042736
18043353
18047485
18049096
18049895
18049988
18050629
18050913
18054651
18055553
18058403
18058818
18063349
18063926
18064030
18066956
18067322
18068889
18069660
18069913
18078407
18079408
18080149
18080336
18080628
18081823
18083991
18085190
18085323
18088868
18089359
18089986
18089987
18090573
18091374
18095603
18098448
18101877
18102683
18102837
18111364
18116069
18121168
18124145
18126188
18126552
18130539
18135804
18138616
18141041
18143445
18145480
18148753
18155812
18156321
18159650
18160201
18160723
18162038
18162341
18169033
18172093
18172318
18175884
18177525
18177660
18182160
18187203
18187357
18187755
18188054
18188240
18189176
18189997
18191179
18192084
18192495
18199161
18206685
18208386
18211498
18216837
18219040
18220658
18221319
18223883
18227348
18227722
18228464
18230118
18231187
18231743
18231983
18237113
18250088
18250217
18251600
18255645
18257094
18257359
18257679
18258140
18258930
18259137
18259272
18259835
18262038
18266408
18267223
18267862
18269254
18270755
18271704
18274912
18277926
18282742
18282840
18284241
18286010
18286117
18286590
18288029
18288557
18290354
18294056
18295507
18298869
18300616
18303587
18307002
18308374
18309764
18310253
18311149
18312441
18313930
18315478
18316624
18316715
18318027
18320154
18320429
18320786
18322153
18323081
18325580
18327467
18328979
18332573
18332741
18332844
18335397
18339054
18342086
18343686
18344082
18344778
18345636
18346028
18348073
18356173
18356428
18357680
18357851
18361095
18361395
18364318
18369339
18371625
18375929
18376641
18378691
18378948
18380214
18382108
18383108
18383608
18384256
18385017
18385569
18386118
18387407
18391607
18391609
18395496
18395752
18397589
18398845
18401758
18407747
18409897
18412712
18414712
18423098
18425088
18427253
18427952
18428168
18428430
18432520
18433014
18436514
18437414
18438881
18440250
18440834
18442143
18442555
18443148
18444462
18450034
18453022
18455450
18461040
18461134
18462230
18462841
18465606
18465761
18465876
18465884
18467319
18468856
18472256
18472662
18473960
18476666
18478669
18479803
18483533
18484956
18489608
18489803
18494379
18494826
18495115
18497023
18500999
18502650
18506567
18509464
18510332
18510403
18514813
18515768
18521151
18521868
18522556
18522776
18523541
18528188
18533184
18533494
18534306
18534488
18535319
18535963
18537263
18538117
18539463
18542068
18544363
18544540
18546581
18546871
18548812
18549966
18550322
18551192
18551267
18554455
18554536
18554944
18556628
18557255
18557648
18558430
18558826
18558858
18559195
18560129
18560959
18564879
18565510
18566233
18566402
18567858
18567874
18569885
18571123
18575258
18577471
18580058
18580101
18581625
18582389
18582692
18584971
