46954
47033
47160
47192
47263
47513
47567
48457
48779
48902
48968
49191
49711
49743
49957
49992
50000
50547
50709
50816
51113
51668
52269
52316
52584
53054
53177
53588
53805
53984
54255
54348
54547
54772
55110
55704
55843
55910
56623
57010
57066
57547
57685
57774
57944
57963
58034
58065
58112
58203
58232
58312
58514
59029
59101
59444
59480
59922
83155
147870
150882
153241
153732
155052
155752
156348
160438
162668
259750
260116
260241
260298
260388
260889
260966
262015
262722
263109
264003
264676
264893
265334
265350
265387
265490
265543
265699
265921
266281
266323
266342
266544
266767
266972
267134
267164
267547
267646
268070
268792
269415
269606
269949
270263
270455
271154
271443
271967
272686
272731
272826
273370
273945
274089
274126
274166
274373
274510
274557
275056
275228
275255
275497
275939
276348
276433
276497
276600
276611
276632
276674
277004
277791
277908
277937
278592
349941
349999
351620
352286
354102
355358
359440
360567
360595
360736
362415
362950
364824
445944
447471
447512
448016
448418
449515
449555
449983
451764
453633
460670
460776
463032
464145
521438
527059
607223
608167
608873
609093
609900
610321
611604
612439
614545
615755
616533
616933
617517
619341
728807
731043
731382
732528
746986
747226
747245
747495
747529
748196
748692
748814
748911
748994
749209
749398
749535
749619
749798
749831
751131
751337
751810
751973
752236
752854
753160
753412
754529
754642
754861
754929
755156
755176
755385
755735
756091
756286
756425
756663
756703
756807
756963
757715
758122
758677
758704
758855
759041
759584
760322
760822
760982
761171
761774
762359
763008
763183
807286
808979
817513
817868
818174
818325
818468
819034
819210
820113
820173
820680
821217
822195
822472
822647
822667
823578
824513
826218
826833
826885
827092
827413
827700
828479
828682
828976
829208
829862
830066
830271
830775
830923
830983
831204
832638
833085
833778
833929
834008
836276
836364
836632
837243
866532
867083
867278
867725
868353
868884
868982
869386
869455
869484
869524
870015
870339
870581
870665
870689
871311
871636
871642
871876
872244
872325
872397
872579
872622
872713
872716
873112
873179
873196
873265
873523
873760
874264
874370
874380
874669
874873
875017
875143
875216
875584
875889
875990
876055
876618
877253
877290
877441
878669
880484
881064
881176
881313
881355
881521
882064
884036
884418
885806
886137
886266
886541
886754
887681
888093
891940
892047
893999
894182
895360
896703
896793
897198
931657
931662
932065
932150
934073
937576
938495
940719
943315
944135
945395
953635
959346
962719
1009584
1015299
1243180
1246467
1256097
1257575
1259187
1259839
1260060
1262829
1265903
1266250
1267710
1327350
1327461
1327511
1327757
1327820
1329107
1329449
1329506
1330801
1331347
1331654
1332420
1332903
1333016
1333028
1333084
1334221
1334323
1334467
1335194
1335461
1336230
1336270
1336322
1336330
1336463
1336830
1337013
1337050
1337079
1337336
1337405
1337632
1388257
1389436
1390353
1390362
1390461
1392072
1392222
1392795
1393169
1393461
1393951
1394187
1394480
1394870
1395121
1395825
1396230
1396390
1396738
1397299
1397824
1397934
1398159
1398628
1398732
1399205
1399269
1399551
1400826
1400926
1401203
1401206
1401529
1402272
1402509
1402523
1403008
1403120
1403134
1403162
1403638
1403727
1403978
1404224
1404335
1404924
1404953
1404963
1404994
1405344
1405912
1405961
1406064
1406205
1406252
1406651
1407023
1407842
1409261
1409996
1410159
1410721
1410872
1411077
1411088
1411263
1411729
1412182
1412234
1412248
1412830
1412861
1412908
1413330
1413405
1413424
1445945
1446325
1448336
1451212
1452636
1456986
1457061
1457324
1457725
1458488
1518940
1519078
1521931
1522605
1522770
1522976
1524671
1524708
1525192
1525232
1525719
1525806
1526579
1526987
1527936
1528730
1529178
1529528
1574279
1574297
1574362
1574524
1574691
1574776
1575013
1575095
1575275
1575462
1575701
1575737
1575915
1575990
1576367
1576413
1577790
1577799
1577872
1577920
1578132
1578185
1578887
1579326
1579462
1580083
1580176
1580662
1580669
1580724
1581154
1581334
1581458
1581484
1581558
1581575
1581612
1581776
1582621
1583199
1584168
1584372
1584837
1593597
1621031
1621121
1621201
1622224
1622775
1622864
1623593
1623981
1624801
1625458
1626065
1626932
1627219
1627554
1628395
1630328
1630647
1630943
1631336
1631778
1631865
1631869
1632110
1632186
1654731
1654993
1656888
1659961
1662961
1682263
1725324
1734937
1735537
1736595
1736694
1739183
1740214
1740255
1741231
1742188
1744007
1744589
1777728
1777736
1777846
1778152
1778440
1778793
1778876
1779068
1779162
1779490
1779504
1779841
1780242
1780625
1781375
1781815
1781990
1782339
1782415
1782478
1782542
1782716
1782800
1782871
1783182
1783468
1783788
1783803
1784026
1784126
1784152
1784468
1784803
1784989
1785478
1785492
1785977
1786192
1786482
1786696
1786827
1786864
1787081
1787595
1788087
1788518
1788549
1795004
1796007
1797434
1798908
1801999
1802440
1882239
1882956
1883045
1883481
1884918
1885014
1885114
1886370
1886457
1887847
1888276
1888471
1888840
1890282
1890323
1890442
1891225
1891522
1892395
1892426
1892568
1892887
1893369
1893635
1893645
1893706
1894002
1894064
1894247
1894300
1895626
1895859
1896898
1897026
1897317
1952920
1954099
1954790
1956341
1956879
1957698
1958690
1959936
1960173
1961716
1962680
1962748
1963447
1963532
1963849
1964940
1966015
1966254
1966989
1967026
1968056
1968978
2018486
2025987
2027234
2028055
2032037
2032988
2033069
2077675
2084149
2087681
2087728
2092020
2092307
2093217
2094588
2095262
2095318
2095788
2095971
2096522
2097059
2097118
2097994
2098395
2098396
2099989
2100273
2100513
2102077
2102315
2102626
2103203
2103666
2209715
2209737
2210261
2210540
2210753
2210834
2212251
2212434
2212635
2212725
2213240
2214517
2215705
2215811
2216037
2216169
2216419
2216459
2216595
2216713
2216736
2217219
2217318
2217457
2217510
2218551
2218645
2219170
2219252
2219292
2219345
2219640
2219884
2219994
2220307
2220372
2220473
2220934
2221032
2221536
2221716
2221721
2221791
2221854
2221951
2222520
2223336
2223908
2276428
2282438
2287179
2297975
2327635
2327752
2328823
2329559
2329942
2330876
2331109
2331348
2331848
2332183
2332353
2332718
2332792
2333336
2333502
2334258
2334608
2334659
2334706
2335079
2335247
2335751
2335948
2336272
2336684
2336786
2336935
2336970
2337100
2337144
2337323
2337587
2338584
2339380
2339421
2339726
2407712
2408715
2410228
2410236
2411615
2411691
2411708
2412075
2412211
2412267
2412295
2413175
2413438
2415048
2415127
2416028
2416128
2416269
2416357
2416440
2416442
2416873
2416985
2417985
2418339
2418466
2418804
2418891
2419383
2419545
2420050
2420971
2421775
2421885
2421961
2422099
2422188
2422297
2422325
2422570
2422612
2422803
2423011
2423072
2423433
2424229
2424756
2425208
2425469
2457008
2457026
2457057
2457162
2457542
2457858
2457967
2458091
2458113
2458324
2459087
2459237
2459344
2459703
2459859
2460315
2460366
2460445
2460518
2460605
2460736
2460994
2461006
2461162
2461195
2461211
2461687
2461895
2462254
2462289
2462474
2462552
2462661
2462711
2462783
2462880
2463150
2463286
2464134
2465122
2465539
2465804
2465965
2466116
2466362
2466408
2466546
2466699
2466789
2467226
2467765
2468116
2468486
2468494
2468841
2468870
2468983
2469690
2469750
2469880
2470172
2470514
2470764
2470969
2471047
2471112
2471350
2471892
2472121
2472186
2472337
2472460
2472488
2472736
2473331
2473361
2473384
2473948
2473955
2474151
2474301
2474322
2483648
2484517
2553564
2554346
2554689
2554959
2555558
2555630
2556625
2557276
2559317
2561922
2562087
2562177
2562305
2562416
2562567
2562789
2633425
2674695
2674758
2674766
2675051
2675575
2676469
2676728
2676881
2677176
2677188
2677260
2677369
2677561
2677578
2677589
2677656
2678173
2678364
2678802
2678847
2678891
2679609
2679707
2679763
2679959
2679967
2680837
2681024
2681319
2682010
2682160
2682258
2682520
2682720
2682769
2683151
2683845
2683847
2683961
2684543
2684548
2684583
2684681
2685116
2685456
2685773
2685791
2685795
2685910
2686123
2686339
2686367
2686398
2687550
2687624
2687682
2687817
2688075
2688143
2688933
2689328
2689396
2689483
2689562
2689778
2689889
2690164
2690748
2690783
2690958
2691150
2691288
2691324
2691331
2691521
2691752
2692230
2692260
2711299
2713675
2717123
2720624
2720714
2721006
2724162
2724472
2724554
2724846
2725027
2725652
2726884
2727781
2728729
2729230
2730324
2730420
2730606
2731341
2731499
2731782
2732091
2732391
2733286
2733942
2734048
2734183
2734270
2734334
2734514
2748307
2748538
2748554
2748989
2749625
2750285
2750286
2750455
2750753
2751031
2751795
2752186
2752232
2752786
2753307
2753308
2753455
2753647
2753741
2753814
2754509
2754812
2754837
2755075
2755486
2756857
2757196
2757853
2757999
2758603
2759038
2759634
2759906
2760760
2761360
2761494
2761760
2762322
2762657
2762728
2762802
2762840
2762934
2763826
2764078
2764104
2764252
2764365
2764396
2764655
2765211
2765292
2765321
2765793
2765815
2766083
2766214
2766261
2770976
2789496
2807461
2808896
2810586
2811878
2818052
2820792
2821471
2821501
2822028
2822193
2822230
2824420
2824801
2825038
2825187
2825264
2826047
2826773
2827818
2827848
2828570
2828863
2829227
2829569
2829582
2829786
2829996
2830259
2830480
2831659
2832711
2832742
2833381
2833499
2833621
2833751
2834276
2834377
2835193
2835384
2835620
2835784
2836261
2836343
2837486
2837988
2838092
2838454
2857139
2857330
2857341
2857419
2857467
2857563
2857658
2857685
2857899
2858516
2859218
2859297
2859617
2859696
2859944
2860216
2860400
2860494
2860756
2861169
2861588
2861664
2862449
2862797
2862920
2863422
2863654
2863923
2864435
2864837
2865304
2865389
2865659
2865800
2866238
2866269
2866438
2866767
2866790
2867367
2867580
2867730
2868198
2868367
2868791
2869219
2869288
2869608
2869752
2869855
2869928
2870008
2870156
2870216
2870301
2871283
2871298
2871309
2871536
2871992
2872404
2872935
2873354
2874004
2874216
2875057
2875481
2875630
2875824
2876249
2876312
2877293
2877526
2877690
2877826
2878081
2878874
2878886
2878905
2879235
2880021
2880565
2880597
2880717
2880742
2881125
2881202
2881248
2881433
2882405
2882493
2882595
2882931
2883004
2883349
2883370
2883392
2883806
2884306
2884386
2884848
2884891
2885435
2885862
2886042
2919582
2920062
2924208
2924249
2929554
2930200
3015127
3044354
3044923
3045451
3045691
3045776
3045931
3047042
3047228
3047406
3047487
3047530
3047607
3047908
3047915
3048040
3048821
3049267
3049628
3049978
3050084
3050239
3050591
3051468
3051560
3052658
3052680
3053220
3053261
3053791
3053792
3053964
3054129
3054327
3054606
3055022
3055372
3055545
3055571
3055841
3056500
3056826
3056854
3057252
3057367
3057523
3057661
3058108
3058158
3058172
3058291
3058527
3058588
3058761
3059209
3059268
3059269
3059749
3059859
3060128
3060304
3060350
3092758
3093038
3093316
3093323
3093880
3094224
3094337
3094612
3094712
3094761
3094998
3095727
3096853
3096943
3097107
3097438
3097672
3098134
3098302
3098577
3098609
3098884
3099059
3099356
3099702
3100117
3100656
3100921
3101089
3101720
3101844
3101850
3102351
3103701
3103701
3104127
3104191
3104400
3137126
3144924
3147747
3159950
3161483
3161571
3162414
3162604
3162866
3163325
3163375
3163637
3164157
3165372
3165884
3166549
3167034
3167060
3167160
3167397
3168042
3168715
3169053
3169245
3170689
3170690
3170853
3171128
3171402
3171557
3171930
3172421
3172504
3174663
3174838
3175264
3175611
3176691
3176697
3177018
3177787
3177997
3178065
3178248
3178762
3178799
3178998
3179086
3179303
3179331
3179377
3179670
3179975
3180004
3180166
3180200
3180260
3180292
3180406
3180539
3180746
3182130
3182153
3182496
3182969
3182986
3183305
3183440
3183614
3184104
3184583
3184587
3184895
3184918
3185097
3185203
3186084
3186339
3186934
3187074
3187729
3188474
3188531
3188676
3188731
3188771
3188789
3189306
3189310
3189369
3189373
3189538
3189769
3189931
3190354
3190402
3192414
3192503
3209638
3290322
3291777
3291797
3292235
3293385
3293591
3294580
3296977
3297893
3299468
3299614
3300268
3300306
3301297
3301411
3321218
3333714
3333808
3333908
3333945
3334076
3334113
3334162
3334394
3334887
3335322
3335434
3336031
3336424
3336708
3337836
3338580
3339135
3339224
3339578
3340209
3340297
3340468
3340526
3340876
3340950
3341061
3341068
3341431
3341980
3342207
3342275
3342329
3343996
3344349
3344781
3361319
3361459
3361569
3361735
3361815
3361928
3362017
3362235
3362662
3362892
3362948
3363256
3363401
3363513
3363779
3363825
3364129
3364283
3364405
3364478
3364524
3365002
3365024
3365286
3365678
3365755
3365873
3366026
3366163
3366517
3366587
3366841
3366884
3368214
3368474
3368734
3368851
3368915
3369301
3369642
3369731
3369776
3369973
3370452
3370479
3370513
3370734
3371218
3371282
3371424
3371567
3371663
3371764
3372058
3372097
3372161
3373156
3373176
3383760
3384046
3384499
3385585
3386881
3387079
3388390
3388836
3389739
3391399
3391421
3392810
3392853
3393805
3394758
3396597
3398039
3398373
3399865
3399997
3401090
3401506
3402220
3460701
3470253
3474309
3474788
3474801
3474827
3475038
3475267
3475331
3475764
3475869
3475962
3476017
3476403
3476776
3477514
3477799
3477881
3477887
3478222
3478563
3479473
3479699
3480927
3481606
3481666
3481904
3482890
3482978
3483660
3483813
3529828
3529916
3529967
3529986
3530211
3530562
3530702
3530761
3531574
3531921
3532065
3532375
3532805
3532840
3532913
3532928
3534292
3534610
3534715
3535106
3535896
3536072
3536610
3538220
3538332
3539236
3539619
3540103
3540609
3541078
3605892
3606260
3611986
3615406
3637103
3637149
3637611
3638213
3638331
3638427
3638469
3638511
3638642
3638704
3638939
3639042
3639062
3639285
3639400
3639672
3639968
3640052
3640149
3640233
3640459
3640597
3640724
3640992
3641220
3641567
3641841
3642468
3642766
3642972
3642997
3643141
3643547
3644908
3645470
3645508
3645675
3645994
3646030
3646188
3646801
3646924
3647655
3647938
3648035
3648151
3648344
3648477
3649766
3649934
3650694
3651308
3651586
3651820
3651852
3652415
3652537
3652548
3652616
3652653
3652758
3652890
3652936
3653040
3653082
3653309
3672225
3675483
3675688
3678019
3678150
3679089
3680843
3684290
3734029
3734355
3735108
3735832
3735922
3735969
3736222
3736743
3737354
3737446
3737577
3738147
3738153
3738265
3739191
3739745
3739831
3740201
3740223
3740706
3741574
3741602
3741658
3741728
3742554
3742975
3743404
3744309
3744435
3779659
3780092
3780307
3780542
3780858
3780957
3781374
3781650
3781810
3781864
3782171
3782851
3783295
3783463
3783599
3783635
3783997
3784312
3784398
3784810
3784814
3784920
3785081
3785370
3785519
3785700
3785725
3785802
3785805
3786096
3786696
3786769
3786901
3786933
3787243
3787974
3788336
3788655
3789545
3789567
3789755
3789763
3790299
3790593
3790712
3790890
3791553
3791628
3791644
3791877
3791905
3792683
3792719
3793191
3793820
3794051
3794148
3794268
3794397
3794570
3794703
3794714
3794989
3852986
3853518
3853599
3853610
3853721
3853868
3854534
3854766
3854958
3854973
3855437
3856192
3856445
3856532
3856631
3856726
3857118
3857323
3857440
3857772
3857782
3857843
3858056
3858476
3858545
3858710
3858823
3859064
3859258
3859318
3859792
3860262
3860385
3860492
3860677
3860899
3860966
3861234
3861587
3861649
3861858
3862040
3862671
3862956
3863660
3864115
3864274
3864318
3864467
3865226
3866725
3866755
3866836
3866995
3867057
3867478
3868105
3876278
3880334
3880401
3880478
3880597
3880634
3880665
3880701
3881710
3881898
3882112
3882501
3882686
3883390
3883623
3883834
3884204
3884535
3884640
3885140
3885367
3885478
3885551
3885934
3886307
3886531
3886787
3886890
3887373
3887507
3887554
3887752
3888035
3888226
3888586
3888855
3889268
3889449
3889646
3889762
3890414
3891287
3891432
3891971
3892292
3892395
3892664
3893467
3893675
3893690
3893834
3928289
3928880
3928950
3929188
3929403
3929768
3930226
3930877
3931342
3931402
3931404
3931591
3931864
3932032
3932136
3932308
3932560
3932659
3933795
3933846
3933949
3934089
3934598
3934844
3935114
3935203
3935234
3935864
3935872
3936002
3936056
3936575
3937318
3937405
3937435
3937513
3937577
3937596
3937631
3938243
3938538
3938749
3938839
3939159
3939349
3939499
3939659
3939917
3939974
3940471
3940719
3940974
3940996
3941032
3941065
3941169
3941433
3942279
3942365
3943160
3959568
4054247
4054391
4054472
4054529
4056118
4056367
4056638
4056669
4056789
4058327
4058348
4058878
4059025
4059786
4059923
4060361
4061170
4062218
4062669
4062844
4063166
4063217
4063520
4131345
4132182
4133670
4133970
4134330
4134514
4134809
4135114
4136056
4137120
4141265
4141816
4142185
4142394
4143975
4145826
4147279
4147632
4148102
4148547
4149221
4183562
4183705
4183849
4183879
4183964
4184283
4184383
4184891
4185143
4185242
4186149
4186725
4186878
4186930
4187391
4188004
4188333
4188506
4188533
4188564
4188584
4189127
4189241
4189381
4189436
4189509
4189699
4189867
4190027
4190486
4190659
4191986
4192293
4192510
4192555
4192628
4192861
4193324
4193328
4193459
4193657
4193728
4193975
4193991
4194023
4194130
4194355
4194534
4194856
4194885
4195289
4195323
4195478
4195548
4195666
4196048
4196211
4196373
4197193
4197707
4198060
4198447
4198469
4198573
4198848
4199298
4199339
4199505
4199867
4200329
4200432
4200619
4201139
4201377
4201383
4201924
4202475
4202577
4203008
4203390
4203402
4203643
4204311
4204886
4205105
4205261
4205314
4205965
4206095
4207321
4207726
4208106
4209112
4209708
4209737
4210513
4210980
4211097
4212007
4212526
4212545
4212572
4212750
4213106
4213238
4287274
4287367
4287984
4289462
4290156
4291467
4292450
4293374
4294529
4294913
4295129
4295632
4296090
4296213
4296369
4296621
4296735
4296821
4297415
4298323
4298756
4299267
4299484
4299656
4300052
4300196
4300965
4301054
4301186
4301258
4301329
4301948
4302043
4302043
4302185
4302599
4303113
4303214
4304072
4304138
4304335
4304775
4305022
4305050
4305596
4306167
4306266
4306642
4306809
4306854
4306974
4307321
4307457
4307553
4307929
4307951
4308020
4308279
4308301
4308623
4309371
4309668
4309841
4309957
4310307
4310403
4310457
4310900
4311096
4311355
4311975
4312219
4312797
4313269
4313336
4313707
4313843
4314003
4314068
4314135
4314663
4314764
4315424
4316017
4316160
4316288
4316298
4317153
4317327
4317546
4317807
4317813
4317999
4318603
4318624
4319798
4320240
4321283
4321941
4323373
4324668
4325097
4327003
4327797
4327947
4357316
4441246
4442142
4442303
4442955
4444135
4444308
4445285
4446363
4447426
4451703
4452729
4452845
4453600
4454308
4455039
4455573
4455816
4457073
4457721
4458222
4458676
4459435
4470441
4477999
4478472
4479668
4480587
4481326
4482078
4482241
4482761
4484277
4485766
4486243
4486806
4487151
4487269
4488025
4488080
4488192
4491750
4491776
4494754
4494877
4495601
4497166
4497404
4497433
4497596
4499067
4499130
4499188
4499268
4500211
4500354
4502104
4502489
4504244
4504640
4504815
4505409
4507761
4507901
4508253
4508391
4508592
4508881
4509542
4509800
4510126
4510517
4512197
4539987
4540272
4540337
4540622
4540650
4540935
4541254
4541292
4541299
4541476
4541640
4541938
4542297
4542812
4543120
4543178
4544635
4544720
4545138
4545174
4545253
4545410
4545529
4545619
4546134
4546400
4546727
4546837
4546849
4547213
4548053
4548124
4548192
4548268
4548280
4548960
4549109
4549214
4549929
4550164
4550294
4550349
4550357
4550957
4551276
4551831
4551875
4552263
4552516
4552765
4552915
4553206
4553230
4553693
4553943
4554776
4554914
4555060
4555165
4555211
4555658
4555936
4556226
4556529
4556585
4556619
4556693
4557236
4557832
4577829
4622926
4625439
4630638
4630987
4632058
4632159
4632378
4632540
4633830
4634610
4635276
4635486
4635572
4635845
4635849
4636274
4637334
4637812
4638168
4638283
4638296
4638296
4638392
4638686
4641016
4654637
4654828
4655680
4656685
4657849
4658106
4659561
4662202
4664245
4664562
4665021
4666529
4666634
4666758
4668725
4668799
4668905
4669412
4669902
4671177
4671681
4671882
4671919
4672102
4672669
4672775
4673096
4673273
4673421
4673765
4673794
4674140
4674222
4674456
4674676
4674813
4674954
4675114
4675241
4675269
4675418
4675765
4675795
4676881
4677686
4677996
4678266
4678569
4679409
4679469
4679572
4679752
4679990
4680132
4680182
4680439
4680839
4681134
4681778
4681817
4681969
4682241
4682576
4683002
4683021
4683434
4683452
4684900
4685513
4685851
4685928
4686168
4686789
4687132
4687277
4687401
4687716
4687799
4687991
4688087
4688137
4688692
4689329
4689447
4689453
4689573
4689942
4690028
4690095
4691036
4691170
4691175
4691229
4692232
4692627
4692759
4692937
4693493
4693638
4693961
4694191
4694236
4695144
4695917
4696051
4696511
4696682
4696850
4696871
4696893
4696901
4697001
4697382
4697430
4697594
4697679
4697839
4699908
4749415
4761750
4763424
4763977
4765337
4765439
4765577
4765598
4766137
4766761
4766973
4767853
4767862
4768330
4768545
4768594
4768942
4769096
4769929
4770009
4770016
4770223
4770809
4772574
4772929
4773501
4773863
4774322
4774504
4774974
4775082
4775464
4775628
4775685
4775748
4776028
4776046
4776169
4776629
4776729
4776801
4777151
4777461
4777900
4778013
4778180
4778366
4778706
4778896
4780003
4781321
4781542
4781546
4782527
4782787
4783140
4783241
4783252
4783603
4783768
4783801
4784284
4784493
4784600
4784849
4784996
4785447
4785797
4785821
4785920
4786081
4786465
4786802
4786956
4787102
4787216
4787400
4787533
4788465
4788470
4788725
4788779
4789161
4789323
4789585
4789909
4789943
4790158
4790230
4790326
4790473
4790665
4790850
4790904
4791176
4791271
4791360
4791569
4791633
4791856
4792050
4792222
4792489
4792577
4793377
4794205
4794337
4794598
4794831
4794891
4794910
4795369
4795607
4796158
4796388
4796528
4797173
4797409
4798276
4798293
4798433
4798722
4798799
4799155
4799162
4800533
4801011
4801628
4802129
4802437
4803120
4803197
4803454
4803583
4804143
4804784
4804808
4805761
4805875
4806137
4806150
4806202
4806359
4807060
4807428
4807585
4807607
4807716
4807787
4807966
4808186
4808574
4808794
4809504
4809534
4809559
4810166
4810766
4810783
4810923
4811276
4811624
4811935
4812465
4812813
4812820
4813023
4813323
4813478
4814069
4814283
4814733
4815181
4815346
4815442
4815990
4816301
4816500
4817388
4817420
4817456
4818064
4818644
4818658
4819272
4819294
4819391
4819397
4819408
4819726
4820097
4820158
4820806
4821018
4821182
4821433
4821502
4821606
4821640
4821671
4821920
4821961
4822076
4822183
4822587
4822901
4824251
4824576
4824843
4824966
4825022
4825067
4825138
4825530
4825634
4825646
4825728
4825989
4826363
4827101
4827510
4827642
4828004
4828340
4829387
4829607
4829889
4830311
4830470
4830804
4831315
4831519
4831549
4832236
4832893
4833275
4834589
4834619
4834816
4835161
4835522
4835797
4835840
4835928
4837593
4838011
4838453
4839349
4839683
4840059
4840727
4841369
4856651
4856819
4856835
4856934
4857266
4858847
4858904
4859603
4860104
4862686
4863146
4864704
4864814
4864943
4866351
4866762
4867495
4868978
4869204
4869228
4869524
4869939
4869980
4870214
4870996
4872060
4872098
4872150
4872182
4872428
4872803
4872917
4874135
4874605
4874637
4874669
4874999
4875138
4875344
4875408
4875579
4875604
4876065
4876200
4877204
4877586
4877843
4878236
4878360
4879250
4879357
4879421
4880161
4880220
4880324
4880367
4880371
4880512
4881278
4881448
4881511
4881525
4881787
4881788
4882194
4882748
4882758
4882772
4882888
4883052
4883205
4883625
4884184
4884440
4884646
4884786
4884941
4885231
4885273
4885411
4885743
4885881
4886725
4886744
4887143
4887671
4887748
4887836
4887991
4888052
4888101
4888519
4948187
4948532
4949188
4950214
4952545
4953389
4953481
4953700
4953870
4955281
4955793
4955882
4956426
4958158
4958317
4959570
4959915
4960502
4960844
4961496
4961844
4962080
4963013
4963053
4978466
4978959
4979712
4981559
4982858
4984711
4985371
4985474
4985830
4989756
4990018
4991080
4993346
4993722
4994343
4994385
5030708
5030751
5030927
5031119
5031524
5031840
5032216
5032485
5032740
5034599
5035138
5035164
5035194
5035366
5035719
5035766
5035812
5035818
5036075
5036115
5036496
5036642
5036711
5036722
5036996
5037014
5037325
5037937
5038134
5038146
5038159
5038243
5038393
5039178
5039295
5039771
5039966
5040935
5041028
5041096
5041274
5041592
5041642
5041704
5042406
5042563
5042750
5043020
5043598
5043779
5044031
5044131
5044248
5044259
5045246
5045408
5045536
5045539
5045877
5045925
5046166
5046277
5047363
5047449
5047651
5047799
5047857
5047900
5048222
5049020
5049432
5049631
5049783
5049804
5049814
5049840
5050359
5050818
5050819
5050859
5051064
5051408
5051643
5052273
5053685
5053688
5053893
5054073
5054336
5055105
5055205
5055644
5056267
5057151
5057489
5057798
5057830
5058177
5058252
5058286
5058600
5059059
5059062
5059137
5059532
5060225
5060318
5060768
5061696
5061842
5061931
5062453
5062524
5062687
5063084
5063568
5063675
5064056
5064199
5064245
5064700
5064992
5065000
5065820
5065894
5065937
5066321
5066518
5066914
5067157
5067186
5067850
5067980
5068255
5068581
5068744
5069123
5069259
5069549
5069909
5070039
5070424
5070473
5070533
5070724
5070911
5071440
5071446
5071607
5071929
5072562
5072626
5073040
5073629
5074052
5074405
5075170
5104630
5106391
5106408
5106505
5106663
5107004
5107025
5107254
5107267
5107512
5107798
5107807
5107945
5108139
5108166
5108218
5108366
5108695
5110007
5110211
5110250
5110673
5110745
5110845
5111084
5111623
5112218
5112768
5112846
5113239
5113447
5114086
5114309
5115354
5115927
5116223
5116444
5116607
5116666
5116953
5117185
5117528
5117918
5118069
5118336
5157602
5158144
5158862
5160500
5164593
5164850
5165922
5166981
5172978
5175240
5175334
5175548
5175758
5176871
5177384
5178151
5178352
5178632
5178819
5178945
5179484
5179733
5179849
5180411
5180440
5181318
5181704
5181885
5183212
5183223
5183477
5185094
5185453
5185603
5185882
5185996
5186666
5187568
5187985
5188149
5188192
5188298
5188483
5190920
5191076
5192275
5192583
5193743
5273814
5274110
5274648
5274808
5275145
5275585
5275720
5276488
5277677
5277995
5278583
5278612
5278690
5279525
5279962
5280376
5281260
5281397
5281614
5281789
5281884
5282259
5282505
5282611
5283192
5283490
5283888
5284216
5284609
5284863
5285126
5285232
5285704
5285897
5286011
5286536
5286684
5287175
5287316
5287576
5287895
5288577
5288616
5288628
5288656
5288681
5289101
5289480
5289829
5290065
5290118
5290414
5302622
5302744
5302843
5302981
5304737
5304994
5305152
5305189
5305349
5305965
5306232
5306454
5306620
5306771
5306884
5307002
5307069
5307382
5307451
5307483
5307590
5307756
5308088
5308166
5308337
5308395
5308776
5308907
5309102
5309988
5310210
5310843
5310893
5311262
5312321
5312338
5312764
5313231
5313303
5313435
5313737
5314346
5314654
5315097
5315196
5315413
5315548
5315670
5315780
5316186
5316543
5317040
5317198
5317234
5318202
5318394
5319489
5319500
5319615
5320179
5320239
5320253
5334904
5334993
5335161
5335337
5335565
5335685
5335802
5335971
5336583
5336786
5337267
5337775
5337924
5338434
5338501
5338623
5338936
5339782
5339835
5340047
5340654
5340717
5340976
5340989
5341411
5341658
5342298
5342870
5343147
5344092
5344270
5344311
5344342
5345660
5345733
5346429
5347186
5348178
5348485
5348594
5349535
5350060
5350260
5350906
5350909
5393099
5393161
5393532
5394209
5394937
5394989
5395085
5396033
5396064
5396147
5396389
5396429
5396654
5396666
5396873
5396977
5397019
5397783
5398048
5398049
5398156
5398423
5399237
5399522
5399560
5399693
5399774
5400032
5400083
5400632
5400777
5400845
5401554
5401839
5402281
5403092
5403617
5403949
5403992
5404114
5404159
5404181
5404346
5405247
5405543
5405711
5405814
5405829
5405849
5406036
5406245
5406329
5406635
5407681
5407717
5408229
5408489
5408993
5409217
5409226
5409643
5410039
5410284
5410711
5410946
5410978
5415560
5425021
5445417
5446504
5447524
5447611
5449283
5450524
5452102
5452519
5452635
5452699
5452764
5452928
5453274
5454191
5454578
5454960
5455512
5455577
5457122
5457417
5457481
5457792
5458113
5458161
5458463
5458771
5460572
5461163
5462688
5463411
5463485
5463932
5464450
5466789
5467299
5469923
5473974
5474560
5487057
5487862
5488184
5488951
5488988
5490570
5491768
5491916
5492521
5492879
5493355
5493640
5493663
5494832
5495217
5495436
5497487
5497684
5497912
5499320
5500270
5500403
5500667
5500981
5501281
5501693
5501917
5502161
5502427
5502663
5502697
5502961
5503176
5503535
5503746
5504502
5504925
5505033
5505499
5505549
5506555
5506650
5506654
5506831
5506935
5507012
5507074
5507146
5508189
5508449
5508938
5509057
5509354
5509615
5510432
5510707
5510747
5557591
5557643
5557779
5557924
5558121
5558566
5558809
5558934
5559592
5559727
5560143
5560283
5560520
5561431
5561452
5561490
5561604
5561806
5562018
5562138
5562171
5563207
5563720
5563743
5563998
5564007
5564036
5564075
5564389
5564504
5564614
5564651
5564987
5565148
5565453
5565819
5565901
5566239
5566869
5567513
5567668
5567672
5567879
5568360
5568585
5568589
5568991
5569064
5569329
5569459
5569863
5569897
5570129
5570891
5571073
5571122
5571524
5571661
5571675
5571939
5572231
5572287
5572490
5572829
5573216
5573346
5587903
5588128
5588191
5588325
5588839
5589543
5589585
5590069
5591372
5591733
5592930
5593226
5593389
5593964
5594274
5594335
5594715
5595871
5595924
5596073
5596216
5597017
5598182
5598464
5599735
5599986
5600510
5600684
5600991
5601896
5601915
5601935
5602329
5602562
5603211
5603875
5605312
5605637
5605897
5606316
5606407
5606872
5607228
5608078
5608884
5609989
5610839
5611061
5612212
5613774
5613866
5614367
5614611
5615261
5615303
5616215
5616941
5617036
5617843
5618181
5619321
5619515
5620329
5620737
5620819
5621980
5622072
5623181
5625091
5625478
5625677
5626417
5627515
5627550
5627786
5627861
5629163
5629265
5629508
5629593
5630141
5631359
5631468
5631514
5631837
5632347
5633377
5633531
5633692
5635119
5635433
5635664
5635809
5656151
5657714
5658539
5659239
5660140
5661019
5664437
5664700
5666362
5666762
5667484
5667552
5669186
5669361
5669889
5670050
5670153
5670164
5670879
5671122
5671153
5671574
5673073
5673225
5673579
5673949
5674024
5674548
5674935
5675269
5675910
5676017
5676022
5676105
5676122
5676357
5676703
5676713
5677286
5677434
5677631
5677805
5677946
5678049
5678199
5678221
5678627
5679881
5679900
5679972
5680205
5680723
5681015
5681019
5681145
5681394
5681527
5681695
5681875
5682789
5702699
5703935
5704959
5705212
5705380
5705639
5705867
5705874
5706103
5706173
5706574
5707337
5708878
5709263
5709464
5710370
5710415
5710798
5710838
5712265
5712282
5712947
5713199
5713588
5713687
5713807
5713908
5714374
5714472
5714676
5716268
5716502
5716966
5717077
5717126
5717132
5717345
5717768
5717779
5718023
5718558
5718623
5719404
5720430
5720506
5720625
5722624
5723257
5723447
5723591
5723653
5723720
5723754
5724085
5724502
5724527
5724866
5726298
5727057
5727060
5727278
5727403
5727510
5727872
5727954
5728007
5728315
5728580
5731147
5731226
5731246
5731531
5731717
5732621
5732652
5732886
5822580
5823470
5823980
5824704
5825788
5825822
5825840
5825959
5826787
5827441
5827871
5827956
5828288
5829423
5829943
5830547
5831753
5831916
5832024
5833841
5834127
5834143
5836716
5837270
5837299
5837470
5837967
5838750
5839557
5840600
5902089
5903241
5909546
5966898
5967940
5976468
5977855
6012619
6020094
6021633
6023646
6024590
6027089
6027394
6028598
6029239
6053125
6053236
6060653
6061261
6065427
6087325
6087326
6087784
6088603
6088731
6088746
6089137
6089184
6089402
6089613
6089864
6090090
6090108
6090270
6090418
6091182
6091736
6092190
6093244
6093810
6093937
6093967
6094400
6094463
6094753
6095285
6096269
6096626
6096982
6097287
6097710
6098038
6099121
6099171
6099282
6099628
6099716
6099832
6101166
6101584
6101816
6102888
6103054
6103809
6104011
6104463
6105445
6105593
6105684
6106343
6106568
6107749
6107937
6107996
6108357
6110229
6110311
6110349
6110480
6110702
6111222
6111647
6111728
6112287
6112404
6113123
6114715
6114949
6115168
6115182
6115439
6115725
6115943
6116311
6116597
6116627
6117048
6117148
6117191
6117313
6117431
6199971
6199989
6200058
6200983
6201281
6201385
6201476
6202253
6203112
6204082
6204277
6205038
6205106
6205741
6205773
6205974
6206157
6206189
6206381
6207050
6207060
6207210
6207621
6207752
6208546
6208951
6209121
6209264
6209711
6211046
6211403
6211529
6212404
6212460
6213111
6226767
6228103
6228143
6228306
6228518
6229258
6229299
6229549
6229706
6230083
6231691
6231790
6231946
6231966
6232151
6233544
6234647
6235626
6235885
6236632
6237029
6238056
6238144
6238341
6238545
6238769
6238789
6239019
6240065
6240346
6240725
6241243
6241348
6241387
6241578
6242032
6242788
6242898
6243308
6243311
6243409
6243553
6243562
6243862
6244564
6245411
6245563
6245644
6246272
6246383
6246815
6246856
6247000
6247041
6247106
6247345
6247654
6247665
6248079
6248199
6248591
6248893
6249085
6249264
6249793
6250198
6250292
6250775
6250820
6250898
6252050
6252065
6252294
6252964
6253066
6254456
6254630
6254776
6255343
6255561
6255643
6256054
6256372
6256446
6256716
6256804
6257507
6258002
6258136
6258302
6258349
6258428
6258474
6258720
6259180
6259204
6259362
6259422
6259726
6259866
6259874
6260196
6260806
6260994
6261302
6261349
6261945
6262473
6262496
6262782
6262887
6262919
6263024
6263169
6263844
6264152
6264181
6264355
6264889
6264967
6264991
6265396
6265672
6266256
6266942
6267016
6267206
6267491
6268162
6268462
6269522
6269712
6269807
6269919
6269943
6270230
6270697
6270779
6270971
6271012
6271100
6271607
6271981
6272105
6272732
6272874
6273107
6273953
6274026
6274335
6275125
6275408
6275590
6275940
6275972
6276424
6277058
6277457
6277811
6278067
6278640
6278945
6279281
6279643
6279971
6280404
6280429
6280839
6280896
6281226
6281529
6313473
6313617
6314569
6315066
6315390
6315439
6315480
6315514
6316073
6316217
6316530
6317044
6317410
6317553
6318145
6318244
6318421
6318528
6318686
6319473
6319963
6319975
6320237
6320519
6320600
6321722
6322523
6322578
6323193
6323267
6323348
6323501
6323898
6324780
6324853
6325577
6325822
6325933
6326038
6326085
6326090
6326097
6326810
6327128
6327324
6327477
6328274
6328338
6328862
6329040
6329154
6329180
6480928
6482643
6484823
6485102
6492176
6493290
6494653
6513376
6521552
6528068
6576709
6576913
6577625
6578253
6578543
6578585
6578823
6579378
6579632
6580373
6580615
6581277
6581427
6581719
6581806
6582462
6582556
6584295
6584914
6585066
6585238
6585362
6585580
6586099
6586101
6586256
6586479
6586564
6587748
6587925
6588594
6588867
6589107
6589348
6589429
6589799
6590215
6590628
6590748
6591102
6592078
6592111
6592255
6592848
6593817
6594196
6599535
6669339
6688977
6689187
6690335
6690402
6690547
6690673
6691204
6691237
6691735
6692050
6692055
6692603
6693472
6693720
6693824
6694153
6694194
6694323
6694503
6695508
6695803
6696483
6696514
6696526
6696669
6696744
6696951
6697083
6697409
6697482
6697904
6697908
6698499
6698896
6698956
6699232
6699534
6700101
6700413
6700708
6701087
6701831
6701893
6702390
6702981
6703003
6703374
6703998
6704187
6704710
6705020
6705142
6705474
6705573
6705887
6705980
6706683
6707089
6707338
6707906
6708050
6743170
6745205
6745370
6746246
6747118
6747635
6747682
6748190
6751279
6752045
6753606
6754811
6757746
6757807
6759211
6784840
6793968
6952999
6953257
6953587
6954452
6955447
6955890
6955960
6956311
6956399
6956414
6956466
6956515
6957188
6957269
6957548
6958880
6959623
6960070
6960325
6960499
6960663
6960955
6961395
6961543
6961634
6961840
6962121
6962661
6962871
6963361
6963480
6964091
6964311
6964736
6964762
6964840
6965484
6965656
6965824
6966374
6966954
6967100
6967222
6979576
6980086
6980618
6980960
6982439
6982644
6983281
6983353
6983598
6984315
6985227
6987070
6988333
6989194
6990380
6993193
6993374
6994171
6994463
6994485
6994779
7029842
7031016
7035053
7036403
7042004
7045986
7046140
7046264
7047841
7047891
7048102
7048494
7049133
7049219
7049413
7049448
7049818
7049931
7050237
7050372
7050404
7050539
7050542
7050654
7050963
7051376
7051772
7051890
7052025
7052370
7052593
7052783
7052835
7052958
7053038
7053412
7053538
7053954
7054061
7054072
7054876
7055641
7055742
7056218
7056372
7056429
7056566
7057400
7057415
7058076
7058228
7058272
7058590
7058689
7118783
7119464
7119636
7120287
7120394
7120875
7123197
7123756
7124259
7124309
7124531
7125263
7125837
7126075
7126641
7128029
7128909
7129036
7129169
7129796
7130088
7130114
7130453
7130508
7130598
7131238
7201243
7203119
7203496
7203718
7209214
7209849
7211625
7212258
7213601
7215406
7270637
7270964
7271033
7271264
7274038
7274481
7274636
7275257
7275332
7275687
7278395
7278516
7278921
7279840
7282702
7284402
7285219
7285625
7287287
7287314
7287697
7289214
7290544
7293403
7293663
7295933
7302598
7303048
7304438
7305369
7381624
7382787
7384790
7384874
7387483
7389137
7390067
7390502
7391850
7391851
7392514
7393092
7393861
7394350
7395302
7395430
7396089
7396827
7396992
7397559
7397631
7446169
7449724
7450007
7456654
7459316
7459755
7471515
7471676
7474295
7474336
7476565
7478808
7481215
7485192
7485259
7624665
7631357
7631372
7716034
7716091
7716294
7716356
7716681
7716891
7716986
7717373
7717520
7717664
7718144
7718175
7718284
7718358
7719330
7719455
7719545
7719586
7719993
7720101
7720385
7720431
7720496
7720719
7720850
7720859
7721388
7721572
7721871
7721890
7722206
7722263
7722566
7722677
7722900
7723141
7723346
7723395
7723591
7723772
7723775
7724092
7724253
7724293
7724566
7724682
7724852
7724967
7724975
7725031
7725080
7725749
7725799
7726154
7726214
7726225
7726233
7727294
7727303
7727539
7727906
7728388
7728621
7729082
7729251
7730206
7765854
7768938
7770453
7770924
7778936
7779392
7781600
7782571
7783116
7783774
7784124
7812945
7813983
7814976
7815002
7815254
7815324
7815498
7815777
7816778
7816802
7817089
7817330
7817446
7817580
7817621
7817821
7818284
7818809
7819310
7819381
7819500
7819696
7819875
7820177
7820259
7820358
7820429
7820438
7821023
7821405
7821914
7822027
7822093
7822094
7822142
7822176
7822824
7823029
7823235
7823251
7823499
7823721
7824294
7824546
7825045
7825378
7825386
7826477
7827170
7827396
7827418
7827926
7828709
7828859
7828862
7829716
7830619
7831242
7832416
7833839
7834503
7834942
7835483
7835866
7836068
7836487
7837010
7837835
7838401
7838571
7838739
7838779
7839091
7839099
7839233
7839624
7840450
7840529
7841116
7842000
7843064
7844357
7844671
7874472
7875478
7875665
7875833
7876450
7876856
7876881
7877070
7877926
7878668
7878673
7879174
7879277
7879372
7879602
7879626
7880303
7880601
7880837
7881345
7881556
7882034
7882410
7882905
7883234
7883447
7883469
7883485
7883710
7883884
7885496
7885768
7898109
7898498
7899758
7900511
7900550
7900811
7901048
7901360
7901823
7902274
7902527
7902680
7902769
7902954
7903306
7903483
7903525
7903750
7903812
7904235
7904674
7904913
7905055
7905060
7905420
7905946
7906099
7906451
7906702
7907331
7907349
7907413
7907910
7908020
7908082
7908319
7908426
7908448
7908456
7908478
7908652
7908947
7909471
7909518
7909879
7909892
7910064
7910215
7910540
7911087
7911176
7911663
7912046
7912120
7912121
7912286
7912321
7912401
7912857
7913180
7913259
7913526
7913862
7913917
7914112
7914606
7914690
7914835
7964410
7965289
7965728
7965954
7966413
7966976
7968388
7968567
7970819
7970887
7971405
7971560
7971836
7971913
7971933
7972220
7972278
7972559
7973470
7974306
7975348
7975941
7976767
7977546
7978149
7978550
7979099
7979407
7979610
7979637
7980222
8061859
8061914
8061946
8062440
8062592
8062691
8062719
8062849
8063501
8063879
8064328
8064690
8064867
8065274
8065361
8065472
8065979
8066836
8066894
8067410
8067502
8067548
8068180
8068238
8068754
8068870
8068952
8069156
8069313
8069315
8069456
8069790
8069959
8070199
8071016
8071051
8071220
8071272
8071639
8073526
8073557
8074220
8074754
8093052
8136292
8136804
8137611
8137657
8138334
8138645
8138645
8138665
8139787
8139984
8140692
8141048
8141106
8141299
8141580
8143395
8143440
8143664
8144036
8144418
8144499
8144588
8144770
8144810
8163392
8164631
8165492
8166845
8170345
8174998
8203674
8207951
8207988
8209328
8215824
8216267
8217385
8253076
8254888
8254894
8260876
8314778
8314970
8315230
8315615
8315712
8315820
8315916
8315960
8316175
8316552
8316576
8316734
8317253
8317455
8319464
8319921
8319998
8320152
8320458
8320668
8320763
8320981
8320998
8321757
8322328
8322765
8322856
8323395
8323545
8323548
8323676
8323954
8324036
8324193
8324405
8324424
8324981
8325444
8325784
8325792
8326001
8326394
8326490
8326963
8327811
8327994
8328141
8328202
8328259
8328575
8328807
8329025
8329210
8329515
8330100
8330394
8330743
8331435
8331539
8331642
8332385
8332983
8333039
8375100
8375209
8375413
8376086
8376456
8376458
8376533
8377027
8377963
8378628
8379471
8379487
8380109
8380228
8380300
8381092
8381232
8381298
8381327
8381355
8381738
8381994
8382584
8382608
8383442
8383677
8384457
8384621
8384747
8384772
8385005
8385028
8385233
8385411
8386069
8386073
8386195
8386246
8386303
8386773
8386785
8386963
8387592
8387651
8387724
8388309
8388526
8388696
8389541
8389778
8389859
8390319
8390408
8390616
8390657
8391230
8391333
8408675
8409140
8411002
8411538
8412400
8412620
8413826
8414349
8414773
8414805
8415933
8417189
8419477
8420467
8420671
8421129
8424104
8454596
8454673
8455319
8455712
8456174
8456271
8456345
8457433
8457943
8458044
8458111
8458124
8458606
8458924
8459460
8459501
8460101
8460407
8460593
8460673
8461001
8461100
8461498
8461744
8462273
8462390
8462793
8462916
8463031
8463245
8463449
8463678
8463814
8463927
8464270
8465058
8465060
8465373
8465514
8465775
8466205
8466352
8467156
8467735
8467763
8467908
8468287
8468447
8468657
8469259
8469407
8469408
8469476
8469699
8469861
8469979
8470335
8470673
8471195
8472292
8472668
8473255
8473589
8474495
8474608
8475178
8475571
8477018
8478242
8478926
8479509
8479548
8480351
8480427
8480928
8552579
8554578
8554797
8556106
8557304
8557617
8558432
8559055
8559298
8559882
8560102
8560572
8561828
8562698
8563586
8682960
8687116
8688785
8702817
8706186
8706392
8707982
8708256
8709475
8709485
8710479
8710814
8710831
8711148
8711918
8712635
8715034
8716971
8719596
8720069
8720482
8823502
8823600
8824001
8824561
8825082
8825448
8825456
8825597
8825726
8825727
8826022
8826078
8828100
8828127
8828196
8828266
8828313
8828905
8828978
8829027
8829192
8829550
8829613
8829673
8829751
8830801
8830876
8830993
8831172
8831266
8831614
8832096
8832259
8832777
8832826
8833055
8833273
8833302
8833329
8833647
8833898
8834075
8834290
8834345
8835231
8835457
8836182
8836278
8836353
8836646
8836979
8837006
8837778
8838041
8838449
8839193
8839413
8839523
8839699
8839724
8839959
8840235
8840246
8840490
8840956
8840959
8841189
8843694
8847178
8847492
8847610
8848378
8849053
8849340
8850772
8851201
8851668
8853199
8853590
8854530
8854664
8854937
8855078
8856280
8858666
8859008
8859079
8861781
8862403
8863892
8865510
8865588
8866237
8866273
8866350
8866643
8866687
8866929
8867728
8868338
8868350
8868734
8927236
8927512
8927678
8928364
8928843
8928856
8928900
8929714
8929852
8929941
8930042
8930156
8930274
8930417
8931097
8931254
8931589
8931973
8932350
8932353
8932960
8932975
8933073
8933091
8933304
8933493
8934104
8934155
8934235
8934813
8934885
8935012
8935217
8935476
8935527
8935577
8936023
8936181
8936537
8936765
8936966
8937587
8937927
8938462
8938802
8938840
8939318
8939445
8940196
8940491
8940712
8940764
8940776
8941111
8942013
8942160
8942189
8942214
8972531
8973100
8974014
8974394
8976242
8976958
8977468
8977510
8977705
8979673
8980709
8981079
8981322
8981479
8982550
9002266
9002954
9004954
9005086
9005145
9005536
9005704
9005769
9006041
9006070
9006699
9006864
9007024
9007605
9007774
9008294
9008319
9008611
9010357
9010944
9011440
9011605
9015466
9015536
9015955
9016001
9050679
9050991
9053727
9097215
9097378
9097479
9097581
9097617
9097840
9098026
9098071
9098282
9098401
9098531
9098816
9098876
9098983
9099035
9099292
9099363
9100176
9100470
9101125
9101129
9101146
9101341
9102010
9102049
9102403
9102420
9103264
9103562
9103621
9103690
9103845
9104015
9104021
9104058
9104324
9104592
9104722
9105212
9105605
9105828
9105977
9106549
9106683
9106732
9107158
9107183
9107385
9108446
9108618
9108979
9109163
9109356
9109449
9109529
9109924
9110097
9110308
9110367
9110452
9110483
9110795
9111088
9111336
9111570
9111670
9112529
9112874
9113137
9113238
9113248
9113419
9113512
9113679
9113706
9114199
9114227
9114243
9114382
9114408
9114448
9114655
9115069
9115132
9115194
9115748
9116343
9116812
9117504
9117635
9119148
9120257
9120350
9120633
9123795
9124666
9125563
9125862
9126307
9127758
9128227
9128314
9158543
9161372
9163010
9165461
9166093
9166150
9167673
9169241
9170149
9176959
9183083
9183462
9183919
9184197
9186983
9187219
9188504
9188669
9189095
9190511
9190959
9194385
9194696
9216936
9224795
9262503
9262779
9263135
9263884
9265366
9266174
9266799
9267978
9268045
9268301
9268320
9268948
9269394
9271624
9271816
9271975
9272242
9273284
9273347
9273978
9274348
9275261
9275412
9276049
9277030
9277490
9277764
9278110
9278914
9279425
9279503
9279569
9293370
9293457
9293767
9294051
9294337
9294739
9295085
9295619
9295691
9296563
9297331
9297604
9297609
9297638
9297700
9298532
9298645
9298773
9299030
9299162
9299726
9299789
9299911
9300096
9301176
9301301
9301504
9302100
9302405
9302491
9302506
9302879
9302995
9303303
9303462
9303513
9303546
9303996
9304505
9305044
9305309
9305386
9305657
9306083
9306188
9306363
9306948
9307319
9307459
9308142
9308488
9308722
9308947
9309389
9309454
9309684
9309721
9310194
9310487
9310675
9311008
9325470
9327729
9327900
9328447
9329070
9329639
9330109
9330209
9331639
9331792
9332069
9332243
9334045
9335004
9336071
9436594
9437866
9439369
9470334
9470723
9471057
9471526
9472714
9472784
9473628
9474930
9475106
9475159
9475588
9475699
9475864
9476449
9476539
9476562
9476678
9477323
9477463
9477577
9478505
9478865
9480255
9501451
9501985
9552402
9558370
9559028
9559996
9561075
9561623
9681757
9682113
9682831
9682957
9683008
9683419
9683821
9684314
9684365
9686139
9686799
9687258
9689602
9690693
9691946
9705541
9705711
9705750
9706529
9706737
9706924
9707132
9707144
9707202
9707585
9707789
9707804
9708017
9708385
9708531
9708668
9708837
9708971
9709490
9709824
9710299
9710514
9710824
9710832
9710848
9710853
9710875
9711207
9711220
9711305
9711486
9711535
9711987
9712263
9712760
9712851
9712855
9713070
9713365
9715134
9715183
9715801
9716049
9716542
9716919
9758223
9759479
9760838
9762266
9766388
9767882
9768090
9768425
9769752
9771217
9772223
9775597
9775723
9775920
9777718
9778380
9778980
9779130
9841856
9846192
9849664
9851596
9851784
9851960
9852153
9852237
9852399
9852876
9853129
9853230
9854129
9854165
9854223
9854316
9854522
9854658
9854672
9855258
9855326
9855647
9855973
9856062
9856701
9857190
9857891
9858151
9858291
9858932
9858982
9859275
9859797
9860618
9860837
9860895
9861164
9861363
9861543
9861776
9861913
9861973
9862284
9926548
9929481
9930153
9932484
9933566
9935503
9937801
9937921
9941609
9941951
9942147
9942499
9942781
9943135
9943927
9944753
9945701
9946408
9946479
9947304
9947770
9949870
9950436
9950565
9950968
9951265
9952302
9952333
9953131
9953451
9953815
9954019
9954280
9954452
9954503
9954550
9954558
9954998
9955691
9955931
9956104
9956124
9956375
9956451
9956604
9957060
9957217
9957223
9957393
9958793
9958819
9959021
9959150
9959304
9959360
9959884
9960321
9960398
9960670
9960802
9961088
9961109
9961244
9961858
9961867
9961962
9962106
9962768
9962898
9963908
9964568
9964655
9964710
9964979
9965204
9966323
9966893
9967459
9967480
9967563
9967788
9967795
9967902
9967919
9967984
9968126
9968545
9968760
9969297
9969470
9970120
9970141
9970269
9970509
9970793
9970814
9970927
9971312
9971716
10093437
10093621
10093843
10093978
10094390
10094530
10094594
10094945
10094991
10095308
10095737
10095914
10096133
10096245
10096421
10097195
10097532
10097914
10099076
10099127
10099391
10100323
10100324
10100651
10100928
10101094
10101397
10101515
10102626
10103293
10103420
10103448
10103948
10104452
10105259
10105311
10154542
10171740
10207744
10208336
10208405
10208422
10208561
10208652
10208673
10208760
10208834
10208983
10209580
10209698
10210335
10210444
10210485
10210934
10211027
10211046
10211202
10211985
10212031
10212090
10212815
10213081
10213417
10213672
10213759
10214804
10214833
10215072
10215225
10215423
10215642
10215741
10216126
10216229
10216864
10216990
10217076
10217229
10217399
10217494
10217620
10217650
10218037
10218233
10218649
10218685
10219101
10219480
10219769
10220034
10220064
10220132
10220596
10220820
10220957
10221084
10221183
10221297
10221359
10222021
10222115
10222321
10222324
10223237
10223332
10223340
10223404
10223514
10223696
10223747
10223987
10224039
10224062
10224212
10224249
10224616
10224753
10224873
10225073
10449308
10450019
10453448
10454202
10455991
10515239
10517294
10519479
10520182
10521049
10522778
10522854
10524442
10524581
10528879
10530320
10531011
10531783
10533248
10533272
10533981
10534091
10534536
10535778
10536093
10536727
10537465
10537552
10537795
10539370
10539497
10540442
10540453
10540635
10540762
10541051
10541193
10542081
10542326
10542402
10543011
10543062
10543243
10543621
10544967
10545169
10545410
10545619
10545878
10546533
10546785
10546798
10547418
10547974
10548212
10548673
10549289
10549324
10549372
10549400
10549965
10550259
10550393
10550616
10550683
10550799
10551570
10552429
10553128
10553343
10554784
10555474
10556126
10556218
10556578
10557661
10557675
10557834
10558352
10558972
10559024
10559349
10559470
10559599
10559893
10559962
10560785
10560914
10561166
10561936
10562298
10562350
10562603
10562767
10615400
10619497
10621809
10621996
10622349
10622522
10623151
10623652
10623675
10623725
10624014
10624152
10624354
10624390
10624455
10624844
10625118
10625459
10625639
10625853
10625956
10625979
10627224
10627589
10628607
10629253
10629900
10630065
10630086
10630433
10630578
10630610
10630668
10630905
10631204
10631774
10631928
10632114
10634527
10698870
10698974
10701688
10703248
10704409
10724108
10724144
10724207
10724642
10726546
10727017
10727020
10727888
10728543
10728586
10729088
10729361
10730968
10730978
10731435
10731578
10731978
10732031
10733461
10735317
10736145
10736823
10754831
10754933
10755031
10755377
10755662
10755965
10756139
10757013
10757073
10757106
10757326
10757484
10757502
10757541
10758700
10758924
10759011
10759445
10759570
10759699
10760235
10760568
10760686
10760730
10761364
10761502
10761751
10761939
10762011
10762142
10762253
10762327
10762398
10762406
10763059
10763154
10763406
10763452
10763887
10765866
10766303
10766511
10767007
10767615
10767662
10767730
10768927
10769810
10769947
10769961
10770112
10770161
10770208
10770264
10770342
10771757
10772299
10772375
10772391
10773294
10773375
10773621
10773791
10773886
10774109
10774292
10775266
10775725
10775727
10775739
10775938
10776181
10776468
10776969
10777035
10777068
10777110
10777223
10777426
10777579
10777584
10777622
10778275
10778743
10779193
10779225
10779627
10780049
10780352
10780523
10780846
10781395
10781667
10781868
10782574
10783333
10783370
10783710
10784137
10784450
10784631
10784873
10785040
10785318
10785787
10785866
10786430
10786641
10786811
10787166
10787506
10788066
10788236
10788594
10788858
10789094
10789247
10789468
10789630
10789729
10837862
10837876
10838110
10840717
10841881
10841909
10841964
10842009
10842020
10842087
10843248
10843303
10843475
10843827
10843930
10843949
10844109
10845663
10845875
10846043
10846105
10846541
10846573
10846735
10846899
10847301
10847325
10847479
10847806
10847895
10847911
10848284
10848347
10848458
10849005
10850095
10850132
10850460
10850691
10850860
10850980
10861917
10886406
10886566
10886665
10886760
10887109
10887259
10887619
10887823
10887912
10888161
10888507
10889074
10889466
10890627
10890863
10891117
10891491
10892213
10892471
10892673
10892687
10893144
10893408
10893460
10893798
10894014
10894365
10894470
10895062
10895158
10895192
10895422
10895529
10896094
10896258
10896652
10897073
10897109
10897815
10898039
10898203
10898430
10898447
10898686
10898974
10899164
10899179
10899417
10899553
10899740
10899763
10900091
10900446
10900473
10900674
10901082
10901221
10902022
10902408
10902830
10902986
10903027
10903145
10903252
10938979
10939464
10940141
10941410
10944200
10945688
10946314
10948060
10950277
10950863
10952886
11020263
11022059
11022269
11041859
11042081
11043266
11044102
11044183
11044687
11044764
11044879
11044907
11045148
11045287
11045324
11045377
11045424
11045727
11045951
11046184
11046549
11046925
11047086
11047534
11047739
11048117
11048580
11048844
11048989
11049162
11049402
11049607
11049683
11049804
11050038
11050123
11050313
11050383
11050872
11051032
11051326
11051585
11051749
11051810
11052227
11109489
11161770
11163313
11164223
11164232
11164380
11164422
11164875
11165274
11165473
11165542
11166169
11167194
11167201
11168574
11169232
11173226
11174561
11175310
11175885
11177014
11177976
11184586
11232316
11232377
11232993
11233010
11233301
11233488
11233758
11234284
11234292
11235623
11235642
11236097
11236103
11236256
11236415
11237137
11237422
11237813
11237984
11238257
11238271
11239088
11239121
11239299
11239303
11239304
11240358
11241384
11241657
11242679
11242938
11243731
11245275
11245351
11246141
11246236
11246301
11246753
11246959
11247512
11247547
11247548
11247924
11247933
11247949
11248076
11248094
11356295
11356817
11356891
11357120
11357160
11358278
11358959
11359230
11360673
11361356
11361468
11361810
11361848
11361914
11361944
11362509
11362688
11362772
11363107
11363381
11363432
11363464
11363493
11363790
11363966
11364345
11364546
11364925
11365087
11365202
11365377
11366244
11366445
11366498
11367269
11367868
11368147
11369098
11369365
11369621
11370120
11370395
11370424
11370695
11370885
11371397
11371843
11372170
11372234
11372382
11372572
11372713
11428349
11428437
11429209
11429407
11431030
11431187
11431662
11432238
11432350
11432381
11433065
11433408
11435033
11435600
11437009
11438838
11440223
11440326
11442126
11442402
11445573
11446566
11447405
11448691
11448717
11449040
11450567
11450947
11451016
11451330
11451938
11452017
11452249
11453344
11454024
11454318
11525793
11527688
11560687
11560733
11560939
11561745
11561991
11562108
11563341
11563521
11564132
11564548
11564818
11565924
11565996
11566439
11566455
11566488
11567094
11567634
11567890
11568289
11568611
11569025
11569176
11570116
11570329
11570692
11570901
11571811
11572176
11573736
11574250
11574258
11574761
11574932
11574965
11575492
11575762
11576443
11576463
11577306
11588639
11588721
11588760
11589183
11589189
11589450
11589458
11590499
11590546
11590560
11590882
11590894
11591079
11591564
11591807
11591839
11591881
11592494
11592523
11592625
11592723
11592960
11593038
11593184
11593775
11593875
11594032
11594045
11594134
11594525
11594757
11595655
11595782
11596454
11596724
11597082
11597133
11597394
11597818
11612960
11612965
11613081
11613502
11614321
11614569
11615003
11615114
11615179
11615298
11615950
11616047
11616319
11616378
11616404
11616412
11616596
11616747
11616822
11617455
11617464
11617562
11617840
11618079
11618088
11618101
11618340
11619033
11619137
11619391
11621113
11621168
11621338
11621397
11622062
11622407
11622509
11622527
11622632
11623005
11623082
11623208
11623343
11623410
11624198
11624218
11624328
11624368
11624557
11624599
11624786
11625232
11625364
11625489
11625726
11626034
11626228
11626801
11626902
11626980
11627128
11627541
11627549
11627552
11627817
11627980
11628082
11646319
11647171
11648172
11649935
11650777
11651396
11651965
11652166
11652972
11653783
11654121
11654123
11654439
11655279
11655962
11658375
11658508
11658754
11659210
11724167
11724594
11725757
11726078
11727618
11728803
11729519
11730119
11730567
11730741
11732006
11732105
11733722
11734194
11736791
11736974
11738096
11738254
11738700
11740443
11740907
11759646
11836802
11836899
11837377
11837843
11839015
11839260
11840241
11840368
11840498
11841151
11841304
11844024
11846509
11846810
11847086
11847335
11847371
11847484
11849415
11852317
11852648
11928106
11929321
11929370
11930559
11932354
11932426
11932480
11933261
11933757
11933852
11934117
11935901
11936284
11936697
11936888
11937741
11938657
11939293
11940171
11940232
11940711
11940994
11941077
11941209
11941292
11941356
11941623
11941826
11941958
11942512
11942845
11943505
11943634
11943870
11943908
11944055
11944368
11944607
11944709
11944978
11944998
11945336
11945406
11945434
11945480
11946343
11946383
11946420
11946615
11946784
11947057
11947178
11947184
11947286
11947300
11947304
11947419
11947490
11947532
11947637
11947861
11947978
11948108
11948259
11948430
11948640
11949357
11950544
12102069
12102144
12102471
12102566
12102820
12102857
12102904
12103360
12103927
12104219
12104443
12104460
12104542
12104601
12104833
12104967
12105003
12105264
12105564
12105655
12105860
12106259
12106607
12106908
12107559
12107694
12108061
12108403
12108493
12108543
12108606
12109924
12109979
12110020
12110056
12110063
12110380
12111044
12111085
12111231
12111385
12111506
12111538
12111698
12112932
12112959
12113203
12113751
12114038
12114096
12114284
12114352
12114565
12114689
12114864
12115552
12115779
12116203
12116523
12116754
12117053
12117209
12117238
12117248
12117319
12170747
12172279
12174800
12177049
12180153
12180518
12183403
12187571
12202298
12203415
12233432
12233477
12233537
12233545
12233663
12233732
12233781
12234120
12234467
12234642
12234703
12234714
12234951
12235210
12235463
12235613
12236047
12236081
12236135
12236516
12236564
12236716
12237141
12237407
12237786
12237848
12237946
12238318
12238980
12239119
12239350
12239655
12240435
12240670
12241131
12241820
12241836
12242423
12243181
12243240
12243473
12243821
12243860
12243864
12243912
12244568
12244893
12245536
12245794
12310650
12322338
12322351
12322743
12322921
12323084
12323436
12323872
12323987
12324081
12324215
12324852
12325229
12325356
12325753
12326096
12327666
12327821
12328227
12328399
12328546
12328730
12329119
12329247
12329364
12329842
12329854
12329994
12330526
12330690
12330694
12330760
12330897
12330915
12330916
12332331
12332412
12332715
12332746
12333160
12333172
12333348
12333739
12334154
12334197
12334628
12335195
12335478
12335928
12336608
12336988
12337107
12337151
12337410
12337442
12337674
12337730
12339324
12339669
12369076
12387279
12387350
12387457
12387532
12387623
12388089
12388287
12388653
12388829
12388948
12390058
12390535
12390847
12391078
12391268
12391706
12391888
12391943
12392405
12392728
12393078
12393307
12393436
12393967
12394063
12394081
12394506
12394648
12395396
12395543
12395553
12395657
12395895
12396730
12396837
12396887
12396959
12397017
12410700
12411008
12411094
12411459
12411902
12412729
12413198
12413629
12413664
12414068
12414092
12414115
12414224
12414379
12414685
12415303
12415347
12415641
12415730
12415961
12416134
12416245
12416278
12416800
12417099
12417211
12417459
12417749
12418356
12418901
12419152
12419690
12420313
12420323
12420512
12420598
12420840
12421448
12421985
12423004
12423097
12423770
12424081
12424300
12424904
12425534
12425838
12426687
12426709
12426806
12427292
12428763
12429305
12429412
12429486
12429500
12429569
12429634
12523561
12525140
12541116
12566042
12566218
12566221
12566743
12567003
12567801
12567845
12567963
12568110
12568353
12569201
12569307
12569453
12569841
12570187
12570274
12570687
12570736
12570818
12571811
12572112
12572889
12573090
12573637
12574258
12574971
12575135
12575353
12575364
12575604
12576021
12576033
12576214
12576289
12576315
12576327
12576518
12576823
12577104
12577303
12577369
12577804
12578508
12579080
12579349
12579621
12598986
12599490
12601275
12601296
12601455
12603301
12603350
12603599
12603818
12604614
12605453
12605522
12605691
12605836
12606428
12607151
12608393
12608496
12608673
12609833
12611415
12611664
12611814
12640621
12641111
12641249
12641501
12641534
12641724
12641856
12641857
12642416
12642534
12642645
12642688
12642932
12642961
12643031
12643228
12643229
12643734
12644447
12644712
12645200
12645264
12645325
12645551
12645558
12645592
12645621
12645816
12645847
12646058
12646092
12647280
12647499
12647598
12648132
12648370
12648474
12648497
12648865
12649128
12649202
12649883
12650085
12650267
12650342
12650922
12726848
12727580
12728133
12728552
12728565
12728885
12729653
12731015
12731035
12731523
12731528
12732390
12733912
12734171
12734331
12734713
12734917
12734936
12735218
12735272
12736850
12736965
12737018
12737535
12737547
12737902
12738059
12738082
12738847
12739045
12739575
12739586
12739827
12740176
12740206
12740277
12740712
12740910
12740968
12741362
12742195
12742451
12766290
12769019
12771130
12771212
12771444
12773151
12773527
12773559
12776603
12777273
12778736
12780108
12780223
12783755
12784023
12785189
12785237
12786458
12786479
12787067
12787750
12787878
12788505
12789406
12789417
12789475
12790098
12790120
12790607
12790705
12791217
12792108
12792640
12793039
12793656
12793822
12794606
12794861
12795356
12796836
12797024
12798160
12798800
12798868
12799545
12799635
12799821
12800134
12800190
12800350
12800544
12800554
12800641
12807171
12823796
12900866
12901311
12901903
12906043
12906505
12906995
12907143
12913125
12960571
12961222
12966105
12971495
12980335
12980526
12983234
12984275
12984344
12987606
12988530
12990557
12995051
12995533
13105463
13105537
13105582
13105586
13105647
13106070
13106163
13106289
13107123
13107247
13107461
13107480
13107494
13107672
13107842
13107995
13108716
13108761
13108834
13109429
13109475
13109732
13109907
13110077
13110425
13110455
13110690
13110863
13111143
13111749
13111860
13111948
13112029
13112289
13112798
13113410
13113870
13114243
13114251
13114253
13114432
13114818
13115238
13115278
13115536
13116033
13116412
13116526
13116624
13117012
13117606
13117749
13118016
13118052
13118130
13118203
13118306
13118540
13118573
13118885
13119010
13119060
13119161
13119228
13119348
13119425
13120194
13120778
13120958
13121175
13121346
13160734
13180117
13180409
13180747
13181150
13182421
13183289
13184220
13184831
13187384
13188100
13188510
13189012
13189921
13190693
13190965
13192317
13199707
13206845
13206925
13207089
13207293
13208277
13208651
13209619
13209653
13209921
13210301
13210942
13211278
13211610
13212158
13212297
13212624
13212781
13213165
13213392
13213641
13213937
13214102
13214523
13215139
13216064
13216081
13216246
13216305
13216320
13216829
13218309
13218416
13218543
13219030
13219517
13219581
13219829
13220158
13220313
13220930
13221028
13273861
13287533
13288196
13334032
13334039
13334685
13335698
13335822
13335921
13335933
13336107
13336674
13336791
13336813
13337087
13337171
13337506
13337526
13338049
13338394
13338792
13338839
13339042
13339596
13340102
13340328
13340557
13340579
13340623
13340756
13341456
13341983
13342195
13342380
13342500
13342545
13342696
13343310
13344321
13344398
13345064
13345484
13345507
13345750
13345892
13345915
13345966
13345984
13346028
13346188
13346433
13346704
13346992
13347118
13347246
13348029
13348032
13351034
13352250
13352333
13352524
13354686
13356267
13357302
13361167
13362135
13362343
13362559
13488017
13489621
13489652
13490350
13490623
13490928
13490941
13491108
13491996
13492008
13492299
13492817
13493040
13493483
13494550
13494591
13496775
13500573
13502935
13504305
13506315
13507605
13508918
13509904
13510715
13510742
13530204
13545078
13546819
13550168
13550811
13550819
13550945
13551311
13553147
13554173
13556110
13556849
13557269
13559669
13647273
13647480
13647484
13647923
13648088
13648351
13648552
13649676
13649869
13651958
13652261
13652885
13653246
13653339
13654026
13654493
13654661
13656896
13657009
13657597
13658178
13660004
13660836
13661532
13662067
13726079
13726668
13728690
13728791
13728926
13728932
13730555
13730889
13731497
13732722
13734411
13734704
13734921
13735565
13735760
13735766
13736847
13737401
13737542
13738043
13738788
13817317
13817386
13818261
13818649
13818701
13818894
13819098
13819132
13819419
13819647
13819854
13820117
13820127
13820286
13820451
13820555
13820740
13820779
13821346
13821595
13821664
13821693
13821698
13821698
13821808
13821862
13822320
13822468
13822581
13822635
13822726
13822996
13825757
13825809
13825826
13826076
13826217
13826305
13826749
13827191
13827250
13827328
13827622
13828034
13828333
13828541
13829288
13829327
13829758
13829869
13831752
13831867
13832230
13832533
13833308
13833519
13833548
13833614
13835972
13837000
13837179
13838037
13838804
13839271
13839700
13840675
13841401
13841728
13842046
13842702
13845167
13875245
13875899
13876612
13876839
13877385
13878658
13878772
13882504
13882736
13882993
13883451
13885208
13885416
13905140
13906008
13906358
13907577
13909126
13909332
13910911
13912051
13912691
13913434
13915960
13916650
13917018
13917614
13918063
13918315
13918628
13918732
13919734
13920108
13920358
13920570
13920655
13920670
13921170
13921305
13921346
13921400
13921499
13921756
13921882
13921901
13921980
13922028
13922054
13922230
13923083
13923106
13923137
13923221
13923269
13923300
13923744
13923877
13924390
13924757
13925507
13925920
13926247
13926291
13926478
13926905
13927118
13927571
13927876
13928014
13928173
13928898
13929460
13929925
13930253
13931029
13931229
13931485
13931555
13932344
13932510
13932600
13933055
13933305
13933326
13933763
13933840
13934055
13934292
13934515
13934980
13935192
13935823
13935922
13936069
13936149
13936290
13936349
13936772
13937066
13937320
13937777
13937811
13938205
13938312
13938940
13938993
13939058
13939419
13939425
13939536
13939905
13940481
13940947
13941853
13942157
13942727
13943677
13943841
13944026
13944056
13944695
14012338
14013227
14015626
14016780
14017386
14020246
14020370
14020437
14021677
14021828
14101135
14101940
14101957
14102362
14102850
14103173
14103647
14103790
14104277
14104518
14104971
14105024
14105332
14105629
14105751
14105822
14106419
14106595
14106810
14106949
14107008
14107111
14107398
14107812
14107815
14107829
14107886
14108280
14108695
14108713
14108902
14108975
14110033
14110123
14110798
14110849
14111122
14111507
14111612
14111692
14112079
14112095
14112781
14113137
14113196
14113656
14113984
14114251
14114567
14114644
14114701
14115093
14115475
14115680
14115958
14116350
14116506
14116565
14116795
14116805
14116822
14117824
14136630
14139821
14140164
14142749
14142994
14143412
14143705
14144694
14146104
14147007
14149491
14150250
14150284
14150745
14153830
14155638
14155649
14157126
14157161
14157315
14157906
14158131
14158556
14158599
14158624
14158911
14159267
14159518
14159567
14159620
14159622
14159662
14159869
14160696
14161291
14161314
14161453
14161829
14161839
14161844
14162953
14163210
14163216
14163372
14164271
14164477
14164502
14164861
14164905
14165264
14165583
14166253
14166265
14166293
14166326
14166334
14166519
14166675
14166771
14167234
14167240
14167673
14167920
14168459
14168807
14168981
14169152
14169269
14169285
14169438
14169799
14170643
14170679
14171341
14171514
14171533
14171697
14171821
14172522
14172576
14172736
14172756
14172758
14235874
14236881
14237719
14237887
14237966
14238053
14238074
14238692
14238830
14239176
14240733
14240866
14241074
14241325
14241371
14241707
14241821
14242031
14242188
14242643
14243557
14243791
14244180
14244632
14245154
14245460
14245657
14245986
14246369
14247410
14248029
14248395
14248958
14248994
14250408
14250430
14250956
14251245
14251388
14251391
14251492
14251567
14251652
14252591
14253137
14253164
14253736
14254065
14254192
14254476
14254479
14254624
14255096
14256464
14256671
14257260
14257345
14257808
14257942
14258990
14259089
14259688
14262841
14265644
14266189
14270832
14307416
14308402
14308846
14309103
14309540
14310088
14310520
14310550
14310590
14311170
14313297
14313893
14315308
14316110
14316326
14318465
14318605
14319834
14320409
14320920
14321892
14322113
14322180
14323843
14323870
14325575
14327910
14328030
14328104
14330919
14331035
14332949
14334106
14334937
14337068
14338426
14341853
14343503
14379309
14405824
14405935
14409407
14409567
14409624
14410223
14413634
14414121
14415036
14415948
14416962
14417133
14417299
14417351
14417758
14417854
14418231
14418767
14418815
14418990
14419972
14420108
14420299
14420631
14420891
14421090
14421508
14422166
14422499
14422775
14423187
14424220
14424250
14425937
14425996
14426114
14426281
14426644
14426729
14426840
14427406
14427660
14427763
14427792
14427795
14427930
14428223
14428483
14428548
14428716
14428746
14429154
14430100
14430551
14430636
14430765
14430864
14431023
14431173
14431187
14445854
14446344
14446605
14446952
14447089
14447858
14448879
14449350
14449369
14449797
14449944
14449991
14449994
14450071
14450438
14450755
14450773
14452116
14452755
14452799
14453112
14453125
14453311
14453483
14453565
14453975
14454100
14454289
14454470
14454470
14454835
14454841
14455254
14455292
14455388
14455796
14456161
14456334
14456805
14457099
14457567
14457957
14459152
14459589
14460094
14460273
14460579
14460933
14461844
14462029
14462133
14462333
14462465
14462750
14463209
14464256
14464314
14464656
14464945
14465035
14465133
14482658
14483189
14484041
14484220
14484935
14485971
14487130
14488061
14490810
14491377
14495766
14501385
14503266
14503516
14504290
14506727
14552949
14557192
14571709
14572291
14572445
14572458
14572490
14572545
14572597
14572724
14573039
14573621
14573621
14573827
14575146
14575420
14575565
14575720
14575932
14576019
14576695
14577711
14577911
14578064
14578621
14578937
14579144
14579923
14579988
14580225
14580503
14580537
14580556
14580972
14580975
14581253
14582574
14582867
14583195
14583558
14584656
14584775
14585226
14585858
14585861
14586028
14586063
14586208
14621609
14635424
14650858
14650949
14651070
14651328
14651509
14651641
14651790
14651828
14652076
14652120
14652231
14652436
14652635
14652719
14653331
14653700
14654399
14654734
14655010
14655110
14655194
14655700
14655982
14656407
14656559
14656622
14657478
14657499
14657576
14657663
14657796
14657876
14658020
14658057
14658421
14658872
14659710
14660126
14660244
14660262
14660520
14660803
14661286
14661700
14661924
14662027
14662273
14662526
14662669
14662943
14663189
14683716
14684901
14685004
14692338
14697234
14697428
14699714
14700360
14705027
14705319
14707915
14708270
14710030
14711266
14711695
14711808
14713751
14713813
14714099
14714928
14714937
14714939
14715331
14715488
14715551
14715561
14716002
14716393
14716885
14732517
14732518
14732570
14733176
14733648
14734043
14734777
14735337
14736146
14736271
14736709
14736854
14737209
14737880
14737901
14738519
14738752
14738923
14739284
14739680
14739903
14740833
14740944
14741060
14741184
14741398
14741841
14742215
14742431
14743027
14743099
14743866
14744104
14744927
14745912
14795220
14809436
14848168
14848260
14849397
14849492
14849617
14850300
14850604
14850758
14851399
14852973
14853392
14855437
14855588
14855927
14856183
14856342
14856408
14856486
14856814
14857423
14859115
14859184
14859452
14859455
14859590
14859727
14859747
14859792
14860107
14860755
14860773
14861909
14862037
14862168
14862336
14908945
14909125
14910863
14910868
14912382
14912421
14916093
14918108
14919099
14919524
14920091
14925706
14926396
14928708
14931087
14935395
14970273
14971812
15056234
15057332
15057933
15058320
15058468
15060660
15061685
15062294
15063358
15063547
15063815
15064755
15066216
15066353
15067434
15067855
15068045
15068050
15088092
15088542
15088560
15088821
15089275
15089417
15089427
15089505
15089651
15089712
15089940
15089987
15090069
15090183
15090227
15091247
15091333
15091419
15091481
15091607
15091758
15091846
15091874
15092091
15092982
15093370
15094003
15094071
15094576
15094629
15094655
15094818
15095107
15096008
15096173
15096434
15096687
15096867
15096882
15097130
15097152
15097732
15097940
15098477
15098479
15098610
15098636
15098677
15098734
15099278
15099383
15099599
15100100
15100207
15101123
15101128
15101566
15101930
15102879
15102991
15103269
15103437
15103747
15104160
15104682
15104823
15105027
15105141
15154135
15154940
15158638
15158639
15160316
15165673
15166081
15167479
15167676
15168107
15168396
15168613
15168952
15169104
15169404
15169469
15169584
15169807
15170000
15170120
15170148
15170185
15170562
15170723
15170797
15170842
15171224
15171350
15171589
15171790
15171871
15171926
15172236
15172301
15172305
15172414
15172462
15172490
15173259
15174300
15174429
15174435
15174820
15175028
15175127
15175613
15175738
15175777
15175952
15176027
15176202
15176444
15177187
15177222
15177544
15177546
15177558
15177580
15177789
15178064
15178117
15179783
15180336
15180405
15180683
15181066
15181663
15182214
15182445
15182527
15182554
15182916
15183116
15183117
15201469
15258725
15263494
15266536
15266660
15267169
15270881
15287840
15288215
15289573
15289814
15290777
15291891
15294745
15294861
15298545
15299574
15364524
15373755
15381566
15383683
15387401
15389277
15393292
15396609
15398690
15399344
15421650
15422036
15422070
15422428
15423858
15424368
15424459
15424571
15424862
15425068
15425263
15425775
15426285
15426340
15426903
15427382
15428542
15429116
15429833
15430119
15430988
15431763
15431783
15431785
15431830
15432454
15432500
15432783
15433432
15433603
15434647
15434676
15434926
15436882
15437065
15438645
15440469
15441461
15447623
15449250
15454290
15454407
15454415
15454623
15455113
15455244
15456041
15456205
15456306
15456352
15456364
15456515
15456737
15457048
15457121
15457280
15457597
15457733
15457772
15458212
15458278
15458305
15458355
15458438
15458504
15458516
15458557
15459380
15459401
15459454
15459532
15459582
15459633
15459818
15459922
15459933
15460676
15460700
15461028
15461077
15461778
15462039
15462617
15462886
15463207
15464032
15482419
15594686
15594867
15594921
15594951
15595077
15595177
15595229
15595245
15595672
15596402
15597736
15597780
15597805
15598642
15598680
15598726
15599144
15599873
15599895
15600250
15600772
15600801
15600856
15602387
15602492
15602632
15603010
15603656
15603874
15604189
15604268
15604748
15606984
15607547
15608898
15610257
15612592
15616831
15619994
15620700
15638068
15638249
15638662
15639171
15640127
15640612
15642285
15642352
15647570
15650643
15650760
15651675
15652874
15737971
15738680
15739454
15743196
15761575
15761623
15761759
15761808
15762079
15762650
15763611
15764334
15764439
15764513
15765016
15765426
15765798
15767218
15767315
15768270
15768979
15769005
15769267
15769298
15769326
15769888
15770018
15770353
15770516
15770677
15770948
15771318
15771350
15771523
15771596
15771818
15771987
15773133
15773630
15773768
15773777
15773931
15774058
15774228
15774594
15774769
15774788
15774899
15775077
15775394
15776039
15776318
15776457
15777037
15885543
15887017
15887901
15887942
15888394
15888522
15888644
15888751
15889038
15889521
15889783
15890665
15890741
15891945
15892985
15893586
15894076
15894509
15896617
15896627
15896812
15897258
15897560
15897841
15898396
15898736
15898967
15899521
15900081
15900873
15901377
15902250
15902348
15903038
15903471
15903886
15904310
15904637
15904928
15905156
15905191
15932839
15932968
15933119
15933498
15933683
15934133
15934158
15934245
15934273
15934336
15934372
15934826
15934905
15935138
15935259
15935578
15935647
15935779
15935814
15935834
15936522
15936866
15936901
15937269
15937300
15937908
15938016
15938066
15938538
15938759
15938978
15939162
15939183
15939377
15939485
15940623
15940659
15941302
15941337
15941578
15941586
15942135
15942232
15942311
15942367
15942510
15942538
15942578
15943436
15943564
15943616
15943879
15943987
15943994
15944064
15944172
15944242
15944738
15945101
15956205
15956537
15956846
15956907
15957050
15957669
15957814
15958173
15958561
15958635
15958984
15959013
15959094
15959102
15959929
15960160
15961974
15962350
15962428
15963275
15963375
15963420
15964216
15964670
15964843
15964947
15966116
15966903
15967530
15967813
15967951
16003307
16006412
16007308
16068566
16069503
16072886
16073642
16075735
16076084
16076207
16080435
16082971
16265397
16265567
16266382
16267393
16267725
16267980
16268315
16268741
16268765
16268857
16268973
16269104
16269365
16269703
16269961
16270521
16270675
16271149
16271472
16271870
16272529
16272759
16272871
16273067
16273993
16274135
16274311
16274495
16274690
16425580
16427468
16428325
16428566
16430353
16430866
16431103
16431326
16433535
16434073
16434266
16434562
16437451
16437536
16437842
16437925
16439153
16439246
16439384
16439859
16466990
16467343
16467507
16467790
16468126
16468385
16469165
16469930
16470363
16470416
16470567
16470738
16471729
16471834
16471926
16471974
16472056
16472104
16472568
16473000
16473280
16473628
16473971
16474095
16474293
16474452
16474735
16474807
16475133
16475167
16475510
16475569
16475754
16475831
16476636
16476962
16477899
16478010
16478014
16479296
16480040
16480051
16480688
16480881
16481483
16481521
16482037
16482993
16483025
16483045
16483085
16483340
16483384
16483587
16483680
16483956
16484193
16484232
16484448
16484474
16485360
16485420
16486022
16486108
16486164
16486878
16486912
16487721
16487959
16488404
16488495
16490923
16490983
16491030
16491631
16491644
16491938
16492361
16492411
16492719
16493097
16493924
16494895
16495022
16495068
16495411
16495738
16495860
16496212
16496331
16496913
16497014
16497219
16497762
16499129
16499264
16531040
16531217
16531799
16531818
16532195
16532732
16532831
16534246
16534434
16535422
16536196
16536325
16536626
16536749
16536837
16537294
16537719
16537721
16538910
16540343
16540497
16540642
16542153
16543017
16543077
16543498
16543566
16576956
16586982
16590473
16613296
16613339
16613511
16613697
16614422
16614544
16616207
16617043
16619061
16619199
16620048
16620667
16621528
16621840
16621846
16622636
16622775
16622879
16622922
16622994
16623300
16623319
16623723
16624277
16624652
16624787
16625229
16625522
16625696
16626851
16627265
16629178
16630330
16630452
16630475
16630987
16631007
16631174
16631370
16632238
16714781
16902226
16903849
16916080
16921914
16926578
16927132
16927294
16927549
16928072
16928279
16929439
16930353
16930604
16932495
16934052
16973063
16973475
16975551
16975989
16977891
16999817
16999865
17000122
17000511
17001060
17001410
17001494
17001601
17001765
17002028
17002641
17002882
17003383
17003567
17003828
17004144
17004166
17004291
17004352
17005093
17005338
17005535
17005597
17005716
17005792
17005902
17006070
17006208
17006266
17006438
17006544
17006624
17006718
17006929
17007042
17007277
17007319
17007459
17007880
17008397
17008958
17008979
17009972
17010082
17010263
17010695
17010728
17011565
17011816
17012393
17012876
17013488
17013531
17013999
17014221
17014260
17014390
17014787
17014885
17180108
17182394
17183979
17184298
17187936
17188920
17191696
17266994
17267363
17267806
17268532
17268614
17269262
17269573
17269646
17270576
17271018
17271758
17271821
17272413
17272422
17273088
17273745
17274491
17275198
17275914
17276951
17277223
17277263
17278005
17278753
17278792
17278807
17280093
17280995
17281108
17282536
17283366
17333392
17333523
17333782
17334521
17335290
17338166
17338399
17338953
17338997
17339618
17339787
17339813
17340012
17342576
17343188
17343244
17343896
17344126
17344149
17344947
17345539
17346398
17379899
17380519
17381357
17382882
17383948
17385632
17387465
17392485
17393637
17393637
17396306
17396696
17436177
17436741
17441156
17441222
17441497
17443127
17448754
17449468
17467945
17469700
17473596
17501133
17501212
17501738
17501792
17501848
17501915
17502636
17502685
17502819
17503046
17503222
17503275
17503365
17503893
17504158
17504243
17504421
17504430
17504857
17505478
17505647
17505882
17505965
17505993
17506267
17506283
17506481
17506596
17507490
17507699
17508030
17508648
17508829
17509025
17509060
17509308
17509499
17509516
17509607
17509613
17509767
17509787
17509867
17510114
17510188
17510889
17510989
17511381
17511617
17511631
17511681
17512050
17512749
17512830
17512856
17513061
17513140
17513227
17513408
17513484
17513498
17539748
17586224
17587207
17590316
17598303
17598575
17599449
17600682
17601230
17601464
17601737
17602293
17602580
17602888
17602987
17603002
17603132
17603433
17603549
17603830
17603866
17604022
17605136
17605178
17605318
17605809
17606713
17607044
17607372
17607742
17608072
17608084
17608105
17608167
17608267
17608462
17608518
17609021
17609502
17609653
17609733
17609821
17610744
17611876
17612927
17613029
17613376
17613707
17613779
17613875
17613917
17614003
17614297
17614661
17614837
17615465
17615986
17616021
17616072
17616493
17616562
17616900
17616943
17617761
17618283
17618313
17619657
17620232
17620280
17621348
17622115
17622126
17622148
17622283
17622941
17623246
17623304
17624326
17625027
17625462
17625638
17626040
17626516
17627342
17627941
17628408
17628533
17628573
17628730
17628946
17628991
17629219
17629482
17629500
17629628
17629687
17629739
17630494
17630852
17631120
17631542
17632665
17632684
17633206
17633746
17633946
17634384
17634822
17635419
17636418
17636438
17636661
17636789
17636855
17636890
17637072
17637216
17637238
17637293
17637414
17637635
17638066
17638070
17638100
17638242
17638295
17639245
17639463
17639621
17639760
17639811
17661032
17661145
17661226
17662307
17663558
17664298
17664603
17665264
17666235
17666339
17666424
17666589
17666693
17667222
17667982
17668090
17668591
17668762
17668883
17668895
17669710
17669816
17669884
17682788
17683173
17688907
17689722
17690558
17690979
17691082
17692909
17693094
17693117
17693826
17694584
17696002
17696461
17696502
17699621
17700115
17701253
17701968
17703388
17791071
17791198
17791351
17791883
17791903
17792721
17793278
17793724
17793987
17794328
17795078
17795096
17795212
17795679
17798235
17798298
17798317
17799098
17799622
17799811
17801499
17801615
17801881
17802174
17802981
17803254
17803368
17804676
17805516
17826055
17826358
17827492
17827759
17828630
17829425
17829480
17829606
17829754
17831775
17834852
17834935
17835229
17835749
17837681
17837799
17839296
17839567
17839620
17840188
17840496
17841490
17868829
17868903
17869008
17871414
17871548
17871595
17871606
17872287
17873640
17873656
17873710
17874129
17874602
17875188
17875800
17875817
17876226
17876772
17876858
17877604
17877614
17877657
17877839
17877939
17878080
17878208
17878627
17879020
17879145
17879194
17892710
17893040
17893201
17893246
17893652
17894386
17894508
17894524
17895177
17895211
17896656
17896662
17897287
17897294
17897716
17898427
17898576
17898916
17899102
17899192
17899361
17899551
17899577
17899952
17900498
17901320
17901546
17901593
17901791
17901996
17902286
17902571
17903250
17903464
17904056
17904939
17905122
17905492
17905502
17905611
17905985
17906453
17906790
17906979
17907045
17907338
17907667
17908176
17909321
17909448
17909485
17909530
17909695
17910096
17910236
17910913
17910994
17911289
17912959
17913173
17915618
17915660
17916839
17917384
17917440
17918663
17922174
17942637
17942804
17943042
17944353
17944397
17944761
17945063
17946804
17948476
17949918
17949966
17950336
17950844
17952176
17952999
17953068
17954145
17954627
18001266
18002594
18003377
18003496
18003830
18006976
18007148
18010004
18010545
18011064
18012500
18013288
18015934
18016540
18037600
18044083
18044214
18044297
18044805
18044853
18046095
18046129
18046192
18046412
18046855
18047440
18047530
18047533
18047566
18047600
18048260
18049376
18049775
18050289
18050688
18050943
18052051
18052197
18052399
18052575
18053012
18053077
18053847
18273030
18274527
18275866
18276403
18277361
18279371
18281286
18284256
18353937
18354873
18358740
18358945
18359709
18359949
18360201
18361436
18361493
18362159
18364007
18364437
18364460
18364496
18364739
18364844
18365258
18365549
18365668
18365783
18366411
18367065
18367145
18367263
18367325
18367467
18367581
18367803
18368063
18368370
18368481
18369399
18369428
18369803
18369884
18369954
18370095
18370120
18370625
18370715
18371140
18371259
18371743
18372383
18372385
18372904
18373098
18373137
18373466
18373658
18373699
18373858
18374125
18374796
18375530
18375709
18376005
18376089
18376189
18376346
18377181
18377414
18378318
18378365
18378488
18379121
18379152
18379273
18379497
18379826
18380580
18383644
18385741
18385794
18397152
18397798
18398375
18399016
18399448
18399454
18401696
18402040
18402758
18403093
18403451
18403629
18404631
18404991
18405312
18405383
18405469
18405803
18405968
18407421
18407498
18408454
18408952
18409145
18409558
18409901
18410053
18410158
18410199
18410513
18455144
18456907
18457730
18459136
18461066
18461527
18469649
18472547
18474696
18475999
18478456
18479182
18480183
18480315
18480475
18480910
18481176
18481478
18481561
18482642
18482984
18483267
18483294
18488632
18488848
18490838
18490901
18491241
