215
258
472
2685
7675
9648
10439
11843
14341
17045
17694
20061
21234
22845
23080
25091
28710
32237
32313
34539
35986
42910
42984
43267
44245
44599
45373
47162
49871
50309
53904
55066
58888
59150
60539
64296
66904
74756
75434
75842
81257
84081
86031
86575
88604
89882
89893
90303
90632
90638
91193
91295
93467
94083
94816
98474
99112
103589
104072
104410
104439
104565
105312
107637
113195
113326
116106
118872
119468
119820
120012
122346
125538
125607
133381
137199
137618
139839
148826
149325
154666
156879
160777
162774
163835
164445
167044
167732
169411
171511
175722
176796
181363
183438
184915
186657
190254
191496
191866
192655
192991
194592
195231
196165
196186
196541
196991
198861
200277
205197
205982
207117
209518
210760
220398
222020
223845
224772
224782
225294
229908
231697
232953
233707
234272
242045
244303
245399
247051
247808
248591
250658
252132
253590
259401
264849
266671
267814
268357
270242
270792
271222
271703
273417
275059
276284
276498
278782
280149
280391
284734
286130
288415
288956
293921
295040
295709
301919
302999
303120
307411
307603
309122
309993
314256
316929
317789
319285
320641
321080
324808
327030
330487
332343
333690
334639
334662
334665
338416
339542
340015
340643
342299
343737
344011
345638
345936
348720
349869
357028
357788
358001
363757
364531
366833
367614
369794
369888
377851
382188
383971
384016
384268
385381
386449
387357
387973
390623
391182
392812
395834
397139
401293
407067
410243
410593
413368
419928
420519
420983
421634
422341
424418
425490
427924
430993
431714
432103
433605
435076
438293
442991
443272
451929
452531
452650
453731
456632
460705
462183
462227
462602
463420
465968
466590
467338
473414
473552
476765
476998
478141
480780
480906
482507
482564
483150
484188
490395
490760
494739
494744
495789
496935
498202
500184
501270
503118
508052
510550
511926
512555
513455
516922
518482
524606
528044
528725
529571
529600
530353
531448
533461
536152
536252
538079
540591
542414
542547
545162
546340
547026
547626
548284
549004
551003
556425
559291
560691
562360
563192
563941
564091
564252
564633
565824
567874
568358
570545
571327
575467
578179
581954
582641
586120
586164
588588
591633
593329
595288
597435
598242
598338
602328
602718
603704
604037
604590
605687
606570
607152
609820
611974
612379
614514
615077
617337
618777
620865
621768
623774
623805
624744
625815
631207
637118
638174
638734
639073
639651
641488
641841
642024
643159
643898
648709
649177
649187
650550
651048
654316
656335
659401
660023
660171
660586
661529
661955
665399
666568
667404
667754
668800
669811
671744
674479
675884
676551
677343
679746
680131
680354
681070
683368
685431
685672
689073
689136
689580
691160
692125
692477
695837
697652
698915
699523
701768
706293
707318
711435
713446
713493
715047
720438
721815
721921
722908
724148
725529
728310
730825
731161
731621
732468
736665
737735
741167
741531
744429
745703
746629
749747
750713
752832
756052
757456
761990
763839
764988
766099
766635
766781
767832
768545
772678
776752
777235
778306
778957
781520
786060
786214
786516
786830
787962
788036
789640
792144
792418
795532
795726
796245
797591
799844
800301
800678
800943
802398
802418
802656
805601
806649
808094
810559
810956
811180
813854
815362
816081
819401
821161
822735
824464
824723
828453
833207
834736
835021
839720
839747
840984
841378
842448
846075
846576
847429
848055
848700
850481
853342
855184
856591
857022
859015
860553
864626
865553
865739
867879
872884
873601
881027
883168
885784
886543
887553
889958
890856
891310
895906
896245
896351
897108
898710
899588
902094
904236
908103
921039
925935
926150
927293
927976
931726
936652
938379
939435
940031
940055
942643
942685
942904
943693
945506
947702
949499
951770
952707
958115
960942
963301
965104
965646
968215
968261
969655
970077
975396
975860
980402
982235
993126
996536
996892
998909
1002828
1003395
1005640
1005649
1007721
1008901
1009909
1010673
1012785
1014905
1015588
1018707
1018823
1021326
1024369
1031238
1031599
1031769
1034151
1039045
1040354
1040407
1041934
1043773
1048671
1049111
1050646
1052107
1056100
1057212
1057269
1057531
1059329
1061183
1073831
1074076
1075213
1077800
1085633
1088656
1091195
1091913
1092084
1092716
1094629
1094952
1096178
1103471
1105611
1108624
1109280
1110347
1114579
1115405
1117284
1118544
1122681
1122841
1123549
1125363
1134730
1134796
1136532
1136788
1137591
1138993
1140590
1141681
1144622
1147659
1148209
1150114
1150390
1151106
1151404
1152013
1157257
1157928
1159533
1164221
1170246
1171250
1172331
1172839
1172903
1173103
1175230
1175978
1176921
1177988
1179702
1180524
1180797
1182681
1183306
1186205
1186876
1187471
1190430
1192573
1194595
1195392
1196539
1197055
1197182
1203404
1208799
1211124
1211799
1211824
1212922
1213564
1213901
1214200
1216950
1219405
1222957
1226152
1227167
1227814
1229071
1229736
1230917
1234079
1236899
1241626
1242153
1242279
1245419
1247935
1248862
1249628
1250372
1254210
1254577
1255580
1256836
1257535
1258851
1261689
1268267
1268868
1269410
1272741
1274039
1276179
1276660
1278336
1278701
1279250
1284776
1285147
1285176
1292828
1295707
1299585
1299971
1300170
1303333
1305344
1307791
1308660
1310499
1312524
1317916
1318434
1320783
1321576
1321837
1322391
1327797
1328014
1329751
1332335
1333780
1339378
1344771
1347788
1350260
1351603
1353874
1354590
1355455
1361507
1361597
1363916
1372033
1375910
1379682
1379925
1381444
1383393
1383623
1385801
1388748
1391157
1391870
1393078
1397963
1398046
1398269
1398300
1398919
1399179
1405635
1410231
1411343
1412882
1415110
1416023
1417727
1419164
1419673
1420552
1422426
1422886
1427566
1428076
1432403
1433645
1434071
1434096
1440971
1442849
1443317
1448699
1450709
1451530
1452566
1452703
1454646
1455110
1460258
1461841
1463240
1463276
1465427
1468583
1472447
1473888
1473971
1475053
1476947
1479978
1483446
1485744
1489806
1490475
1491314
1496792
1499556
1499766
1501234
1503058
1503607
1505692
1507750
1510190
1513357
1513435
1514193
1516750
1517699
1519194
1521028
1521562
1522025
1526778
1532117
1532339
1533200
1533382
1535394
1535422
1544355
1544490
1547248
1548803
1548985
1549395
1550305
1551273
1554649
1557448
1559042
1559854
1560631
1562643
1563065
1564716
1565745
1566280
1567933
1568097
1569484
1573666
1575594
1577073
1577463
1577620
1578572
1580041
1581173
1582232
1586266
1587312
1590127
1592518
1593241
1593422
1594149
1594161
1599875
1602601
1603887
1607868
1615401
1616080
1618595
1619153
1619427
1622481
1626572
1629306
1630054
1630732
1631413
1632873
1633287
1633946
1634794
1635309
1636076
1638346
1638479
1638492
1638655
1640000
1643385
1644024
1644938
1646008
1650813
1654286
1656736
1660766
1666281
1666628
1668746
1670158
1672791
1674122
1676214
1677060
1677418
1677595
1680294
1682596
1684167
1684659
1684809
1685483
1689652
1690650
1697417
1697547
1699683
1701974
1709069
1709606
1709878
1715853
1717969
1718743
1718754
1721290
1722081
1722479
1722521
1725526
1726687
1729168
1729760
1732681
1732838
1740626
1741037
1744922
1745436
1746079
1746922
1748027
1751255
1752612
1754813
1758728
1761272
1762640
1762958
1764773
1765840
1768292
1768561
1769922
1773912
1776794
1777785
1779847
1781291
1783585
1784166
1786012
1786676
1787556
1788020
1791421
1793271
1794356
1799717
1802040
1805296
1806058
1807908
1808469
1812588
1813466
1814985
1815786
1816731
1817875
1822045
1824298
1824389
1824947
1825201
1825817
1825974
1829017
1831913
1832098
1832686
1835196
1837333
1839477
1840424
1845324
1845942
1846186
1851891
1853380
1853748
1856655
1857620
1859794
1861631
1864020
1866323
1866531
1869360
1870393
1870758
1871004
1874148
1874912
1877912
1882194
1885169
1886336
1890892
1893894
1893983
1894322
1894814
1895645
1898273
1898571
1898667
1903748
1906926
1907054
1909917
1911913
1912023
1913304
1915108
1915787
1920901
1921327
1922014
1923511
1928879
1931619
1931974
1933731
1937594
1937925
1938376
1943541
1944381
1945424
1946954
1950459
1951961
1953974
1955311
1956084
1956451
1960696
1961167
1961973
1963506
1964431
1969179
1972823
1974344
1976467
1980859
1988929
1993152
1994522
1994753
1995608
1996332
1996883
1997908
1997954
1999431
2000133
2004133
2004475
2008522
2009591
2012874
2015834
2016467
2016576
2021622
2022035
2022132
2023990
2025654
2026151
2026798
2029792
2030394
2031445
2031557
2031685
2032797
2033871
2036672
2037146
2037791
2038396
2040532
2041151
2045412
2049613
2052908
2057525
2065625
2070527
2072705
2074214
2075988
2076742
2076853
2077076
2080190
2080964
2083812
2085081
2085386
2086770
2087987
2092563
2097223
2099386
2107909
2110119
2114842
2118558
2118700
2118701
2119559
2119887
2120503
2121144
2123819
2125289
2128132
2128978
2129785
2131931
2132510
2138858
2141229
2147311
2147626
2147802
2148477
2149418
2149466
2150381
2150822
2152829
2155339
2156292
2156827
2158113
2158162
2159180
2162259
2164565
2166751
2169938
2171558
2174806
2179765
2190430
2192837
2193291
2193989
2195209
2196130
2198440
2203792
2203854
2204346
2205798
2206126
2211716
2212568
2213229
2216181
2216322
2216601
2219608
2219911
2222950
2225237
2232025
2234820
2235728
2236807
2238121
2240626
2241545
2242738
2245412
2246229
2255893
2257861
2262418
2263467
2263485
2265119
2267194
2267259
2267895
2270563
2272711
2273603
2274467
2275253
2279893
2280057
2280255
2286532
2287513
2287628
2288048
2288717
2289991
2296203
2300591
2304801
2305776
2305946
2308562
2312322
2316575
2317689
2319340
2322694
2331383
2331825
2332595
2333143
2335874
2336788
2337903
2339337
2341974
2342271
2343831
2349266
2349457
2350790
2355046
2360348
2360715
2361953
2363920
2364043
2364260
2366217
2366659
2370998
2372124
2372793
2373236
2375148
2379555
2383009
2384583
2385780
2386861
2387574
2389355
2389961
2393032
2396664
2397972
2401698
2403342
2407319
2408206
2408802
2408813
2409055
2409877
2410220
2410320
2411614
2415179
2416383
2416834
2417924
2419167
2419623
2420128
2422416
2428168
2429612
2429933
2430051
2431012
2431117
2431131
2435980
2437228
2443612
2445660
2445698
2448925
2449374
2452880
2453768
2456750
2456911
2457562
2461404
2461555
2461791
2463853
2465576
2466184
2466321
2466861
2468060
2468173
2469853
2470743
2476423
2477362
2477855
2477963
2478088
2478995
2479766
2481897
2482421
2482601
2486218
2486296
2487025
2489588
2490187
2490935
2493075
2493762
2494710
2494763
2496185
2496493
2497788
2501469
2512077
2514651
2514937
2517759
2521392
2524775
2525209
2531984
2532261
2532772
2532891
2533497
2536800
2539270
2540644
2541927
2542874
2543834
2544748
2547870
2548883
2550844
2551838
2559979
2567324
2571453
2571801
2578338
2578521
2584258
2587025
2587755
2588126
2588498
2590467
2595805
2596108
2596681
2603780
2606983
2607752
2610117
2611432
2612105
2613785
2618117
2620537
2622565
2622958
2627206
2629033
2633214
2639392
2639428
2639919
2642340
2643446
2644849
2644966
2645999
2646020
2647711
2649016
2649216
2649781
2652526
2652695
2653816
2660236
2660285
2660959
2661722
2663696
2664441
2668454
2668790
2669144
2669845
2669936
2671433
2673288
2673790
2674593
2676236
2685671
2686445
2688008
2689048
2693747
2697557
2698649
2698780
2699671
2700307
2702773
2703452
2704950
2705080
2705433
2706070
2709874
2709902
2712181
2713472
2714679
2719964
2720130
2724043
2726172
2726273
2727709
2729053
2729350
2743047
2744615
2747635
2748567
2753722
2755482
2756390
2758664
2759216
2759416
2759529
2762536
2764639
2766596
2767278
2768337
2768445
2769439
2769513
2770814
2771386
2777318
2778041
2782864
2782892
2783254
2785141
2787732
2788243
2789400
2796438
2799830
2800289
2800648
2803400
2805233
2805394
2806085
2807054
2809230
2811528
2811778
2812565
2812670
2813080
2813237
2814889
2815296
2817220
2821450
2822514
2824419
2829982
2832429
2833424
2834739
2836941
2839951
2842516
2847726
2848499
2850163
2850732
2852507
2859238
2859283
2860669
2865381
2865816
2866420
2867121
2869064
2880297
2880766
2882554
2885661
2887008
2889039
2889765
2892765
2894595
2895142
2895372
2897223
2903974
2905598
2906084
2911125
2911396
2921813
2924206
2924666
2932386
2935084
2936520
2938929
2939671
2940251
2944404
2945404
2947288
2947538
2948088
2951228
2953777
2954720
2955853
2957178
2958159
2960816
2961969
2962759
2963947
2965460
2969057
2969749
2969849
2971442
2974355
2974462
2975189
2976759
2977451
2978408
2978987
2982302
2982971
2986322
2989642
2989920
2990310
2992159
2993512
2993597
2994287
2995164
2996853
3003680
3003937
3005382
3006403
3007821
3012137
3012447
3012890
3013537
3017914
3018390
3024497
3024956
3026036
3026968
3030148
3030407
3033717
3042054
3042540
3042822
3045081
3045644
3045816
3048100
3048468
3049452
3049543
3050749
3050831
3050920
3053405
3053410
3061736
3064201
3066064
3066795
3067125
3069327
3072075
3072278
3075076
3075778
3076812
3083133
3083849
3088548
3089566
3092657
3094478
3095264
3097462
3098135
3099320
3100722
3101199
3103592
3105254
3105828
3106963
3107197
3108493
3110382
3111851
3114205
3116537
3116859
3118797
3123997
3126321
3128765
3129357
3131468
3135448
3139079
3140458
3140679
3141164
3141214
3141579
3147150
3147285
3148282
3150447
3150680
3151100
3152628
3153492
3154708
3156367
3157252
3164250
3168403
3170139
3170270
3175133
3176818
3177057
3179989
3180772
3181286
3182305
3182677
3182980
3184712
3187926
3191016
3192264
3193927
3194348
3197182
3197541
3198097
3202112
3204938
3205493
3213558
3214098
3214535
3219300
3220521
3221204
3222357
3222819
3223122
3223702
3225814
3234175
3234320
3235975
3236328
3237796
3240528
3240957
3241696
3242261
3244412
3245355
3248375
3248645
3248935
3249885
3250267
3251746
3253907
3254699
3258932
3259014
3259707
3260695
3262038
3263501
3266029
3266287
3267915
3268836
3270170
3271296
3274141
3274767
3274806
3276073
3276353
3280039
3280491
3281138
3281997
3285677
3287480
3288337
3290214
3290880
3290925
3291285
3294157
3295018
3295326
3297773
3299797
3300570
3300651
3302349
3303669
3305873
3306210
3306295
3306417
3307654
3311068
3311148
3315437
3315669
3316939
3322585
3327741
3329601
3333958
3337523
3340496
3344356
3348163
3348476
3350387
3355566
3357076
3357769
3358114
3359413
3360748
3360896
3360966
3361669
3362363
3363330
3363346
3363415
3364619
3367307
3368536
3371391
3372307
3373058
3377704
3378257
3379028
3380582
3391687
3392358
3392650
3393437
3393652
3400748
3402455
3409138
3409865
3416909
3418785
3422435
3424482
3425669
3426827
3428288
3430262
3434200
3435023
3436420
3436842
3437346
3439473
3440505
3446951
3448074
3450932
3451483
3451762
3452841
3453328
3456659
3457132
3457713
3459500
3460647
3461088
3461658
3462722
3467940
3468104
3469064
3472347
3473727
3475731
3476658
3482372
3483157
3483367
3483504
3485890
3486286
3487250
3487861
3489563
3493500
3494472
3498429
3498652
3500425
3500500
3501126
3501240
3504197
3511420
3513879
3514588
3515823
3518758
3518874
3519951
3522309
3522716
3526462
3526685
3528896
3531780
3534465
3534836
3537091
3542653
3544132
3544351
3548297
3548762
3549004
3549776
3552229
3554775
3559582
3560877
3560998
3564232
3564731
3567761
3574176
3577635
3579262
3580121
3581483
3583998
3584219
3584594
3586560
3591386
3591721
3592870
3597357
3598335
3600347
3601112
3601131
3605470
3607064
3609385
3610280
3611296
3612345
3612856
3616718
3616891
3617187
3619687
3619799
3620099
3621377
3622247
3624876
3626722
3631167
3631562
3636954
3641170
3643039
3643089
3643193
3644078
3645007
3645628
3646737
3648265
3650865
3651894
3653190
3654021
3654668
3656189
3658492
3660326
3661710
3665001
3666631
3666728
3669067
3669277
3670915
3678423
3679464
3682025
3683125
3684366
3686037
3690440
3693114
3694849
3698543
3698568
3699939
3701994
3702871
3703879
3705535
3705998
3710452
3711384
3712597
3713613
3713614
3715432
3718718
3719240
3720129
3720795
3723903
3724414
3725262
3726564
3729235
3730397
3730908
3730922
3733889
3736836
3741214
3748038
3748294
3749670
3751332
3751949
3752295
3753344
3753845
3756069
3756482
3757462
3757920
3758074
3758290
3758308
3766875
3769209
3769536
3775022
3775039
3775944
3782101
3782989
3788808
3789090
3789426
3790187
3790267
3793644
3796942
3797357
3797559
3797876
3798192
3799924
3800965
3805057
3805513
3808574
3808690
3810983
3811775
3812660
3819581
3819596
3820374
3822126
3824271
3824617
3830691
3836905
3837976
3840081
3843564
3844559
3845229
3845952
3848421
3853053
3854050
3855956
3856244
3857165
3860573
3861811
3866603
3869386
3871396
3877647
3878898
3878954
3880172
3882950
3887007
3887395
3887923
3891401
3892608
3894515
3896042
3897409
3899224
3901362
3902009
3907066
3913386
3913947
3914338
3914879
3915922
3920767
3923502
3923633
3929604
3932074
3935146
3937992
3942712
3943318
3944462
3946335
3946368
3946400
3946554
3947701
3947775
3947883
3950440
3951491
3953264
3954394
3960323
3963300
3964111
3965010
3966883
3967351
3968651
3970597
3972378
3973959
3976226
3976356
3977131
3977810
3978043
3979464
3981059
3983117
3985901
3987933
3989488
3991656
3992210
3992863
3993738
3998156
4000208
4002235
4004415
4006272
4007963
4008200
4010945
4012742
4012907
4018066
4019031
4021546
4027112
4027570
4030986
4034157
4034252
4037428
4038377
4040143
4040178
4044378
4046898
4050244
4051186
4058892
4060180
4060813
4062608
4066018
4066067
4067077
4068969
4074465
4075205
4076668
4077205
4077819
4078043
4079072
4080186
4081057
4081189
4081293
4081332
4084246
4084375
4084830
4086688
4089044
4089448
4090359
4092809
4093214
4095065
4097337
4098481
4105493
4109641
4110512
4112379
4112704
4113365
4117075
4117306
4117363
4119404
4120340
4122298
4122330
4123526
4123655
4124322
4126924
4127361
4131061
4133550
4135575
4137643
4139286
4139393
4143150
4143429
4143809
4144383
4150927
4154443
4157761
4162058
4162158
4162875
4164274
4164474
4168071
4170386
4180089
4181198
4183459
4183629
4185867
4186924
4186959
4187300
4194931
4197736
4199957
4202776
4203208
4203634
4205359
4206058
4208063
4210065
4211199
4212024
4212728
4217155
4219615
4220100
4222476
4222582
4224245
4224852
4227534
4227701
4229507
4230915
4231318
4232482
4233266
4236205
4239717
4240784
4245132
4245697
4247050
4247172
4252018
4252431
4258591
4259292
4259465
4260764
4262159
4268570
4270364
4273433
4275022
4275679
4275951
4276290
4277974
4279655
4285390
4289936
4291969
4292629
4293501
4301016
4303281
4305591
4306430
4307926
4309382
4312257
4312823
4313234
4313986
4316490
4318726
4323694
4324490
4327205
4329909
4331220
4331500
4332818
4335360
4336285
4336587
4337079
4338509
4339445
4339950
4343104
4343414
4343946
4344884
4345611
4347599
4347708
4351176
4352090
4352740
4354246
4355079
4357260
4358018
4358282
4363112
4364024
4364539
4368988
4369531
4369875
4371130
4372616
4373397
4375526
4376147
4378436
4380979
4383632
4386657
4392743
4393006
4393447
4395180
4399339
4401938
4402309
4403158
4404757
4409892
4410703
4411367
4412524
4413482
4417825
4418770
4420073
4420527
4423941
4427285
4427752
4427935
4429343
4429875
4430475
4431143
4436780
4437525
4443394
4446497
4448425
4449801
4451166
4454136
4455138
4456185
4456673
4457118
4460200
4462947
4464438
4465380
4469616
4472011
4474125
4476372
4476850
4477030
4479525
4480909
4484987
4489858
4490720
4492521
4497115
4497463
4499338
4501300
4501320
4504926
4508573
4511992
4512693
4512732
4513436
4513861
4517742
4517816
4517980
4518855
4520576
4521126
4521141
4521953
4525405
4528197
4528820
4529266
4533582
4537333
4537376
4543174
4544835
4552328
4552378
4554260
4554510
4557232
4562960
4563913
4563998
4565153
4566051
4567969
4569387
4570026
4570160
4572403
4572910
4573749
4574996
4577852
4578831
4579148
4579631
4580076
4583582
4584183
4585831
4586065
4587771
4590591
4591218
4594573
4596902
4597337
4598406
4600631
4600779
4601866
4602954
4606579
4611608
4615591
4618032
4619748
4622204
4622295
4626593
4629284
4629556
4629558
4630458
4630757
4632156
4632567
4634802
4635421
4637177
4638822
4641493
4642611
4655518
4657919
4665352
4668766
4669005
4670680
4671215
4671927
4677358
4677650
4681240
4681331
4686035
4688059
4696027
4699626
4704458
4706430
4707330
4708629
4709226
4709635
4710268
4720657
4721851
4722637
4724758
4735475
4737971
4738987
4739337
4741587
4743343
4743779
4744557
4747469
4750389
4751650
4755146
4757359
4760721
4763335
4764880
4766554
4766902
4768025
4768329
4771109
4771716
4772835
4775047
4775818
4778940
4784724
4785926
4787501
4796508
4799677
4803798
4806385
4806704
4809091
4809446
4810871
4812821
4814447
4818689
4819732
4825754
4826387
4826467
4826883
4830966
4831554
4832915
4835798
4836793
4839258
4841418
4846563
4846684
4849111
4850724
4852515
4853562
4853741
4853881
4856758
4857239
4857802
4858621
4858981
4862091
4862749
4863016
4863066
4868575
4869486
4874984
4877405
4877906
4884936
4884971
4885752
4887562
4887571
4888038
4888612
4889563
4890863
4890890
4891955
4892784
4893479
4894678
4895937
4898064
4898303
4899768
4899908
4901562
4902392
4902576
4903740
4910657
4910919
4913471
4915508
4918866
4919284
4920911
4923769
4924522
4925245
4925249
4925376
4926554
4929607
4930429
4930925
4931391
4932607
4933515
4935604
4936832
4937057
4938258
4938539
4939019
4939554
4940268
4943964
4950116
4955707
4956267
4957473
4959610
4959914
4960676
4961032
4962244
4963026
4964809
4967436
4969443
4969784
4969913
4970615
4971038
4975409
4977548
4978992
4979784
4980372
4980967
4983335
4983516
4984956
4986054
4987110
4987632
4989028
4989751
4990776
4991178
4991998
4993760
4994995
4995088
4997924
5003051
5003301
5005604
5006430
5009124
5010895
5011062
5011956
5012394
5016491
5017730
5018408
5020893
5022990
5023213
5025957
5029574
5030074
5030720
5033010
5036256
5036868
5037048
5038681
5042574
5050560
5053352
5053591
5059959
5067670
5067706
5067847
5069118
5071285
5073785
5075210
5076280
5076361
5076402
5076815
5080348
5080971
5081213
5081606
5081803
5081855
5082140
5086149
5087156
5088626
5090169
5090224
5090543
5091139
5093761
5098443
5098557
5099180
5099584
5100779
5102602
5104062
5104227
5107297
5108842
5109316
5111035
5113671
5117359
5118437
5119053
5119749
5122479
5130532
5132379
5134933
5135824
5137468
5138391
5141200
5142307
5143116
5143156
5143489
5149166
5153020
5156969
5160464
5163590
5165088
5166143
5167363
5167523
5169089
5174002
5179264
5179610
5194080
5199681
5200221
5200515
5201912
5213147
5216480
5220689
5226800
5226846
5227936
5229521
5230623
5232427
5234712
5234948
5235933
5236881
5237144
5238271
5239542
5239703
5244539
5245923
5250175
5251708
5254031
5255859
5256811
5256993
5260615
5266341
5266525
5267023
5267251
5268922
5271864
5272394
5277477
5283562
5285370
5286711
5290750
5296122
5298733
5299411
5300977
5301899
5303236
5306212
5306571
5309234
5309345
5312120
5314355
5315917
5318373
5319475
5319528
5319609
5321484
5324368
5325260
5327509
5331498
5332021
5332435
5332725
5333285
5335135
5335775
5337633
5338013
5340126
5340247
5340816
5341859
5341981
5347884
5350617
5353966
5357098
5360494
5361224
5362285
5371801
5373514
5373716
5373738
5374736
5377221
5378183
5378697
5380489
5387972
5391746
5394141
5395168
5395523
5400698
5405254
5410128
5410864
5413149
5413175
5415061
5415493
5416273
5416538
5420963
5421041
5428699
5432691
5433656
5435524
5437653
5437874
5437971
5438147
5439637
5441059
5443808
5443882
5451590
5454664
5456335
5457289
5457356
5457608
5458788
5459000
5459056
5461378
5463386
5469844
5470427
5470532
5472627
5473285
5474007
5474024
5476892
5479137
5481322
5484748
5488171
5490545
5491267
5500106
5500401
5504449
5508739
5508743
5508886
5509362
5511023
5512170
5513633
5515540
5515703
5521194
5521329
5524680
5524902
5527892
5530648
5531652
5532357
5535752
5536320
5537106
5538767
5544762
5545149
5549284
5555287
5557042
5559450
5559597
5559779
5563066
5570253
5573554
5574591
5574782
5583905
5586846
5593318
5594016
5598795
5598962
5600137
5604273
5607047
5609071
5609389
5613561
5616988
5619425
5619575
5621648
5623387
5624095
5625289
5629062
5629859
5629993
5631299
5635428
5637505
5641817
5644243
5644752
5645199
5647201
5649154
5653917
5655859
5657209
5663106
5667724
5667780
5667978
5669523
5673474
5674405
5674828
5676215
5677607
5678692
5680413
5681098
5682197
5682256
5683147
5683786
5687110
5687261
5687666
5690880
5693233
5695744
5697335
5699066
5700828
5701182
5706087
5707018
5707624
5708558
5709346
5711872
5713214
5713402
5715485
5715576
5716347
5717058
5717459
5718296
5723295
5724935
5725574
5728049
5728238
5731672
5733133
5733264
5737923
5738126
5742503
5743810
5744322
5745340
5747122
5750298
5751532
5752959
5753828
5756654
5757182
5757252
5757620
5758343
5759601
5760767
5764021
5765622
5765706
5765776
5767054
5768017
5768327
5770213
5770545
5773027
5774164
5774268
5777231
5778811
5779359
5779742
5780273
5781086
5782084
5782370
5782688
5785879
5788750
5788945
5796279
5796982
5799025
5800013
5801748
5802321
5804075
5806374
5806809
5808096
5816434
5817362
5817569
5818058
5818438
5818981
5819273
5823262
5823454
5823695
5828868
5829101
5830664
5833880
5834259
5835500
5836789
5840079
5840222
5841789
5841795
5845760
5846056
5847737
5850564
5850783
5854754
5855689
5857344
5859184
5861629
5862545
5863578
5865660
5867818
5869001
5869626
5869828
5870162
5872000
5873494
5875491
5877493
5881270
5885963
5886737
5889043
5890141
5894471
5894759
5894764
5894974
5896452
5896826
5902359
5904620
5907818
5908755
5910194
5910947
5911437
5911599
5911946
5912525
5915281
5917245
5917818
5920541
5922158
5922744
5924055
5925159
5926690
5928394
5930963
5933211
5941814
5942259
5943322
5943439
5944008
5946131
5947937
5948741
5950082
5951663
5953803
5954392
5957398
5958236
5958250
5961723
5962569
5967841
5968027
5972339
5973117
5974318
5981114
5983530
5986178
5988175
5997317
5999702
6000195
6003071
6005132
6008543
6011165
6011620
6012675
6012680
6015244
6017988
6019723
6020003
6020293
6025919
6026329
6026842
6028040
6029351
6035562
6036494
6036575
6036890
6037754
6038375
6039049
6041791
6044143
6046367
6046483
6053297
6054789
6059098
6059462
6060723
6061783
6061817
6063881
6071712
6071950
6072891
6076375
6077096
6077474
6082203
6086994
6087136
6088740
6090049
6090575
6091505
6092011
6092233
6096150
6097147
6097819
6100984
6103459
6107006
6109392
6110757
6113228
6113432
6115355
6117618
6120405
6122933
6127389
6130251
6130826
6132980
6133828
6134398
6137589
6144686
6145330
6154213
6154611
6155011
6159122
6173176
6174036
6180506
6185166
6187024
6189035
6193423
6193881
6194845
6196695
6197324
6201564
6202242
6205986
6214774
6215467
6216333
6217098
6217754
6218514
6220265
6221539
6221596
6223288
6232889
6233904
6234914
6239071
6240278
6244423
6244715
6253191
6253638
6256527
6257219
6258013
6262121
6263507
6265290
6265356
6266138
6267402
6268649
6269068
6270437
6271292
6271635
6272552
6274186
6275794
6281102
6281724
6282372
6284526
6284693
6285206
6285421
6287391
6287444
6287662
6290602
6291525
6301577
6302542
6303031
6303114
6306665
6308153
6314085
6315921
6317596
6317770
6317935
6321429
6321633
6323144
6327310
6327518
6331533
6334341
6334355
6336543
6338845
6338924
6340348
6341538
6342793
6347159
6349434
6349822
6351806
6352286
6353358
6355669
6356371
6357602
6359869
6360997
6361047
6366103
6366476
6367506
6369096
6370101
6371490
6371746
6373668
6373877
6374408
6374613
6376941
6377125
6377141
6377474
6379115
6379188
6380888
6383665
6384495
6384575
6384674
6384804
6389609
6389961
6391184
6391819
6394689
6395298
6395446
6398259
6398600
6400426
6403327
6403470
6406925
6410088
6410408
6413358
6416531
6417096
6417674
6424197
6431801
6441162
6447543
6450445
6450605
6450709
6453616
6455496
6456118
6463188
6463370
6466709
6467436
6469709
6470991
6473964
6474821
6477856
6478281
6480191
6481322
6481565
6485198
6487087
6489363
6490415
6495274
6495379
6498981
6500244
6501168
6502008
6503321
6509972
6513304
6515007
6519497
6524667
6528312
6529402
6531456
6535162
6538125
6538188
6538403
6538650
6539072
6544615
6544891
6550394
6551860
6555051
6555940
6558892
6561136
6567828
6568043
6568061
6569401
6569945
6573793
6576521
6577698
6578610
6579063
6579600
6581025
6582514
6583623
6583651
6587671
6588152
6594746
6595069
6595179
6598622
6599056
6600137
6600807
6602494
6602587
6603954
6604246
6606713
6607209
6607692
6608553
6609164
6610066
6610076
6611330
6616958
6618194
6618938
6619150
6620273
6621243
6624910
6626675
6631455
6634574
6634780
6635256
6635300
6636897
6640971
6646782
6650794
6650839
6651170
6652043
6652056
6654415
6655342
6657829
6662774
6665121
6665436
6668212
6668627
6669525
6669694
6670713
6673225
6674174
6676712
6676873
6678229
6679845
6680131
6680454
6684986
6689051
6690861
6691384
6693333
6694660
6696013
6696454
6699738
6704303
6704595
6706273
6706534
6706910
6707508
6708104
6709103
6709503
6712735
6713106
6717568
6719262
6721735
6729290
6730333
6731480
6736181
6737780
6739724
6741392
6741625
6742735
6742839
6744896
6746755
6754679
6755003
6758815
6760599
6763143
6764704
6764709
6765552
6767156
6767792
6770518
6770686
6772142
6772680
6775218
6776807
6777588
6778031
6778105
6778956
6782715
6783301
6783346
6783554
6783696
6783704
6783821
6787576
6788086
6791742
6792899
6794298
6795710
6799092
6800403
6802436
6802520
6802738
6803306
6803388
6803635
6805728
6807300
6809796
6814084
6817164
6820764
6822418
6822706
6823770
6824549
6825649
6827923
6830156
6830259
6832126
6832550
6832908
6834876
6838595
6840457
6842221
6844706
6852925
6856187
6857454
6858714
6859268
6859302
6859611
6860506
6860737
6861012
6861071
6861237
6862431
6863434
6863711
6865033
6866360
6867272
6868936
6869437
6873304
6876984
6877813
6878206
6879603
6879689
6880482
6883028
6884923
6884994
6888531
6889322
6890977
6894237
6897735
6898242
6900769
6901377
6902191
6902696
6903388
6903773
6904457
6905721
6905764
6905797
6906796
6908331
6910623
6910671
6911338
6913793
6914340
6917352
6918429
6919073
6926475
6926562
6926795
6927222
6928960
6931459
6932360
6943169
6947689
6948224
6948541
6948597
6951694
6955708
6956652
6957076
6957355
6958266
6958849
6958922
6959001
6959057
6959142
6959747
6962141
6967250
6968151
6971374
6974637
6975684
6976648
6976812
6978469
6980385
6981051
6982383
6983668
6988162
6989316
6991737
6991772
6993107
6994612
6994840
6997694
6997886
7000640
7001661
7003764
7005057
7005104
7008339
7009600
7010133
7011806
7013420
7016428
7016877
7017406
7020532
7022186
7026558
7027586
7027776
7029579
7030436
7030657
7034753
7035498
7039287
7043747
7044195
7044865
7046867
7047276
7047684
7047957
7049415
7051183
7051912
7055837
7057273
7060366
7063397
7065136
7065620
7067107
7068024
7073763
7078501
7079495
7082452
7083554
7085836
7086328
7093020
7095047
7096945
7099970
7102143
7105093
7108244
7108679
7109310
7112121
7112750
7115524
7115586
7118999
7120022
7120623
7130781
7132244
7135539
7135875
7136131
7138028
7139451
7144340
7145130
7145750
7146330
7148556
7149220
7149311
7150397
7151503
7153450
7154535
7156307
7158674
7161125
7162323
7162678
7168033
7174840
7174870
7174957
7175775
7176449
7176620
7182950
7183674
7184317
7184731
7188377
7192551
7194241
7194428
7195240
7196377
7198811
7200752
7210225
7210530
7212530
7213359
7216641
7217781
7218076
7218921
7221493
7223469
7223559
7223958
7225704
7225976
7227439
7229620
7229880
7230944
7232971
7233692
7234046
7234723
7235254
7237038
7237221
7241810
7242102
7242798
7243469
7248811
7251424
7254639
7256581
7256720
7259096
7262419
7263815
7267676
7268297
7268836
7269446
7269540
7270330
7270441
7271982
7277571
7277912
7277976
7278922
7279954
7282131
7282134
7283918
7287661
7292645
7293286
7293451
7296486
7299930
7301777
7304789
7306015
7307389
7308142
7309146
7313587
7314082
7315586
7316041
7316905
7319521
7320774
7321820
7323437
7323541
7324095
7329758
7332557
7332672
7333311
7336346
7340949
7343124
7344007
7352550
7357072
7361342
7361921
7362715
7366198
7366208
7366600
7367980
7374454
7374754
7376412
7379317
7381459
7382749
7384561
7386039
7390428
7390441
7390643
7391448
7394871
7395133
7396499
7397544
7398538
7401671
7402669
7403642
7410119
7411674
7423948
7424613
7429644
7432296
7434942
7439335
7440854
7441946
7442497
7444266
7444797
7445722
7449604
7449718
7449901
7451198
7452695
7455698
7458676
7463262
7465186
7465634
7472760
7472932
7475904
7475913
7477104
7478752
7481412
7481913
7482521
7485156
7486675
7490158
7491085
7492132
7493352
7494197
7497147
7497269
7498334
7499517
7499727
7499846
7502245
7503584
7506264
7509055
7509084
7511808
7514320
7514367
7514433
7514621
7516410
7517921
7519397
7521393
7521814
7525977
7531648
7532925
7536410
7539551
7540582
7543245
7544352
7544868
7545111
7545385
7545913
7547830
7550095
7552000
7554603
7556361
7558992
7559630
7559966
7562204
7565127
7567431
7570838
7572654
7573712
7574023
7574043
7574283
7579832
7580430
7581513
7582029
7585023
7585428
7588244
7589369
7589868
7591068
7591329
7591943
7595700
7597209
7599091
7600129
7600306
7601457
7603602
7606590
7607979
7611126
7611518
7611639
7614342
7614691
7615405
7616530
7619638
7623139
7626937
7627692
7631649
7635429
7639878
7647121
7649867
7651256
7651632
7652012
7653678
7653746
7657551
7658298
7658662
7659186
7661021
7662274
7667981
7669624
7676682
7677235
7679917
7680536
7682308
7683068
7690374
7690608
7693121
7694742
7696592
7697711
7698129
7701823
7705019
7706671
7707606
7708610
7711587
7711675
7717525
7725459
7727018
7729077
7729176
7729315
7732407
7736874
7736957
7739975
7740114
7740996
7742629
7742710
7743181
7747344
7747559
7749307
7749750
7750513
7758697
7759752
7760021
7760363
7761161
7763472
7764894
7766361
7766367
7767250
7767867
7769470
7771299
7772145
7780035
7781336
7785835
7785892
7790580
7791058
7791873
7791901
7791971
7794119
7795465
7795664
7796396
7798081
7803006
7804040
7804269
7804501
7805393
7808900
7809309
7810778
7812865
7815534
7817198
7819991
7820009
7821034
7822333
7825357
7826557
7836850
7837642
7838589
7839018
7839834
7840359
7843673
7843864
7844701
7853152
7855448
7858684
7859310
7860870
7862134
7863252
7863911
7871723
7874137
7876552
7877807
7879662
7882380
7883347
7885670
7886399
7888937
7890345
7892089
7895020
7896022
7896025
7898275
7901718
7902533
7902552
7902919
7903272
7907307
7907379
7909150
7912722
7915002
7918625
7920933
7921830
7921965
7922267
7925158
7925956
7926577
7928958
7929818
7935314
7935854
7944775
7948295
7951478
7952241
7953764
7955025
7958041
7960086
7963294
7964262
7966193
7968155
7969576
7970794
7971209
7972455
7974246
7974294
7975737
7975755
7977760
7980694
7982414
7982933
7985626
7986769
7987769
7988258
7988837
7990098
7990250
7990500
7991000
7991633
7996977
8000714
8001070
8002224
8002332
8003075
8006782
8010155
8010611
8012889
8018023
8019602
8020790
8021977
8024350
8028610
8030499
8033422
8034694
8035711
8036013
8037642
8041979
8043444
8044896
8046295
8051712
8053930
8055770
8056023
8056032
8056381
8060732
8062278
8062317
8063341
8064075
8069429
8071238
8073232
8074643
8076272
8077494
8080350
8082908
8083267
8084502
8084950
8087531
8088071
8091107
8094266
8094699
8096721
8097707
8098099
8100100
8103047
8104860
8106700
8107405
8107755
8108414
8108882
8110649
8113564
8115805
8116545
8121371
8122802
8122883
8127607
8127649
8129248
8129757
8132206
8135106
8137946
8138063
8140587
8142592
8144225
8147384
8149022
8149235
8149376
8149670
8151978
8152842
8153047
8156530
8156981
8157355
8157902
8159860
8160788
8163227
8164974
8167244
8167317
8167747
8169720
8170948
8170994
8173168
8174393
8177029
8177208
8178786
8179438
8180172
8180981
8185293
8188856
8190956
8192684
8196716
8196849
8199558
8200670
8202693
8203534
8206333
8209400
8211882
8212001
8215008
8216419
8218845
8218978
8219952
8220710
8220989
8222098
8222509
8224263
8225168
8232820
8237303
8238070
8238089
8238108
8238718
8239807
8240277
8240722
8241388
8241812
8245023
8246987
8248529
8249656
8250551
8250717
8251401
8252258
8254518
8256008
8257627
8259543
8260392
8264408
8265787
8267117
8267422
8267609
8269085
8270129
8270875
8271276
8272333
8274297
8274547
8276503
8276738
8288763
8288825
8290212
8290629
8293616
8296017
8303048
8303103
8303232
8305338
8308868
8313475
8313725
8313859
8319221
8320117
8320384
8323518
8326833
8330382
8330938
8333430
8333931
8335532
8335930
8339670
8339798
8339802
8340401
8342917
8343680
8344049
8347347
8348744
8351689
8353101
8353277
8356556
8358326
8359446
8361494
8362673
8364079
8366356
8366839
8369408
8369977
8370966
8371699
8372767
8374105
8378630
8380131
8380208
8381559
8387968
8387980
8388920
8389359
8391203
8392350
8393584
8393733
8399025
8399922
8401667
8401781
8403556
8406559
8409203
8417027
8417918
8418013
8420124
8420956
8422210
8425472
8425956
8427630
8438713
8438759
8439020
8440611
8443369
8444206
8445853
8448549
8449502
8449584
8453372
8455351
8456466
8459096
8462769
8462872
8463049
8463593
8465294
8467240
8468458
8471307
8471742
8474061
8476723
8478019
8479172
8486483
8489302
8490344
8490857
8495206
8495403
8496379
8497971
8498905
8499239
8500943
8501154
8502406
8508166
8510097
8512932
8513603
8514046
8514582
8515293
8515809
8516202
8516936
8518457
8518686
8519484
8520641
8522180
8522751
8523214
8527070
8527442
8528342
8528959
8531016
8531627
8533085
8534248
8534699
8538077
8538449
8538710
8541897
8542132
8545810
8547465
8548803
8554216
8555817
8555947
8556953
8558911
8563209
8563801
8565433
8565779
8567163
8567706
8579886
8579958
8580821
8581124
8582706
8584767
8585950
8588473
8594728
8596699
8597071
8599933
8604130
8604696
8605306
8606477
8609375
8612267
8614908
8616661
8616927
8623330
8624034
8624658
8628581
8628635
8636159
8637239
8638955
8642386
8642853
8643909
8644779
8646116
8646320
8647093
8650076
8650092
8652625
8655787
8659081
8659301
8659388
8661336
8663728
8665444
8666540
8668743
8673394
8677594
8682461
8686897
8687783
8689584
8690871
8691662
8693587
8693890
8695149
8695299
8695778
8696574
8700148
8702346
8704026
8713366
8714448
8717949
8719038
8723816
8727406
8730258
8731108
8732693
8736393
8737084
8737103
8737158
8737363
8741034
8744948
8746736
8749070
8750075
8750610
8751778
8751783
8755411
8757534
8757955
8759610
8760748
8761045
8764820
8765375
8766834
8767678
8767875
8768842
8775246
8776883
8778027
8781180
8785817
8786104
8786345
8788662
8789135
8792141
8793400
8793858
8796697
8799251
8801454
8802845
8806591
8809753
8811541
8812968
8814693
8817021
8818006
8818848
8819374
8820430
8823409
8827292
8833185
8834061
8834816
8835857
8836594
8838870
8839958
8839979
8840768
8840857
8841666
8846242
8846340
8849594
8850957
8851268
8854475
8857042
8858002
8859045
8859187
8859952
8860107
8862476
8862656
8863825
8864519
8867234
8869925
8874293
8874464
8877031
8877595
8878292
8885527
8885810
8890789
8891208
8891406
8895652
8896832
8898071
8901596
8902280
8903276
8903568
8906362
8907183
8911887
8911916
8912038
8913450
8913520
8916549
8916584
8916756
8916817
8918013
8918330
8919201
8919729
8920494
8920542
8921613
8923278
8923920
8926325
8928285
8928500
8928532
8930213
8931709
8932190
8934204
8937606
8937823
8939251
8941900
8942047
8942797
8942884
8944131
8945437
8946092
8946531
8946719
8947627
8948091
8951394
8952867
8952978
8956069
8958475
8959480
8960328
8961376
8965720
8968867
8970436
8975248
8978932
8980018
8982317
8983613
8986697
8987073
8987667
8989026
8991225
8992887
8993095
8997514
8997701
8998461
9002498
9003255
9008501
9010514
9014054
9014579
9015420
9016331
9016836
9017457
9018485
9018808
9020288
9021699
9023074
9023352
9024044
9028416
9029305
9029616
9033438
9036575
9040383
9040682
9042704
9044010
9051713
9055411
9055772
9057281
9058607
9059824
9060125
9061459
9061483
9062712
9073620
9081127
9083036
9083311
9083981
9084947
9088045
9088659
9089183
9091719
9092915
9097267
9105389
9108392
9110561
9111098
9112181
9114875
9115294
9116448
9118092
9118727
9118955
9122043
9125584
9126900
9129993
9132700
9134635
9136016
9139968
9140361
9145240
9145623
9146130
9147300
9147634
9148207
9149806
9153011
9154067
9154092
9154102
9159260
9160483
9162443
9164291
9165968
9166342
9170599
9172208
9174485
9175282
9175347
9175658
9177752
9177824
9180035
9180936
9181047
9183566
9188573
9189024
9189927
9193198
9195362
9203496
9205458
9205959
9206369
9210424
9213234
9214452
9214506
9214599
9215774
9216711
9217360
9217842
9218556
9219281
9221754
9222034
9222940
9223007
9224592
9224628
9226015
9226935
9230103
9237411
9244479
9244729
9245545
9246480
9250297
9251193
9251512
9254936
9257072
9257427
9260090
9262574
9262744
9266337
9268602
9269640
9273573
9275175
9275234
9277833
9278636
9282659
9283021
9283522
9285574
9286333
9286477
9286779
9289567
9291452
9292490
9292889
9296684
9298645
9302466
9303602
9303635
9304009
9304553
9307366
9310147
9310724
9310905
9311384
9313854
9315897
9318252
9319690
9321306
9326982
9327857
9330397
9332382
9332678
9333496
9333988
9334106
9335191
9336800
9338203
9339278
9340355
9345532
9345980
9351723
9354504
9359159
9359216
9360559
9367161
9368074
9369826
9372947
9375862
9379105
9382762
9383583
9385104
9389563
9389686
9391625
9393430
9393615
9399903
9399904
9400569
9403230
9404289
9404747
9405663
9407055
9409649
9411988
9413360
9413761
9416913
9418362
9422558
9422715
9422991
9424928
9425543
9428047
9428689
9430003
9432386
9432622
9437284
9439880
9443345
9449408
9450560
9451106
9455772
9455883
9459853
9460696
9461260
9463227
9464571
9466751
9470557
9471104
9472506
9472572
9472573
9473419
9473628
9475994
9477552
9481086
9486987
9487491
9490264
9492327
9493377
9494648
9494732
9494884
9495471
9495763
9496093
9497386
9502830
9505566
9505940
9506250
9507434
9508103
9508827
9509155
9512650
9514732
9515354
9516186
9517579
9519544
9521181
9522331
9522588
9525062
9525123
9526472
9536854
9538018
9538627
9540509
9545839
9547100
9550234
9552461
9556450
9557107
9558626
9558843
9560300
9560617
9561049
9561489
9569401
9569935
9572484
9572885
9573210
9576170
9577049
9579396
9581300
9582218
9582281
9583822
9585129
9587806
9587859
9589018
9592837
9594074
9594622
9599988
9604115
9606874
9608144
9610916
9611981
9613130
9615296
9615690
9616924
9617112
9628533
9630384
9632620
9634580
9634790
9635386
9637690
9642042
9644075
9644912
9646103
9647810
9647981
9653893
9655660
9657301
9659393
9661469
9662353
9665288
9666935
9669852
9670084
9671811
9673402
9673507
9674704
9675675
9677043
9677419
9680761
9685965
9689643
9691012
9691415
9692661
9698228
9699055
9701958
9704222
9704811
9706310
9714755
9717202
9718386
9723020
9724437
9725014
9727079
9728869
9729298
9732960
9736804
9739352
9741852
9743663
9745907
9747210
9753316
9753900
9755471
9760039
9761887
9762377
9762652
9764941
9767012
9767554
9769031
9771538
9774103
9774165
9777926
9779590
9779653
9779916
9781135
9781262
9781694
9788376
9788425
9788475
9789186
9790866
9793325
9793445
9800454
9808350
9808540
9809523
9810468
9810801
9811684
9813781
9813782
9814996
9815601
9816049
9816154
9818835
9818880
9820344
9822491
9823358
9825811
9827840
9828279
9828858
9834273
9837512
9838271
9844182
9848181
9856071
9856603
9856801
9856830
9858304
9859363
9860520
9862914
9863581
9869469
9874917
9875655
9878568
9882195
9882830
9883787
9884812
9885340
9886484
9886702
9888568
9889833
9891408
9891884
9892168
9895738
9896240
9896558
9896778
9897250
9897356
9898653
9899738
9901650
9902303
9905678
9906204
9907562
9909316
9919044
9921422
9921638
9921778
9921783
9922611
9928011
9930281
9930488
9930900
9941943
9943994
9950689
9951304
9951568
9952370
9952593
9954236
9956675
9957995
9958492
9958923
9960089
9960243
9963076
9963266
9967401
9973186
9976871
9978595
9978787
9981441
9982619
9983393
9984178
9986448
9986625
9988662
9993787
9995061
9996686
10001109
10001590
10004704
10004961
10007760
10007787
10009094
10009098
10011474
10012327
10015958
10018910
10019118
10024028
10024344
10028209
10029072
10032316
10035463
10036748
10041829
10042191
10043089
10044778
10045986
10046062
10046137
10046670
10046708
10047722
10052923
10053827
10054097
10056370
10058160
10059605
10061237
10063295
10065099
10066075
10066167
10068665
10069977
10071320
10071866
10072510
10080172
10081020
10082676
10086856
10094379
10095783
10099454
10101536
10103315
10105159
10105222
10105595
10106645
10106925
10107809
10108905
10109294
10109660
10114062
10114477
10117207
10117572
10119875
10120746
10121229
10121292
10123069
10124429
10124857
10127869
10128830
10129019
10129074
10132537
10134998
10137572
10138308
10138330
10138937
10139090
10142760
10143245
10146486
10148560
10151250
10151538
10153951
10154515
10155796
10156779
10157692
10159262
10165172
10169077
10171658
10171777
10175218
10175231
10176107
10178205
10179829
10184191
10184840
10185512
10188314
10191599
10197227
10197437
10197486
10199760
10201088
10203239
10203524
10204881
10205726
10207158
10207406
10209730
10212160
10213792
10213967
10214607
10215486
10216807
10217466
10220438
10222452
10224805
10227293
10227377
10229678
10230738
10232272
10232314
10232608
10235951
10236254
10236979
10238181
10238665
10241530
10243626
10245795
10246911
10252715
10255497
10257362
10262332
10266348
10272486
10274999
10278404
10279599
10282844
10285956
10287233
10287751
10288231
10296961
10297738
10298996
10302472
10303946
10304969
10309350
10310043
10314150
10314399
10314815
10317158
10317955
10318239
10320852
10323654
10324847
10329851
10330808
10331014
10332473
10335556
10336028
10336419
10338777
10344112
10345154
10346809
10347004
10348177
10349497
10354751
10357515
10357851
10358492
10360368
10361817
10364817
10373794
10378591
10380625
10381720
10387094
10388122
10389241
10390521
10396633
10398046
10399260
10404047
10407710
10412780
10413196
10414938
10420872
10423696
10425913
10426874
10428260
10435926
10436261
10438411
10439413
10442899
10443028
10445033
10445129
10445904
10446863
10447107
10448502
10450102
10457939
10459108
10459223
10459587
10462516
10464422
10464611
10465198
10466978
10468416
10468563
10468659
10469460
10471653
10472012
10473661
10473698
10475410
10475939
10476010
10478606
10478824
10485908
10487582
10490431
10495495
10498022
10501502
10503634
10504697
10505094
10505440
10507184
10511187
10511931
10512747
10513697
10513875
10518061
10518520
10518749
10522863
10526673
10528245
10528725
10532016
10537563
10541234
10542239
10542330
10544014
10544800
10545721
10546196
10552137
10554336
10560902
10563416
10563499
10566803
10567859
10573030
10574955
10576416
10576973
10577123
10579537
10580843
10581397
10586500
10587737
10588833
10588911
10591139
10591598
10591987
10594276
10595174
10595241
10599195
10600287
10600492
10601776
10602888
10604891
10605361
10607493
10608881
10612262
10612948
10616847
10618955
10620170
10624205
10625123
10627255
10627455
10628116
10631420
10632728
10637410
10638096
10643389
10645633
10649004
10649358
10650406
10653164
10654060
10655195
10657983
10658498
10660432
10665720
10666336
10666369
10666393
10667224
10670879
10671241
10674489
10675426
10675877
10677630
10678324
10678498
10678993
10679457
10685257
10686195
10687142
10688799
10689665
10691289
10691440
10691445
10691749
10704097
10705441
10710092
10711509
10714139
10717820
10724124
10727749
10727932
10728314
10728550
10730282
10730317
10730385
10731861
10733848
10734204
10735713
10737248
10738366
10740184
10740546
10741252
10741701
10743321
10743339
10747620
10748359
10751689
10753168
10754149
10754985
10756571
10761042
10763736
10766324
10768942
10769907
10770138
10770334
10771085
10772624
10774303
10776352
10777910
10779687
10779987
10784073
10789055
10795039
10795695
10797696
10798225
10799049
10799056
10799072
10799975
10800244
10801731
10802372
10805891
10807518
10812759
10815929
10816085
10816849
10817397
10817774
10820966
10830333
10835063
10836550
10845888
10846696
10846894
10849008
10858021
10859932
10860386
10864785
10866649
10868211
10870500
10870566
10873116
10873665
10876783
10877179
10883347
10884396
10886595
10886891
10888085
10889559
10892349
10894108
10895759
10898203
10898250
10898573
10898625
10899195
10899391
10900030
10904000
10906592
10910484
10910761
10913036
10913253
10914401
10916672
10917575
10918433
10919654
10925106
10925256
10929099
10930374
10930631
10931067
10931390
10935979
10936644
10947247
10947713
10949397
10952163
10954342
10954679
10955503
10956634
10957119
10958300
10959429
10962480
10965595
10967839
10968498
10970467
10971713
10972019
10972486
10975489
10975733
10977101
10977507
10980489
10981579
10983111
10983438
10984928
10986694
10988855
10989643
10990321
11002671
11003927
11004039
11004480
11005694
11006766
11011996
11012287
11016471
11016964
11018658
11018758
11019950
11021491
11021553
11022633
11022863
11025479
11026712
11027491
11029023
11032592
11032770
11034423
11039967
11042951
11045279
11046919
11048904
11049084
11050286
11050416
11054362
11054411
11056320
11057109
11058161
11062322
11064074
11068654
11070188
11070730
11070839
11073145
11074752
11075493
11077625
11083319
11083416
11085758
11086909
11087534
11088986
11089578
11091296
11091717
11092345
11092401
11094520
11099580
11100358
11106935
11108275
11110181
11111227
11111855
11115647
11116974
11120281
11121303
11121765
11123086
11123301
11123851
11125303
11128814
11129658
11129883
11132093
11132918
11132945
11133661
11133974
11134233
11136902
11139744
11142329
11147272
11147891
11149187
11154187
11154828
11155565
11162213
11164465
11167337
11167877
11170408
11170726
11173675
11174561
11175864
11178094
11178127
11184757
11186980
11188677
11189597
11191204
11191914
11194846
11199445
11202245
11203711
11205133
11205737
11206627
11209602
11212377
11212853
11213415
11213691
11214967
11215598
11216942
11218282
11218456
11222420
11222590
11223000
11223526
11225538
11226390
11226722
11231097
11232962
11233455
11234375
11236487
11236762
11245580
11246115
11247839
11249062
11253251
11253623
11254456
11256517
11263462
11266441
11269677
11269908
11270495
11272838
11275067
11278944
11279723
11280902
11281926
11282370
11284361
11285273
11285747
11288652
11292642
11293859
11297054
11297204
11298899
11299231
11300440
11303566
11305311
11306169
11306846
11307838
11308802
11309629
11309741
11309984
11311876
11312132
11312456
11318220
11318759
11319574
11321361
11324580
11325949
11328881
11332541
11333035
11333202
11334321
11334608
11337300
11339337
11340203
11340415
11347862
11348113
11350346
11353013
11357392
11358060
11361170
11362004
11366470
11368070
11373634
11375330
11378283
11378665
11379494
11382218
11382716
11385773
11387353
11387490
11387509
11390534
11391308
11392482
11394277
11398477
11401896
11405259
11405904
11407203
11409081
11409291
11409968
11410798
11412622
11416609
11417099
11417538
11418370
11419160
11422655
11423161
11423579
11424720
11426086
11426494
11426736
11432739
11433173
11441250
11441834
11442587
11444269
11446359
11447037
11452139
11454274
11454781
11456195
11456291
11459740
11460043
11460569
11462321
11466907
11466930
11471890
11474232
11479337
11480753
11482144
11483925
11486450
11486686
11486901
11488587
11489196
11490271
11491932
11493168
11493225
11493790
11494591
11495923
11499318
11500657
11501539
11502088
11508534
11509649
11510732
11510736
11510812
11511118
11515949
11516051
11521547
11521651
11522430
11527138
11528098
11528226
11530607
11531111
11531930
11532077
11532506
11535574
11535715
11536551
11537077
11537408
11540805
11542715
11544092
11544536
11545528
11545702
11545834
11550353
11553485
11556756
11558330
11560800
11561619
11562935
11564582
11565017
11565618
11567285
11567471
11569455
11570868
11571397
11579420
11581007
11582098
11584452
11584839
11584953
11589524
11590658
11591049
11591972
11592743
11592788
11593615
11597600
11599335
11601547
11602177
11606157
11606609
11606860
11607444
11613371
11614180
11618719
11619388
11620987
11621625
11621632
11621876
11622024
11622726
11623565
11627152
11629152
11630467
11632493
11637106
11638535
11639275
11644730
11645234
11646609
11647175
11648395
11649956
11653940
11658587
11659300
11661273
11661691
11662106
11662567
11664228
11666229
11666558
11667817
11668767
11669484
11670561
11671769
11673067
11678816
11680533
11684971
11696098
11697471
11699786
11701048
11703389
11711787
11712742
11713896
11714222
11714722
11715070
11716604
11724377
11724419
11726549
11727613
11728788
11728792
11731881
11732278
11735166
11735763
11739731
11740981
11742103
11745563
11745564
11745626
11747321
11748064
11748134
11748833
11750486
11750551
11752852
11754205
11757498
11758278
11762741
11762743
11764401
11770392
11772098
11774550
11775387
11775801
11776193
11777921
11778324
11779926
11782322
11782956
11782995
11783037
11784082
11784511
11788628
11788841
11790888
11792238
11792294
11792517
11797527
11802456
11808031
11811420
11816700
11821660
11821972
11825653
11826082
11832054
11832844
11835649
11838161
11839155
11840263
11843832
11844550
11846417
11850921
11851759
11853443
11854880
11858146
11859620
11862807
11869553
11870076
11879526
11882674
11883493
11884053
11884280
11884887
11887818
11888762
11889296
11889943
11891278
11892530
11892532
11901374
11902665
11903743
11906575
11907734
11908574
11908890
11908919
11910478
11910787
11912603
11914431
11915917
11920264
11920421
11924951
11929035
11929458
11930503
11933235
11933639
11934954
11935930
11941910
11941984
11944168
11944572
11946452
11946587
11947959
11949211
11956643
11956857
11963490
11963662
11965336
11966581
11966853
11968014
11979198
11983002
11983569
11984237
11984375
11985638
11986179
11988335
11988748
11989811
11991974
11993366
11995039
11995589
11996238
11996848
12001605
12001901
12003468
12005274
12006287
12007030
12007465
12007651
12009327
12011527
12012554
12012896
12013674
12014545
12015500
12018548
12022545
12023334
12023417
12023969
12028026
12028777
12029089
12029192
12030769
12031995
12039156
12039595
12040009
12040123
12040421
12040631
12042488
12042709
12044421
12044502
12044544
12045248
12049682
12054593
12058669
12060032
12060420
12061419
12061669
12062522
12063462
12063647
12065419
12065770
12067558
12072256
12074538
12074698
12079292
12083826
12086249
12087791
12088822
12089837
12090450
12091939
12092401
12092742
12093519
12097874
12099211
12101112
12101905
12110511
12110595
12115197
12117433
12119877
12124225
12126520
12128269
12128507
12129139
12132887
12136054
12137601
12138946
12143870
12146106
12147078
12150966
12153069
12155385
12158984
12159920
12161749
12162220
12163209
12166518
12169855
12169983
12171681
12172383
12173853
12173960
12174571
12175536
12175892
12178270
12178621
12184639
12184727
12187904
12190637
12191665
12197008
12201654
12203050
12204594
12207111
12216448
12221612
12222466
12224496
12224654
12225305
12225370
12226150
12227916
12227967
12228921
12231101
12231469
12232603
12235946
12236084
12239263
12240018
12241323
12242042
12243046
12243747
12246456
12247631
12247935
12248934
12255546
12256583
12257998
12264998
12266905
12272038
12272328
12272442
12274397
12279149
12279680
12286590
12290317
12291090
12294075
12296531
12302830
12304234
12305272
12306969
12308903
12310790
12312040
12313947
12314844
12315413
12321036
12321742
12323531
12323702
12323843
12324327
12324538
12324601
12325288
12326301
12326565
12327337
12330401
12331770
12331885
12331890
12333697
12334089
12334154
12334803
12335726
12336956
12338086
12340371
12345266
12345273
12347883
12350326
12351948
12358702
12361937
12363090
12365800
12366591
12367477
12369665
12371820
12372425
12373395
12374611
12375303
12377348
12379789
12380220
12380530
12381830
12381885
12382390
12386128
12386791
12389186
12389987
12391009
12393559
12395996
12397614
12401453
12402237
12404066
12415187
12420111
12420554
12421354
12423179
12427243
12427879
12430162
12431223
12435215
12436242
12437032
12438667
12438929
12442553
12443325
12443593
12445678
12453176
12453357
12457056
12458067
12458610
12461207
12462340
12464421
12465247
12465464
12470561
12470565
12472125
12475957
12479208
12479255
12482292
12482436
12486372
12492774
12492963
12495504
12499859
12501309
12502641
12503966
12504570
12505880
12508468
12508737
12511978
12512118
12512265
12513746
12516412
12517355
12517906
12518442
12522822
12522906
12524167
12524493
12524726
12525348
12529864
12530823
12534198
12535158
12539007
12539982
12543806
12548396
12548716
12549084
12550948
12551061
12552681
12565904
12565935
12567042
12577689
12582646
12585700
12590918
12591538
12592905
12596201
12597549
12601034
12608810
12609853
12610455
12611175
12616348
12617808
12619571
12626570
12628565
12628983
12629370
12631612
12637669
12639206
12639711
12639836
12642242
12642927
12649047
12649220
12649615
12649874
12654279
12655066
12656037
12657722
12658271
12660113
12661333
12661392
12661822
12667166
12667993
12675458
12676978
12677358
12677947
12687312
12687646
12689083
12692465
12693397
12696303
12700165
12702397
12707773
12710443
12711388
12712284
12712968
12715722
12716056
12716262
12716889
12719424
12719616
12720764
12721259
12724541
12724912
12725745
12727676
12729546
12735055
12735066
12735881
12736509
12736938
12740648
12741454
12742851
12744298
12745892
12747397
12753205
12753496
12755899
12755990
12756466
12763623
12764507
12764642
12765511
12769680
12772216
12773720
12774939
12776385
12780782
12780963
12781120
12782084
12782161
12782368
12783124
12783292
12784059
12784772
12785161
12785661
12786120
12787362
12789546
12792039
12793341
12796402
12798229
12799361
12802289
12802683
12802695
12803614
12810969
12811035
12811276
12813005
12814768
12816732
12817612
12817753
12820306
12820574
12823303
12829617
12829719
12829811
12832016
12832145
12834529
12834890
12841376
12841409
12841692
12849916
12850402
12854694
12855416
12856787
12857374
12857477
12859573
12859807
12859812
12868020
12869954
12872045
12874128
12876489
12880772
12881058
12881910
12884956
12885367
12887282
12888071
12888532
12890488
12891201
12891344
12892582
12893031
12894039
12894210
12896459
12902545
12905353
12905379
12907195
12907923
12909441
12912086
12917026
12917576
12919536
12921931
12922608
12924060
12925178
12926140
12928593
12929731
12931438
12931914
12933109
12933832
12936515
12939071
12939152
12941203
12941503
12942391
12945102
12951164
12957722
12960176
12960920
12963068
12964124
12965665
12965955
12967295
12969958
12972128
12972303
12974385
12974650
12978282
12978366
12980862
12982967
12985932
12986553
12990228
12990469
12991429
12994531
12996432
12997061
12999477
13005386
13005838
13008792
13012020
13016149
13016677
13017930
13019108
13020178
13022810
13023083
13023138
13030416
13033662
13036146
13036746
13038424
13038809
13039018
13040185
13046872
13048557
13049018
13053405
13055655
13057025
13064187
13064785
13068639
13071402
13075844
13075972
13076478
13076745
13077035
13078937
13079689
13085619
13086500
13088200
13088581
13089912
13090776
13091497
13093698
13096156
13097331
13099369
13099415
13099516
13100336
13102158
13109426
13112460
13115146
13117799
13118404
13119287
13119327
13120484
13122240
13125215
13126585
13127825
13128806
13131442
13132949
13135922
13136301
13136795
13137390
13138309
13141114
13141669
13142651
13144739
13145186
13145930
13151773
13154325
13156087
13160026
13160985
13163421
13163621
13169139
13172838
13173899
13174880
13175395
13175919
13177446
13180795
13184764
13184833
13185389
13189775
13197299
13197793
13197965
13198973
13199989
13202203
13203848
13205963
13206934
13211040
13213444
13218372
13218647
13219263
13220437
13221487
13221703
13223504
13224723
13227801
13228565
13228933
13230900
13232274
13232399
13235373
13235398
13235736
13237415
13237699
13239440
13240176
13241804
13244028
13245287
13246489
13247035
13247751
13248892
13250527
13250610
13251346
13251828
13254590
13255062
13256700
13257008
13259447
13259708
13262875
13264629
13267585
13268286
13269490
13270808
13272049
13274777
13280236
13287332
13288495
13290303
13290348
13291185
13291598
13292604
13294475
13296333
13299810
13301702
13306153
13308327
13308744
13308934
13309523
13313146
13313789
13315920
13319732
13321054
13321804
13322762
13324178
13324807
13325454
13330236
13330269
13330275
13333223
13341765
13341937
13342652
13343338
13343697
13344551
13345313
13347262
13347269
13350936
13352656
13353582
13354127
13354256
13354583
13356913
13356927
13360031
13361277
13362282
13363336
13363543
13365526
13367671
13367837
13370671
13372270
13372691
13373519
13374470
13375458
13379415
13383242
13385019
13388597
13391713
13391741
13392069
13397043
13397375
13399926
13401084
13401422
13401726
13402695
13403513
13405699
13406423
13407554
13408958
13410830
13411053
13411191
13412002
13412525
13415509
13416433
13416901
13418507
13422667
13424808
13425163
13427802
13428502
13431103
13431631
13437933
13440897
13441566
13444330
13448630
13449634
13449722
13450352
13451248
13451627
13452175
13452419
13453083
13456862
13457508
13460460
13466430
13468888
13468933
13471086
13471689
13476222
13477201
13477377
13479249
13479382
13480347
13486091
13487887
13488778
13490542
13492985
13498344
13498497
13498564
13499199
13500598
13501663
13501996
13502629
13502855
13503089
13503529
13504224
13504470
13506193
13506474
13506677
13509362
13511492
13512056
13517759
13519083
13523507
13523677
13526023
13527466
13533683
13534045
13535939
13536312
13538243
13539269
13541515
13544114
13548357
13548631
13549924
13552021
13552712
13554021
13554058
13554832
13555534
13556500
13558319
13559066
13562491
13563251
13564189
13566432
13567035
13568013
13570549
13573155
13574852
13575524
13576815
13583371
13583615
13585708
13586102
13587504
13592707
13593250
13596783
13598547
13600038
13605520
13605976
13606753
13608940
13610805
13618144
13621242
13623072
13625665
13625988
13627391
13627853
13628345
13633853
13635113
13636876
13644774
13645105
13646437
13650551
13653261
13654361
13656275
13660224
13664412
13666013
13666203
13667060
13667490
13670263
13671555
13676698
13676941
13680010
13686552
13687584
13692501
13694721
13696176
13696764
13699398
13699710
13700045
13702544
13703442
13706397
13708234
13710717
13712145
13714171
13714996
13716439
13720072
13720367
13723514
13724775
13727399
13727690
13728886
13729288
13730350
13731013
13731358
13736496
13737412
13741469
13741519
13743711
13744458
13746910
13747584
13748130
13751428
13752799
13753841
13754859
13755020
13757582
13768064
13769182
13770577
13775409
13776982
13781007
13782165
13783788
13785650
13785801
13786337
13787313
13788275
13788529
13789027
13789402
13792719
13793500
13798068
13798553
13799278
13800671
13809051
13811342
13811888
13816235
13818282
13819070
13820348
13821034
13822618
13823547
13823880
13826026
13828102
13830238
13831512
13832052
13835306
13835846
13836160
13838280
13838284
13838342
13840413
13843441
13843911
13849180
13849424
13849777
13849952
13850768
13853156
13853331
13861447
13862215
13864279
13864810
13866171
13868257
13868939
13869450
13875723
13876642
13876767
13877406
13877629
13881161
13882992
13883207
13887516
13888887
13891138
13893315
13893772
13898322
13898679
13906500
13908796
13908798
13913439
13913512
13916274
13916798
13919213
13920563
13920661
13921519
13928195
13929971
13931441
13932367
13933909
13936849
13938410
13938428
13940154
13950554
13953693
13953704
13955121
13956031
13960329
13964350
13966258
13967863
13968067
13970455
13971326
13973294
13975068
13977863
13981577
13981761
13984068
13986474
13987984
13990710
13991275
13992317
13993174
13993445
13995064
13995238
13995755
13995960
13998463
14001937
14003815
14005761
14008130
14008479
14008971
14010742
14013270
14022558
14025146
14029254
14029287
14030273
14030742
14030947
14033035
14035018
14041482
14042497
14042732
14044333
14045162
14046219
14046388
14048425
14049470
14051725
14056417
14063642
14065185
14067424
14068065
14068136
14071272
14073239
14075899
14079117
14079713
14079743
14081401
14081635
14082856
14083599
14085695
14091661
14096646
14097071
14097652
14098488
14100405
14100449
14100886
14101243
14107158
14108127
14109668
14114406
14114701
14115560
14116911
14118085
14119475
14123168
14123227
14127246
14128295
14135406
14135534
14137456
14139105
14142213
14142844
14145784
14148927
14150638
14158542
14159037
14159188
14160635
14164396
14166580
14167087
14172058
14172338
14172387
14172629
14174903
14176945
14178361
14180435
14180468
14182277
14182300
14185095
14185156
14185345
14193049
14194123
14198335
14199612
14199956
14201911
14202349
14207485
14207808
14212496
14212780
14216642
14217198
14218802
14219542
14221407
14224229
14225130
14227527
14232663
14234264
14239258
14240717
14244386
14246588
14250799
14252894
14253835
14254346
14256930
14258096
14260123
14262901
14264059
14264285
14264602
14267699
14268387
14268519
14270019
14271935
14273762
14275264
14275580
14277440
14279336
14281778
14284529
14287118
14287607
14289398
14289406
14290736
14291347
14293216
14294354
14298236
14300082
14301036
14302287
14302331
14302370
14303906
14304704
14307304
14307425
14309225
14310160
14311895
14312579
14317083
14321716
14322224
14323617
14326281
14329158
14331859
14333484
14334303
14335224
14335555
14336169
14339219
14339275
14340324
14342223
14343520
14343935
14345881
14350256
14351061
14353603
14353780
14353782
14355228
14356858
14358393
14359812
14360657
14360880
14362805
14363492
14367872
14370146
14372312
14375662
14379119
14379384
14379707
14380024
14381389
14383375
14387196
14389975
14394269
14394362
14396131
14396805
14403078
14403085
14407879
14413817
14421210
14423101
14430221
14432914
14433676
14436815
14437513
14438120
14438690
14439714
14440668
14442137
14444333
14444497
14447980
14452967
14454079
14454586
14456918
14456950
14458096
14460196
14461683
14461803
14464600
14469219
14470443
14470726
14473126
14473384
14474663
14477279
14478230
14480972
14482135
14482705
14485955
14486120
14486296
14493640
14496098
14497659
14498505
14498769
14500165
14501357
14502275
14504481
14514073
14514268
14514995
14515458
14515676
14518354
14523360
14524144
14526633
14526972
14528447
14529661
14530145
14530740
14536207
14536668
14536748
14538186
14539468
14544976
14548425
14549266
14550649
14550820
14552535
14554034
14556416
14559458
14559982
14562425
14564005
14566682
14570878
14571130
14571444
14571826
14573179
14574121
14574143
14577042
14579515
14580018
14583081
14585198
14589998
14591178
14594495
14594703
14596753
14597024
14597271
14597802
14598151
14599675
14601428
14601864
14604897
14604992
14604996
14615037
14615702
14617887
14623773
14624496
14626108
14626971
14630005
14630895
14631284
14632925
14633198
14634221
14634983
14637189
14637777
14642598
14642791
14643239
14646312
14647131
14648181
14648412
14648914
14652547
14655022
14656955
14657730
14660801
14661199
14662182
14665807
14669103
14671912
14672464
14676711
14679710
14680288
14680966
14681728
14684535
14685655
14686363
14688557
14695173
14696131
14696661
14697838
14702133
14703889
14704086
14705663
14705708
14708132
14710160
14715715
14717790
14717936
14719044
14728698
14733142
14733658
14734832
14736673
14738411
14743035
14746418
14747166
14750506
14750656
14751048
14753133
14753795
14756190
14758543
14763486
14770413
14772530
14772563
14777752
14777764
14784320
14787148
14787427
14789230
14792266
14793501
14793597
14798395
14803130
14804724
14804790
14808916
14811880
14815147
14816932
14818258
14819158
14821109
14827570
14828421
14828848
14830138
14832176
14838916
14841340
14844390
14844972
14845226
14845357
14847580
14847621
14848024
14849309
14852041
14856073
14857775
14859149
14859340
14860371
14860509
14862135
14863700
14865318
14866859
14869141
14870717
14871985
14873238
14874296
14881332
14883030
14884501
14885219
14887573
14888806
14890828
14890956
14892151
14892360
14892930
14893781
14895770
14898620
14902726
14904237
14904720
14905541
14905542
14907739
14908956
14914582
14914666
14916302
14916622
14918049
14921556
14921830
14925302
14925504
14926033
14928875
14933387
14933662
14936107
14936734
14938859
14940202
14942844
14949348
14949407
14951407
14951891
14954285
14954521
14957417
14957597
14958339
14965337
14971489
14974662
14974871
14976748
14977815
14981173
14983526
14983909
14984970
14986964
14988009
14989104
14989211
14990975
14991558
14994382
14998144
14999355
15001408
15002353
15005334
15006978
15007018
15012317
15015902
15017820
15017888
15019034
15020127
15021451
15024260
15024957
15025433
15025480
15025600
15025681
15029045
15029141
15029205
15030362
15030530
15031176
15031509
15036943
15037741
15037975
15039463
15039750
15040930
15044142
15046744
15048552
15048792
15049853
15052703
15053873
15058785
15061817
15066582
15067785
15069097
15072334
15074196
15075298
15075709
15078520
15084733
15085357
15085431
15088484
15088947
15090685
15093687
15096258
15099744
15101279
15103150
15104632
15106254
15106869
15111796
15114861
15115486
15116339
15120238
15121807
15122644
15124943
15125281
15126151
15127429
15133522
15133601
15136902
15139740
15141504
15141651
15141987
15144136
15146013
15149735
15151796
15152039
15152510
15155206
15155474
15156150
15158352
15160512
15160791
15166591
15169330
15169337
15169478
15172559
15172796
15173552
15180429
15181832
15182143
15183903
15189445
15189865
15191434
15193962
15194637
15196423
15196777
15200657
15202004
15202349
15203960
15206263
15206594
15207743
15210519
15210882
15211045
15211395
15212278
15212449
15213176
15215340
15216490
15218965
15220842
15221287
15222839
15222904
15224037
15226389
15228020
15229185
15230594
15232937
15234200
15238023
15240080
15240124
15240454
15243595
15243964
15244410
15244515
15248793
15250493
15253937
15254245
15259798
15259802
15260257
15261137
15267679
15268921
15271186
15277466
15278342
15283382
15286325
15286364
15287397
15289090
15291497
15292371
15293357
15293872
15295367
15296661
15305033
15306077
15310421
15311353
15314144
15314918
15316208
15316595
15318393
15320067
15320078
15322873
15324532
15326005
15327817
15328655
15328805
15329011
15330185
15333240
15334490
15337238
15342969
15348861
15349234
15350041
15352686
15352951
15368311
15372219
15375416
15375596
15377669
15377972
15380870
15385269
15390488
15391926
15399742
15399861
15400150
15402480
15407908
15409902
15413801
15414522
15420699
15421100
15423036
15423364
15423994
15426929
15427094
15427680
15434067
15435172
15438558
15438765
15441122
15445166
15447007
15448685
15451151
15455079
15456006
15457260
15458386
15459447
15462270
15463555
15466023
15466648
15467556
15469146
15470065
15470450
15473538
15475786
15476330
15478702
15480960
15485990
15488267
15490041
15492003
15496949
15498627
15501060
15501776
15504095
15505539
15507753
15509416
15511998
15513925
15514251
15524192
15524398
15527860
15529889
15530913
15532902
15533749
15534100
15538188
15539154
15541692
15542145
15547350
15549395
15549510
15550023
15552233
15552504
15554141
15562087
15564510
15564683
15567062
15568532
15568686
15569852
15570459
15571017
15577793
15578879
15587142
15587162
15588018
15589531
15594640
15595403
15596012
15596290
15599223
15600170
15603544
15605056
15608135
15610659
15610792
15612652
15613772
15613880
15617891
15621842
15624767
15626478
15626902
15627396
15634107
15637467
15637781
15640516
15642488
15644615
15645989
15646503
15649285
15651556
15652415
15653384
15656517
15658819
15659488
15659767
15660750
15660877
15668299
15669355
15669668
15671390
15672877
15674116
15676951
15678360
15679644
15681013
15681422
15685507
15686934
15687613
15688953
15689640
15694086
15696368
15697567
15705839
15706471
15707039
15719200
15724551
15725527
15726173
15726458
15726704
15734652
15735235
15737043
15737706
15741403
15741630
15744524
15745292
15745775
15749038
15751251
15754332
15756722
15758321
15764591
15765888
15767080
15767983
15771077
15773895
15774684
15775879
15776771
15779255
15779616
15783064
15783551
15785101
15787626
15787964
15789710
15790225
15790638
15791948
15792700
15793670
15795951
15799260
15803187
15803535
15803669
15804251
15804901
15810768
15811531
15811993
15812843
15813306
15814472
15814656
15815802
15815999
15816431
15818155
15819066
15834025
15836469
15837204
15837336
15837351
15840692
15841622
15841766
15846152
15847503
15849929
15850082
15852313
15859156
15860547
15862470
15866948
15870383
15873336
15875029
15875317
15880360
15881178
15883522
15884102
15884115
15884208
15887940
15888674
15890016
15890141
15891250
15896024
15898656
15898679
15899568
15901508
15905776
15907367
15910085
15913878
15915472
15915654
15918662
15922601
15922809
15923393
15924228
15924621
15924900
15925705
15928082
15932006
15933593
15936815
15939028
15941287
15944871
15944946
15953660
15953787
15954448
15959900
15960815
15963950
15967398
15969320
15969763
15974561
15976852
15984114
15986167
15988469
15989456
15990478
15992160
15997324
15998842
15999722
16001315
16002595
16003132
16004414
16006424
16006444
16007147
16009958
16014849
16017189
16021122
16021746
16024347
16024465
16027036
16028002
16028447
16029847
16030937
16032623
16033386
16034364
16040483
16042247
16043783
16047322
16048962
16049831
16050782
16051361
16053273
16054422
16054580
16054951
16057678
16059623
16061480
16061621
16063148
16063696
16064956
16065292
16071276
16073034
16076700
16077345
16077946
16087290
16090968
16091414
16091559
16092896
16093013
16094443
16097043
16097847
16098167
16101302
16104831
16105696
16108949
16109919
16110216
16110874
16113114
16115213
16117226
16118252
16120572
16120984
16121256
16121917
16124141
16124338
16124626
16130076
16130167
16130262
16131511
16135085
16135411
16136167
16137854
16138818
16141788
16142523
16145835
16145932
16146448
16149600
16153818
16154239
16154710
16160156
16161141
16162502
16166163
16166898
16169756
16169804
16171034
16171690
16173770
16174784
16176483
16177003
16177206
16178806
16180160
16181961
16183214
16187090
16188099
16188491
16191847
16202823
16204373
16204563
16210515
16215119
16216338
16218973
16219935
16221463
16223477
16225451
16226487
16232771
16236451
16237782
16237817
16237837
16241383
16243948
16244109
16244467
16247077
16247510
16247627
16249755
16251853
16255528
16255852
16256744
16259254
16259871
16262324
16262430
16263874
16263989
16265390
16269826
16270930
16271129
16272103
16272527
16276467
16276982
16277638
16278620
16279701
16282452
16286409
16291909
16294362
16294693
16295754
16295825
16296121
16297024
16297878
16302564
16303362
16305402
16308033
16308336
16309816
16312526
16314538
16318288
16319133
16321281
16321877
16322693
16323449
16323696
16326875
16328470
16331708
16332165
16332648
16334174
16334731
16334860
16337067
16338778
16340791
16342911
16343443
16347589
16348841
16350081
16356674
16357401
16358285
16358772
16359291
16360165
16360292
16364409
16365161
16365559
16366668
16373908
16374010
16379523
16381677
16382791
16383167
16383285
16383488
16385322
16385756
16385934
16386737
16387273
16391946
16392050
16394038
16394817
16401730
16404681
16405508
16405572
16407578
16410816
16411685
16411761
16413156
16413421
16414298
16414476
16415495
16416733
16417435
16419955
16420294
16422035
16422230
16422407
16425558
16426381
16428802
16428953
16430526
16432390
16434444
16437963
16440023
16440996
16442014
16442461
16442781
16443117
16443433
16444610
16445679
16448707
16448828
16449240
16450987
16455293
16456285
16456899
16458664
16459638
16460631
16460646
16462451
16464808
16466836
16468201
16472490
16478443
16484060
16484797
16485442
16486135
16487113
16491125
16491890
16492195
16497624
16498006
16499130
16508145
16510664
16512210
16512225
16513270
16513554
16513570
16514565
16514761
16514915
16515072
16516588
16516990
16517981
16521901
16523001
16523976
16524669
16525474
16526707
16527089
16527988
16529331
16529581
16530870
16533283
16534811
16537462
16539503
16545250
16551652
16555304
16559268
16559315
16561803
16562871
16565328
16566902
16570782
16570935
16574169
16575209
16577319
16583737
16587249
16587461
16588976
16589235
16589781
16589911
16599010
16601763
16601825
16602870
16605558
16607262
16608431
16609131
16609541
16610220
16610783
16611513
16614067
16616142
16618613
16618838
16619110
16620262
16622796
16628472
16631009
16631881
16636794
16640814
16640894
16644080
16645637
16646620
16648664
16651914
16653881
16654147
16656053
16657120
16658753
16658839
16660884
16666036
16666294
16667626
16668385
16671867
16678159
16678567
16680939
16682503
16682697
16685275
16687467
16688417
16689227
16690596
16691053
16695421
16698546
16700432
16701020
16701045
16705953
16707019
16707448
16710158
16712736
16714830
16720952
16721585
16721815
16723117
16723541
16729111
16731517
16733227
16735162
16738806
16739203
16741733
16746058
16748857
16749466
16750718
16759193
16761801
16762060
16764101
16764865
16766806
16767222
16767710
16768013
16768217
16769899
16772708
16776516
16778885
16779865
16779985
16781363
16784624
16787932
16787941
16788881
16794634
16796494
16802749
16805419
16806644
16808246
16808399
16808529
16809227
16809608
16813270
16813488
16813646
16818474
16819393
16822342
16825272
16831782
16836897
16839344
16839811
16840375
16844742
16846624
16851048
16855919
16861229
16862806
16862850
16863846
16864715
16865059
16870197
16872044
16872501
16873631
16876560
16876976
16880641
16881953
16887520
16887779
16887818
16891841
16893382
16893964
16895643
16898906
16899580
16903195
16906665
16906701
16907997
16908479
16909198
16912457
16912999
16915331
16915415
16917805
16918169
16918998
16926563
16926843
16929359
16929918
16931518
16934184
16934802
16935669
16946360
16948126
16954791
16955455
16958031
16958137
16959090
16959984
16960736
16960773
16966339
16968384
16969866
16975199
16976124
16979820
16983169
16983392
16992197
16993986
16998545
16998549
16999061
16999402
16999418
17001446
17001583
17001915
17007427
17009464
17011022
17012448
17013105
17013808
17015668
17016467
17018555
17023908
17024777
17024923
17028642
17030820
17031860
17035990
17038990
17041268
17044345
17047153
17051161
17051874
17052375
17052941
17053537
17054632
17055682
17058300
17059348
17063523
17064412
17065185
17065438
17065631
17067057
17067915
17068432
17069130
17078733
17079224
17080643
17087682
17089063
17093488
17096539
17096673
17099328
17099721
17099968
17101684
17106688
17108171
17108994
17111079
17116754
17116973
17117967
17118621
17119007
17120725
17122492
17125423
17127634
17128847
17131244
17134032
17137269
17138591
17140679
17145386
17145621
17147814
17151488
17153032
17153276
17165046
17166328
17167513
17167619
17168400
17170636
17171151
17172951
17174514
17174626
17176130
17178814
17179160
17180626
17181036
17182731
17183902
17185794
17188102
17188486
17193259
17195568
17196115
17197082
17198111
17199799
17205622
17206431
17212759
17213086
17213576
17215005
17216196
17217493
17218485
17222020
17223092
17225969
17230738
17231868
17232240
17233067
17239439
17242387
17242680
17244208
17244645
17246238
17248545
17248867
17249074
17249340
17250295
17253104
17255264
17256613
17257697
17260356
17261622
17262151
17263512
17266047
17266519
17268963
17272015
17272042
17272731
17278081
17279451
17280402
17280561
17283358
17283786
17285217
17289503
17290688
17291753
17292112
17293988
17294516
17297348
17297579
17300093
17301594
17301723
17303102
17303593
17305180
17305571
17308109
17316719
17317069
17319469
17321769
17323568
17325357
17325630
17326473
17326493
17327095
17331106
17334348
17336461
17338866
17341561
17341568
17341609
17344506
17347351
17348604
17351215
17351377
17351379
17351657
17353545
17354964
17356092
17357963
17358205
17359425
17359467
17362127
17366422
17371999
17372084
17372661
17378851
17378857
17382422
17384800
17385644
17385834
17397341
17398705
17401548
17402015
17402259
17402834
17403080
17403678
17405562
17407310
17408891
17418760
17421263
17423961
17424331
17424601
17428693
17429458
17431090
17432779
17433662
17435753
17438390
17439566
17441103
17441500
17441604
17443748
17444161
17447287
17449654
17450094
17450814
17459085
17461884
17462529
17462632
17465411
17466576
17471396
17473224
17476750
17478773
17479800
17485488
17486829
17487070
17491441
17492279
17493067
17493871
17496185
17497993
17501913
17505011
17506368
17506611
17508097
17509366
17512704
17515249
17518376
17519106
17520283
17523230
17523705
17524164
17525928
17534715
17535808
17538082
17538315
17538682
17540474
17542083
17542205
17548268
17548926
17551038
17555928
17556876
17557973
17559121
17569131
17576952
17579503
17580689
17581799
17582530
17583751
17585654
17590265
17591111
17592286
17593198
17595005
17595027
17600732
17602758
17603342
17604385
17605262
17608032
17609368
17611463
17611617
17613386
17620180
17623603
17626500
17629251
17629381
17636314
17637163
17637649
17640707
17644706
17649476
17649516
17650804
17650971
17656274
17658978
17661002
17663811
17664885
17666726
17669038
17676748
17678345
17683834
17685168
17687361
17688505
17690002
17691290
17692076
17693650
17696073
17698924
17700311
17703007
17703554
17704483
17705076
17705687
17706704
17707485
17707731
17713060
17713878
17716521
17722707
17723936
17724687
17724972
17726950
17728018
17729126
17730142
17730649
17730944
17735535
17739210
17739385
17743436
17747172
17747624
17748697
17753051
17754746
17758522
17760439
17761028
17761069
17761834
17762104
17764767
17765672
17765691
17767361
17769678
17773633
17774823
17775600
17781195
17781765
17781822
17786230
17786762
17786820
17787244
17789107
17789847
17790196
17792898
17795273
17795422
17795568
17796554
17796807
17797914
17800892
17805875
17808024
17808098
17808763
17811420
17812854
17813590
17814791
17817182
17821799
17822405
17822842
17823333
17823804
17826347
17827561
17830403
17830653
17830735
17833263
17833290
17833983
17834899
17837718
17839092
17842553
17844765
17845478
17846858
17849560
17851759
17854692
17854919
17856032
17859372
17860661
17860876
17862088
17865440
17870065
17876423
17888362
17888385
17891928
17892881
17894611
17895504
17896133
17898828
17900636
17903463
17903825
17905924
17909510
17909811
17910296
17913037
17919265
17921182
17922418
17924419
17925048
17925546
17925664
17927813
17928776
17931575
17935842
17936049
17938033
17939048
17939402
17939468
17940177
17942857
17944383
17946120
17948276
17952039
17952272
17953633
17956034
17957098
17957827
17958618
17961086
17962206
17971815
17972306
17972411
17973414
17973716
17975773
17976516
17977422
17978201
17978972
17984854
17985027
17987963
17993593
17994451
17997339
17998755
17998761
18000565
18001592
18005552
18006803
18007720
18012101
18012418
18013488
18015501
18015856
18016721
18020049
18021380
18024163
18025181
18026076
18026222
18027026
18027234
18027464
18027636
18034705
18035202
18038688
18042786
18044644
18044805
18045468
18046732
18047414
18049535
18050306
18050604
18050981
18051450
18056618
18059641
18059915
18060451
18061353
18065136
18065308
18066996
18069162
18070170
18070786
18071084
18072743
18073993
18076288
18079115
18085598
18088937
18090641
18094131
18095542
18098956
18100515
18101188
18102668
18107903
18108531
18109588
18110502
18111828
18112640
18114510
18115598
18117167
18117515
18124613
18126621
18126838
18129785
18130092
18131318
18132045
18137090
18138104
18138795
18141164
18143180
18147502
18149052
18149196
18153072
18153226
18153767
18154981
18158541
18160435
18163141
18165454
18166094
18167514
18171955
18172049
18177660
18178206
18179047
18182221
18182729
18184460
18189717
18198694
18199725
18200362
18201776
18203327
18211515
18214092
18215163
18216220
18216624
18217179
18219435
18219732
18220273
18221350
18221357
18221365
18225304
18226149
18226437
18228384
18229278
18231647
18231999
18232132
18233037
18234220
18234319
18236030
18236166
18239387
18239597
18240997
18243233
18246934
18249570
18251622
18254277
18254611
18256802
18258115
18259578
18261907
18261919
18262038
18262517
18263973
18269215
18272200
18273310
18273709
18277403
18281217
18284555
18288752
18289969
18290288
18291021
18291230
18292557
18292766
18296038
18296933
18297238
18299286
18301291
18302529
18304492
18305441
18309470
18312587
18313219
18316807
18319802
18321127
18325322
18326098
18326814
18332116
18332135
18336133
18336286
18341331
18342123
18343821
18344568
18346688
18350158
18352732
18353737
18355299
18355708
18357187
18357237
18358309
18360109
18361393
18363612
18364271
18368487
18371123
18380275
18384064
18387165
18387233
18391867
18392118
18393021
18393807
18394909
18395488
18396693
18397845
18398120
18398373
18398620
18398806
18398874
18399934
18400872
18401428
18402547
18406212
18407442
18407929
18410052
18410065
18414448
18415732
18418688
18421325
18422712
18423709
18424791
18425202
18427147
18427690
18430237
18432089
18433015
18434342
18434945
18435483
18435542
18435842
18435909
18436442
18436966
18437987
18440220
18441204
18442042
18443018
18443861
18448047
18451971
18455598
18463986
18464674
18465954
18468814
18469288
18471444
18472573
18472847
18473422
18473598
18477340
18479715
18484384
18484786
18485217
18490653
18490966
18491561
18492375
18493238
18496739
18506468
18512568
18514127
18515130
18517514
18519460
18521274
18524104
18524817
18527689
18528890
18529927
18529987
18531592
18531657
18538901
18540336
18542317
18546648
18549534
18552312
18554160
18554571
18557423
18562785
18564003
18566988
18569058
18573339
18575349
18576597
18581938
18582948
18584599
