1311
6237
7964
9020
9616
9640
12228
12270
12489
13278
15091
17287
17998
18462
23004
24837
33428
33859
35852
37390
41463
42390
42576
44716
47480
48576
50228
50985
51768
53835
55309
56767
63761
68149
72359
73334
73504
76120
79880
85322
85388
87124
87380
88183
89585
91182
92273
95214
99106
100053
104953
105571
105815
112603
113267
115843
115949
116902
117796
118548
118585
120195
121280
126641
128964
132220
132982
133868
136150
136310
140904
145438
150016
151526
152219
152564
153863
155198
155346
155416
156119
156813
157780
157796
157865
159069
161757
162986
164353
164535
164945
165855
166823
170199
172998
174592
175404
176181
186154
186289
189047
190000
192371
198453
198768
198944
199619
204709
206018
206071
207598
209437
214335
214775
216310
217771
219871
220803
223594
224368
225658
226045
227843
229517
229528
232323
233500
234763
235371
237616
242141
243166
247283
249294
249341
249821
254103
257078
258245
261528
262447
263640
266314
267131
276795
278763
283266
286145
290023
290409
290608
293771
296740
303609
303970
304140
306522
308106
312260
318034
321210
321560
324226
324354
327217
329213
329323
330604
332408
333087
337891
338940
338958
340592
342667
342732
343368
346036
348184
349076
350366
352509
354531
355328
356475
356991
357118
363340
366588
370360
370603
372122
374071
374301
376479
379426
383064
384706
385931
386145
388429
389796
390038
394381
395777
398062
398603
402279
402473
402992
404338
406591
407048
407425
407690
409145
409165
409403
412348
413396
414841
417306
417703
417927
419293
423889
425001
426540
428768
429681
434911
435041
437177
439468
446578
449025
449894
451733
453758
459150
459668
460050
460331
468988
469590
469709
470790
473691
477764
479117
481524
481978
482676
483896
484817
487127
492748
493447
494763
497601
504179
504780
505322
508653
509951
511826
512987
515468
516060
518981
519138
526761
529067
531253
534440
536060
539323
540116
540377
540931
546337
546554
548291
550875
552320
556534
560178
561699
563822
568214
568380
572427
573496
576779
579739
580372
581485
583819
584146
589632
589649
590554
595404
595564
596272
598086
602471
602628
605671
608567
608752
609340
611850
613987
615499
615910
619795
620309
620952
621795
622900
626128
627485
629686
630784
633627
634473
635280
637426
638005
644984
649252
650843
653561
657354
658614
659362
660305
661372
663086
663908
664181
666065
666690
669589
670260
670855
675489
680882
683899
686371
687714
690404
695962
696093
698873
701639
702235
702587
702779
705113
709376
714272
714487
715630
716313
720772
722280
722999
726319
728079
730157
730938
733118
733212
741175
742735
744464
744723
748453
753207
754736
755021
760484
763210
764496
768477
771922
778482
779073
779537
780188
780895
782972
784044
786478
787360
787404
787779
788597
791145
791767
792515
798591
798729
801942
802175
804987
806020
806385
806631
809775
810539
814344
816794
820824
826339
826686
828804
830216
833725
839147
842013
843413
845082
845914
846663
846813
846974
847355
848546
852449
857788
858010
858871
859053
861065
861093
862351
863312
864698
872364
872699
874849
875851
877290
880996
883959
884022
884237
884484
884906
890449
890725
899763
901385
903210
904137
904147
904659
910571
910902
911353
916518
917358
918401
919931
923436
924938
926951
928623
929104
930780
931145
931694
937220
937591
937620
945025
945467
946237
946785
949516
950430
951545
952979
955616
955913
957473
961037
963553
964480
965246
965990
969828
970195
971198
974210
975476
976005
977366
979901
980373
982817
985961
987020
991054
992100
994915
997306
998029
998210
998937
998949
1006017
1007136
1007805
1014015
1015095
1015216
1018833
1020792
1022939
1023746
1023842
1027832
1028222
1029208
1029541
1030094
1032050
1032086
1034237
1037393
1041257
1042698
1042781
1043863
1045757
1048788
1052970
1054096
1054569
1055197
1056853
1058291
1058565
1060192
1060490
1066487
1069489
1069578
1069917
1070409
1071240
1073868
1074166
1074262
1079343
1082208
1083475
1085457
1086543
1088391
1093325
1095823
1097199
1097828
1098728
1102204
1103316
1103373
1103635
1105433
1107287
1118865
1119583
1119754
1120386
1122299
1122622
1123848
1131141
1133281
1136294
1136982
1137051
1144825
1148643
1149062
1151283
1156138
1156681
1168789
1171428
1171554
1173155
1173212
1173798
1174836
1181043
1181408
1185387
1185392
1186437
1190140
1191923
1191968
1192220
1193333
1194401
1195309
1195925
1198575
1199134
1200764
1203786
1204453
1205166
1206374
1211259
1211342
1211565
1211596
1212215
1212475
1223250
1223929
1226444
1227002
1227276
1230330
1234421
1236730
1238134
1242668
1244517
1245666
1246777
1247313
1247459
1248510
1249223
1253356
1262994
1265865
1268473
1276325
1277003
1277411
1280670
1286695
1287699
1288780
1289288
1289352
1289552
1292436
1292510
1292793
1293771
1294125
1294899
1296688
1299397
1299835
1309065
1311500
1313867
1315040
1316651
1316886
1318897
1323018
1323502
1325689
1326471
1330611
1333323
1338250
1341074
1343024
1343568
1345597
1346875
1346886
1347296
1347625
1347631
1348186
1348288
1350460
1353553
1368789
1370278
1370646
1373553
1374518
1376692
1378529
1380918
1383221
1383429
1384095
1387105
1389670
1394880
1395653
1397689
1399059
1399290
1400145
1400869
1401420
1402445
1402491
1403968
1404670
1408670
1411022
1416470
1418292
1419435
1419978
1421863
1422413
1422843
1423324
1423572
1423615
1423829
1426042
1431032
1433005
1433796
1435200
1437698
1440402
1441541
1441756
1448852
1450559
1456216
1456706
1456981
1459270
1461341
1461883
1463360
1465867
1468432
1468494
1470285
1472556
1473493
1478901
1481728
1483616
1491733
1496119
1499001
1499992
1502054
1503498
1505792
1506373
1508219
1508883
1509763
1510227
1513628
1514973
1515447
1516092
1516697
1518833
1519452
1523713
1526301
1527137
1527487
1528533
1529544
1531477
1534212
1535617
1536284
1537076
1539479
1539864
1540087
1540510
1540789
1541898
1542309
1544063
1544968
1553263
1555954
1556054
1557881
1560393
1562216
1562349
1564964
1566142
1566828
1567428
1568086
1568806
1572029
1573191
1577013
1577275
1578664
1583766
1583958
1585477
1586348
1590611
1593284
1594144
1595640
1596996
1597435
1606603
1609395
1609634
1616002
1617865
1620087
1623544
1625400
1626747
1627696
1627719
1627722
1633268
1633694
1634381
1635878
1641246
1643986
1644341
1646098
1648246
1651773
1651849
1654075
1655522
1662420
1663174
1663285
1663508
1666622
1667396
1670244
1671513
1671818
1673202
1674419
1678995
1680707
1682038
1684130
1684976
1685334
1685511
1688210
1690512
1692083
1692575
1692725
1693399
1697568
1698566
1700401
1700449
1701364
1701805
1703812
1706322
1707275
1707810
1709096
1709145
1710163
1713289
1714172
1714754
1717422
1719576
1719981
1722116
1722679
1724939
1726379
1728467
1729370
1730143
1731210
1735442
1736268
1738147
1739407
1744170
1744857
1748336
1748380
1750804
1753849
1755033
1755455
1757106
1758135
1758670
1760323
1760487
1761874
1766056
1767984
1769463
1769853
1770010
1770962
1772431
1773168
1773718
1775623
1775899
1776615
1776913
1777522
1782766
1783437
1785042
1787105
1787167
1787659
1789111
1789439
1795029
1795881
1796542
1799494
1799635
1799914
1802921
1803224
1804912
1805920
1806684
1808796
1810916
1811599
1814718
1814834
1817337
1818940
1819656
1820521
1826573
1826663
1829412
1829657
1830794
1833381
1841214
1844237
1850167
1853883
1854025
1854026
1854884
1855212
1855828
1856469
1859144
1862036
1863473
1863982
1864861
1866735
1867195
1871875
1872385
1876712
1877954
1878380
1878405
1882972
1883689
1891115
1893256
1895872
1896631
1897641
1899999
1905390
1906767
1906873
1907860
1909100
1910481
1913646
1915449
1915991
1918560
1918606
1920000
1920422
1925427
1926248
1927284
1927421
1929364
1929828
1934976
1936559
1939943
1942106
1950629
1952839
1954249
1955594
1958979
1959618
1960532
1961602
1966407
1970038
1970786
1971464
1972145
1973605
1974019
1974678
1975526
1976041
1976808
1979078
1979211
1979224
1980237
1980264
1981501
1981895
1982965
1986592
1987093
1987946
1988572
1989217
1990998
1993859
1995701
1998536
1999019
2000090
2000741
2003304
2007844
2007998
2008300
2008614
2009746
2009820
2011424
2013928
2014202
2017814
2022773
2033551
2035849
2037912
2038153
2041554
2041617
2042061
2043641
2044606
2044958
2048318
2049274
2054718
2057454
2057828
2058138
2059322
2059991
2060715
2061043
2064538
2069028
2070270
2070640
2071429
2071765
2073366
2074005
2074939
2074960
2075315
2075765
2077773
2078546
2078913
2083158
2083629
2084435
2085968
2086893
2091772
2091803
2092742
2093813
2099205
2108611
2108802
2110135
2114391
2118886
2119385
2124726
2126939
2129228
2129726
2132994
2135013
2138079
2138701
2138849
2139264
2140207
2140633
2144077
2145435
2146491
2147051
2147390
2147968
2149805
2150158
2150341
2151476
2152215
2157026
2157494
2157504
2159245
2160143
2160597
2165193
2165532
2165638
2166395
2167997
2168875
2171381
2173523
2177548
2180092
2181460
2181778
2183593
2184660
2187112
2187381
2188742
2192806
2193343
2193615
2199590
2201706
2202480
2202491
2205027
2205818
2206216
2206258
2209319
2209691
2212553
2216750
2217316
2217926
2219097
2221995
2225044
2225777
2229435
2230073
2234550
2235033
2235371
2235400
2235526
2236273
2239532
2241819
2248607
2251402
2252310
2253389
2254703
2260598
2262476
2262944
2268326
2270248
2270326
2271084
2273641
2274590
2276085
2277919
2278453
2278916
2280593
2285639
2286052
2286149
2288007
2289671
2290168
2290815
2293809
2294411
2295462
2295574
2295702
2296814
2297888
2304128
2305242
2306893
2310247
2320047
2320414
2321652
2323619
2323742
2323959
2325916
2326358
2330697
2331823
2332492
2332935
2334847
2339254
2342708
2344282
2345479
2346560
2347273
2349054
2349660
2352731
2356363
2357671
2361397
2363041
2367018
2367905
2368501
2368512
2368754
2369576
2369919
2370019
2371313
2374878
2376082
2376533
2377623
2378866
2379322
2379827
2382115
2387867
2389311
2389632
2389750
2390711
2390816
2390830
2395679
2396927
2403311
2405359
2405397
2408624
2409073
2412579
2413467
2416449
2416610
2417261
2421103
2421254
2421490
2423552
2425275
2425883
2426020
2426560
2427759
2427872
2429552
2430442
2436122
2437061
2437554
2437662
2437787
2438694
2439465
2442004
2442611
2443181
2444205
2445159
2446628
2448824
2448988
2452471
2456750
2458045
2461726
2472334
2474908
2475194
2478016
2481649
2485032
2485466
2492241
2492518
2493029
2493148
2493754
2497057
2499527
2500901
2502184
2503131
2504091
2505005
2508127
2509140
2511101
2512095
2520236
2527581
2531710
2532058
2538595
2538778
2544515
2547282
2548012
2548383
2548755
2550724
2556062
2556365
2559363
2560208
2562356
2562952
2563768
2564524
2564771
2567950
2569545
2572783
2573240
2573723
2575249
2576656
2577329
2579009
2583341
2585761
2587789
2588182
2592430
2594257
2598438
2604616
2604652
2605143
2607564
2608670
2610073
2610190
2611223
2611244
2612935
2614240
2614440
2615005
2617750
2617919
2619040
2625460
2625509
2626183
2626946
2628920
2629665
2633678
2634014
2634368
2635069
2635160
2636657
2638512
2639014
2639817
2641460
2650895
2651669
2653232
2654272
2658971
2662781
2663873
2664004
2664895
2665531
2667786
2669841
2670718
2671726
2673382
2673845
2678299
2679231
2680444
2681460
2681461
2683279
2686310
2687210
2688509
2689106
2689515
2690148
2700537
2706344
2707912
2710932
2711864
2717019
2718779
2719687
2721961
2722513
2722713
2722826
2725833
2727936
2729893
2730575
2731634
2731742
2732736
2732810
2734111
2734683
2740615
2741338
2746161
2746189
2746551
2748438
2751029
2751540
2752697
2759735
2763127
2763586
2763945
2766697
2768530
2768691
2769382
2770351
2772527
2774825
2775075
2775862
2775967
2776377
2776534
2778186
2778593
2780517
2784747
2785811
2787716
2793279
2795726
2796721
2798036
2802331
2803052
2803441
2804943
2806414
2809631
2815428
2815997
2817772
2824503
2824548
2825934
2830646
2831081
2831685
2832386
2834329
2845562
2846031
2847819
2850926
2852273
2854304
2855030
2858030
2859860
2860407
2860637
2862488
2869239
2870863
2871349
2876390
2876661
2879253
2879488
2881681
2885355
2886899
2887143
2903248
2905946
2907382
2909791
2910533
2911113
2915266
2916266
2918150
2918400
2918950
2922090
2924639
2925582
2926715
2928040
2929021
2931678
2932831
2933621
2934809
2936322
2939919
2940611
2940711
2942304
2945217
2945324
2946051
2947621
2948313
2949270
2949849
2953164
2953833
2957184
2960504
2960782
2961172
2963021
2964374
2964459
2965149
2966026
2967715
2974542
2974799
2976244
2977265
2978683
2982999
2983309
2983752
2984399
2988776
2991250
2992166
2992917
2997563
2998116
2998887
3000441
3001693
3002727
3009048
3009764
3014463
3015481
3017898
3022051
3023787
3023918
3035162
3035648
3035930
3038189
3038752
3038924
3042866
3044493
3045352
3046714
3049229
3049450
3049825
3051791
3056157
3057304
3057745
3058315
3059379
3064597
3064761
3065721
3069004
3070384
3072388
3073797
3075479
3080643
3082161
3083041
3084634
3085914
3086451
3087733
3088477
3091023
3095830
3097125
3097246
3100480
3103381
3104108
3111152
3113028
3115103
3120817
3121602
3121812
3121949
3124335
3124731
3125695
3126306
3128008
3131043
3131501
3132465
3134315
3134944
3139184
3139862
3144253
3145474
3146157
3147310
3147772
3148075
3148655
3150767
3158376
3160197
3160983
3163181
3163854
3165039
3166441
3166918
3169615
3172705
3173953
3175616
3176037
3178871
3179230
3179786
3183801
3188815
3188931
3190008
3192366
3192773
3196519
3196742
3198953
3201837
3204522
3204893
3207904
3210369
3212232
3212963
3213293
3215495
3218243
3218446
3221244
3225854
3225900
3226990
3228575
3229677
3231481
3233766
3234002
3234987
3235935
3236198
3238449
3238529
3242818
3243050
3244320
3249818
3250677
3254357
3256160
3257017
3258894
3259560
3259605
3259965
3262837
3263698
3264006
3266453
3267709
3268858
3276017
3276777
3276990
3282746
3283520
3285532
3287217
3287456
3290388
3291171
3291685
3292704
3293076
3293379
3295111
3299171
3299539
3300523
3300614
3301820
3301902
3301991
3304476
3304481
3316831
3317954
3320812
3321363
3321642
3322721
3323208
3326539
3327012
3327593
3339278
3339949
3340241
3341023
3341588
3343739
3344682
3347702
3347972
3348262
3349212
3349594
3351073
3353234
3354026
3357114
3362270
3364130
3368487
3369806
3370579
3370660
3372358
3373678
3375882
3376219
3376304
3376426
3377663
3380716
3382763
3383950
3385108
3386569
3388543
3392481
3393304
3394701
3395123
3395627
3397754
3398786
3402556
3402701
3404356
3404709
3406177
3408909
3409338
3411083
3412839
3413275
3414053
3416965
3419885
3421146
3424642
3428019
3428101
3428794
3429782
3431125
3432588
3435116
3435374
3437002
3437923
3439257
3440383
3443228
3443854
3443893
3445160
3445440
3449126
3449578
3450409
3456516
3456975
3458055
3458987
3462167
3462426
3465736
3467630
3470660
3477075
3480367
3483340
3487200
3491007
3491320
3493231
3497276
3500095
3501137
3501650
3505999
3506196
3507172
3508764
3509698
3510032
3512124
3513503
3513724
3514209
3514259
3514624
3520195
3520330
3521327
3522871
3523074
3527451
3528758
3529270
3530288
3532070
3541088
3543547
3544256
3545491
3546912
3547145
3547565
3549093
3549957
3551173
3552832
3553717
3558726
3560004
3560874
3563503
3565349
3569794
3570189
3575601
3576280
3577778
3577908
3578261
3578898
3582702
3582730
3585009
3586300
3587507
3592792
3592958
3594598
3594933
3596082
3600569
3601547
3603559
3604324
3604343
3608682
3610276
3610774
3612445
3616848
3619522
3621257
3624951
3624976
3626538
3630754
3632623
3632673
3632777
3633662
3634591
3635212
3636321
3637849
3640449
3641478
3642774
3644431
3645535
3645734
3646708
3647132
3651072
3651587
3652243
3653225
3654306
3657057
3661757
3662738
3663574
3665160
3669631
3672325
3675296
3682407
3682535
3684457
3686106
3689214
3689506
3691912
3693422
3696148
3696713
3697755
3698612
3698883
3700502
3700676
3701193
3701398
3703645
3704986
3709025
3714397
3717008
3717686
3719252
3720174
3721511
3722273
3724743
3727815
3730661
3735332
3737461
3737562
3738998
3740342
3740639
3751559
3751637
3759295
3761141
3763431
3766677
3767289
3767469
3769102
3772995
3774638
3775356
3777710
3778943
3780965
3781093
3782288
3782497
3783067
3783918
3785907
3788757
3794871
3798189
3802486
3802586
3803303
3804702
3804902
3808499
3810814
3819389
3822722
3826931
3829228
3831703
3835250
3837636
3839001
3841865
3846421
3851295
3852031
3854316
3854342
3856228
3856660
3857440
3857705
3859632
3860871
3861549
3864034
3866131
3866354
3869098
3872715
3873215
3874217
3874772
3882837
3883377
3883814
3895403
3895439
3895580
3896851
3899018
3901518
3902756
3904151
3910562
3912356
3919275
3919281
3922846
3925224
3926955
3927957
3929004
3929492
3929937
3933019
3935766
3937257
3938199
3942247
3942478
3942535
3944576
3945512
3947470
3947502
3948698
3948827
3949494
3952772
3953360
3954721
3957604
3958599
3961064
3963224
3969729
3970482
3971205
3971209
3971336
3972514
3975567
3976389
3976885
3977088
3978808
3979734
3980279
3980408
3980735
3983065
3983079
3986183
3987429
3988434
3989488
3989695
3991260
3991739
3992535
3996109
3998307
3999987
4009327
4012262
4012489
4013602
4016942
4018231
4018446
4019658
4024725
4025690
4027558
4029687
4029908
4030005
4030181
4031671
4033093
4035842
4035916
4040408
4043770
4046384
4047929
4049603
4049951
4051074
4051378
4054158
4054765
4055884
4058006
4059010
4059715
4063110
4063678
4064464
4066125
4072120
4072507
4077233
4082799
4083257
4086673
4089844
4089939
4090473
4094922
4095465
4095809
4097064
4098550
4099331
4101460
4102081
4104872
4106453
4108720
4108850
4109625
4110304
4110537
4111958
4113553
4115611
4119337
4119599
4122151
4124188
4127546
4127964
4129591
4130330
4133149
4133581
4134007
4135732
4136431
4138436
4140438
4141572
4142397
4143101
4147528
4149236
4149438
4149460
4150458
4152943
4153905
4154419
4156211
4158697
4163243
4165276
4165936
4166808
4174323
4174738
4175152
4175442
4176002
4177852
4178492
4180350
4180730
4182843
4182964
4183533
4184576
4184698
4187660
4188405
4194274
4197377
4199305
4200681
4202046
4205052
4205834
4207617
4210244
4212251
4212592
4212721
4213423
4213846
4218217
4220356
4224485
4228775
4228779
4228922
4229398
4231059
4232206
4233669
4236774
4237259
4239635
4239741
4241404
4242011
4244693
4244860
4246666
4248074
4248477
4249641
4250425
4250762
4252108
4252307
4253039
4254724
4259649
4260683
4260912
4261144
4262036
4265543
4265952
4268194
4268310
4270603
4271395
4272280
4279201
4279216
4284249
4285137
4290956
4291238
4291574
4292853
4295357
4297593
4302561
4303357
4306072
4308776
4310503
4313989
4315524
4317395
4318877
4320499
4321114
4323634
4324850
4325758
4327847
4329075
4329300
4330501
4330782
4331262
4331797
4332511
4336207
4342549
4345623
4347294
4348248
4348315
4348567
4349747
4349959
4350015
4352337
4354345
4358074
4363274
4365598
4368042
4368634
4370745
4374725
4377212
4377882
4378605
4381074
4385706
4386703
4388609
4388897
4389911
4395407
4396147
4397610
4398147
4398761
4398985
4400014
4401128
4401999
4402131
4402235
4402274
4405188
4405317
4405772
4408370
4408491
4410918
4412531
4414322
4415369
4415548
4415688
4418565
4419046
4419609
4420428
4420788
4423898
4425046
4426635
4427292
4427564
4427903
4429587
4431268
4436390
4438352
4438372
4441978
4445625
4447043
4451956
4457218
4457564
4467109
4467218
4470686
4471600
4472250
4473756
4474589
4476770
4477528
4477792
4482622
4483534
4484235
4484315
4487692
4490990
4491405
4491607
4491924
4492240
4493972
4495013
4499105
4499561
4508735
4510582
4513136
4514027
4515671
4516594
4519403
4522668
4523027
4525690
4525801
4528576
4530811
4532373
4534604
4534871
4534921
4540430
4541341
4546839
4549260
4549761
4551680
4553140
4553305
4556375
4557920
4558394
4560113
4561477
4562579
4562632
4562713
4564588
4567472
4568364
4570613
4574602
4579974
4582951
4583762
4584661
4586534
4587002
4588302
4590248
4591985
4594012
4596192
4598049
4599740
4599977
4604397
4607820
4610194
4610916
4619755
4620050
4626703
4629104
4632998
4634041
4638886
4641621
4641752
4647702
4648203
4650427
4650840
4651820
4652278
4652432
4652648
4652666
4662866
4663815
4665581
4665616
4669816
4672336
4676143
4677559
4682479
4683264
4684399
4686800
4688042
4693159
4693439
4694757
4697299
4698224
4698526
4699018
4700448
4701384
4701889
4705043
4705353
4705885
4706823
4707550
4708887
4712295
4713533
4718325
4722008
4723396
4726777
4727463
4731362
4733470
4734685
4738720
4744968
4750569
4751109
4751403
4752800
4756976
4757537
4761656
4762534
4764053
4764854
4765799
4766943
4771113
4773366
4773457
4774015
4774269
4777330
4778031
4778070
4778774
4779199
4783080
4783154
4783318
4784193
4785914
4786464
4786479
4787291
4798126
4799235
4800364
4801425
4810941
4814517
4820108
4820668
4821874
4824011
4824315
4825077
4825433
4825850
4827762
4828415
4831790
4832316
4833674
4835428
4840594
4840715
4841127
4842874
4847180
4848172
4848786
4850551
4851525
4852518
4852533
4854338
4856615
4857685
4857766
4857807
4858220
4861753
4862376
4862618
4863011
4863208
4863260
4863545
4867554
4868561
4870031
4871574
4871629
4871948
4873685
4875474
4876730
4877484
4878049
4885822
4887252
4889874
4894556
4894670
4895293
4895697
4896892
4897988
4898817
4899512
4900711
4901970
4904097
4904336
4905801
4905941
4907595
4908425
4908609
4909773
4920638
4920688
4922570
4922820
4925542
4930330
4932082
4934227
4934573
4940647
4945579
4946208
4946855
4951637
4951670
4951676
4954624
4958996
4961028
4962583
4964751
4965305
4965958
4966833
4971251
4972790
4973700
4977998
4982019
4983927
4985532
4985736
4988515
4988678
4994169
4994304
4997655
4997877
5000867
5009836
5009871
5010652
5012462
5012471
5012938
5013512
5014463
5015763
5015790
5022827
5026426
5031258
5036339
5036703
5037964
5039024
5039058
5041122
5049872
5050915
5056937
5057570
5057650
5058066
5061230
5063671
5065387
5067843
5067934
5072232
5074923
5075195
5075197
5076097
5076396
5077795
5078206
5080014
5080785
5083907
5089691
5090893
5092468
5098131
5099006
5101546
5103531
5103827
5104645
5105137
5105255
5106340
5107949
5109352
5112453
5116038
5117956
5118024
5119170
5120263
5121587
5124518
5125029
5125043
5128010
5130957
5135335
5140138
5141739
5141869
5142875
5144833
5149131
5149723
5151355
5151701
5153686
5154123
5157823
5160312
5162337
5164728
5172067
5175165
5176995
5179588
5179911
5186731
5190505
5192900
5193927
5194282
5198996
5204722
5204906
5205404
5205632
5207303
5209008
5211018
5217269
5218520
5218576
5219794
5222572
5226350
5228949
5229320
5230169
5231768
5236903
5237714
5238378
5239535
5240493
5243863
5244655
5245243
5245838
5248206
5248387
5249827
5250925
5251981
5252503
5253899
5254622
5255647
5256049
5256869
5258631
5259866
5259959
5264356
5265251
5266267
5267316
5267827
5271689
5271862
5272158
5274658
5274770
5275039
5277408
5279424
5283746
5285296
5285440
5289967
5290355
5290883
5294361
5295568
5297475
5299002
5300369
5302184
5304322
5304969
5311585
5314318
5317667
5320799
5324195
5329643
5329899
5331275
5332937
5333554
5333900
5335756
5337027
5337188
5342024
5343408
5346645
5351516
5352378
5354179
5358773
5359121
5363753
5364359
5365503
5367376
5367409
5367441
5367595
5368742
5368816
5368924
5371481
5372532
5374305
5375435
5377167
5378964
5379129
5384288
5385253
5386488
5391223
5392817
5392883
5397009
5399973
5403913
5404083
5406321
5407378
5407413
5407754
5415385
5418190
5421246
5424934
5426012
5426628
5427324
5430054
5435066
5436098
5441015
5443235
5444690
5445278
5447912
5448224
5448559
5451592
5451792
5457310
5461009
5462070
5465532
5467069
5467574
5467699
5470105
5470790
5476910
5477083
5477478
5477737
5482142
5485441
5486024
5486129
5488224
5488882
5489604
5489621
5492489
5494734
5496919
5499013
5500656
5500763
5504520
5504799
5505179
5505753
5512297
5512993
5513476
5513921
5517427
5518028
5519676
5519910
5521616
5524436
5525063
5528418
5530862
5535773
5539849
5541212
5541600
5542619
5548622
5550377
5552785
5552932
5553114
5556401
5563588
5566889
5567926
5568117
5577240
5580181
5586653
5587351
5592130
5592297
5593472
5597608
5600382
5602406
5602724
5606896
5610323
5612760
5612910
5614983
5616722
5617430
5618624
5622397
5623194
5623328
5624634
5628763
5630840
5635152
5637578
5638087
5638534
5640536
5642489
5647252
5649194
5650544
5656441
5661059
5661115
5661313
5662858
5666809
5667740
5668163
5669550
5670942
5672027
5673748
5674433
5675532
5675591
5676482
5677121
5680445
5680596
5681001
5684215
5686568
5689079
5690670
5692401
5694163
5694517
5699422
5700353
5700959
5701893
5702681
5705207
5706549
5706737
5708820
5708911
5709682
5710393
5710794
5711631
5716630
5718270
5718909
5721384
5721573
5725007
5726468
5726599
5730834
5735401
5737476
5738953
5740695
5741822
5743056
5744483
5745352
5748178
5748706
5748776
5749144
5749867
5751125
5752291
5755545
5757146
5757230
5757300
5758578
5759541
5759851
5761737
5762069
5764551
5765688
5765792
5768755
5770335
5770883
5771266
5771797
5772610
5773608
5773894
5774212
5777403
5780274
5780469
5787803
5788506
5790549
5791537
5793272
5793845
5795599
5797898
5798333
5799620
5807958
5808886
5809093
5809582
5809962
5810505
5810797
5814786
5814978
5815219
5820392
5820625
5822188
5825404
5825783
5827024
5828313
5831603
5831746
5833313
5833319
5839455
5844384
5849959
5852702
5854357
5856197
5858642
5859558
5860591
5862673
5864831
5866014
5866639
5866841
5867965
5868449
5870123
5881206
5881252
5881513
5883104
5886811
5887909
5892239
5892527
5892532
5892742
5894220
5894594
5900127
5902388
5905586
5906523
5907962
5908715
5909205
5909367
5909714
5910293
5913049
5915013
5915586
5918309
5919926
5920512
5921823
5922927
5924458
5926162
5928731
5930979
5939582
5940027
5941090
5941207
5941776
5943899
5945705
5946509
5953463
5954632
5954747
5955111
5958040
5958459
5959007
5964373
5968500
5971259
5972529
5975301
5976366
5982695
5985111
5987759
5989756
5998898
6001283
6001776
6004652
6006713
6010124
6012746
6013201
6014256
6014261
6016825
6023781
6025617
6027292
6027466
6027631
6031125
6031329
6032840
6033880
6038001
6040588
6040907
6043294
6043649
6045074
6047024
6048650
6052248
6056908
6058766
6060777
6066209
6066413
6068336
6070599
6073386
6075914
6080173
6081497
6085921
6086091
6088437
6094382
6094755
6095785
6097375
6098380
6099769
6100025
6101947
6102156
6102687
6102892
6105039
6105120
6105435
6106299
6106920
6107594
6110336
6112688
6114912
6115028
6121842
6123334
6125189
6125356
6125869
6126084
6128054
6128107
6128325
6131265
6132188
6139547
6139785
6140726
6144210
6144931
6145309
6150038
6158227
6166909
6170072
6170392
6173342
6176515
6177080
6177658
6184365
6187227
6187802
6189956
6190804
6191374
6194565
6201662
6205811
6205953
6207557
6208866
6209392
6210322
6210828
6211050
6214967
6215964
6216636
6223487
6223695
6227710
6230518
6230532
6232720
6235022
6235101
6236525
6237715
6238970
6244250
6245215
6245704
6245787
6249338
6250826
6257844
6261992
6262863
6264730
6265055
6265716
6267384
6276985
6278000
6279010
6281143
6282878
6283158
6283448
6289074
6289484
6289997
6291195
6292506
6298717
6299181
6302814
6304703
6306979
6308031
6312890
6312995
6315602
6315786
6315802
6316135
6317776
6317849
6319549
6322326
6323156
6323236
6323335
6323465
6329413
6329860
6332749
6333441
6334235
6338343
6339729
6341512
6341578
6342360
6343624
6344871
6345290
6350214
6352489
6352877
6354861
6355341
6356413
6358724
6359426
6360657
6362924
6364052
6364102
6367564
6368410
6369585
6370497
6372304
6372326
6378031
6380057
6380641
6381684
6382561
6383489
6384344
6384687
6385604
6387238
6388846
6394154
6394776
6395424
6396154
6397185
6399848
6400955
6401471
6401714
6401988
6402516
6404433
6406698
6408603
6411206
6412964
6414485
6417387
6417547
6417651
6420558
6422438
6423060
6430130
6430312
6434115
6435322
6439467
6439759
6446688
6455476
6456169
6457035
6457800
6458456
6459216
6460967
6462241
6462298
6463895
6472778
6473176
6473576
6477687
6481910
6482637
6484910
6486192
6489165
6490022
6493057
6493482
6495392
6496523
6497869
6505473
6509571
6510834
6511758
6512598
6513911
6520562
6523894
6525597
6530087
6535257
6538902
6539992
6544495
6547790
6552407
6556178
6557644
6560835
6561724
6564676
6566920
6573612
6573827
6573845
6575185
6575729
6579577
6582305
6583482
6584394
6584847
6585384
6586809
6588298
6589407
6589435
6593455
6593936
6600530
6600853
6600963
6604406
6604840
6605921
6606591
6608278
6608371
6609738
6610030
6612497
6612993
6613476
6614337
6614948
6615850
6615860
6617114
6622742
6623978
6624722
6624934
6626057
6627027
6630694
6632459
6637239
6640358
6640564
6641040
6641084
6642681
6646755
6652566
6656578
6656623
6656954
6657827
6657840
6660199
6661126
6663613
6668558
6670905
6671220
6673996
6674411
6675309
6675478
6676497
6679009
6679958
6682496
6682657
6684013
6685629
6685915
6686238
6690770
6694835
6696645
6697168
6699117
6700444
6701797
6702238
6705522
6710087
6710379
6712057
6712318
6712694
6713292
6713888
6714887
6715287
6718519
6718890
6723352
6725046
6727519
6735074
6736117
6737264
6741965
6743564
6745508
6747176
6747409
6748519
6748623
6750680
6752539
6760463
6760787
6764599
6766383
6768927
6770488
6770493
6771336
6772940
6773576
6776302
6776470
6777926
6778464
6781002
6782591
6783372
6783815
6783889
6784740
6788499
6789085
6789130
6789338
6789480
6789488
6789605
6793360
6793870
6797526
6798683
6800082
6801494
6804876
6806187
6808220
6808304
6808522
6809090
6809172
6809419
6811512
6813084
6815580
6819868
6822948
6826548
6828202
6828490
6829554
6830333
6831433
6833707
6835940
6836043
6837910
6838334
6838692
6840660
6844379
6846241
6848005
6850490
6858709
6861971
6863238
6864498
6865052
6865086
6865395
6866290
6866521
6866796
6866855
6867021
6868215
6868409
6874347
6881740
6883631
6885051
6885944
6886573
6889268
6891076
6893903
6894265
6896364
6899950
6900251
6900736
6903477
6904888
6908148
6911646
6912153
6914680
6915288
6916102
6916607
6917299
6917684
6918368
6919632
6919675
6919708
6920707
6922242
6924534
6924582
6925249
6927704
6928251
6931263
6932340
6932984
6940386
6940473
6940706
6941133
6942871
6945370
6946271
6957080
6961600
6962135
6962452
6962508
6965605
6969619
6970563
6970987
6971266
6972177
6972760
6972833
6972912
6972968
6973053
6973658
6976052
6981161
6982062
6985285
6988548
6989595
6990559
6990723
6992380
6994296
6994962
6996294
6997579
7002073
7003227
7005648
7005683
7007018
7008523
7008751
7011605
7011797
7014551
7015572
7017675
7018968
7019015
7022250
7023511
7024044
7025717
7027331
7030339
7030788
7031317
7034443
7036097
7040469
7041497
7041687
7043490
7044347
7044568
7048664
7049409
7053198
7057658
7058106
7058776
7060778
7061187
7061595
7061868
7063326
7065094
7065823
7069748
7071184
7074277
7077308
7079047
7079531
7081018
7081935
7087674
7092412
7093406
7096363
7097465
7099747
7100239
7106931
7108958
7110856
7113881
7116054
7119004
7122155
7122590
7123221
7126032
7126661
7129435
7129497
7132910
7133933
7134534
7144692
7146155
7149450
7149786
7150042
7151939
7153362
7158251
7159041
7159661
7160241
7162467
7163131
7163222
7164308
7165414
7167361
7168446
7170218
7172585
7175036
7176234
7176589
7181944
7188751
7188781
7188868
7189686
7190360
7190531
7196861
7197585
7198228
7198642
7202288
7206462
7208152
7208339
7209151
7210288
7212722
7214663
7224136
7224441
7226441
7227270
7230552
7231692
7231987
7232832
7235404
7237380
7237470
7237869
7239615
7239887
7241350
7243531
7243791
7244855
7246882
7247603
7247957
7248634
7249165
7250949
7251132
7255721
7256013
7256709
7257380
7262722
7265335
7268550
7270492
7270631
7273007
7276330
7277726
7281587
7282208
7282747
7283357
7283451
7284241
7284352
7285893
7291482
7291823
7291887
7292833
7293865
7296042
7296045
7297829
7301572
7306556
7307197
7307362
7310397
7313841
7315688
7318700
7319926
7321300
7322053
7323057
7327498
7327993
7329497
7329952
7330816
7333432
7338883
7343405
7347675
7348254
7349048
7349438
7350484
7352101
7352205
7352759
7358422
7361221
7361336
7361975
7366427
7367425
7368398
7374875
7376430
7388704
7389369
7394400
7400496
7400506
7400898
7402278
7408820
7413209
7413222
7413424
7414229
7417652
7417914
7419280
7420325
7421319
7422834
7423134
7424792
7427697
7429839
7431129
7432941
7434552
7439155
7441330
7442213
7446207
7448853
7453246
7454765
7455857
7456408
7458177
7458708
7459633
7463515
7463629
7463812
7465109
7466606
7469609
7472294
7472336
7474466
7475530
7476705
7476709
7479798
7480195
7483572
7483581
7484772
7486420
7489080
7489581
7490189
7492824
7494343
7497826
7498753
7499800
7501020
7501865
7504815
7504937
7506002
7508251
7509052
7510074
7512624
7515061
7516679
7520518
7521302
7523131
7525698
7526336
7526672
7528910
7531833
7534137
7537544
7539360
7540418
7540729
7542470
7543442
7547399
7547622
7549395
7549470
7550096
7550210
7553167
7555623
7557134
7558610
7560606
7561027
7565190
7568049
7570795
7572184
7572560
7572940
7574606
7574674
7578479
7579226
7579590
7580114
7581949
7583140
7583532
7583653
7586356
7586705
7587419
7588544
7591652
7595153
7598951
7599706
7602978
7604255
7607740
7611813
7612047
7614560
7616181
7618031
7619150
7619568
7623262
7626458
7628110
7629045
7630753
7630836
7633854
7633993
7634875
7636508
7636589
7637060
7641223
7641438
7643186
7643629
7644392
7649105
7652885
7657334
7664669
7668335
7668980
7669581
7678925
7685450
7685507
7690195
7690673
7691488
7691516
7691586
7694308
7694518
7694637
7697036
7698375
7701055
7703846
7703875
7706599
7709111
7709158
7709224
7709412
7709433
7709673
7715222
7715820
7716903
7717419
7720413
7720818
7723634
7724759
7725258
7726458
7726719
7727333
7728825
7730428
7732257
7733103
7740993
7742294
7744688
7750395
7752038
7757622
7759131
7761013
7762051
7762228
7763379
7765524
7768512
7769901
7772319
7775296
7775384
7781234
7789168
7790727
7792786
7792885
7793024
7796116
7800791
7800835
7801272
7801629
7807544
7808513
7810054
7812438
7814525
7817194
7818858
7821651
7821669
7822694
7823993
7827017
7828217
7838510
7839302
7840249
7840678
7841494
7842019
7845333
7845524
7846361
7854812
7857108
7860344
7860970
7862530
7863794
7864912
7865571
7873383
7875797
7878212
7879467
7881322
7884040
7885007
7887330
7888059
7890597
7892005
7893749
7896680
7897682
7897685
7899935
7903378
7904193
7904212
7904579
7904932
7908967
7909039
7910810
7914382
7916662
7920285
7922593
7923490
7923625
7923927
7926818
7927616
7928237
7930618
7931478
7936974
7937514
7946435
7949955
7953138
7953901
7955424
7956685
7959701
7961746
7964954
7965922
7967853
7969815
7971236
7972454
7972869
7974115
7975906
7975954
7977397
7977415
7979420
7982354
7984074
7984593
7987286
7988429
7989429
7989918
7990497
7991758
7991910
7992160
7992660
7993293
7998637
8002374
8002730
8003884
8003992
8004735
8008442
8011815
8012271
8014549
8019683
8021262
8022450
8023637
8026010
8030270
8032159
8035082
8036354
8037371
8037673
8039302
8043639
8045104
8046556
8047955
8053372
8055590
8057430
8057683
8057692
8058041
8062392
8063938
8063977
8065001
8065735
8071089
8072898
8074892
8076303
8077932
8079154
8082010
8084568
8084927
8086162
8086610
8089191
8089731
8092767
8095926
8096359
8098381
8099367
8099759
8101760
8104707
8106520
8108360
8109065
8109415
8110074
8110542
8112309
8115224
8117465
8118205
8123031
8124462
8124543
8129267
8129309
8133547
8134393
8139665
8139851
8144163
8144941
8146142
8148482
8148695
8148836
8149130
8151438
8152302
8152507
8155990
8156441
8156815
8157362
8159320
8160248
8162687
8164434
8166704
8166777
8167207
8169180
8170408
8170454
8172628
8173853
8176489
8176668
8178246
8178898
8179632
8180441
8184753
8188316
8190416
8192144
8196176
8196309
8199018
8200130
8202153
8202994
8205793
8208860
8211342
8211461
8214468
8215879
8218305
8218438
8219412
8220790
8223305
8223641
8224101
8224948
8229145
8230215
8234901
8239384
8240151
8240170
8240189
8240799
8241888
8242358
8242803
8243469
8243893
8249138
8251135
8252196
8252806
8255405
8256093
8257772
8259872
8264083
8265125
8267041
8267890
8271906
8273285
8274615
8274920
8275107
8276583
8277627
8278373
8278774
8279831
8281795
8282045
8284001
8284236
8296261
8296323
8297710
8298127
8301114
8303515
8310546
8310601
8310730
8312836
8316366
8320973
8321223
8321357
8326719
8327615
8327882
8331016
8334331
8337880
8338436
8340928
8341429
8343030
8343428
8347168
8347296
8347300
8347899
8350415
8351178
8351547
8354845
8356242
8359187
8360599
8360775
8364054
8365824
8366944
8368992
8370171
8371577
8373854
8374337
8376906
8377475
8378464
8379197
8380265
8381603
8386128
8387629
8387706
8389057
8395466
8395478
8396418
8396857
8398701
8399848
8401082
8401231
8407485
8410323
8412087
8412234
8412570
8414719
8416596
8425680
8426571
8426666
8428777
8429609
8430863
8439323
8439817
8439989
8440997
8442013
8444227
8445872
8446373
8447210
8448857
8451553
8452506
8452588
8456376
8458355
8459470
8462100
8465773
8465876
8466053
8466597
8468298
8470244
8471462
8474311
8474746
8477065
8479727
8481023
8482176
8488485
8490147
8490721
8491856
8492090
8493386
8495275
8496744
8499098
8501430
8501752
8504390
8504601
8505853
8511613
8513544
8516379
8517050
8517493
8518029
8518740
8519256
8519649
8520383
8521904
8522133
8522931
8524088
8525627
8526198
8526661
8530517
8530889
8532318
8533055
8533700
8534393
8535371
8539383
8540148
8540453
8545228
8545463
8549141
8550796
8552134
8557867
8564187
8564748
8565139
8567173
8568188
8568835
8570092
8570757
8571938
8575100
8577920
8582647
8583174
8583300
8584779
8584851
8585714
8586017
8587599
8589660
8590843
8593366
8599621
8605599
8610501
8612679
8614188
8614857
8617498
8619251
8619517
8625920
8626624
8627248
8631171
8631225
8638749
8639829
8641545
8644976
8645443
8646499
8647369
8648706
8648910
8649683
8652666
8652682
8655215
8658377
8661671
8661891
8661978
8663926
8666318
8668034
8669130
8671333
8675984
8680184
8685051
8689487
8690373
8692174
8693461
8694252
8696177
8696480
8697739
8699942
8700792
8702377
8706077
8706768
8706787
8706842
8707047
8710718
8711406
8714907
8715996
8720774
8724364
8728472
8732570
8734428
8734589
8735252
8736516
8737198
8741490
8743278
8745612
8746617
8747152
8748320
8748325
8751953
8754076
8754497
8756152
8757290
8757587
8761362
8761917
8763376
8764220
8764417
8765384
8771788
8773425
8774569
8777722
8782359
8782646
8782887
8785204
8785677
8788683
8789942
8790400
8793239
8793655
8796490
8797899
8799183
8800552
8800961
8805046
8806473
8807152
8808492
8809065
8810050
8810892
8811418
8812474
8815453
8819336
8825229
8826105
8826860
8827901
8828638
8830914
8832002
8832023
8832812
8832901
8833710
8838286
8838384
8841638
8843001
8843312
8846519
8849086
8850046
8851089
8851231
8851996
8852151
8854520
8854700
8855869
8856563
8861224
8861267
8867065
8868726
8873518
8873801
8878780
8879199
8879397
8883643
8884823
8886062
8889587
8890271
8891267
8891559
8894353
8895174
8899878
8899907
8900029
8901441
8901511
8904540
8904575
8904747
8904808
8906004
8906321
8907192
8907720
8908485
8908533
8909604
8911269
8911911
8914316
8916276
8916491
8916523
8918204
8919700
8920181
8922195
8925597
8925814
8927242
8929891
8930038
8930788
8930875
8932122
8933428
8934083
8934522
8934710
8935618
8936082
8939385
8940858
8940969
8944060
8946466
8947471
8948319
8949367
8953711
8956858
8958427
8963239
8966923
8968009
8970308
8971604
8974688
8975064
8975658
8977017
8979216
8980878
8981086
8985505
8985692
8986686
8988353
8988539
8990523
8991936
8992465
9000690
9001215
9002056
9002967
9003472
9004093
9005121
9005444
9006924
9008335
9009710
9009988
9010680
9015052
9015941
9016252
9020074
9023211
9027019
9027318
9029340
9030646
9038349
9042047
9042408
9043917
9045243
9046460
9046761
9048095
9048119
9049348
9060256
9067763
9069672
9069947
9070617
9071583
9074681
9075295
9075819
9078355
9079551
9083903
9092025
9095028
9097197
9097734
9098817
9101511
9101930
9103084
9104728
9105363
9105591
9108679
9112220
9113536
9116629
9119336
9121271
9122652
9126604
9126997
9131876
9132259
9132766
9133298
9140397
9143600
9144369
9146734
9148341
9150301
9152149
9153826
9154200
9158457
9160066
9162343
9163140
9163205
9163516
9165610
9165682
9167893
9168794
9168905
9171424
9176431
9176882
9177785
9181056
9183220
9191354
9193316
9193817
9194227
9198282
9201092
9202310
9202364
9202457
9203632
9204569
9205218
9205700
9206414
9207139
9209612
9209892
9210798
9210865
9212450
9212486
9213873
9214793
9217961
9225269
9232337
9232587
9233403
9234338
9238155
9239051
9239370
9242794
9244930
9245285
9247948
9250432
9250602
9254195
9256460
9257498
9259628
9260371
9260441
9261140
9262793
9262858
9265159
9266512
9269805
9270585
9273551
9273722
9273863
9274347
9274558
9274621
9275308
9276321
9276585
9277357
9280421
9281790
9281905
9281910
9283717
9284109
9284174
9284823
9285746
9286976
9288106
9290391
9294085
9294358
9294413
9301691
9305219
9305741
9306630
9307296
9310404
9310915
9311763
9313065
9315736
9326921
9327387
9329071
9331837
9333762
9334263
9334829
9335425
9336520
9337570
9340188
9341236
9345411
9346300
9347073
9347326
9347519
9348945
9349803
9350320
9351018
9355048
9355986
9356933
9358590
9359456
9361080
9361231
9361236
9361540
9369713
9371260
9372605
9377529
9379765
9380737
9384625
9386728
9389331
9391775
9396123
9398418
9400167
9400405
9401037
9404785
9412406
9414919
9418324
9419519
9422764
9424403
9427021
9427986
9428217
9428413
9429164
9430703
9432382
9434431
9435989
9437510
9437598
9438228
9439124
9439503
9440051
9440295
9440959
9444738
9445384
9448336
9453524
9458727
9459270
9462803
9469561
9471939
9472155
9472295
9472300
9473128
9478528
9480798
9481005
9482246
9486360
9489070
9490170
9491959
9493501
9494532
9495547
9496160
9497649
9498111
9498452
9499229
9506484
9508734
9510104
9517266
9517864
9521848
9522819
9524504
9525053
9526895
9528115
9528174
9528604
9533948
9535660
9540824
9541678
9543708
9543866
9544517
9544582
9545362
9547128
9547179
9548968
9551924
9552625
9553829
9555147
9556388
9559116
9561971
9565199
9569328
9569856
9571109
9572287
9573357
9573574
9574390
9575340
9575518
9579704
9580163
9580392
9584506
9588316
9589888
9590368
9592753
9596740
9597230
9597669
9598501
9599291
9602786
9603292
9603710
9604851
9609392
9610683
9611761
9614593
9615752
9616592
9616908
9616937
9621123
9623346
9625043
9625963
9627570
9628280
9631212
9635475
9635878
9637480
9639876
9640510
9640549
9640591
9641636
9642065
9646182
9646395
9648442
9649792
9649848
9650071
9653063
9665312
9665644
9668195
9669353
9669691
9669995
9670964
9671782
9673968
9675165
9678798
9679093
9682240
9683501
9686125
9686416
9687612
9688014
9689076
9689739
9690084
9692584
9697541
9700595
9705813
9706433
9708565
9709510
9710813
9711267
9714681
9718025
9718492
9718675
9720083
9720615
9721215
9721883
9727404
9728375
9732481
9734885
9738997
9740426
9741166
9746621
9747125
9748500
9749066
9750286
9751847
9758786
9762802
9763986
9765805
9766552
9769977
9770737
9771675
9773918
9774521
9775499
9779505
9781815
9782654
9784150
9785606
9788481
9789047
9789458
9790423
9790965
9791074
9793380
9794987
9795728
9797860
9803554
9803651
9807767
9815755
9815770
9816815
9817099
9817115
9818110
9818306
9818460
9818617
9820133
9820535
9821526
9825446
9826546
9827521
9828214
9829019
9830252
9830634
9831533
9832876
9833126
9835103
9838947
9841495
9843995
9845806
9848472
9849686
9854473
9858136
9863206
9863622
9866147
9866178
9867285
9880458
9881802
9886453
9887870
9890826
9891468
9892782
9895165
9895401
9900063
9903923
9904198
9904814
9905988
9907038
9907254
9909055
9910274
9913352
9914116
9914484
9916451
9917825
9917950
9920693
9923245
9925007
9928946
9929905
9930386
9930901
9931425
9932952
9936301
9940270
9940339
9940895
9945281
9948411
9952736
9955535
9956144
9957396
9966669
9966841
9968515
9969760
9970032
9971193
9976495
9977866
9978453
9978556
9980652
9980886
9980891
9989099
9991033
9993124
9995207
9995246
9995537
9999721
10000214
10001908
10002008
10003200
10004741
10004803
10005883
10006113
10012065
10012066
10012731
10015392
10016451
10016909
10017825
10019217
10021811
10024150
10025522
10026096
10028584
10028668
10030969
10032029
10033563
10033605
10033899
10037242
10037545
10038270
10039472
10039956
10042821
10044958
10046261
10052367
10052951
10054522
10059090
10060750
10061687
10062138
10063891
10064585
10064759
10065254
10065718
10071523
10076727
10079579
10081303
10081495
10084149
10085327
10086101
10086886
10089156
10089333
10091370
10098538
10099878
10101784
10102830
10103458
10107250
10108577
10111884
10112289
10114469
10114837
10115971
10119314
10119452
10122631
10123386
10124691
10125410
10126414
10127115
10131234
10133692
10133737
10135890
10136493
10141026
10142005
10142181
10144053
10144186
10145151
10151198
10151200
10152858
10158849
10160555
10163007
10163844
10164258
10164650
10168499
10169635
10169668
10170042
10170586
10173399
10176180
10176757
10176938
10177733
10181029
10182377
10185862
10193638
10198091
10198098
10200708
10203151
10204773
10208756
10208971
10213280
10214651
10216902
10219079
10219536
10227608
10228047
10228461
10228575
10228873
10229083
10230940
10231161
10232873
10232954
10232996
10233700
10239612
10243696
10244119
10245164
10247896
10248300
10249615
10250591
10255134
10255434
10259520
10264502
10270486
10271142
10273443
10275403
10275613
10276209
10278513
10282865
10283428
10288928
10291381
10291712
10292773
10292844
10293140
10294043
10294897
10298684
10299092
10299334
10305337
10305771
10313848
10314432
10315185
10316867
10318511
10321976
10328752
10328818
10328819
10329665
10329874
10332240
10333798
10337332
10342447
10345210
10349652
10349780
10350286
10350553
10350843
10352745
10353497
10358414
10359193
10360372
10361396
10361840
10363831
10364743
10365217
10372811
10379907
10381070
10382878
10382923
10383760
10384173
10385179
10387050
10387862
10391852
10393069
10396264
10396414
10398109
10398441
10399650
10406420
10406754
10408191
10411573
10412505
10415411
10417769
10419371
10419430
10422029
10422832
10426855
10427217
10427718
10429770
10430529
10430673
10430975
10434202
10434584
10435413
10438137
10438635
10441692
10443272
10443409
10443428
10446453
10447227
10448401
10452293
10455805
10456872
10461355
10462300
10463196
10463880
10466634
10466968
10467174
10467801
10470336
10470528
10471676
10472171
10475453
10475824
10476657
10478588
10480155
10485529
10486557
10487676
10488956
10495068
10496213
10500162
10504350
10505951
10506141
10507356
10507693
10508517
10509648
10510133
10511314
10512443
10515494
10520551
10522025
10523048
10527429
10528122
10534414
10536321
10541454
10541744
10541858
10543813
10546517
10547823
10548377
10553480
10554717
10555813
10555891
10558119
10560278
10561158
10561299
10563852
10564120
10566849
10570134
10572934
10574400
10575822
10576426
10577316
10580291
10583066
10583187
10584006
10584153
10584582
10587650
10587791
10588627
10589153
10589484
10592881
10594791
10596168
10596612
10597604
10597778
10597910
10601457
10602247
10605052
10607564
10608558
10609666
10613235
10613953
10615820
10618587
10620383
10621274
10623038
10625481
10630840
10630993
10631060
10631695
10633094
10634159
10634492
10639125
10639793
10642903
10643737
10650034
10654620
10656544
10656992
10664118
10664290
10665205
10665699
10666294
10667213
10670018
10670573
10671555
10673643
10674090
10674834
10680194
10680829
10681786
10682811
10683339
10684483
10684701
10686567
10687832
10689407
10689883
10690167
10693737
10694239
10694557
10694777
10695249
10695355
10696652
10698958
10699254
10700821
10702627
10703640
10704383
10704818
10705004
10706680
10710368
10710840
10711231
10713589
10718924
10719966
10721621
10721816
10722989
10724309
10727411
10728440
10730128
10735951
10736760
10743088
10743415
10743905
10745334
10746525
10749394
10749604
10749653
10751927
10753255
10755406
10755691
10757048
10757893
10759325
10759573
10761897
10764327
10768392
10769666
10771291
10775714
10777631
10786644
10788555
10789009
10790403
10790732
10791991
10792941
10793658
10794735
10795943
10797241
10802990
10804707
10806389
10807061
10809863
10813148
10816678
10818092
10818188
10821637
10821940
10822466
10824218
10828804
10828827
10833787
10835025
10835414
10837703
10838601
10838668
10842622
10843714
10843919
10845203
10846315
10848318
10848788
10850209
10850831
10851663
10853056
10855021
10856658
10857808
10858065
10860539
10860600
10861949
10871268
10873268
10874583
10876609
10879607
10881773
10882167
10883401
10883589
10895010
10896861
10898286
10900892
10902589
10903261
10904552
10911108
10911352
10913445
10913839
10916135
10917163
10922506
10927152
10928429
10929560
10930964
10932836
10933059
10933197
10934008
10934531
10937515
10938439
10938907
10940513
10944673
10946814
10949553
10949734
10953433
10954444
10954987
10957619
10958151
10958349
10958378
10959852
10960911
10962068
10964462
10965129
10971538
10974229
10978597
10978768
10981335
10981899
10982596
10986463
10988595
10988795
10989456
10992760
10994068
10998750
10999436
11003836
11008280
11008796
11009970
11011811
11013549
11021030
11021553
11029424
11032063
11032763
11035364
11035892
11042165
11043214
11045413
11045709
11046903
11048377
11051167
11052926
11054577
11057021
11057068
11057391
11057443
11058013
11058209
11059741
11060287
11061003
11062144
11063779
11063862
11064598
11065080
11067842
11068314
11069952
11070260
11072699
11072960
11076127
11078983
11083926
11084545
11085841
11087999
11089744
11090602
11091279
11092271
11093235
11094062
11094174
11094417
11096309
11096565
11096889
11099380
11099815
11100884
11103109
11103257
11104344
11105432
11109057
11114086
11117481
11117911
11120684
11121976
11127119
11127362
11130431
11133395
11134702
11137379
11137432
11138591
11142410
11147212
11147314
11147406
11149611
11149740
11152124
11152485
11156400
11156507
11157118
11158083
11158439
11160817
11161168
11167186
11167274
11170451
11171623
11171980
11179801
11182097
11182099
11182458
11184627
11185743
11191547
11194329
11196194
11198822
11200195
11202510
11203772
11206113
11209989
11210591
11211311
11216484
11217944
11219707
11223095
11223270
11223910
11224789
11226110
11226769
11229741
11231755
11235171
11236803
11238861
11240665
11241641
11241733
11244231
11245536
11251598
11258156
11260610
11261354
11262764
11263239
11269180
11271379
11277945
11280113
11280950
11282141
11283848
11284019
11289931
11291698
11293339
11295431
11297507
11298388
11298873
11302114
11304188
11306878
11307166
11309579
11310282
11316499
11316861
11318755
11319128
11321059
11322085
11324331
11326107
11329221
11329478
11332277
11332304
11333611
11333615
11335991
11336844
11340475
11345598
11346129
11353039
11356766
11360992
11364124
11367395
11368969
11371439
11372258
11373574
11375221
11375656
11376170
11379468
11380839
11381881
11382899
11383060
11385622
11388598
11388847
11389263
11391606
11392403
11392687
11395300
11398102
11399295
11404299
11405256
11405462
11406921
11407664
11411701
11412458
11417704
11419717
11425227
11427991
11428327
11428968
11430844
11432293
11435293
11435486
11436257
11436302
11437129
11441114
11442849
11445061
11445691
11449082
11449446
11452344
11453618
11454544
11457662
11458628
11460747
11465404
11465524
11472533
11480429
11480619
11481602
11482194
11487321
11487571
11489874
11490700
11493394
11495165
11495332
11496226
11496664
11502629
11502712
11506016
11507072
11512243
11514168
11515629
11516186
11516336
11518170
11518785
11519049
11519851
11520074
11521717
11524156
11525476
11525973
11526404
11527570
11528169
11528440
11530077
11538023
11540419
11542663
11543322
11545291
11546537
11546843
11547310
11550313
11550557
11551925
11552331
11553548
11556483
11558130
11561047
11561279
11563006
11564597
11564702
11565899
11566870
11568238
11568614
11570156
11570775
11572531
11574176
11576847
11577965
11586417
11588351
11590238
11591488
11593395
11594292
11594861
11600484
11601190
11605044
11607369
11608044
11608069
11609167
11609809
11610146
11610445
11613195
11615650
11619202
11621035
11622635
11628199
11629895
11633464
11633653
11634240
11636020
11637458
11637605
11637701
11638502
11640695
11641054
11642703
11642740
11644452
11644981
11645052
11650036
11650120
11652616
11654721
11657686
11658307
11661982
11662223
11663183
11667307
11668880
11672905
11674063
11675686
11677548
11677699
11678235
11679211
11680173
11680427
11680925
11681300
11682705
11686675
11689267
11693159
11693436
11695711
11695928
11697076
11699347
11700250
11700614
11703150
11704654
11705873
11707319
11711716
11711897
11712054
11717803
11720094
11720640
11724987
11727330
11732618
11733234
11733267
11733291
11734122
11737777
11738139
11746743
11747798
11748067
11748409
11749207
11751518
11752940
11754407
11754413
11755296
11757005
11757361
11758870
11760405
11761523
11763341
11763703
11764409
11764858
11766478
11766496
11770777
11771516
11774846
11778019
11785542
11794792
11799589
11801623
11802968
11804549
11806689
11807278
11810284
11811122
11811136
11812715
11813581
11813793
11821240
11821491
11823724
11826391
11826517
11828038
11832497
11832620
11834559
11836364
11836549
11840609
11841010
11841335
11844295
11845174
11847521
11849425
11850343
11850406
11851408
11852777
11853180
11854426
11859993
11860820
11863723
11865987
11866576
11869410
11869706
11871387
11874214
11874433
11878404
11879276
11880218
11887924
11889212
11889845
11891640
11895050
11895099
11896109
11897796
11898524
11900042
11902687
11907627
11908177
11910137
11912532
11913209
11914661
11919526
11922761
11923914
11926624
11927415
11928301
11930489
11934448
11934577
11936582
11936678
11937453
11938412
11938656
11940051
11941651
11942764
11945597
11945787
11949922
11955707
11964090
11964629
11965444
11967231
11970683
11972227
11974744
11986044
11986685
11987422
11994261
11994866
11995749
11995789
11996946
11998702
12001677
12003047
12004287
12005268
12007904
12009411
12012384
12016514
12018509
12018927
12019314
12021556
12026171
12026381
12028019
12035527
12036568
12039129
12040229
12041488
12042979
12048461
12048917
12049694
12051881
12052724
12053286
12053562
12054838
12055469
12056813
12058153
12058327
12062291
12062461
12062871
12063397
12065409
12066344
12066696
12067919
12068554
12071424
12072033
12072181
12074994
12075335
12077161
12080062
12080205
12081548
12082000
12082251
12082835
12088762
12089571
12094110
12094779
12096378
12097016
12097023
12097267
12097415
12098117
12098956
12100236
12101288
12105449
12107201
12111781
12117190
12118106
12122163
12122213
12124405
12125152
12127604
12128278
12132381
12133545
12134154
12136036
12141366
12142627
12145761
12147407
12148744
12150645
12151438
12160044
12160128
12164730
12165658
12165990
12170365
12172230
12172723
12173643
12175755
12176030
12182007
12182616
12183691
12185352
12186588
12186645
12187210
12188011
12189343
12192738
12194077
12194959
12195508
12198223
12199356
12201437
12202263
12202480
12207577
12207581
12209141
12212818
12217548
12219035
12228373
12229181
12229379
12231188
12232215
12232557
12233335
12234206
12235161
12238209
12241954
12242143
12244684
12249039
12250489
12251821
12253146
12253750
12255060
12257648
12257917
12261796
12267076
12272036
12272348
12276029
12276458
12280144
12283291
12284576
12289657
12290019
12290917
12292993
12296244
12296291
12299328
12299472
12303408
12315606
12315812
12319274
12321303
12322327
12327303
12331130
12332907
12336485
12339601
12339629
12339957
12347314
12351118
12351685
12352353
12352491
12353754
12354295
12356451
12356864
12360158
12364453
12370030
12370115
12370692
12378783
12379667
12379802
12380671
12385875
12389355
12391487
12392550
12392947
12393293
12395037
12399040
12399959
12400308
12403010
12405385
12405534
12405680
12406666
12406919
12408026
12411004
12415987
12418136
12418210
12418875
12420136
12420445
12422261
12424089
12425575
12429922
12430079
12434645
12435180
12436904
12438127
12442316
12442688
12443521
12445582
12450526
12456460
12459284
12461297
12461322
12461660
12463339
12463623
12465364
12466100
12467728
12469952
12471211
12471866
12473018
12473564
12478230
12478341
12482311
12483354
12487343
12488000
12489519
12489736
12491193
12491510
12491942
12492382
12500294
12500828
12502347
12503309
12505762
12506900
12508607
12509083
12510278
12511001
12513684
12516240
12516321
12518372
12518672
12519560
12522256
12525733
12527625
12532076
12534250
12534667
12534857
12535446
12543380
12543552
12544267
12544953
12545312
12546166
12546928
12548877
12548884
12552574
12554161
12555252
12557606
12557993
12558107
12562678
12563812
12564203
12566941
12567619
12572721
12574856
12575902
12576042
12576189
12577670
12580336
12581279
12581830
12582366
12586746
12586830
12588091
12588417
12588650
12589272
12595287
12595360
12598122
12598646
12601061
12602411
12602509
12603367
12610043
12610599
12611968
12614900
12618560
12619054
12619221
12620340
12620627
12623319
12625267
12629467
12632886
12636249
12636894
12638193
12640071
12640281
12640958
12641788
12646580
12647539
12650914
12651874
12655723
12656698
12660522
12662753
12662971
12670055
12671729
12674578
12679642
12681347
12683675
12685315
12687300
12687480
12688682
12688812
12692758
12692807
12694716
12695342
12697428
12698110
12698621
12704894
12705813
12705938
12706577
12706800
12710332
12715650
12716605
12717759
12718085
12718585
12718933
12720467
12727369
12727471
12732967
12733071
12733850
12738558
12739518
12739646
12742027
12743996
12745052
12746593
12746883
12748223
12750886
12753056
12753231
12755313
12755578
12757081
12759996
12763239
12766896
12769626
12771186
12777310
12780748
12781429
12782275
12782304
12783057
12784152
12788098
12789213
12790296
12790300
12790376
12790682
12795358
12796579
12802031
12802181
12806024
12807299
12807556
12807992
12808315
12812904
12813569
12814994
12815947
12816032
12817187
12818085
12820003
12821421
12822060
12822194
12824437
12824944
12825783
12827030
12829886
12830865
12834224
12837634
12837990
12840007
12843926
12844493
12846738
12846747
12848819
12854391
12856545
12857659
12858035
12858153
12858356
12860190
12860624
12860802
12861605
12862141
12864263
12865051
12866329
12867015
12868599
12869528
12869861
12872007
12874083
12876219
12877493
12878033
12881287
12881827
12882141
12886339
12888637
12892699
12893368
12894207
12899685
12902449
12902659
12904232
12907903
12909985
12911764
12913608
12913671
12914044
12915094
12915374
12916258
12917354
12917743
12920104
12923146
12923670
12926113
12927693
12928960
12933203
12933477
12934770
12936867
12937558
12938867
12938904
12939678
12940380
12941853
12942930
12948107
12948555
12954298
12957079
12959021
12959098
12959305
12960061
12960229
12960996
12961709
12962098
12962598
12963057
12964299
12966483
12968976
12970278
12973339
12975120
12976655
12978074
12978919
12979142
12981067
12981754
12986134
12988408
12990574
12993184
12993789
12994759
12995975
12996667
12998712
13001153
13001584
13001894
13003194
13003249
13003754
13007492
13008155
13016294
13017368
13021580
13022857
13023201
13024377
13024881
13027654
13029717
13030767
13032038
13032122
13032274
13032861
13033153
13033483
13039302
13039497
13040224
13040687
13040905
13043583
13048589
13049373
13051552
13055660
13055693
13056679
13057148
13057353
13059441
13061424
13067888
13069126
13073337
13075432
13076373
13076884
13079468
13080634
13082661
13085126
13087271
13087437
13090271
13091870
13092291
13093119
13094070
13095058
13097556
13101237
13107541
13111166
13111349
13111731
13111967
13113699
13113734
13113802
13115278
13118319
13125544
13127149
13133889
13136313
13139363
13139945
13140199
13140330
13144347
13147326
13150562
13150793
13151380
13153723
13155952
13160045
13160057
13166613
13170168
13171511
13172057
13172701
13180363
13181211
13182867
13184821
13185100
13186903
13189939
13191174
13191270
13197414
13201013
13201949
13203778
13204249
13205238
13208547
13211884
13212012
13213710
13214412
13214846
13214947
13215767
13217589
13224857
13227891
13230577
13233130
13244173
13246224
13253826
13254615
13254698
13255250
13259307
13260058
13260370
13260473
13262050
13263276
13274858
13275976
13277371
13279570
13280148
13280826
13281588
13284395
13285515
13286223
13288417
13295033
13295991
13296521
13299831
13303326
13306452
13307950
13309005
13310225
13310385
13314194
13315795
13320789
13322248
13325917
13327861
13328300
13328879
13334294
13337533
13338292
13344203
13345937
13349320
13350068
13353408
13353558
13353950
13356035
13356697
13359349
13360582
13361361
13362893
13366462
13366640
13368293
13373837
13377962
13378559
13382527
13383777
13384899
13388359
13388360
13388422
13391126
13392024
13394979
13396816
13399299
13400727
13402753
13403578
13404763
13407703
13410846
13412557
13418938
13421101
13422493
13424166
13424716
13425365
13425975
13429426
13430558
13433486
13433880
13433892
13434811
13442166
13442232
13442473
13444202
13445965
13446668
13447216
13447593
13450785
13461770
13461827
13463170
13469772
13470685
13472437
13476540
13477035
13477186
13478633
13482394
13484578
13485085
13490056
13490336
13490385
13490627
13492901
13495284
13495722
13500858
13501181
13506269
13506602
13507485
13509582
13509583
13510797
13511402
13511850
13511955
13514636
13514681
13516145
13518292
13519159
13521612
13523641
13524205
13526172
13527516
13529696
13533502
13534049
13535632
13541141
13541152
13541967
13542595
13543024
13546734
13547540
13548937
13550384
13551978
13560218
13563357
13563368
13564984
13568441
13568706
13569029
13569346
13570711
13572697
13576518
13579297
13583521
13586506
13588962
13595261
13596665
13597703
13598147
13598290
13599528
13599977
13600985
13601156
13603405
13609491
13612299
13612325
13615351
13616821
13617747
13619289
13622229
13623790
13623808
13625534
13632609
13632904
13633763
13635114
13636288
13637678
13641371
13641430
13645449
13646430
13648215
13649541
13650441
13652392
13658853
13659704
13660131
13661421
13665533
13665872
13667347
13668561
13669045
13669640
13675107
13675568
13675648
13677086
13678368
13683058
13683533
13683992
13685756
13692716
13697350
13698767
13699344
13701409
13703199
13703628
13706375
13707296
13707627
13708241
13711291
13711347
13712396
13714295
13715592
13716007
13718573
13719685
13720192
13722524
13722556
13723702
13725802
13727289
13727409
13730066
13730912
13731176
13732572
13733764
13734682
13736888
13742883
13746357
13748235
13750181
13752550
13755742
13755907
13756083
13763427
13765885
13770765
13772429
13772492
13772755
13773974
13774101
13774533
13781215
13781264
13781314
13782025
13783705
13789926
13792619
13793381
13796520
13797335
13798837
13799153
13801013
13802909
13805351
13808102
13810691
13811180
13812877
13814762
13815800
13816199
13819994
13821955
13823417
13823701
13827563
13828119
13829723
13830463
13832328
13835150
13836051
13838448
13841744
13843819
13843965
13845073
13852563
13853025
13853517
13859025
13860285
13862048
13869946
13870277
13870638
13871454
13873842
13874017
13882133
13882901
13884965
13885496
13887717
13896162
13898609
13899662
13902814
13904263
13908459
13908616
13908892
13910829
13911444
13912501
13912736
13914337
13915166
13916223
13916392
13918429
13919474
13921729
13924602
13925760
13925986
13926303
13929400
13930088
13930220
13931720
13933636
13935235
13939530
13941286
13941483
13943060
13943105
13945529
13947557
13952205
13952714
13955163
13958063
13960903
13961020
13963544
13965549
13967182
13970341
13973251
13975368
13980168
13981348
13982797
13987172
13987977
13990519
13990696
13990698
13992144
13996307
13996627
13996995
13998859
13998972
14000592
14014694
14016030
14018125
14018279
14020048
14026842
14029022
14034127
14035543
14036934
14038715
14041240
14041476
14041691
14043589
14044460
14046428
14048202
14050997
14054711
14054895
14057140
14057632
14059403
14061931
14071219
14073473
14076054
14076173
14079614
14079627
14080503
14082601
14084225
14088587
14089418
14094037
14095261
14095544
14097944
14098202
14099481
14102097
14103048
14105790
14106953
14107523
14108698
14111241
14113894
14116919
14123005
14123268
14123709
14125442
14128312
14135777
14137297
14137677
14138266
14145182
14145390
14147440
14147711
14147958
14148489
14148838
14150362
14152115
14152551
14155584
14155679
14155683
14161946
14162765
14163815
14164046
14164548
14168181
14170656
14172589
14173364
14176435
14176833
14177816
14182372
14183037
14185222
14191108
14191831
14193443
14194306
14196571
14196692
14198492
14199427
14201162
14201846
14208590
14209661
14211766
14215249
14217076
14222623
14226294
14227299
14227390
14229074
14229860
14230865
14231142
14232464
14233791
14234703
14236367
14236868
14240735
14246689
14249985
14252794
14253346
14257593
14271257
14271280
14274823
14275776
14279737
14280827
14282359
14282686
14284176
14285942
14288103
14288891
14289569
14297375
14298526
14299151
14300603
14301195
14302913
14303334
14303962
14304018
14306137
14311197
14311975
14315917
14318881
14319550
14322314
14326614
14327624
14328905
14329888
14330801
14332371
14338281
14340620
14342872
14345744
14346284
14348815
14349133
14352082
14352968
14354271
14356501
14356534
14360198
14360722
14360902
14364519
14364597
14365326
14367889
14368488
14369236
14371376
14372063
14373011
14373064
14374486
14376539
14378440
14379069
14381485
14387394
14387846
14390477
14391007
14396090
14402175
14403429
14403655
14403889
14404329
14405024
14405270
14406993
14407274
14407477
14410162
14412292
14412856
14419125
14419768
14421899
14425711
14427033
14427783
14428741
14431072
14435355
14435641
14436493
14439539
14439950
14441865
14442654
14443115
14445071
14446216
14450849
14451357
14452750
14455414
14458291
14460992
14462617
14462827
14465066
14465707
14465778
14468914
14470881
14473541
14476759
14477355
14477385
14479072
14479080
14480410
14481021
14482890
14484028
14487910
14489756
14490710
14491961
14492005
14492044
14493580
14494378
14497241
14498022
14502590
14503075
14503800
14505193
14511554
14514015
14516589
14517325
14517347
14517954
14518107
14521339
14522125
14526765
14526929
14527127
14533404
14534385
14534500
14534920
14535589
14536863
14541379
14542852
14544664
14545502
14545652
14545858
14547032
14550087
14551337
14554085
14557505
14560954
14561795
14563178
14563349
14565064
14566563
14568762
14571910
14572729
14573289
14573516
14574123
14577054
14577998
14578532
14579179
14580514
14581766
14581768
14587413
14587647
14588868
14589611
14591707
14597673
14602658
14603083
14603664
14604500
14607120
14611767
14612480
14614453
14614871
14615286
14615747
14617408
14629277
14632036
14633874
14635368
14637365
14639367
14643144
14647837
14648611
14650090
14650183
14651952
14652626
14658899
14658906
14669452
14670708
14670820
14671261
14672475
14673547
14680383
14681799
14683873
14683906
14685715
14685738
14688533
14688594
14688783
14690268
14691476
14691552
14691627
14692160
14692198
14693212
14698413
14699317
14699587
14701860
14703650
14704997
14710445
14711183
14714096
14718779
14719308
14720132
14720139
14720155
14721058
14721327
14722814
14723455
14726974
14728601
14733842
14737012
14737168
14740739
14742983
14746354
14746708
14747756
14750514
14751410
14752545
14755333
14755848
14759662
14763858
14764110
14764424
14764806
14766159
14767101
14767123
14770022
14772495
14772998
14773847
14776200
14781143
14788070
14790187
14790220
14795717
14796607
14796996
14798637
14798910
14799933
14800695
14802901
14803489
14808310
14808503
14808951
14815209
14817441
14822817
14827464
14828345
14830045
14830426
14831757
14832621
14833342
14835543
14838001
14839176
14841214
14841359
14841363
14841421
14843492
14846520
14846990
14852259
14852503
14852856
14853117
14860379
14862432
14864734
14865721
14867350
14867559
14869436
14870503
14873861
14876214
14876597
14877658
14879652
14880697
14881792
14881899
14883663
14884246
14886633
14888989
14889393
14890304
14892754
14893159
14895010
14897282
14898426
14902985
14903748
14904210
14905060
14905523
14906689
14906873
14908019
14908216
14908648
14910372
14911283
14916653
14917930
14918448
14918928
14927658
14928435
14929693
14930236
14938184
14938767
14940575
14941238
14944935
14945162
14949561
14950892
14950927
14950947
14954493
14957058
14957219
14957577
14960187
14960620
14960737
14964260
14964393
14966253
14967373
14967481
14971492
14974861
14975831
14976128
14976786
14979026
14981125
14983138
14984164
14990769
14991645
14996685
14999628
14999667
15000700
15002393
15004800
15005674
15005765
15007301
15010840
15012480
15013349
15014300
15014879
15016791
15017940
15018098
15018469
15021217
15021980
15022589
15022867
15025800
15026747
15030121
15031633
15034712
15036785
15037875
15039561
15040324
15041302
15047421
15049161
15051259
15054934
15055258
15056150
15058660
15059277
15061730
15061836
15063280
15063395
15064796
15071515
15071548
15071831
15080055
15080541
15084833
15087195
15087993
15090033
15092664
15092967
15094447
15097157
15099169
15110822
15116173
15117149
15117795
15118080
15119192
15122389
15122569
15124642
15124945
15127843
15133709
15133713
15134168
15135048
15141590
15142832
15145097
15147985
15151747
15152958
15155011
15155956
15158937
15160581
15160621
15165259
15172102
15173493
15175416
15179894
15183208
15183654
15183799
15185136
15185253
15186683
15189283
15190087
15190407
15193542
15197071
15197936
15201603
15204453
15205623
15210535
15213567
15220001
15220916
15224051
15227499
15229421
15229864
15234662
15242461
15244998
15245870
15250783
15257587
15257646
15259646
15260130
15262524
15262760
15265656
15265836
15266578
15267284
15267331
15269819
15270887
15273344
15274918
15278798
15278951
15282185
15283225
15283853
15284265
15284537
15285198
15287422
15287619
15287907
15293357
15293448
15293543
15294792
15298366
15298692
15299448
15301135
15302099
15305311
15306898
15310120
15312333
15312827
15316826
15321596
15321636
15322924
15323091
15325143
15326229
15334492
15334512
15335368
15336881
15341310
15343151
15344829
15347295
15351223
15352150
15353404
15354530
15355591
15358414
15359699
15363439
15364277
15365961
15367398
15370664
15372138
15375325
15378890
15379335
15380887
15380952
15382085
15384437
15386068
15387233
15388642
15390985
15392248
15396071
15400134
15402529
15404643
15406890
15407368
15407548
15410043
15411427
15418890
15419443
15422125
15422744
15424516
15425276
15433353
15433444
15438148
15440172
15441836
15441965
15444172
15445883
15447896
15450016
15450548
15454694
15456134
15457031
15458776
15458890
15460665
15463668
15466312
15468125
15470558
15471274
15473593
15475037
15477251
15478914
15481496
15483423
15483749
15495198
15509542
15511986
15512721
15512853
15512868
15515587
15517128
15519410
15520986
15522254
15523507
15524565
15531601
15533299
15534976
15535491
15536986
15538280
15546652
15547696
15552943
15553125
15556133
15560072
15560280
15560864
15561699
15562092
15562371
15563176
15565553
15566951
15567671
15575942
15578741
15579386
15579489
15582268
15584797
15586330
15588653
15590481
15591433
15591615
15595302
15595684
15596808
15605823
15608342
15611845
15612470
15613378
15614968
15615887
15616272
15619360
15621608
15622152
15624935
15626446
15626929
15627750
15627751
15629948
15631165
15636791
15636875
15638511
15638831
15640258
15643765
15645826
15646069
15646540
15649236
15649504
15650180
15652382
15655721
15657666
15659523
15659664
15661191
15661739
15662999
15663335
15669319
15676772
15677173
15679109
15679437
15680067
15683002
15683167
15683753
15689659
15691653
15695552
15696273
15698586
15698860
15702332
15702534
15703063
15705905
15710387
15712793
15714503
15716438
15720082
15720479
15722376
15722549
15724928
15726398
15726552
15727718
15728325
15728883
15735736
15735861
15736970
15741744
15744376
15744399
15745288
15747310
15747875
15749228
15749350
15754196
15754609
15760769
15761470
15761643
15762682
15763329
15764850
15767153
15768987
15770371
15773662
15775292
15775389
15778054
15778569
15778982
15780292
15781044
15782014
15784295
15787604
15791531
15791879
15792013
15792595
15793245
15795482
15798607
15800493
15801081
15801106
15806014
15807080
15807509
15810211
15810255
15810585
15813726
15814095
15814541
15814646
15818924
15820624
15824068
15824376
15828459
15831037
15833131
15839253
15839886
15840116
15841418
15841842
15846011
15846290
15852090
15854829
15854836
15854977
15858058
15858295
15859051
15865165
15873682
15875546
15877108
15879397
15879463
15882013
15882562
15885680
15886076
15892032
15892052
15892755
15895566
15900457
15902797
15903989
15905138
15907914
15908277
15908440
15908790
15909673
15909844
15910571
15912735
15913885
15916360
15919418
15924022
15925241
15927876
15928838
15930366
15932380
15935732
15936356
15938957
15939075
15941646
15942612
15943057
15943464
15944081
15946138
15946749
15948207
15949370
15949821
15953199
15953571
15953832
15958152
15958887
15962199
15962296
15962812
15965964
15970182
15970603
15971074
15974064
15975552
15975839
15977019
15980231
15982833
15984641
15984881
15986635
15986910
15989355
15989982
15992107
15993450
15996092
15999522
16001935
16003463
16006114
16008155
16011746
16014699
16016392
16016680
16021723
16022541
16024885
16025465
16025478
16025571
16029303
16030037
16031220
16031972
16032370
16033479
16040719
16040821
16042237
16043440
16044752
16047989
16049851
16050953
16051364
16054175
16059523
16062937
16063176
16064851
16065386
16066098
16071529
16071821
16081482
16084235
16084297
16085342
16088030
16089734
16093338
16099740
16103392
16108334
16110362
16111727
16116016
16121969
16129293
16131260
16131526
16133432
16134499
16136132
16136218
16138312
16143531
16144969
16152785
16152904
16153193
16155523
16157114
16157882
16158365
16161628
16163841
16166922
16169312
16172565
16178983
16182495
16182707
16184222
16184481
16185027
16185157
16187365
16189189
16189738
16191823
16193881
16196321
16202196
16204168
16206295
16207669
16208183
16210965
16213236
16214095
16215064
16218197
16220856
16221892
16228176
16232089
16235673
16235748
16244462
16244589
16245250
16249340
16249420
16252606
16254163
16255146
16257190
16258257
16259104
16259455
16263543
16264509
16267047
16267500
16272705
16274750
16274865
16275378
16281548
16282172
16282246
16285299
16285762
16287500
16290502
16295128
16296113
16297474
16301135
16301870
16304410
16306209
16307998
16308271
16309114
16309134
16309736
16313747
16316989
16319102
16322382
16322430
16323660
16324316
16326396
16327410
16329109
16329629
16329832
16331432
16331756
16336202
16338484
16339683
16347955
16348587
16349155
16351242
16352172
16352316
16356702
16358053
16360479
16360632
16364334
16366942
16367201
16369242
16370006
16371947
16372363
16372851
16373154
16373358
16375040
16377849
16380973
16381642
16381921
16382904
16383031
16390453
16391509
16391822
16393544
16395031
16398738
16399963
16401565
16401718
16401848
16402546
16402927
16406589
16406807
16406965
16409015
16409024
16409964
16415717
16417577
16423832
16425982
16428351
16429331
16429451
16430829
16434090
16439929
16442994
16443619
16444472
16448371
16450024
16454426
16454841
16457571
16457936
16460239
16461110
16461593
16461656
16463433
16464793
16465221
16468233
16469194
16469383
16469438
16470654
16470988
16471561
16473160
16476365
16477421
16477446
16477456
16482614
16482747
16489017
16490314
16491506
16492409
16495503
16498321
16503435
16504540
16507926
16508133
16510490
16513752
16514589
16516888
16517226
16518096
16519374
16525467
16525546
16527097
16527794
16528270
16528317
16528437
16528518
16531882
16531978
16532042
16533199
16533367
16534013
16534346
16539780
16540578
16546553
16547956
16548267
16550027
16555569
16555989
16557558
16558101
16558252
16559825
16561689
16563743
16567262
16569322
16570295
16571313
16571760
16572080
16572416
16572732
16573909
16574978
16577777
16582929
16583187
16584519
16585278
16588760
16595052
16595460
16598100
16600303
16601694
16605440
16608602
16610390
16611817
16613542
16615817
16617012
16617904
16620388
16620749
16624197
16624684
16626234
16628759
16629097
16630602
16632403
16633656
16637532
16638541
16638933
16642289
16646436
16647136
16647546
16648225
16648788
16649518
16652072
16654147
16656618
16656843
16657115
16658267
16660801
16667248
16673400
16676958
16682520
16683999
16684218
16688164
16688629
16688871
16689643
16692030
16694288
16699318
16701595
16703369
16705331
16710277
16711417
16712657
16719250
16719977
16720861
16721348
16721867
16722741
16722868
16727155
16730080
16731791
16732215
16732709
16739420
16742780
16743094
16750105
16751655
16751845
16758041
16759605
16759799
16762377
16764569
16765519
16766329
16767698
16768155
16772702
16772743
16773146
16774431
16777163
16781195
16782897
16784271
16784462
16785493
16785631
16787257
16788822
16792659
16793334
16795120
16795474
16799354
16800701
16801046
16802657
16804960
16806619
16807488
16807564
16808959
16809224
16810101
16810279
16811298
16812536
16813238
16815758
16816097
16817838
16818033
16818210
16821361
16822184
16827340
16828259
16831208
16834138
16840648
16845763
16848210
16848677
16849241
16853608
16855490
16859914
16864785
16870095
16871672
16871716
16872712
16873581
16873925
16879063
16880910
16881367
16882497
16885426
16885842
16889507
16890819
16896386
16896645
16896684
16900707
16902248
16902830
16904509
16907772
16908446
16912061
16915531
16915567
16916863
16917345
16918064
16921323
16921865
16924197
16924281
16926671
16927035
16927864
16935429
16935709
16938225
16938784
16940384
16943050
16943668
16944535
16955226
16956992
16959812
16961776
16963318
16964445
16965340
16965506
16966190
16967047
16969307
16970797
16977388
16979433
16980915
16986248
16987173
16990869
16994218
16994441
17003246
17005035
17009594
17009598
17010110
17010451
17010467
17012495
17012632
17012964
17018476
17020513
17022071
17023497
17024154
17024857
17026717
17027516
17029604
17034957
17035826
17035972
17039691
17041869
17042909
17047039
17050039
17052317
17055394
17058202
17062210
17063393
17064568
17064872
17065871
17072483
17073520
17074935
17086632
17087123
17088542
17095581
17096962
17101387
17104438
17104572
17107227
17107620
17107867
17109583
17114587
17116070
17116893
17118978
17124653
17124872
17125866
17126520
17126906
17128624
17130391
17133322
17135533
17136746
17139143
17141931
17145168
17146490
17148578
17161110
17163503
17163963
17167348
17168630
17169815
17169921
17170702
17172938
17173453
17175253
17176816
17176928
17178432
17181116
17181462
17182928
17183338
17185033
17186204
17188096
17190404
17190788
17195561
17197870
17198417
17201618
17202061
17202861
17204686
17208750
17209386
17211669
17213248
17214240
17217775
17218847
17221724
17226493
17227623
17227995
17228822
17235194
17238142
17238435
17239963
17240400
17241993
17244300
17244622
17244829
17245095
17246050
17248859
17251019
17252368
17253452
17254800
17257284
17257884
17259562
17259947
17260156
17261323
17268010
17269695
17270156
17272085
17272112
17272801
17278151
17279521
17280472
17280631
17283428
17283856
17285287
17289573
17290758
17291823
17292182
17294058
17294586
17297418
17297649
17300163
17301664
17301793
17303172
17303663
17305250
17305641
17308179
17316789
17317139
17319539
17321047
17321420
17322227
17324872
17325137
17332817
17335512
17335519
17335560
17338457
17341302
17342555
17345166
17345328
17345330
17345608
17347496
17348915
17350043
17351914
17352156
17353376
17353418
17354398
17354648
17355501
17356441
17356626
17358398
17358749
17360537
17365031
17369023
17370050
17370840
17372475
17372737
17376361
17377133
17377401
17379486
17384549
17384739
17396246
17397610
17400453
17400920
17401164
17401739
17401985
17402583
17404467
17406215
17407796
17417665
17420168
17422866
17423236
17423506
17427598
17428363
17429995
17431684
17432567
17434658
17437295
17438471
17440008
17440405
17440509
17442653
17443066
17446192
17448559
17451600
17451704
17453692
17454471
17461384
17464335
17465162
17465226
17467232
17469305
17474125
17475953
17479479
17481502
17482529
17488217
17489558
17489799
17494170
17495008
17495796
17496600
17498914
17500722
17504642
17507740
17509097
17509340
17510826
17512095
17515433
17517978
17521105
17521835
17523012
17524794
17525256
17526577
17526792
17527342
17528794
17532305
17533149
17533374
17535584
17536409
17536436
17537152
17537465
17537724
17540393
17543235
17545753
17546846
17549120
17549353
17549720
17551512
17553121
17553243
17559306
17559964
17562076
17566966
17567914
17569011
17570159
17580169
17587990
17590541
17591727
17592837
17593568
17594789
17596692
17610697
17611557
17616832
17617040
17621950
17622266
17626131
17626994
17632254
17635151
17637902
17638032
17644965
17645814
17646300
17651507
17654299
17654922
17655368
17659684
17664107
17666811
17668835
17671644
17672718
17674559
17676871
17684581
17686178
17691667
17693001
17695194
17696338
17697835
17699123
17699909
17701483
17703906
17706757
17708144
17710840
17711387
17712316
17712909
17713520
17714537
17715318
17715564
17720893
17721711
17724354
17730540
17731769
17732520
17732805
17734783
17735851
17736959
17737975
17738482
17738777
17743368
17747043
17747218
17751269
17755005
17755457
17756530
17760884
17762579
17766355
17768272
17768861
17768902
17769667
17769937
17772600
17773505
17773524
17775194
17777511
17781466
17782656
17783433
17789028
17789598
17789655
17794063
17794595
17794653
17795077
17796940
17799147
17799221
17801405
17801809
17803689
17803824
17805196
17806448
17813880
17814094
17818585
17820019
17820755
17821956
17824347
17828964
17829570
17830007
17830498
17830969
17833512
17834726
17837568
17837818
17837900
17840428
17840455
17841148
17842064
17844883
17846257
17849718
17851930
17852643
17854023
17856725
17858924
17859658
17862128
17864171
17866526
17867964
17869580
17871310
17875935
17882293
17884211
17884997
17887118
17897835
17900331
17901347
17901697
17903634
17904463
17904856
17906253
17906339
17907132
17909678
17911573
17911644
17915181
17915972
17922444
17924361
17925597
17927598
17928227
17928725
17928843
17930992
17931955
17934754
17939021
17939228
17941212
17942227
17942581
17942647
17943356
17946036
17947562
17949299
17951455
17955218
17955451
17956812
17959213
17960277
17961006
17961797
17964265
17965385
17974994
17975485
17975590
17976593
17976895
17978952
17979695
17980601
17981380
17982151
17988033
17988206
17991142
17996772
17997630
18000518
18001934
18001940
18003744
18004771
18008731
18009982
18010899
18015280
18015597
18016667
18018680
18019035
18019900
18023228
18024559
18027342
18028360
18029255
18029401
18030205
18030413
18030643
18030815
18037884
18038381
18038581
18044389
18044680
18047083
18047174
18047650
18050234
18051005
18051303
18051680
18052149
18057317
18060340
18060614
18061150
18062052
18065835
18066007
18067695
18069861
18070869
18071485
18071783
18073442
18074692
18076987
18079814
18086297
18089636
18091340
18094830
18096241
18099655
18101214
18101887
18103367
18108602
18109230
18110287
18111201
18112527
18113339
18115209
18116297
18117866
18118214
18125312
18127320
18127537
18130484
18130791
18132017
18132744
18137789
18138803
18139444
18140253
18140293
18140626
18146303
18150157
18153072
18153226
18153767
18154981
18158541
18160435
18163141
18165454
18166094
18167514
18171955
18172049
18177660
18178206
18179047
18182221
18182729
18184460
18189717
18198694
18199725
18200362
18201776
18203327
18211515
18214092
18215163
18216220
18216624
18217179
18219435
18219732
18220273
18221350
18221357
18221365
18225304
18226149
18226437
18228384
18229278
18231647
18231999
18232132
18233037
18234220
18234319
18236030
18236166
18239387
18239597
18240997
18243233
18246934
18249570
18251622
18254277
18254611
18256802
18258115
18259578
18261907
18261919
18262038
18262517
18263973
18269215
18272200
18273310
18273709
18277403
18281217
18284555
18288752
18289969
18290288
18291021
18291230
18292557
18292766
18296038
18296933
18297238
18299286
18301291
18302529
18304492
18305441
18309470
18312587
18313219
18316807
18319802
18321127
18325322
18326098
18326814
18332116
18332135
18336133
18336286
18341331
18342123
18343821
18344568
18346688
18350158
18352732
18353737
18355299
18355708
18357187
18357237
18358309
18360109
18361393
18363612
18364271
18368487
18371123
18380275
18384064
18387165
18387233
18391867
18392118
18393021
18393807
18394909
18395488
18396693
18397845
18398120
18398373
18398620
18398806
18398874
18399934
18400872
18401428
18402547
18406212
18407442
18407929
18410052
18410065
18414448
18415732
18418688
18421325
18422712
18423709
18424791
18425202
18427147
18427690
18430237
18432089
18433015
18434342
18434945
18435483
18435542
18435842
18435909
18436442
18436966
18437987
18440220
18441204
18442042
18443018
18443861
18448047
18451971
18455598
18463986
18464674
18465954
18468814
18469288
18471444
18472573
18472847
18473422
18473598
18477340
18479715
18484384
18484786
18485217
18490653
18490966
18491561
18492375
18493238
18496739
18506468
18512568
18514127
18515130
18517514
18519460
18521274
18524104
18524817
18527689
18528890
18529927
18529987
18531592
18531657
18538901
18540336
18542317
18546648
18549534
18552312
18554160
18554571
18557423
18562785
18564003
18566988
18569058
18573339
18575349
18576597
18581938
18582948
18584599
