1311
6237
7964
9020
9616
9640
12228
12270
12489
13278
15091
17287
17998
18462
23004
24837
33428
33859
35852
37390
41463
42390
42576
44716
47480
48576
50228
50985
51768
53835
55309
56767
63761
68149
72359
73334
73504
76120
79880
85322
85388
87124
87380
88183
89585
91182
92273
95214
99106
100053
104953
105571
105815
112603
113267
115843
115949
116902
117796
118548
118585
120195
121280
126641
128964
132220
132982
133868
136150
136310
140904
145438
150016
151526
152219
152564
153863
155198
155346
155416
156119
156813
157780
157796
157865
159069
161757
162986
164353
164535
164945
165855
166823
170199
172998
174592
175404
176181
186154
186289
189047
190000
192371
198453
198768
198944
199619
204709
206018
206071
207598
209437
214335
214775
216310
217771
219871
220803
223594
224368
225658
226045
227843
229517
229528
232323
233500
234763
235371
237616
242141
243166
247283
249294
249341
249821
254103
257078
258245
261528
262447
263640
266314
267131
276795
278763
283266
286145
290023
290409
290608
293771
296740
303609
303970
304140
306522
308106
312260
318034
321210
321560
324226
324354
327217
329213
329323
330604
332408
333087
337891
338940
338958
340592
342667
342732
343368
346036
348184
349076
350366
352509
354531
355328
356475
356991
357118
363340
366588
370360
370603
372122
374071
374301
376479
379426
383064
384706
385931
386145
388429
389796
390038
394381
395777
398062
398603
402279
402473
402992
404338
406591
407048
407425
407690
409145
409165
409403
412348
413396
414841
417306
417703
417927
419293
423889
425001
426540
428768
429681
434911
435041
437177
439468
446578
449025
449894
451733
453758
459150
459668
460050
460331
468988
469590
469709
470790
473691
477764
479117
481524
481978
482676
483896
484817
487127
492748
493447
494763
497601
504179
504780
505322
508653
509951
511826
512987
515468
516060
518981
519138
526761
529067
531253
534440
536060
539323
540116
540377
540931
546337
546554
548291
550875
552320
556534
560178
561699
563822
568214
568380
572427
573496
576779
579739
580372
581485
583819
584146
589632
589649
590554
595404
595564
596272
598086
602471
602628
605671
608567
608752
609340
611850
613987
615499
615910
619795
620309
620952
621795
622900
626128
627485
629686
630784
633627
634473
635280
637426
638005
644984
649252
650843
653561
657354
658614
659362
660305
661372
663086
663908
664181
666065
666690
669589
670260
670855
675489
680882
683899
686371
687714
690404
695962
696093
698873
701639
702235
702587
702779
705113
709376
714272
714487
715630
716313
720772
722280
722999
726319
728079
730157
730938
733118
733212
741175
742735
744464
744723
748453
753207
754736
755021
760484
763210
764496
768477
771922
778482
779073
779537
780188
780895
782972
784044
786478
787360
787404
787779
788597
791145
791767
792515
798591
798729
801942
802175
804987
806020
806385
806631
809775
810539
814344
816794
820824
826339
826686
828804
830216
833725
839147
842013
843413
845082
845914
846663
846813
846974
847355
848546
852449
857788
858010
858871
859053
861065
861093
861520
861884
864782
866056
866982
870100
871066
873185
875669
879375
882338
882401
882616
882863
883285
888828
889104
898142
899764
901589
902516
902526
903038
908950
909281
909732
914897
915737
916780
918310
921815
923317
925330
927002
927483
929159
929524
930073
935599
935970
935999
943404
943846
944616
945164
947895
948809
949924
951358
953995
954292
955852
959416
961932
962859
963625
964369
968207
968574
969577
972589
973855
974384
975745
978280
978752
981196
984340
985399
989433
990479
993294
995685
996408
996589
997316
997328
1004396
1005515
1006184
1012394
1013474
1013595
1017212
1019171
1021318
1022125
1022221
1026211
1026601
1027587
1027920
1028473
1030429
1030465
1032616
1035772
1039636
1041077
1041160
1042242
1044136
1047167
1051349
1052475
1052948
1053576
1055232
1056670
1056944
1058571
1058869
1064866
1067868
1067957
1068296
1068788
1069619
1072247
1072545
1072641
1077722
1080587
1081854
1083836
1084922
1086770
1091704
1094202
1095578
1096207
1097107
1100583
1101695
1101752
1102014
1103812
1105666
1117244
1117962
1118133
1118765
1120678
1121001
1122227
1129520
1131660
1134673
1135361
1135430
1143204
1147022
1147441
1149662
1154517
1155060
1167168
1169807
1169933
1171534
1171591
1172177
1173215
1179422
1179787
1183766
1183771
1184816
1188519
1190302
1190347
1190599
1191712
1192780
1193688
1194304
1196954
1197513
1199143
1202165
1202832
1203545
1204753
1209638
1209721
1209944
1209975
1210594
1210854
1221629
1222308
1224823
1225381
1225655
1228709
1232800
1235109
1236513
1241047
1242896
1244045
1245156
1245692
1245838
1246889
1247602
1251735
1261373
1264244
1266852
1274704
1275382
1275790
1279049
1285074
1286078
1287159
1287667
1287731
1287931
1290815
1290889
1291172
1292150
1292504
1293278
1295067
1297776
1298214
1307444
1309879
1312246
1313419
1315030
1315265
1317276
1321397
1321881
1324068
1324850
1328990
1331702
1336629
1339453
1341403
1341947
1343976
1345254
1345265
1345675
1346004
1346010
1346565
1346667
1348839
1351932
1367168
1368657
1369025
1371932
1372897
1375071
1376908
1379297
1381600
1381808
1382474
1385484
1388049
1393259
1394032
1396068
1397438
1397669
1398524
1399248
1399799
1400824
1400870
1402347
1403049
1407049
1409401
1414849
1416671
1417814
1418357
1420242
1420792
1421222
1421703
1421951
1421994
1422208
1424421
1429411
1431384
1432175
1433579
1436077
1438781
1439920
1440135
1447231
1448938
1454715
1456275
1462399
1465837
1466518
1467364
1467393
1468146
1469241
1470756
1473027
1473964
1479372
1482199
1484087
1492204
1496590
1499472
1500463
1502525
1503969
1506263
1506844
1508690
1509354
1510234
1510698
1514099
1515444
1515918
1516563
1517168
1519304
1519923
1524184
1526772
1527608
1527958
1529004
1530015
1531948
1534683
1536088
1536755
1537547
1539950
1540335
1540558
1540981
1541260
1542369
1542780
1544534
1545439
1553734
1556425
1556525
1558352
1560864
1562687
1562820
1565435
1566613
1567299
1567899
1568557
1569277
1572500
1573662
1577484
1577746
1579135
1584237
1584429
1585948
1586819
1591082
1593755
1594615
1596111
1597467
1597906
1607074
1609866
1610105
1616473
1618336
1620558
1624015
1625871
1627218
1628167
1628190
1628193
1633739
1634165
1634852
1636349
1641717
1644457
1644812
1646569
1648717
1652244
1652320
1654546
1655993
1662891
1663645
1663756
1663979
1667093
1667867
1670715
1671984
1672289
1673673
1674890
1679466
1681178
1682509
1684601
1685447
1685805
1685982
1688681
1690983
1692554
1693046
1693196
1693870
1698039
1699037
1700872
1700920
1701835
1702276
1704283
1706793
1707746
1708281
1709567
1709616
1710634
1713760
1714643
1715225
1717893
1720047
1720452
1722587
1723150
1725410
1726850
1728938
1729841
1730614
1731681
1735913
1736739
1738618
1739878
1744641
1745328
1748807
1748851
1751275
1754320
1755504
1755926
1757577
1758606
1759141
1760794
1760958
1762345
1766527
1768455
1769934
1770324
1770481
1771433
1772902
1773639
1774189
1776094
1776370
1777086
1777384
1777993
1783237
1783908
1785513
1787576
1787638
1788130
1789582
1789910
1795500
1796352
1797013
1799965
1800106
1800385
1803392
1803695
1805383
1806391
1807155
1809267
1811387
1812070
1815189
1815305
1817808
1819411
1820127
1820992
1827044
1827134
1829883
1830128
1831265
1833852
1841685
1844708
1850638
1854354
1854496
1854497
1855355
1855683
1856299
1856940
1859615
1862507
1863944
1864453
1865332
1867206
1867666
1872346
1872856
1877183
1878425
1878851
1878876
1883443
1884160
1891586
1893727
1896343
1897102
1898112
1900470
1905861
1907238
1907344
1908331
1909571
1910952
1914117
1915920
1916462
1919031
1919077
1920471
1920893
1925898
1926719
1927755
1927892
1929835
1930299
1935447
1937030
1940414
1942577
1951100
1953310
1954720
1956065
1959450
1960089
1961003
1962073
1966878
1970509
1971257
1971935
1972616
1974076
1974490
1975149
1975997
1976512
1977279
1979549
1979682
1979695
1980708
1980735
1981972
1982366
1983436
1987063
1987564
1988417
1989043
1989688
1991469
1994330
1996172
1999007
1999490
2000561
2001212
2003775
2008315
2008469
2008771
2009085
2010217
2010291
2011895
2014399
2014673
2018285
2023244
2034022
2036320
2038383
2038624
2042025
2042088
2042532
2044112
2045077
2045429
2048789
2049745
2055189
2057925
2058299
2058609
2059793
2060462
2061186
2061514
2065009
2069499
2070741
2071111
2071900
2072236
2073837
2074476
2075410
2075431
2075786
2076236
2078244
2079017
2079384
2083629
2084100
2084906
2086439
2087364
2092243
2092274
2093213
2094284
2099676
2109082
2109273
2110606
2114862
2119357
2119856
2125197
2127410
2129699
2130197
2133465
2135484
2138550
2139172
2139320
2139735
2140678
2141104
2144548
2145906
2146962
2147522
2147861
2148439
2150276
2150629
2150812
2151947
2152686
2157497
2157965
2157975
2159716
2160614
2161068
2165664
2166003
2166109
2166866
2168468
2169346
2171852
2173994
2178019
2180563
2181931
2182249
2184064
2185131
2187583
2187852
2189213
2193277
2193814
2194086
2200061
2202177
2202951
2202962
2205498
2206289
2206687
2206729
2209790
2210162
2213024
2217221
2217787
2218397
2219568
2222466
2225515
2226248
2229906
2230544
2235021
2235504
2235842
2235871
2235997
2236744
2240003
2242290
2249078
2251873
2252781
2253860
2255174
2261069
2262947
2263415
2268797
2270719
2270797
2271555
2274112
2275061
2276556
2278390
2278924
2279387
2281064
2286110
2286523
2286620
2288478
2290142
2290639
2291286
2294280
2294882
2295933
2296045
2296173
2297285
2298359
2304599
2305713
2307364
2310718
2320518
2320885
2322123
2324090
2324213
2324430
2326387
2326829
2331168
2332294
2332963
2333406
2335318
2339725
2343179
2344753
2345950
2347031
2347744
2349525
2350131
2353202
2356834
2358142
2361868
2363512
2367489
2368376
2368972
2368983
2369225
2370047
2370390
2370490
2371784
2375349
2376553
2377004
2378094
2379337
2379793
2380298
2382586
2388338
2389782
2390103
2390221
2391182
2391287
2391301
2396150
2397398
2403782
2405830
2405868
2409095
2409544
2413050
2413938
2416920
2417081
2417732
2421574
2421725
2421961
2424023
2425746
2426354
2426491
2427031
2428230
2428343
2430023
2430913
2436593
2437532
2438025
2438133
2438258
2439165
2439936
2442067
2442591
2442771
2446388
2446466
2447195
2449758
2450357
2451105
2453245
2453932
2454880
2454933
2456355
2456663
2457958
2461639
2472247
2474821
2475107
2477929
2481562
2484945
2485379
2492154
2492431
2492942
2493061
2493667
2496970
2499440
2500814
2502097
2503044
2504004
2504918
2508040
2509053
2511014
2512008
2520149
2527494
2531623
2531971
2538508
2538691
2544428
2547195
2547925
2548296
2548668
2550637
2555975
2556278
2557489
2557823
2558396
2559995
2563200
2564256
2564281
2564291
2569449
2570380
2571053
2572733
2577065
2579485
2581513
2581906
2586154
2587981
2592162
2598340
2598376
2598867
2601288
2602394
2603797
2603914
2604947
2604968
2606659
2607964
2608164
2608729
2611474
2611643
2612764
2619184
2619233
2619907
2620670
2622644
2623389
2627402
2627738
2628092
2628793
2628884
2630381
2632236
2632738
2633541
2635184
2644619
2645393
2646956
2647996
2652695
2656505
2657597
2657728
2658619
2659255
2661510
2663565
2664442
2665450
2667106
2667569
2672023
2672955
2674168
2675184
2675185
2677003
2680034
2680934
2682233
2682830
2683239
2683872
2694261
2700068
2701636
2704656
2705588
2710743
2712503
2713411
2715685
2716237
2716437
2716550
2719557
2721660
2723617
2724299
2725358
2725466
2726460
2726534
2727835
2728407
2734339
2735062
2739885
2739913
2740275
2742162
2744753
2745264
2746421
2753459
2756851
2757310
2757669
2760421
2762254
2762415
2763106
2764075
2766251
2768549
2768799
2769586
2769691
2770101
2770258
2771910
2772317
2774241
2778471
2779535
2781440
2787003
2789450
2790445
2791760
2796055
2796776
2797165
2798667
2800138
2803355
2809152
2809721
2811496
2818227
2818272
2819658
2824370
2824805
2825409
2826110
2828053
2839286
2839755
2841543
2844650
2845997
2848028
2848754
2851754
2853584
2854131
2854361
2856212
2862963
2864587
2865073
2870114
2870385
2872977
2873212
2875405
2879079
2880623
2880867
2896972
2899670
2901106
2903515
2904257
2904837
2908990
2909990
2911874
2912124
2912674
2915814
2918363
2919306
2920439
2921764
2922745
2925402
2926555
2927345
2928533
2930046
2933643
2934335
2934435
2936028
2938941
2939048
2939775
2941345
2942037
2942994
2943573
2946888
2947557
2950908
2954228
2954506
2954896
2956745
2958098
2958183
2958873
2959750
2961439
2968266
2968523
2969968
2970989
2972407
2976723
2977033
2977476
2978123
2982500
2984974
2985890
2986641
2991287
2991840
2992611
2994165
2995417
2996451
3002772
3003488
3008187
3009205
3011622
3015775
3017511
3017642
3028886
3029372
3029654
3031913
3032476
3032648
3036590
3038217
3039076
3040438
3042953
3043174
3043549
3045515
3049881
3051028
3051469
3052039
3053103
3058321
3058485
3059445
3062728
3064108
3066112
3067521
3069203
3074367
3075885
3076765
3078358
3079638
3080175
3081457
3082201
3084747
3089554
3090849
3090970
3094204
3097105
3097832
3104876
3106752
3108827
3114541
3115326
3115536
3115673
3118059
3118455
3119419
3120030
3121732
3124767
3125225
3126189
3128039
3128668
3132908
3133586
3137977
3139198
3139881
3141034
3141496
3141799
3142379
3144491
3152100
3153921
3154707
3156905
3157578
3158763
3160165
3160642
3163339
3166429
3167677
3169340
3169761
3172595
3172954
3173510
3177525
3182539
3182655
3183732
3186090
3186497
3190243
3190466
3192677
3195561
3198246
3198617
3201628
3204093
3205956
3206687
3207017
3209219
3211967
3212170
3214968
3219578
3219624
3220714
3222299
3223401
3225205
3227490
3227726
3228711
3229659
3229922
3232173
3232253
3236542
3236774
3238044
3243542
3244401
3248081
3249884
3250741
3252618
3253284
3253329
3253689
3256561
3257422
3257730
3260177
3261433
3262582
3269741
3270501
3270714
3276470
3277244
3279256
3280941
3281180
3284112
3284895
3285409
3286428
3286800
3287103
3288835
3292895
3293263
3294247
3294338
3295544
3295626
3295715
3298200
3298205
3310555
3311678
3314536
3315087
3315366
3316445
3316932
3320263
3320736
3321317
3333002
3333673
3333965
3334747
3335312
3337463
3338406
3341426
3341696
3341986
3342936
3343318
3344797
3346958
3347750
3350838
3355994
3357854
3362211
3363530
3364303
3364384
3366082
3367402
3369606
3369943
3370028
3370150
3371387
3374440
3376487
3377674
3378832
3380293
3382267
3386205
3387028
3388425
3388847
3389351
3391478
3392510
3396280
3396425
3398080
3398433
3399901
3402633
3403062
3403706
3404261
3412326
3412866
3413303
3418693
3418775
3419468
3420456
3421799
3423262
3425790
3426048
3427676
3428597
3429931
3431057
3433902
3434528
3434567
3435834
3436114
3439800
3440252
3441083
3447190
3447649
3448729
3449661
3452841
3453100
3456410
3458304
3461334
3467749
3471041
3474014
3477874
3481681
3481994
3483905
3487950
3490769
3491811
3492324
3496673
3496870
3497846
3499438
3500372
3500706
3502798
3504177
3504398
3504883
3504933
3505298
3510869
3511004
3512001
3513545
3513748
3518125
3519432
3519944
3520962
3522744
3531762
3534221
3534930
3536165
3537586
3537819
3538239
3539767
3540631
3541847
3543506
3544391
3549400
3550678
3551548
3554177
3556023
3560468
3560863
3566275
3566954
3568452
3568582
3568935
3569572
3573376
3573404
3575683
3576974
3578181
3583466
3583632
3585272
3585607
3586756
3591243
3592221
3594233
3594998
3595017
3599356
3600950
3601448
3603119
3607522
3610196
3611931
3615625
3615650
3617212
3621428
3623297
3623347
3623451
3624336
3625265
3625886
3626995
3628523
3631123
3632152
3633448
3635105
3636209
3636408
3637382
3637806
3641746
3642261
3642917
3643899
3644980
3647731
3652431
3653412
3654248
3655834
3660305
3662999
3665970
3673081
3673209
3675131
3676780
3679888
3681050
3681572
3682461
3683127
3686235
3686746
3687594
3688896
3691567
3692729
3693240
3693254
3696221
3699168
3703546
3710370
3710626
3712002
3713664
3714281
3714627
3715676
3716177
3718401
3718814
3719794
3720252
3720406
3720622
3720640
3729286
3730702
3735622
3736407
3737542
3739943
3741185
3750685
3751573
3757392
3757674
3758010
3758771
3758851
3762228
3765526
3765941
3766143
3766460
3766776
3768508
3769549
3773641
3774097
3777158
3777274
3779567
3780359
3781244
3788165
3788180
3788958
3790710
3792855
3793201
3799275
3805489
3806560
3808665
3812148
3813143
3813813
3814536
3817005
3821637
3822634
3824540
3824828
3825749
3829157
3830395
3835187
3837970
3839980
3846231
3847482
3847538
3848756
3851534
3855591
3855979
3856507
3859985
3861192
3863099
3864626
3865993
3867808
3869946
3870593
3875650
3881970
3882531
3882922
3883463
3884506
3889351
3892086
3892217
3898188
3900658
3903730
3906576
3911296
3911902
3913046
3914919
3914952
3914984
3915138
3916285
3916359
3916467
3919024
3920075
3921848
3922978
3928907
3931884
3932695
3933594
3935467
3935935
3937235
3939181
3940962
3942543
3944810
3944940
3945715
3946394
3946627
3948048
3949643
3951701
3954485
3956517
3958072
3960240
3960794
3961447
3962322
3966740
3968792
3970819
3972999
3974856
3976547
3976784
3979529
3981326
3981491
3986650
3987615
3990130
3995696
3996154
3999570
4002741
4002836
4006012
4006961
4008727
4008762
4012962
4015482
4020739
4024324
4026242
4026310
4027456
4028549
4029873
4033005
4038501
4039241
4040704
4041241
4041855
4042079
4043108
4044222
4045093
4045225
4045329
4045368
4048282
4048411
4048866
4054383
4054389
4057954
4060332
4064893
4065257
4066518
4067578
4067612
4069676
4077670
4077901
4077958
4079999
4080935
4082893
4082925
4084121
4084250
4084917
4087519
4087956
4091656
4094145
4096170
4098238
4099881
4099988
4103745
4104024
4104404
4104978
4111522
4115038
4118356
4122653
4122753
4123470
4124869
4125069
4128666
4130981
4140684
4141793
4144054
4144224
4146462
4147519
4147554
4147895
4155526
4158331
4160552
4163371
4163803
4164229
4165954
4166653
4168658
4170660
4171794
4172619
4173323
4177750
4178472
4180942
4182985
4185340
4186778
4188394
4192496
4196008
4197075
4200861
4202207
4202406
4203138
4204823
4209748
4210782
4211011
4211243
4212135
4215642
4216051
4217161
4218556
4224967
4226761
4229830
4231419
4232076
4232348
4232687
4234371
4236052
4241787
4246333
4248366
4249026
4249898
4257413
4259678
4261988
4262827
4264323
4265779
4268654
4269220
4269631
4270383
4272887
4275123
4280091
4280887
4283602
4286306
4287617
4287897
4289215
4291757
4292682
4292984
4293476
4294906
4295842
4296347
4299501
4299811
4300343
4301281
4302008
4303996
4304105
4307573
4308487
4309137
4310643
4311476
4313657
4314415
4314679
4319509
4320421
4320936
4325385
4325928
4326272
4327527
4329013
4329794
4331923
4332544
4334778
4335688
4339986
4344007
4345915
4347520
4347724
4351690
4354289
4354660
4355509
4357108
4362243
4363054
4363718
4364875
4365833
4370176
4371121
4372424
4372878
4376292
4379636
4380103
4380286
4381694
4382226
4382826
4383494
4389131
4389876
4395745
4398848
4400776
4402152
4403517
4406487
4407489
4408536
4409024
4409469
4412551
4415298
4416789
4417731
4421673
4421873
4427391
4431090
4432151
4433860
4438731
4439593
4441394
4445988
4446336
4448211
4450173
4450193
4453799
4457446
4460865
4461566
4461605
4462309
4462734
4466615
4466689
4466853
4467728
4469449
4469999
4470014
4470826
4472517
4474429
4475082
4478457
4478983
4480341
4482095
4489308
4490845
4491350
4491475
4493881
4494566
4500686
4500859
4501254
4501513
4505918
4512900
4512950
4514832
4515082
4517804
4523994
4528905
4532981
4534344
4534732
4535074
4535557
4536002
4539508
4540109
4541757
4541991
4543697
4546517
4547144
4550499
4551483
4553203
4554129
4554674
4554803
4555130
4557460
4557474
4560578
4561824
4562829
4563883
4564090
4567105
4568861
4569297
4570075
4572987
4575907
4577168
4580664
4584536
4584627
4589331
4591355
4594865
4595760
4596776
4597825
4598336
4602198
4602371
4602667
4605167
4605279
4605905
4606026
4606438
4608185
4612491
4613483
4614097
4615862
4616836
4617829
4617844
4619649
4623014
4623499
4625875
4625981
4627644
4628251
4630933
4631100
4632906
4634314
4634717
4635881
4636665
4639545
4641674
4641775
4643211
4644555
4644852
4658873
4661274
4671425
4675024
4679856
4681103
4684465
4687079
4688624
4690298
4690646
4691769
4692073
4694853
4695460
4696579
4699320
4701761
4703477
4705933
4706024
4710322
4713013
4713285
4713287
4714187
4714486
4715885
4716296
4718104
4718875
4721997
4727781
4728983
4730558
4732941
4734730
4735986
4736740
4737305
4745078
4747262
4751383
4753970
4754289
4756676
4757031
4758456
4760406
4762032
4766274
4767317
4773339
4773972
4774052
4774468
4778551
4779139
4780500
4783383
4784378
4786843
4789003
4794148
4794269
4796696
4798309
4800100
4801147
4801326
4801466
4804343
4804824
4805387
4806206
4806566
4809676
4810334
4810601
4810651
4816160
4817071
4822569
4824990
4825491
4832521
4832556
4833337
4835147
4835156
4835623
4836197
4837148
4838448
4838475
4839540
4840369
4841064
4842263
4843522
4845649
4845888
4847353
4847493
4849147
4849977
4850161
4851325
4858242
4858504
4861056
4863093
4866451
4866869
4868496
4871354
4872107
4872830
4872834
4872961
4874139
4877192
4878014
4878510
4878976
4880192
4881100
4883189
4884417
4884642
4885843
4886124
4886604
4887139
4887853
4891549
4897701
4903292
4903852
4905058
4907195
4907499
4908261
4908617
4909829
4910611
4912394
4915021
4917028
4917369
4917498
4918200
4918623
4922994
4925133
4926577
4927369
4927957
4928552
4930920
4931101
4932541
4933639
4934695
4935217
4936613
4937336
4938361
4938763
4939583
4941345
4942580
4942673
4949603
4950478
4953018
4955003
4955299
4956117
4956609
4956727
4957812
4959421
4960824
4961496
4962735
4963413
4965898
4967995
4968218
4970962
4974579
4975079
4975725
4978015
4981261
4981873
4982053
4983686
4987579
4989812
4990373
4994492
4995370
4996889
4997690
4998635
4999779
5003949
5006202
5006293
5006851
5007105
5015061
5015097
5015238
5016509
5018676
5021176
5022601
5023671
5023752
5023793
5024206
5027739
5028362
5028604
5028997
5029194
5029246
5029531
5033540
5034547
5036017
5037560
5037615
5037934
5039128
5044041
5049303
5049649
5060414
5064970
5069844
5070580
5072865
5072891
5074777
5075209
5075989
5076254
5078074
5080696
5085378
5085492
5086115
5086519
5087714
5088435
5089439
5090144
5093539
5094107
5094893
5096554
5102549
5102936
5114379
5116226
5118780
5119671
5121315
5122238
5125047
5126884
5128155
5128316
5133152
5134536
5140311
5143385
5145056
5146010
5146077
5146329
5147509
5147721
5147777
5150099
5152107
5156385
5157726
5161765
5167137
5169748
5170426
5171992
5172914
5174251
5175237
5180437
5182761
5185205
5185797
5187908
5191888
5198994
5201727
5205076
5208208
5211604
5213365
5213567
5213589
5214587
5217072
5218034
5218548
5220340
5222184
5222663
5223459
5227033
5229231
5230911
5240251
5242462
5248188
5248372
5248870
5249098
5250769
5254617
5258112
5261238
5262736
5263791
5265011
5265171
5266287
5266701
5266991
5267551
5269401
5270041
5271899
5272279
5274392
5274513
5275082
5276125
5276247
5279501
5280466
5282334
5284463
5284684
5284781
5284957
5286447
5287869
5290618
5290692
5297528
5300951
5303325
5304047
5312886
5313181
5314286
5316655
5318671
5322993
5324543
5324687
5327643
5328361
5330715
5331948
5333970
5334098
5335293
5335502
5336072
5336923
5338912
5341762
5346126
5347586
5347751
5350821
5352366
5352840
5354559
5364049
5367382
5371591
5379643
5385244
5385784
5386078
5387475
5392923
5393001
5400659
5405562
5409852
5409856
5409999
5410475
5412136
5413283
5414746
5418810
5419393
5419498
5421593
5422251
5422973
5422990
5425858
5428103
5430288
5431502
5432563
5442079
5442764
5443866
5443919
5444000
5445875
5448759
5449651
5451900
5455889
5457112
5457275
5462766
5462901
5466252
5466474
5469464
5477911
5481685
5484080
5485107
5485462
5490659
5491018
5493681
5493792
5496567
5498802
5500364
5504092
5507780
5508858
5509474
5510170
5512900
5513645
5519648
5521403
5523811
5523958
5524140
5527427
5534614
5537915
5538952
5539143
5548266
5551207
5557679
5558377
5563156
5563323
5564498
5568634
5571408
5573432
5573750
5577922
5581349
5583786
5583936
5586009
5587748
5588456
5589650
5593423
5594220
5594354
5595660
5599789
5601866
5606178
5608604
5609113
5609560
5611562
5613515
5618278
5620220
5621570
5627467
5632085
5632141
5632339
5633884
5637835
5638766
5639189
5640576
5641968
5643053
5644774
5645459
5646558
5646617
5647508
5648147
5651471
5651622
5652027
5655241
5657594
5660105
5661696
5663427
5665189
5665543
5670448
5671379
5671985
5672919
5673707
5676233
5677575
5677763
5679846
5679937
5680708
5681419
5681820
5682657
5687656
5689296
5689935
5692410
5692599
5696033
5697494
5697625
5701860
5706427
5708502
5709979
5711721
5712848
5714082
5715509
5716378
5719204
5719732
5719802
5720170
5720893
5722151
5723317
5726571
5728172
5728256
5728326
5729604
5730567
5730877
5732763
5733095
5735577
5736714
5736818
5739781
5741361
5741909
5742292
5742823
5743636
5744634
5744920
5745238
5748429
5751300
5751495
5758829
5759532
5761575
5762563
5764298
5764871
5766625
5768924
5769359
5770646
5778984
5779912
5780119
5780608
5780988
5781531
5781823
5785812
5786004
5786245
5791418
5791651
5793214
5796430
5796809
5798050
5799339
5802629
5802772
5804339
5804345
5810481
5815410
5820985
5823728
5825383
5827223
5829668
5830584
5831617
5833699
5835857
5837040
5837665
5837867
5844189
5844683
5844855
5845863
5846879
5849093
5850738
5852188
5853286
5857616
5857904
5857909
5858119
5859597
5859971
5865504
5867765
5870963
5871900
5873339
5874092
5874582
5874744
5875091
5875670
5878426
5880390
5880963
5883686
5885303
5885889
5887200
5888304
5889835
5891539
5894108
5896356
5904959
5905404
5906467
5906584
5907153
5909276
5911082
5911886
5918840
5920009
5920124
5920488
5923417
5923836
5924384
5929750
5933877
5936636
5937906
5940678
5941743
5948072
5950488
5953136
5955133
5964275
5966660
5967153
5970029
5972090
5975501
5978123
5978578
5979633
5979638
5982202
5989158
5990994
5992669
5992843
5993008
5996502
5996706
5998217
5998697
6001172
6004719
6007105
6008470
6011344
6016004
6017862
6019873
6025305
6025509
6027432
6029695
6032482
6035010
6038605
6038957
6040180
6040815
6043685
6044294
6044442
6047255
6047596
6049422
6052323
6052466
6057937
6058310
6059340
6060930
6061935
6063324
6063580
6065502
6065711
6066242
6066447
6068594
6068675
6068990
6069854
6070475
6071149
6073891
6076243
6078467
6078583
6085397
6086889
6088744
6088911
6089424
6089639
6091609
6091662
6091880
6094820
6095743
6103102
6103340
6104281
6107765
6108486
6108864
6113593
6121782
6130464
6133627
6133947
6136897
6140070
6140635
6141213
6147920
6150782
6151357
6153511
6154359
6154929
6158120
6165217
6169366
6169508
6171112
6172421
6172947
6173877
6174383
6174605
6178522
6179519
6180191
6187042
6187250
6191265
6194073
6194087
6196275
6198577
6198656
6200080
6201270
6202525
6207805
6208770
6209259
6209342
6212893
6214381
6221399
6225547
6226418
6228285
6228610
6229271
6230939
6240540
6241555
6242565
6244698
6246433
6246713
6247003
6252629
6253039
6253552
6254750
6256061
6262272
6262736
6266369
6268258
6270534
6271586
6276445
6276550
6279157
6279341
6279357
6279690
6281331
6281404
6283104
6285881
6286711
6286791
6286890
6287020
6292968
6293415
6296304
6296996
6297790
6301898
6303284
6305067
6305133
6305915
6307179
6308426
6308845
6313769
6316044
6316432
6318416
6318896
6319968
6322279
6322981
6324212
6326479
6327607
6327657
6331119
6331965
6333140
6334052
6335859
6335881
6341586
6343612
6344196
6345239
6346116
6347044
6347899
6348242
6349159
6350793
6352401
6357709
6358331
6358979
6359709
6360740
6363403
6364510
6365026
6365269
6365543
6366071
6367988
6370253
6372158
6374761
6376519
6378040
6380942
6381102
6381206
6384113
6385993
6386615
6393685
6393867
6397670
6398877
6403022
6403314
6410243
6419031
6419724
6420590
6421355
6422011
6422771
6424522
6425796
6425853
6427450
6436333
6436731
6437131
6441242
6445465
6446192
6448465
6449747
6452720
6453577
6456612
6457037
6458947
6460078
6461424
6469028
6473126
6474389
6475313
6476153
6477466
6484117
6487449
6489152
6493642
6498812
6502457
6503547
6508050
6511345
6515962
6519733
6521199
6524390
6525279
6528231
6530475
6537167
6537382
6537400
6538740
6539284
6543132
6545860
6547037
6547949
6548402
6548939
6550364
6551853
6552962
6552990
6557010
6557491
6564085
6564408
6564518
6567961
6568395
6569476
6570146
6571833
6571926
6573293
6573585
6576052
6576548
6577031
6577892
6578503
6579405
6579415
6580669
6586297
6587533
6588277
6588489
6589612
6590582
6594249
6596014
6600794
6603913
6604119
6604595
6604639
6606236
6610310
6616121
6620133
6620178
6620509
6621382
6621395
6623754
6624681
6627168
6632113
6634460
6634775
6637551
6637966
6638864
6639033
6640052
6642564
6643513
6646051
6646212
6647568
6649184
6649470
6649793
6654325
6658390
6660200
6660723
6662672
6663999
6665352
6665793
6669077
6673642
6673934
6675612
6675873
6676249
6676847
6677443
6678442
6678842
6682074
6682445
6686907
6688601
6691074
6698629
6699672
6700819
6705520
6707119
6709063
6710731
6710964
6712074
6712178
6714235
6716094
6724018
6724342
6728154
6729938
6732482
6734043
6734048
6734891
6736495
6737131
6739857
6740025
6741481
6742019
6744557
6746146
6746927
6747370
6747444
6748295
6752054
6752640
6752685
6752893
6753035
6753043
6753160
6756915
6757425
6761081
6762238
6763637
6765049
6768431
6769742
6771775
6771859
6772077
6772645
6772727
6772974
6775067
6776639
6779135
6783423
6786503
6790103
6791757
6792045
6793109
6793888
6794988
6797262
6799495
6799598
6801465
6801889
6802247
6804215
6807934
6809796
6811560
6814045
6822264
6825526
6826793
6828053
6828607
6828641
6828950
6829845
6830076
6830351
6830410
6830576
6831770
6832773
6833050
6834372
6835699
6836611
6838275
6838776
6842643
6845478
6846371
6847000
6849695
6851503
6854330
6854692
6856791
6860377
6860678
6861163
6863904
6865315
6868575
6872073
6872580
6875107
6875715
6876529
6877034
6877726
6878111
6878795
6880059
6880102
6880135
6881134
6882669
6884961
6885009
6885676
6888131
6888678
6891690
6892767
6893411
6900813
6900900
6901133
6901560
6903298
6905797
6906698
6917507
6922027
6922562
6922879
6922935
6926032
6930046
6930990
6931414
6931693
6932604
6933187
6933260
6933339
6933395
6933480
6934085
6936479
6941588
6942489
6945712
6948975
6950022
6950986
6951150
6952807
6954723
6955389
6956721
6958006
6962500
6963654
6966075
6966110
6967445
6968950
6969178
6972032
6972224
6974978
6975999
6978102
6979395
6979442
6982677
6983938
6984471
6986144
6987758
6990766
6991215
6991744
6994870
6996524
7000896
7001924
7002114
7003917
7004774
7004995
7009091
7009836
7013625
7018085
7018533
7019203
7021205
7021614
7022022
7022295
7023753
7025521
7026250
7030175
7031611
7034704
7037735
7039474
7039958
7041445
7042362
7048101
7052839
7053833
7056790
7057892
7060174
7060666
7067358
7069385
7071283
7074308
7076481
7079431
7082582
7083017
7083648
7086459
7087088
7089862
7089924
7093337
7094360
7094961
7105119
7106582
7109877
7110213
7110469
7112366
7113789
7118678
7119468
7120088
7120668
7122894
7123558
7123649
7124735
7125841
7127788
7128873
7130645
7133012
7135463
7136661
7137016
7142371
7149178
7149208
7149295
7150113
7150787
7150958
7157288
7158012
7158655
7159069
7162715
7166889
7168579
7168766
7169578
7170715
7173149
7175090
7184563
7184868
7186868
7187697
7190979
7192119
7192414
7193259
7195831
7197807
7197897
7198296
7200042
7200314
7201777
7203958
7204218
7205282
7207309
7208030
7208384
7209061
7209592
7211376
7211559
7216148
7216440
7217136
7217807
7223149
7225762
7228977
7230919
7231058
7233434
7236757
7238153
7242014
7242635
7243174
7243784
7243878
7244668
7244779
7246320
7251909
7252250
7252314
7253260
7254292
7256469
7256472
7258256
7261999
7266983
7267624
7267789
7270824
7274268
7276115
7279127
7280353
7281727
7282480
7283484
7287925
7288420
7289924
7290379
7291243
7293859
7299310
7303832
7308102
7308681
7309475
7309865
7310911
7312528
7312632
7313186
7318849
7321648
7321763
7322402
7326854
7327852
7328825
7335302
7336857
7349131
7349796
7354827
7360923
7360933
7361325
7362705
7369247
7373636
7373649
7373851
7374656
7378079
7378341
7379707
7380752
7381746
7383261
7383561
7385219
7388124
7390266
7391556
7393368
7394979
7399582
7401757
7402640
7406634
7409280
7413673
7415192
7416284
7416835
7418604
7419135
7420060
7423942
7424056
7424239
7425536
7427033
7430036
7432721
7432763
7434893
7435957
7437132
7437136
7440225
7440622
7443999
7444008
7445199
7446847
7449507
7450008
7450616
7453251
7454770
7458253
7459180
7460227
7461447
7462292
7465242
7465364
7466429
7468678
7469479
7470501
7473051
7475488
7477106
7480945
7481729
7483558
7486125
7486763
7487099
7489337
7492260
7494564
7497971
7499787
7500845
7501156
7502897
7503869
7507826
7508049
7509822
7509897
7510523
7510637
7513594
7516050
7517561
7519037
7521033
7521454
7525617
7528476
7531222
7532611
7532987
7533367
7535033
7535101
7538906
7539653
7540017
7540541
7542376
7543567
7543959
7544080
7546783
7547132
7547846
7548971
7552079
7555580
7559378
7560133
7563405
7564682
7568167
7572240
7572474
7574987
7576608
7578458
7579577
7579995
7583689
7586885
7588537
7589472
7591180
7591263
7594281
7594420
7595302
7596935
7597016
7597487
7601650
7601865
7603613
7604056
7604819
7609532
7613312
7617761
7625096
7628762
7629407
7630008
7639352
7645877
7645934
7650622
7651100
7651915
7651943
7652013
7654735
7654945
7655064
7657463
7658802
7661482
7664273
7664302
7667026
7669538
7669585
7669651
7669839
7669860
7670100
7675649
7676247
7677330
7677846
7680840
7681245
7684061
7685186
7685685
7686885
7687146
7687760
7689252
7690855
7692684
7693530
7701420
7702721
7705115
7710822
7712465
7718049
7719558
7721440
7722478
7722655
7723806
7725951
7728939
7730328
7732746
7735723
7735811
7741661
7749595
7751154
7753213
7753312
7753451
7756543
7761218
7761262
7761699
7762056
7767971
7768940
7770481
7772865
7774952
7777621
7779285
7782078
7782096
7783121
7784420
7787444
7788644
7798937
7799729
7800676
7801105
7801921
7802446
7805760
7805951
7806788
7815239
7817535
7820771
7821397
7822957
7824221
7825339
7825998
7833810
7836224
7838639
7839894
7841749
7844467
7845434
7847757
7848486
7851024
7852432
7854176
7857107
7858109
7858112
7860362
7863805
7864620
7864639
7865006
7865359
7869394
7869466
7871237
7874809
7877089
7880712
7883020
7883917
7884052
7884354
7887245
7888043
7888664
7891045
7891905
7897401
7897941
7906862
7910382
7913565
7914328
7915851
7917112
7920128
7922173
7925381
7926349
7928280
7930242
7931663
7932881
7933296
7934542
7936333
7936381
7937824
7937842
7939847
7942781
7944501
7945020
7947713
7948856
7949856
7950345
7950924
7952185
7952337
7952587
7953087
7953720
7959064
7962801
7963157
7964311
7964419
7965162
7968869
7972242
7972698
7974976
7980110
7981689
7982877
7984064
7986437
7990697
7992586
7995509
7996781
7997798
7998100
7999729
8004066
8005531
8006983
8008382
8013799
8016017
8017857
8018110
8018119
8018468
8022819
8024365
8024404
8025428
8026162
8031516
8033325
8035319
8036730
8038359
8039581
8042437
8044995
8045354
8046589
8047037
8049618
8050158
8053194
8056353
8056786
8058808
8059794
8060186
8062187
8065134
8066947
8068787
8069492
8069842
8070501
8070969
8072736
8075651
8077892
8078632
8083458
8084889
8084970
8089694
8089736
8093974
8094820
8100092
8100278
8104590
8105368
8106569
8108909
8109122
8109263
8109557
8111865
8112729
8112934
8116417
8116868
8117242
8117789
8119747
8120675
8123114
8124861
8127131
8127204
8127634
8129607
8130835
8130881
8133055
8134280
8136916
8137095
8138673
8139325
8140059
8140868
8145180
8148743
8150843
8152571
8156603
8156736
8159445
8160557
8162580
8163421
8166220
8169287
8171769
8171888
8174895
8176306
8178732
8178865
8179839
8181217
8183732
8184068
8184528
8185375
8189572
8190642
8195328
8199811
8200578
8200597
8200616
8201226
8202315
8202785
8203230
8203896
8204320
8209565
8211562
8212623
8213233
8215832
8216520
8218199
8220299
8224510
8225552
8227468
8228317
8232333
8233712
8235042
8235347
8235534
8237010
8238054
8238800
8239201
8240258
8242222
8242472
8244428
8244663
8256688
8256750
8258137
8258554
8261541
8263942
8270973
8271028
8271157
8273263
8276793
8281400
8281650
8281784
8287146
8288042
8288309
8291443
8294758
8298307
8298863
8301355
8301856
8303457
8303855
8307595
8307723
8307727
8308326
8310842
8311605
8311974
8315272
8316669
8319614
8321026
8321202
8324481
8326251
8327371
8329419
8330598
8332004
8334281
8334764
8337333
8337902
8338891
8339624
8340692
8342030
8346555
8348056
8348133
8349484
8355893
8355905
8356845
8357284
8359128
8360275
8361509
8361658
8367912
8370750
8372514
8372661
8372997
8375146
8377023
8386107
8386998
8387093
8389204
8390036
8391290
8394552
8395036
8396710
8407793
8407839
8408100
8409691
8412449
8413286
8414933
8417629
8418582
8418664
8422452
8424431
8425546
8428176
8431849
8431952
8432129
8432673
8434374
8436320
8437538
8440387
8440822
8443141
8445803
8447099
8448252
8454561
8456223
8456797
8457932
8458166
8459462
8461351
8462820
8465174
8467506
8467828
8470466
8470677
8471929
8477689
8479620
8482455
8483126
8483569
8484105
8484816
8485332
8485725
8486459
8487980
8488209
8489007
8490164
8491703
8492274
8492737
8496593
8496965
8498394
8499131
8499776
8500469
8501447
8505459
8506224
8506529
8511304
8511539
8515217
8516872
8518210
8523623
8525224
8525354
8526360
8528318
8532616
8533208
8534840
8535186
8537892
8538907
8539554
8540811
8541476
8542657
8545819
8548639
8553366
8553893
8554019
8555498
8555570
8556433
8556736
8558318
8560379
8561562
8564085
8570340
8576318
8581220
8583398
8584907
8585576
8588217
8589970
8590236
8596639
8597343
8597967
8601890
8601944
8609468
8610548
8612264
8615695
8616162
8617218
8618088
8619425
8619629
8620402
8623385
8623401
8625934
8629096
8632390
8632610
8632697
8634645
8637037
8638753
8639849
8642052
8646703
8650903
8655770
8660206
8661092
8662893
8664180
8664971
8666896
8667199
8668458
8670661
8671511
8673096
8676796
8677487
8677506
8677561
8677766
8681437
8682125
8685626
8686715
8691493
8695083
8699191
8703289
8705147
8705308
8705971
8707235
8707917
8712209
8713997
8716331
8717336
8717871
8719039
8719044
8722672
8724795
8725216
8726871
8728009
8728306
8732081
8732636
8734095
8734939
8735136
8736103
8742507
8744144
8745288
8748441
8753078
8753365
8753606
8755923
8756396
8759402
8760661
8761119
8763958
8764374
8767209
8768618
8769902
8771271
8771680
8775765
8777192
8777871
8779211
8779784
8780769
8781611
8782137
8783193
8786172
8790055
8795948
8796824
8797579
8798620
8799357
8801633
8802721
8802742
8803531
8803620
8804429
8809005
8809103
8812357
8813720
8814031
8817238
8819805
8820765
8821808
8821950
8822715
8822870
8825239
8825419
8826588
8827282
8831943
8831986
8837784
8839445
8844237
8844520
8849499
8849918
8850116
8854362
8855542
8856781
8860306
8860990
8861986
8862278
8865072
8865893
8870597
8870626
8870748
8872160
8872230
8875259
8875294
8875466
8875527
8876723
8877040
8877911
8878439
8879204
8879252
8880323
8881988
8882630
8885035
8886995
8887210
8887242
8888923
8890419
8890900
8892914
8896316
8896533
8897961
8900610
8900757
8901507
8901594
8902841
8904147
8904802
8905241
8905429
8906337
8906801
8910104
8911577
8911688
8914779
8917185
8918190
8919038
8920086
8924430
8927577
8929146
8933958
8937642
8938728
8941027
8942323
8945407
8945783
8946377
8947736
8949935
8951597
8951805
8956224
8956411
8957405
8959072
8959258
8961242
8962655
8963184
8971409
8971934
8972775
8973686
8974191
8974812
8975840
8976163
8977643
8979054
8980429
8980707
8981399
8985771
8986660
8986971
8990793
8993930
8997738
8998037
9000059
9001365
9009068
9012766
9013127
9014636
9015962
9017179
9017480
9018814
9018838
9020067
9030975
9038482
9040391
9040666
9041336
9042302
9045400
9046014
9046538
9049074
9050270
9054622
9062744
9065747
9067916
9068453
9069536
9072230
9072649
9073803
9075447
9076082
9076310
9079398
9082939
9084255
9087348
9090055
9091990
9093371
9097323
9097716
9102595
9102978
9103485
9104017
9111116
9114319
9115088
9117453
9119060
9121020
9122868
9124545
9124919
9129176
9130785
9133062
9133859
9133924
9134235
9136329
9136401
9138612
9139513
9139624
9142143
9147150
9147601
9148504
9151775
9153939
9162073
9164035
9164536
9164946
9169001
9171811
9173029
9173083
9173176
9174351
9175288
9175937
9176419
9177133
9177858
9180331
9180611
9181517
9181584
9183169
9183205
9184592
9185512
9188680
9195988
9203056
9203306
9204122
9205057
9208874
9209770
9210089
9213513
9215649
9216004
9218667
9221151
9221321
9224914
9227179
9228217
9230347
9231090
9231160
9231859
9233512
9233577
9235878
9237231
9240524
9241304
9244270
9244441
9244582
9245066
9245277
9245340
9246027
9247040
9247304
9248076
9251140
9252509
9252624
9252629
9254436
9254828
9254893
9255542
9256465
9257695
9258825
9261110
9264804
9265077
9265132
9272410
9276293
9283632
9286730
9288560
9291153
9291476
9302894
9303360
9305044
9307810
9309735
9310236
9310802
9311398
9312493
9313543
9316161
9317209
9321384
9322273
9323046
9323299
9323492
9324918
9325776
9326293
9326991
9331021
9331959
9332906
9334563
9335429
9337053
9337204
9337209
9337513
9345686
9347233
9348578
9353502
9355738
9356710
9360598
9362701
9365304
9367748
9372096
9374391
9376140
9376378
9377010
9380758
9388379
9390892
9394297
9395492
9398737
9400376
9402994
9403959
9404190
9404386
9405137
9406676
9408355
9410404
9411962
9413483
9413571
9414201
9415097
9415476
9416024
9416268
9416932
9420711
9421357
9424309
9429497
9434700
9435243
9438776
9445534
9447912
9448128
9448268
9448273
9449101
9454501
9456771
9456978
9458219
9462333
9465043
9466143
9467932
9469474
9470505
9471520
9472133
9473622
9474084
9474425
9475202
9482457
9484707
9486077
9493239
9493837
9497821
9498792
9500477
9501026
9502868
9504088
9504147
9504577
9509921
9511633
9516797
9517651
9519681
9519839
9520490
9520555
9521335
9523101
9523152
9524941
9527897
9528598
9529802
9531120
9532361
9535089
9537944
9541172
9545301
9545829
9547082
9548260
9549330
9549547
9550363
9551313
9551491
9555677
9556136
9556365
9560479
9564289
9565861
9566341
9568726
9572713
9573203
9573642
9574474
9575264
9578759
9579265
9579683
9580824
9585365
9586656
9587734
9590566
9591725
9592565
9592881
9592910
9597096
9599319
9601016
9601936
9603543
9604253
9607185
9611448
9611851
9613453
9615849
9616483
9616522
9616564
9617609
9618038
9622155
9622368
9624415
9625765
9625821
9626044
9629036
9641285
9641617
9644168
9645326
9645664
9645968
9646937
9647755
9649941
9651138
9654771
9655066
9658213
9659474
9662098
9662389
9663585
9663987
9665049
9665712
9666057
9668557
9673514
9676568
9681786
9682406
9684537
9685166
9685813
9690595
9690628
9690634
9693582
9697938
9698909
9703015
9705419
9709531
9710960
9711700
9717155
9717659
9719034
9719600
9720820
9722381
9729320
9733336
9734520
9736339
9737086
9740511
9741271
9742209
9744452
9745055
9746033
9753016
9754048
9758965
9761185
9762640
9763228
9765862
9766174
9766509
9768421
9768963
9769072
9771378
9772985
9773726
9775858
9781552
9781649
9785765
9793753
9793768
9794813
9795097
9795113
9796108
9796304
9796458
9796615
9798131
9798533
9799524
9803444
9804544
9805519
9806212
9807017
9808250
9808632
9809531
9810874
9811124
9813101
9816945
9819493
9821993
9823804
9826470
9827684
9832471
9836134
9841204
9841620
9844145
9844176
9845283
9858456
9859800
9864451
9865868
9868824
9869466
9870780
9873163
9873399
9878061
9881921
9882196
9882812
9883986
9885036
9885252
9887053
9888272
9891350
9892114
9892482
9894449
9895823
9895948
9898691
9901243
9903005
9906944
9907903
9908384
9908899
9909423
9910950
9914299
9918268
9918337
9918893
9923279
9926409
9930734
9933533
9934142
9935394
9944667
9944839
9946513
9947758
9948030
9949191
9954493
9955864
9956451
9956554
9958650
9958884
9958889
9967097
9969031
9971122
9973205
9973244
9973535
9977719
9978212
9979906
9980006
9981198
9982739
9982801
9983881
9984111
9990063
9990064
9990729
9993390
9994449
9994907
9995823
9997215
9999809
10002148
10003520
10004094
10006582
10006666
10008967
10010027
10011561
10011603
10011897
10015240
10015543
10016268
10017470
10017954
10020819
10022956
10024259
10030365
10030949
10032520
10037088
10038748
10039685
10040136
10041889
10042583
10042757
10043252
10043716
10049521
10054725
10057577
10059301
10059493
10062147
10063325
10064099
10064884
10067154
10067331
10069368
10076536
10077876
10079782
10080828
10081456
10085248
10086575
10089882
10090287
10092467
10092835
10093969
10097312
10097450
10100629
10101384
10102689
10103408
10104412
10105113
10109232
10111690
10111735
10113888
10114491
10119024
10120003
10120179
10122051
10122184
10123149
10129196
10129198
10130856
10136847
10138553
10141005
10141842
10142256
10142648
10146497
10147633
10147666
10148040
10148584
10151397
10154178
10154755
10154936
10155731
10159027
10160375
10163860
10171636
10176089
10176096
10178706
10181149
10182771
10186754
10186969
10191278
10192649
10194900
10197077
10197534
10205606
10206045
10206459
10206573
10206871
10207081
10208938
10209159
10210871
10210952
10210994
10211698
10217610
10221694
10222117
10223162
10225894
10226298
10227613
10228589
10233132
10233432
10237518
10242500
10248484
10249140
10251441
10253401
10253611
10254207
10256511
10260863
10261426
10266926
10269379
10269710
10270771
10270842
10271138
10272041
10272895
10276682
10277090
10277332
10283335
10283769
10291846
10292430
10293183
10294865
10296509
10299974
10306750
10306816
10306817
10307663
10307872
10310238
10311796
10315330
10320445
10323208
10327650
10327778
10328284
10328551
10328841
10330743
10331495
10336412
10337191
10338370
10339394
10339838
10341829
10342741
10343215
10350809
10357905
10359068
10360876
10360921
10361758
10362171
10363177
10365048
10365860
10369850
10371067
10374262
10374412
10376107
10376439
10377648
10384418
10384752
10386189
10389571
10390503
10393409
10395767
10397369
10397428
10400027
10400830
10404853
10405215
10405716
10407768
10408527
10408671
10408973
10412200
10412582
10413411
10416135
10416633
10419690
10421270
10421407
10421426
10424451
10425225
10426399
10428898
10430286
10433667
10434353
10438252
10440360
10441575
10445610
10446851
10447796
10448692
10449376
10452130
10452464
10452670
10453297
10455832
10456024
10457172
10457667
10460949
10461320
10462153
10464084
10465651
10471025
10472053
10473172
10474452
10480564
10481709
10485658
10489846
10491447
10491637
10492852
10493189
10494013
10495144
10495629
10496810
10497939
10500990
10506047
10507521
10508544
10512925
10513618
10519910
10521817
10526950
10527240
10527354
10529309
10532013
10533319
10533873
10538976
10540213
10541309
10541387
10543615
10545774
10546654
10546795
10549348
10549616
10552345
10555630
10558430
10559896
10561318
10561922
10562812
10565787
10568562
10568683
10569502
10569649
10570078
10573146
10573287
10574123
10574649
10574980
10578377
10580287
10581664
10582108
10583100
10583274
10583406
10586953
10587743
10590548
10593060
10594054
10595162
10598731
10599449
10601316
10604083
10605879
10606770
10608534
10610977
10616336
10616489
10616556
10617191
10618590
10619655
10619988
10624621
10625289
10628399
10629233
10635530
10640116
10642040
10642488
10649614
10649786
10650701
10651195
10651790
10652709
10655514
10656069
10657051
10659139
10659586
10660330
10665690
10666325
10667282
10668307
10668835
10669979
10670197
10672063
10673328
10674903
10675379
10675663
10679233
10679735
10680053
10680273
10680745
10680851
10682148
10684454
10684750
10686317
10688123
10689136
10689879
10690314
10690500
10692176
10695864
10696336
10696727
10699085
10704420
10705462
10707117
10707312
10708485
10709805
10712907
10713936
10715624
10721447
10722256
10728584
10728911
10729401
10730830
10732021
10734890
10735100
10735149
10737423
10738751
10740902
10741187
10742544
10743389
10744821
10745069
10747393
10749823
10753888
10755162
10756787
10761210
10763127
10772140
10774051
10774505
10775899
10776228
10777487
10778437
10779154
10780231
10781439
10782737
10788486
10790203
10791885
10792557
10795359
10798644
10802174
10803588
10803684
10807133
10807436
10807962
10809714
10814300
10814323
10819283
10820521
10820910
10823199
10824097
10824164
10828118
10829210
10829415
10830699
10831811
10833814
10834284
10835705
10836327
10837159
10838552
10840517
10842154
10843304
10843561
10846035
10846096
10847445
10856764
10858764
10860079
10862105
10865103
10867269
10867663
10868897
10869085
10880506
10882357
10883782
10886388
10888085
10888757
10890048
10896604
10896848
10898941
10899335
10901631
10902659
10908002
10912648
10913925
10915056
10916460
10918332
10918555
10918693
10919504
10920027
10923011
10923935
10924403
10926009
10930169
10932310
10935049
10935230
10938929
10939940
10940483
10943115
10943647
10943845
10943874
10945348
10946407
10947564
10949958
10950625
10957034
10959725
10964093
10964264
10966831
10967395
10968092
10971959
10974091
10974291
10974952
10978256
10979564
10984246
10984932
10989332
10993776
10994292
10995466
10997307
10999045
11006526
11007049
11014920
11017559
11018259
11020860
11021388
11027661
11028710
11030909
11031205
11032399
11033873
11036663
11038422
11040073
11042517
11042564
11042887
11042939
11043509
11043705
11045237
11045783
11046499
11047640
11049275
11049358
11050094
11050576
11053338
11053810
11055448
11055756
11058195
11058456
11061623
11064479
11069422
11070041
11071337
11073495
11075240
11076098
11076775
11077767
11078731
11079558
11079670
11079913
11081805
11082061
11082385
11084876
11085311
11086380
11088605
11088753
11089840
11090928
11094553
11099582
11102977
11103407
11106180
11107472
11112615
11112858
11115927
11118891
11120198
11122875
11122928
11124087
11127906
11132708
11132810
11132902
11135107
11135236
11137620
11137981
11141896
11142003
11142614
11143579
11143935
11146313
11146664
11152682
11152770
11155947
11157119
11157476
11165297
11167593
11167595
11167954
11170123
11171239
11177043
11179825
11181690
11184318
11185691
11188006
11189268
11191609
11195485
11196087
11196807
11201980
11203440
11205203
11208591
11208766
11209406
11210285
11211606
11212265
11215237
11217251
11220667
11222299
11224357
11226161
11227137
11227229
11229727
11231032
11237094
11243652
11246106
11246850
11248260
11248735
11254676
11256875
11263441
11265609
11266446
11267637
11269344
11269515
11275427
11277194
11278835
11280927
11283003
11283884
11284369
11287610
11289684
11292374
11292662
11295075
11295778
11301995
11302357
11304251
11304624
11306555
11307581
11309827
11311603
11314717
11314974
11317773
11317800
11319107
11319111
11321487
11322340
11325971
11331094
11331625
11338535
11342262
11346488
11349620
11352891
11354465
11356935
11357754
11359070
11360717
11361152
11361666
11364964
11366335
11367377
11368395
11368556
11371118
11374094
11374343
11374759
11377102
11377899
11378183
11380796
11383598
11384791
11389795
11390752
11390958
11392417
11393160
11397197
11397954
11403200
11405213
11410723
11413487
11413823
11414464
11416340
11417789
11420789
11420982
11421753
11421798
11422625
11426610
11428345
11430557
11431187
11435409
11436370
11437756
11445422
11445757
11447907
11448909
11452521
11452641
11459650
11467546
11467736
11468719
11469311
11474438
11474688
11476991
11477817
11480511
11482282
11482449
11483343
11483781
11489746
11489829
11493133
11494189
11499360
11501285
11502746
11503303
11503453
11505287
11505902
11506166
11506968
11507191
11508834
11511273
11512593
11513090
11513521
11514687
11515286
11515557
11517194
11525140
11527536
11529780
11530439
11532408
11533654
11533960
11534427
11537430
11537674
11539042
11539448
11540665
11543600
11545247
11548164
11548396
11550123
11551714
11551819
11553016
11553987
11555355
11555731
11557273
11557892
11559648
11561293
11563964
11565082
11573534
11575468
11577355
11578605
11580512
11581409
11581978
11587601
11588307
11592161
11594486
11595161
11595186
11596284
11596926
11597263
11597562
11600312
11602767
11606319
11608152
11609752
11615316
11617012
11620581
11620770
11621357
11623137
11624575
11624722
11624818
11625619
11627812
11628171
11629820
11629857
11631569
11632098
11632169
11637153
11637237
11639733
11641838
11644803
11645424
11649099
11649340
11650300
11654424
11655997
11660022
11661180
11662803
11664665
11664816
11665352
11666328
11667290
11667544
11668042
11668417
11669822
11673792
11676384
11680276
11680553
11682828
11683045
11684193
11686464
11687367
11687731
11690267
11691771
11692990
11694436
11698833
11699014
11699171
11704920
11707211
11707757
11712104
11714447
11719735
11720351
11720384
11720408
11721239
11724894
11725256
11733860
11734915
11735184
11735526
11736324
11738635
11740057
11741524
11741530
11742413
11744122
11744478
11745987
11747522
11748640
11750458
11750820
11751526
11751975
11753595
11753613
11757894
11758633
11761963
11765136
11772659
11781909
11786706
11788740
11790085
11791666
11793806
11794395
11797401
11798239
11798253
11799832
11800698
11800910
11808357
11808608
11810841
11813508
11813634
11815155
11819614
11819737
11821676
11823481
11823666
11827726
11828127
11828452
11831412
11832291
11834638
11836542
11837460
11837523
11838525
11839894
11840297
11841543
11847110
11847937
11850840
11853104
11853693
11856527
11856823
11858504
11861331
11861550
11865521
11866393
11867335
11875041
11876329
11876962
11878757
11882167
11882216
11883226
11884913
11885641
11887159
11889804
11894744
11895294
11897254
11899649
11900326
11901778
11906643
11909878
11911031
11913741
11914532
11915418
11917606
11921565
11921694
11923699
11923795
11924570
11925529
11925773
11927168
11928768
11929881
11932714
11932904
11937039
11942824
11951207
11951746
11952561
11954348
11957800
11959344
11961861
11973161
11973802
11974539
11981378
11981983
11982866
11982906
11984063
11985819
11988794
11990164
11991404
11992385
11995021
11996528
11999501
12003631
12005626
12006044
12006431
12008673
12013288
12013498
12015136
12022644
12023685
12026246
12027346
12028605
12030096
12035578
12036034
12036811
12038998
12039841
12040403
12040679
12041955
12042586
12043930
12045270
12045444
12049408
12049578
12049988
12050514
12052526
12054125
12055449
12059873
12060043
12062389
12064206
12064658
12064909
12065493
12071420
12072229
12076768
12077437
12079036
12079674
12079681
12079925
12080073
12080775
12081614
12082894
12083946
12088107
12089859
12094439
12099848
12100764
12104821
12104871
12107063
12107810
12110262
12110936
12115039
12116203
12116812
12118694
12124024
12125285
12128419
12130065
12131402
12133303
12134096
12142702
12142786
12147388
12148316
12148648
12153023
12154888
12155381
12156301
12158413
12158688
12164665
12165274
12166349
12168010
12169246
12169303
12169868
12170669
12172001
12175396
12176735
12177617
12178166
12180881
12182014
12184095
12184921
12185138
12190235
12190239
12191799
12195476
12200206
12201693
12211031
12211839
12212037
12213846
12214873
12215215
12215993
12216864
12217819
12220867
12224612
12224801
12227342
12231697
12233147
12234479
12235804
12236408
12237718
12240306
12240575
12244454
12249734
12254694
12255006
12258687
12259116
12262802
12265949
12267234
12272315
12272677
12273575
12275651
12278902
12278949
12281986
12282130
12286066
12298264
12298470
12301932
12303961
12304985
12309961
12313788
12315565
12319143
12322259
12322287
12322615
12329972
12333776
12334343
12335011
12335149
12336412
12336953
12339109
12339522
12341136
12341386
12342239
12343179
12343364
12345136
12345487
12347275
12357886
12358770
12358905
12359774
12364978
12368458
12370590
12371653
12372050
12372396
12374140
12378143
12379062
12379411
12382113
12384488
12384637
12384783
12385769
12386022
12387129
12390107
12395090
12397239
12397313
12397978
12399239
12399548
12401364
12403192
12404678
12409025
12409182
12413748
12414283
12416007
12417230
12421419
12421791
12422624
12424685
12429629
12435563
12438387
12440400
12440425
12440763
12442442
12442726
12444467
12445203
12446831
12449055
12450314
12450969
12452121
12452667
12457333
12457444
12461414
12462457
12466446
12467103
12468622
12468839
12470296
12470613
12471045
12471485
12479397
12479931
12481450
12482412
12484865
12486003
12487710
12488186
12489381
12490104
12492787
12495343
12495424
12497475
12497775
12498663
12501359
12504836
12506728
12511179
12513353
12513770
12513960
12514549
12522483
12522655
12523370
12524056
12524415
12525269
12526031
12527980
12527987
12531677
12533264
12534355
12536709
12537096
12537210
12541781
12542915
12543306
12546044
12546722
12551824
12553959
12555005
12555145
12555292
12556773
12559439
12560382
12560933
12561469
12565849
12565933
12567194
12567520
12567753
12568375
12574390
12574463
12577225
12577749
12580164
12581514
12581612
12582470
12589146
12589702
12591071
12594003
12597663
12598157
12598324
12599443
12599730
12602422
12604370
12608570
12611989
12615352
12615997
12617296
12619174
12619384
12620061
12620891
12625683
12626642
12630017
12630977
12634826
12635801
12639625
12641856
12642074
12649158
12650832
12653681
12658745
12660450
12662778
12664418
12666403
12666583
12667785
12667915
12671861
12671910
12673819
12674445
12676531
12677213
12677724
12683997
12684916
12685041
12685680
12685903
12689435
12694753
12695708
12696862
12697188
12697688
12698036
12699570
12706472
12706574
12712070
12712174
12712953
12717661
12718621
12718749
12721130
12723099
12724155
12725696
12725986
12727326
12729989
12732159
12732334
12734416
12734681
12736184
12739099
12742342
12745999
12748609
12749099
12749374
12751663
12753734
12754276
12755753
12758260
12760825
12760887
12765109
12766224
12767307
12767311
12767387
12767693
12772369
12773590
12779042
12779192
12783035
12784310
12784567
12785003
12785326
12789915
12790580
12792005
12792958
12793043
12794198
12795096
12797014
12798432
12799071
12799205
12801448
12801955
12802794
12804041
12806897
12807876
12811235
12814645
12815001
12817018
12820937
12821504
12823749
12823758
12825830
12831402
12833556
12834670
12835046
12835164
12835367
12837201
12837635
12837813
12838616
12839152
12841274
12842062
12843340
12844026
12845610
12846539
12846872
12849018
12851094
12853230
12854504
12855044
12858298
12858838
12859152
12863350
12865648
12869710
12870379
12871218
12876696
12879460
12879670
12881243
12884914
12886996
12888775
12890619
12890682
12891055
12892105
12892385
12893269
12894365
12894754
12897115
12900157
12900681
12903124
12904704
12905971
12910214
12910488
12911781
12913878
12914569
12915878
12915915
12916689
12917391
12918864
12919941
12925118
12925566
12931309
12934090
12936032
12936109
12936316
12937072
12937240
12938007
12938720
12939109
12939609
12940068
12941310
12943494
12945987
12947289
12950350
12952983
12954326
12954872
12955516
12963178
12964026
12965682
12968318
12973865
12977536
12978541
12978632
12980316
12981102
12982998
12983528
12988611
12994696
12995804
12996382
12997060
12997822
13000629
13001749
13002457
13004651
13011267
13012225
13012755
13016628
13016685
13018028
13024630
13025543
13027295
13029917
13030409
13032180
13034708
13043996
13044767
13047120
13052063
13058990
13061107
13061140
13066131
13066912
13071480
13071965
13072690
13074083
13079136
13082100
13082769
13085533
13089833
13100831
13105796
13106686
13107075
13108716
13108989
13110012
13110774
13112980
13113568
13118389
13118582
13119030
13122569
13126043
13127921
13129867
13132236
13133070
13137281
13139376
13140317
13140828
13143412
13144578
13146605
13150539
13154647
13154680
13155666
13156135
13156340
13158428
13160411
13166875
13170227
13170547
13170915
13172779
13172892
13174512
13186999
13191632
13192140
13193533
13196197
13199074
13201775
13203400
13203589
13209527
13216920
13218811
13219924
13223076
13224525
13228721
13228878
13229154
13231091
13231706
13236122
13238354
13243730
13245471
13245572
13246392
13248214
13255482
13258516
13261202
13263917
13265049
13267977
13268371
13268383
13269302
13276657
13276723
13276964
13278693
13280456
13281216
13284156
13287299
13289010
13295660
13296099
13296678
13302093
13305332
13306091
13312002
13315847
13316728
13318428
13318809
13320140
13321004
13321725
13323926
13326384
13327559
13329597
13331139
13331928
13332011
13332563
13336620
13337371
13337683
13337786
13339363
13340589
13344507
13344515
13345845
13346456
13348325
13349463
13353345
13355191
13356145
13357396
13357440
13357479
13359015
13359813
13366595
13367851
13367963
13368404
13369618
13370690
13379269
13381513
13384884
13385238
13386286
13389044
13389940
13391075
13393863
13394378
13396168
13397703
13399122
13399967
13400190
13402115
13402802
13407182
13409456
13411622
13415828
13416036
13418086
13418357
13418604
13419135
13419484
13421008
13422761
13423197
13426230
13426325
13426329
13433036
13433244
13438154
13438470
13442335
13443198
13446065
13448317
13451189
13451729
13454260
13454578
13457527
13458413
13459716
13461946
13461979
13467037
13467158
13468958
13469893
13471628
13472312
13476498
13476502
13476560
13478631
13481659
13482129
13487398
13487642
13487995
13488589
13489153
13491120
13492464
13494644
13498450
13498997
13501450
13501462
13508018
13511291
13511525
13512746
13513489
13515585
13521551
13526536
13526961
13527542
13528378
13530085
13532628
13535281
13538306
13544392
13544655
13545096
13546829
13549194
13551600
13553110
13555836
13556401
13557443
13558300
13558571
13560190
13560364
13560881
13561086
13562781
13563243
13563735
13569243
13570503
13572266
13580164
13580495
13581239
13581518
13583321
13586357
13587592
13587688
13592924
13593795
13595763
13597537
13600332
13604046
13604230
13607297
13609372
13609518
13610626
13619430
13620846
13622920
13622953
13624762
13624785
13627580
13627641
13627830
13627924
13632659
13634253
13634319
13638445
13641409
13646528
13647618
13649150
13649477
13650967
13652733
13654894
13655682
13656360
13665136
13669332
13669584
13669898
13670280
13671633
13672575
13672597
13675496
13677969
13678472
13680349
13680853
13683626
13685689
13686739
13688010
13688094
13688246
13688833
13689125
13689455
13691211
13692030
13693080
13693311
13693813
13697446
13699921
13701854
13702629
13705700
13706098
13707081
13711922
13712117
13712844
13713307
13713525
13716203
13721209
13721993
13724094
13728741
13729454
13731427
13731845
13732260
13732721
13734382
13736388
13736614
13736848
13737288
13737983
13738229
13739952
13740233
13740436
13743121
13745251
13745815
13750795
13751581
13756221
13756385
13756583
13762860
13763841
13763956
13764376
13765045
13766319
13769509
13774143
13775560
13776137
13778202
13779992
13780421
13785469
13785634
13785810
13793154
13795612
13799301
13799640
13801115
13802329
13802813
13803408
13808875
13809336
13809416
13810854
13812136
13815600
13815933
13816816
13818913
13818914
13820128
13820733
13821181
13821286
13823967
13824012
13825476
13827623
13828490
13830943
13835167
13842392
13844544
13845465
13845796
13846410
13849460
13849516
13850565
13852464
13853761
13854176
13858767
13862216
13863057
13864440
13864611
13866326
13867825
13870987
13872588
13877582
13879041
13882710
13891057
13894196
13894207
13898171
13899835
13899898
13900161
13901380
13901507
13901939
13908621
13908670
13908720
13909431
13911111
13912380
13915837
13916102
13916425
13916742
13918107
13920093
13923914
13926693
13930809
13933048
13933689
13933760
13936896
13938863
13941523
13944741
13945337
13945367
13953839
13954913
13959125
13960402
13960746
13962377
13964958
13965077
13968518
13968531
13969407
13971505
13973129
13977491
13978236
13984976
13987400
13990450
13991032
13991286
13991417
13994707
13995350
13997481
14001293
14002615
14003365
14004323
14006087
14007988
14008617
14011033
14016942
14017394
14019826
14020423
14024391
14025641
14026763
14030223
14030224
14030286
14032898
14034106
14034182
14034257
14034790
14034828
14035842
14041043
14041947
14042217
14044490
14046280
14046831
14048064
14048843
14050375
14053944
14054122
14055775
14061319
14064602
14066487
14067525
14067924
14071719
14073680
14076355
14077828
14079640
14080478
14080628
14080834
14082008
14085063
14086313
14089061
14095800
14098493
14099255
14102394
14110925
14112043
14113438
14117847
14119964
14124764
14125944
14129698
14132677
14135913
14136144
14136731
14139074
14141303
14146736
14150032
14152841
14153393
14157640
14160955
14161190
14162791
14163620
14164677
14164846
14166883
14167928
14170183
14174152
14177300
14178119
14178679
14178906
14179513
14182444
14183388
14183922
14184569
14185904
14187156
14187158
14191986
14192129
14193367
14193816
14194824
14194995
14197244
14203330
14206138
14206164
14209190
14210660
14211586
14213128
14216068
14217629
14217647
14219373
14223254
14223347
14225116
14225790
14232063
14232070
14237495
14239280
14240606
14241506
14243457
14249918
14250769
14251196
14252486
14257663
14260124
14262698
14263434
14263456
14264063
14264216
14277870
14277893
14281436
14282389
14283855
14288230
14289035
14291577
14291754
14291756
14293202
14295151
14299446
14301202
14301399
14302976
14303021
14305445
14307473
14313589
14317270
14323574
14327199
14327382
14327764
14328000
14329732
14329767
14329835
14331311
14333097
14341542
14343989
14345100
14345609
14348058
14350958
14353798
14353915
14356439
14358444
14360077
14363236
14365471
14365966
14366117
14367564
14371325
14373509
14374016
14378987
14379267
14379316
14379558
14381832
14386680
14387345
14389530
14395416
14396139
14397751
14398614
14399498
14399782
14403644
14404200
14405804
14406544
14408409
14411231
14412132
14414529
14416944
14417790
14418054
14419450
14420642
14421560
14423766
14430182
14431080
14434035
14435872
14438355
14439783
14441809
14442634
14446723
14447018
14447877
14449228
14450402
14451792
14455485
14455544
14459563
14460345
14460893
14461270
14464462
14472333
14473614
14474597
14475510
14477080
14482990
14485966
14486573
14487143
14488167
14489121
14490590
14492786
14492950
14496433
14500981
14505600
14506824
14507107
14509507
14509765
14511044
14513660
14514611
14517353
14518516
14519086
14520106
14521608
14521924
14523784
14525680
14528122
14530873
14533462
14533951
14536086
14541191
14542607
14543998
14545779
14548304
14548540
14548755
14552499
14556782
14557068
14557920
14560966
14561377
14563292
14564081
14564542
14566498
14567959
14575424
14576944
14577324
14577913
14584134
14589643
14589654
14590469
14591097
14591526
14595236
14596042
14597439
14598886
14600480
14603276
14606875
14607811
14609640
14610111
14611100
14614409
14617746
14617874
14619572
14620274
14621734
14622263
14623087
14623094
14623110
14624013
14624282
14625769
14626410
14629929
14631556
14636797
14639967
14640123
14642270
14642745
14643204
14644968
14652230
14654375
14654541
14657375
14658974
14659395
14660223
14661174
14662162
14663906
14667289
14668037
14671377
14671527
14671919
14674004
14674666
14678114
14683562
14684300
14687213
14691556
14692668
14693175
14695507
14695539
14696685
14698785
14700272
14700392
14703711
14704869
14705095
14705412
14708509
14709197
14709329
14710829
14712745
14715079
14716230
14716855
14718307
14718899
14720617
14721038
14721666
14721722
14723841
14728901
14729679
14731753
14733916
14735308
14736981
14737531
14738180
14738790
14743878
14744316
14749452
14749775
14754403
14757388
14759844
14766143
14767547
14768585
14769160
14780203
14782254
14788571
14790409
14791903
14793900
14795902
14799679
14804372
14805146
14806322
14807138
14809526
14809701
14817817
14818585
14820649
14821180
14822406
14823011
14823981
14825197
14825889
14827934
14830375
14830806
14831116
14832416
14832471
14832976
14836714
14837377
14837960
14845222
14847275
14849577
14850564
14852193
14852402
14854279
14855346
14858704
14861057
14861440
14862501
14864495
14865540
14866635
14866742
14868506
14869089
14871476
14873832
14874236
14875147
14877597
14878002
14879853
14882125
14883269
14887828
14888591
14889053
14889903
14890366
14891532
14891716
14892862
14893059
14893491
14895215
14896126
14901496
14902773
14903291
14903771
14912501
14913278
14914536
14915079
14923027
14923610
14925418
14926081
14929778
14930005
14934404
14935735
14935770
14935790
14939336
14941901
14942062
14942420
14945030
14945463
14945580
14949103
14949236
14951096
14952216
14952324
14956335
14959704
14960674
14960971
14961629
14963869
14965968
14967981
14969007
14975612
14976488
14981528
14984471
14984510
14985543
14987236
14989643
14990517
14990608
14992144
14995683
14997323
14998192
14999143
14999722
15001634
15002783
15002941
15003312
15006060
15006823
15007432
15007710
15010643
15011590
15014964
15016476
15019555
15021628
15022718
15024404
15025167
15026145
15032264
15034004
15036102
15039777
15040101
15040993
15043503
15044120
15046573
15046679
15048123
15048238
15049639
15056358
15056391
15056674
15064898
15065384
15069676
15072038
15072836
15074876
15077507
15077810
15079290
15082000
15084012
15095665
15101016
15101992
15102638
15102923
15104035
15107232
15107412
15109485
15109788
15112686
15118552
15118556
15119011
15119891
15126433
15127675
15129940
15132828
15136590
15137801
15139854
15140799
15143780
15145424
15145464
15150102
15156945
15158336
15160259
15164737
15168051
15168497
15168642
15169979
15170096
15171526
15174126
15174930
15175250
15178385
15181914
15182779
15186446
15189296
15190466
15195378
15198410
15204844
15205759
15208894
15212342
15214264
15214707
15219505
15227304
15229841
15230713
15235626
15242430
15242489
15244489
15244973
15247367
15247603
15250499
15250679
15251421
15252127
15252174
15254662
15255730
15258187
15259761
15263641
15263794
15267028
15268068
15268696
15269108
15269380
15270041
15272265
15272462
15272750
15278200
15278291
15278386
15279635
15283209
15283535
15284291
15285978
15286942
15290154
15291741
15294963
15297176
15297670
15301669
15306439
15306479
15307767
15307934
15309986
15311072
15319335
15319355
15320211
15321724
15326153
15327994
15329672
15332138
15336066
15336993
15338247
15339373
15340434
15343257
15344542
15348282
15349120
15350804
15352241
15355507
15356981
15360168
15363733
15364178
15365730
15365795
15366928
15369280
15370911
15372076
15373485
15375828
15377091
15380914
15384977
15387372
15389486
15391733
15392211
15392391
15394886
15396270
15403733
15404286
15406968
15407587
15409359
15410119
15416864
15420350
15421885
15423756
15425238
15426860
15427475
15429662
15429791
15431998
15433709
15435722
15437842
15438374
15442520
15443960
15444857
15446602
15446716
15448491
15451494
15454138
15455951
15458384
15459100
15461419
15462863
15465077
15466740
15469322
15471249
15471575
15483024
15497368
15499812
15500547
15500679
15500694
15503413
15504954
15507236
15508812
15510080
15511333
15512391
15519427
15521125
15522802
15523317
15524812
15526106
15534478
15535522
15540769
15540951
15543959
15547898
15548106
15548690
15549525
15549918
15550197
15551002
15553379
15554777
15555497
15563768
15566567
15567212
15567315
15570094
15572623
15574156
15576479
15578307
15579259
15579441
15583128
15583510
15584634
15593649
15596168
15599671
15600296
15601204
15602794
15603713
15604098
15607186
15609434
15609978
15612761
15614272
15614755
15615576
15615577
15617774
15618991
15624617
15624701
15626337
15626657
15628084
15631591
15633652
15633895
15634366
15637062
15637330
15638006
15640208
15643547
15645492
15647349
15647490
15649017
15649565
15650825
15651161
15657145
15664598
15664999
15666935
15667263
15667893
15670828
15670993
15671579
15677485
15679479
15683378
15684099
15686412
15686686
15690158
15690360
15690889
15693731
15698213
15700619
15702329
15704264
15707908
15708305
15710202
15710375
15712754
15714224
15714378
15715544
15716151
15716709
15723562
15723687
15724796
15729570
15732202
15732225
15733114
15735136
15735701
15737054
15737176
15742022
15742435
15748595
15749296
15749469
15750508
15751155
15752676
15754979
15756813
15758197
15761488
15763118
15763215
15765880
15766395
15766808
15768118
15768870
15769840
15772121
15775430
15779357
15779705
15779839
15780421
15781071
15783308
15786433
15788319
15788907
15788932
15793840
15794906
15795335
15798037
15798081
15798411
15801552
15801921
15802367
15802472
15806750
15808450
15811894
15812202
15816285
15818863
15820957
15827079
15827712
15827942
15829244
15829668
15833837
15834116
15839916
15842655
15842662
15842803
15845884
15846121
15846877
15852991
15861508
15863372
15864934
15867223
15867289
15869839
15870388
15873506
15873902
15879858
15879878
15880581
15883392
15888283
15890623
15891815
15892964
15895740
15896103
15896266
15896616
15897499
15897670
15898397
15900561
15901711
15904186
15907244
15911848
15913067
15915702
15916664
15918192
15920206
15923558
15924182
15926783
15926901
15929472
15930438
15930883
15931290
15931907
15933964
15934575
15936033
15937196
15937647
15941025
15941397
15941658
15945978
15946713
15950025
15950122
15950638
15953790
15958008
15958429
15958900
15961890
15963378
15963665
15964845
15968057
15970659
15972467
15972707
15974461
15974736
15977181
15977808
15979933
15981276
15983918
15987348
15989761
15991289
15993940
15995981
15999572
16002525
16004218
16004506
16009549
16010367
16012711
16013291
16013304
16013397
16017129
16017863
16019046
16019798
16020196
16021305
16028545
16028647
16030063
16031266
16032578
16035815
16037677
16038779
16039190
16042001
16047349
16050763
16051002
16052677
16053212
16053924
16059355
16059647
16069308
16072061
16072123
16073168
16075856
16077560
16081164
16087566
16091218
16096160
16098188
16099553
16103842
16109795
16117119
16119086
16119352
16121258
16122325
16123958
16124044
16126138
16131357
16132795
16140611
16140730
16141019
16143349
16144940
16145708
16146191
16149454
16151667
16154748
16157138
16160391
16166809
16170321
16170533
16172048
16172307
16172853
16172983
16175191
16177015
16177564
16179649
16181707
16184147
16189242
16190806
16191000
16193578
16195770
16196720
16197530
16198899
16199356
16203379
16207781
16208196
16210926
16211291
16213594
16214465
16214948
16215011
16216788
16218148
16218576
16221588
16222549
16222738
16222793
16223229
16228381
16228639
16229971
16230730
16234212
16240504
16240912
16243131
16243179
16244409
16245065
16247145
16248159
16249858
16250378
16250581
16252181
16252473
16253170
16253646
16253693
16253813
16253894
16257258
16257354
16257418
16258575
16258743
16259389
16259722
16265156
16265954
16266425
16266576
16268149
16270013
16272067
16275586
16277646
16278619
16279637
16280084
16280404
16280740
16281056
16282233
16283302
16286558
16287798
16294391
16295118
16296002
16296489
16297008
16297882
16298009
16303835
16305807
16307934
16309308
16309822
16312604
16314875
16315734
16316703
16319836
16323348
16324333
16325694
16329355
16330090
16331286
16337556
16338853
16340045
16340948
16344042
16346860
16350494
16351339
16353487
16354083
16354899
16355655
16355902
16359081
16360676
16363914
16364371
16364854
16366380
16368555
16369591
16375875
16378467
16380725
16385755
16388032
16389806
16391768
16396714
16398611
16404173
16405652
16405871
16409817
16410282
16410524
16411296
16413285
16414132
16414483
16418571
16419537
16422075
16422528
16427733
16429778
16429893
16430406
16433233
16436158
16437869
16438293
16438787
16445498
16448858
16449172
16449226
16450421
16451313
16453797
16454158
16457606
16458093
16459643
16462168
16462506
16464983
16467186
16468577
16472323
16475485
16477273
16478700
16480425
16485474
16488539
16489164
16490017
16493916
16496708
16498509
16499762
16503638
16504647
16505039
16508395
16513088
16514018
16514162
16518548
16519899
16522325
16522478
16524137
16524806
16525085
16526068
16526195
16533617
16534673
16534986
16536708
16538195
16540633
16540713
16543899
16545456
16546439
16548483
16556481
16558031
16558221
16564787
16565462
16567248
16567602
16571482
16572829
16573174
16574785
16577088
16577258
16577958
16578368
16579047
16579610
16580340
16582894
16584969
16587440
16587665
16587937
16589089
16591623
16591700
16592537
16594836
16595174
16596044
16597322
16603415
16603494
16605492
16605533
16605936
16607221
16609953
16613985
16615687
16617061
16617252
16618283
16618421
16620047
16621612
16624923
16628507
16628582
16637296
16637423
16638084
16641582
16641955
16642762
16645407
16645672
16654096
16654965
16655041
16656436
16656701
16657578
16657756
16658775
16660013
16660715
16663235
16663574
16665315
16665510
16665687
16668838
16669661
16671963
16676409
16678691
16679890
16688162
16688794
16689362
16695260
16695884
16695958
16699011
16699474
16701212
16704214
16710660
16711765
16715151
16715358
16717715
16727347
16733499
16741355
16742758
16743069
16744829
16750371
16750791
16752360
16755955
16758563
16758822
16760863
16761627
16763568
16763984
16764472
16764775
16764979
16766661
16769470
16773278
16775647
16776627
16776747
16778125
16781386
16784694
16784703
16785643
16791396
16793256
16799511
16802181
16803406
16805008
16805161
16805291
16805989
16806370
16810032
16810250
16810408
16815236
16816155
16819104
16822034
16828544
16833659
16836106
16836573
16837137
16841504
16843386
16847810
16852681
16857991
16859568
16859612
16860608
16861477
16861821
16866959
16868806
16869263
16870393
16873322
16873738
16877403
16878715
16884282
16884541
16884580
16888603
16890144
16890726
16892405
16895668
16896342
16899957
16903427
16903463
16904759
16905241
16905960
16909219
16909761
16912093
16912177
16914567
16914931
16915760
16923325
16923605
16926121
16926680
16928280
16930946
16931564
16932431
16943122
16944888
16947708
16949672
16951214
16952341
16953236
16953402
16954086
16954943
16957203
16958693
16965284
16967329
16968811
16974144
16975069
16978765
16982114
16982337
16991142
16992931
16997490
16997494
16998006
16998347
16998363
17000391
17000528
17000860
17006372
17008409
17009967
17011393
17012050
17012753
17014613
17015412
17017500
17022853
17023722
17023868
17027587
17029765
17030805
17034935
17037935
17040213
17043290
17046098
17050106
17051289
17052464
17052768
17053767
17060379
17061416
17062831
17074528
17075019
17076438
17083477
17084858
17089283
17092334
17092468
17095123
17095516
17095763
17097479
17102483
17103966
17104789
17106874
17112549
17112768
17113762
17114416
17114802
17116520
17118287
17121218
17123429
17124642
17127039
17129827
17133064
17134386
17136474
17149006
17151399
17151859
17155244
17156526
17157711
17157817
17158598
17160834
17161349
17163149
17164712
17164824
17166328
17169012
17169358
17170824
17171234
17172929
17174100
17175992
17178300
17178684
17183457
17185766
17186313
17189514
17189957
17190757
17192582
17196646
17197282
17199565
17201144
17202136
17205671
17206743
17209620
17214389
17215519
17215891
17216718
17223090
17226038
17226331
17227859
17228296
17229889
17232196
17232518
17232725
17232991
17233946
17236755
17238915
17240264
17241348
17242696
17245180
17245780
17247458
17247843
17248052
17249219
17255906
17257591
17258052
17259981
17260008
17260697
17266047
17267417
17268368
17268527
17271324
17271752
17273183
17277469
17278654
17279719
17280078
17281954
17282482
17285314
17285545
17288059
17289560
17289689
17291068
17291559
17293146
17293537
17296075
17304685
17305035
17307435
17309735
17311534
17313323
17313596
17314439
17314459
17315061
17319072
17322314
17324427
17326832
17329527
17329534
17329575
17332472
17335317
17336570
17339181
17339343
17339345
17339623
17341511
17342930
17344058
17345929
17346171
17347391
17347433
17350093
17354388
17359965
17360050
17360627
17362601
17366593
17367620
17368410
17370045
17370307
17373931
17374703
17374971
17377056
17382119
17382309
17393816
17395180
17398023
17398490
17398734
17399309
17399555
17400153
17402037
17403785
17405366
17415235
17417738
17420436
17420806
17421076
17425168
17425933
17427565
17429254
17430137
17432228
17434865
17436041
17437578
17437975
17438079
17440223
17440636
17443762
17446129
17449170
17449274
17451262
17452041
17458954
17461905
17462732
17462796
17464802
17466875
17471695
17473523
17477049
17479072
17480099
17485787
17487128
17487369
17491740
17492578
17493366
17494170
17496484
17498292
17502212
17505310
17506667
17506910
17508396
17509665
17513003
17515548
17518675
17519405
17520582
17522364
17522826
17524147
17524362
17524912
17526364
17529875
17530719
17530944
17533154
17533979
17534006
17534722
17535035
17535294
17537963
17540805
17543323
17544416
17546690
17546923
17547290
17549082
17550691
17550813
17556876
17557534
17559646
17564536
17565484
17566581
17567729
17577739
17585560
17588111
17589297
17590407
17591138
17592359
17594262
17608267
17609127
17615388
17616724
17618819
17618973
17620742
17627536
17630959
17633856
17636607
17636737
17643670
17644519
17645005
17650212
17653004
17653627
17654073
17658389
17662812
17665516
17667540
17670349
17671423
17673264
17675576
17683286
17684883
17690372
17691706
17693899
17695043
17696540
17697828
17698614
17700188
17702611
17705462
17706849
17709545
17710092
17711021
17711614
17712225
17713242
17714023
17714269
17719598
17720416
17723059
17729245
17730474
17731225
17731510
17733488
17734556
17735664
17736680
17737187
17737482
17742073
17745748
17745923
17749974
17753710
17754162
17755235
17759589
17761284
17765060
17766977
17767566
17767607
17768372
17768642
17771305
17772210
17772229
17773899
17776216
17780171
17781361
17782138
17787733
17788303
17788360
17792768
17793300
17793358
17793782
17795645
17797852
17797926
17800110
17800514
17802394
17802529
17803901
17805153
17812585
17812799
17817290
17818724
17819460
17820661
17823052
17827669
17828275
17828712
17829203
17829674
17832217
17833431
17836273
17836523
17836605
17839133
17839160
17839853
17840769
17843588
17844962
17848423
17850635
17851348
17852728
17855430
17857629
17860562
17860789
17861902
17865242
17866531
17866746
17867958
17871310
17875935
17882293
17884211
17884997
17887118
17897835
17900331
17901347
17901697
17903634
17904463
17904856
17906253
17906339
17907132
17909678
17911573
17911644
17915181
17915972
17922444
17924361
17925597
17927598
17928227
17928725
17928843
17930992
17931955
17934754
17939021
17939228
17941212
17942227
17942581
17942647
17943356
17946036
17947562
17949299
17951455
17955218
17955451
17956812
17959213
17960277
17961006
17961797
17964265
17965385
17974994
17975485
17975590
17976593
17976895
17978952
17979695
17980601
17981380
17982151
17988033
17988206
17991142
17996772
17997630
18000518
18001934
18001940
18003744
18004771
18008731
18009982
18010899
18015280
18015597
18016667
18018680
18019035
18019900
18023228
18024559
18027342
18028360
18029255
18029401
18030205
18030413
18030643
18030815
18037884
18038381
18038581
18044389
18044680
18047083
18047174
18047650
18050234
18051005
18051303
18051680
18052149
18057317
18060340
18060614
18061150
18062052
18065835
18066007
18067695
18069861
18070869
18071485
18071783
18073442
18074692
18076987
18079814
18086297
18089636
18091340
18094830
18096241
18099655
18101214
18101887
18103367
18108602
18109230
18110287
18111201
18112527
18113339
18115209
18116297
18117866
18118214
18125312
18127320
18127537
18130484
18130791
18132017
18132744
18137789
18138803
18139444
18140253
18140293
18140626
18146303
18150157
18153072
18153226
18153767
18154981
18158541
18160435
18163141
18165454
18166094
18167514
18171955
18172049
18177660
18178206
18179047
18182221
18182729
18184460
18189717
18198694
18199725
18200362
18201776
18203327
18211515
18214092
18215163
18216220
18216624
18217179
18219435
18219732
18220273
18221350
18221357
18221365
18225304
18226149
18226437
18228384
18229278
18231647
18231999
18232132
18233037
18234220
18234319
18236030
18236166
18239387
18239597
18240997
18243233
18246934
18249570
18251622
18254277
18254611
18256802
18258115
18259578
18261907
18261919
18262038
18262517
18263973
18269215
18272200
18273310
18273709
18277403
18281217
18284555
18288752
18289969
18290288
18291021
18291230
18292557
18292766
18296038
18296933
18297238
18299286
18301291
18302529
18304492
18305441
18309470
18312587
18313219
18316807
18319802
18321127
18325322
18326098
18326814
18332116
18332135
18336133
18336286
18341331
18342123
18343821
18344568
18346688
18350158
18352732
18353737
18355299
18355708
18357187
18357237
18358309
18360109
18361393
18363612
18364271
18368487
18371123
18380275
18384064
18387165
18387233
18391867
18392118
18393021
18393807
18394909
18395488
18396693
18397845
18398120
18398373
18398620
18398806
18398874
18399934
18400872
18401428
18402547
18406212
18407442
18407929
18410052
18410065
18414448
18415732
18418688
18421325
18422712
18423709
18424791
18425202
18427147
18427690
18430237
18432089
18433015
18434342
18434945
18435483
18435542
18435842
18435909
18436442
18436966
18437987
18440220
18441204
18442042
18443018
18443861
18448047
18451971
18455598
18463986
18464674
18465954
18468814
18469288
18471444
18472573
18472847
18473422
18473598
18477340
18479715
18484384
18484786
18485217
18490653
18490966
18491561
18492375
18493238
18496739
18506468
18512568
18514127
18515130
18517514
18519460
18521274
18524104
18524817
18527689
18528890
18529927
18529987
18531592
18531657
18538901
18540336
18542317
18546648
18549534
18552312
18554160
18554571
18557423
18562785
18564003
18566988
18569058
18573339
18575349
18576597
18581938
18582948
18584599
