215
258
472
2685
7675
9648
10439
11843
14341
17045
17694
20061
21234
22845
23080
25091
28710
32237
32313
34539
35986
42910
42984
43267
44245
44599
45373
47162
49871
50309
52289
52473
52489
52822
54463
54536
56236
59013
59843
59923
60022
60152
64986
67594
75446
76124
76532
81947
84771
86721
87265
89294
90572
90583
90993
91322
91328
91883
91985
94157
94773
95506
99164
99802
104279
104762
105100
105129
105255
106002
108327
113885
114016
116796
119562
120158
120510
120702
123036
126228
126297
134071
137889
138308
140529
149516
150015
155356
157569
161467
163464
164525
165135
167734
168422
170101
172201
176412
177486
182053
184128
185605
187347
190944
192186
192556
193345
193681
195282
195921
196855
196876
197231
197681
199551
200967
205887
206672
207807
210208
211450
221088
222710
224535
225462
225472
225984
230598
232387
233643
234397
234962
242735
244993
246089
247741
248498
249281
251348
252822
254280
260091
265539
267361
268504
269047
270932
271482
271912
272393
274107
275749
276974
277188
279472
280839
281081
285424
286820
289105
289646
294611
295730
296399
302609
303689
303810
308101
308293
309812
310683
314946
317619
318479
319975
321331
321770
325498
327720
331177
333033
334380
335329
335352
335355
339106
340232
340705
341333
342989
344427
344701
346328
346626
349410
350559
357718
358478
358691
364447
365221
367523
368304
370484
370578
378541
382878
384661
384706
384958
386071
387139
388047
388663
391313
391872
393502
396524
397829
401983
407757
410933
411283
414058
420618
421209
421673
422324
423031
425108
426180
428614
431683
432404
432793
434295
435766
438983
443681
443962
452619
453221
453340
454421
457322
461395
462873
462917
463292
464110
466658
467280
468028
474104
474242
477455
477688
478831
481470
481596
483197
483254
483840
484878
491085
491450
495429
495434
496479
497625
498892
500874
501960
503808
508742
511240
512616
513245
514145
517612
519172
525296
528734
529415
530261
530290
531043
532138
534151
536842
536942
538769
541281
543104
543237
545852
547030
547716
548316
548974
549694
551693
557115
559981
561381
563050
563882
564631
564781
564942
565323
566514
568564
569048
571235
572017
576157
578869
581496
589019
590475
592434
594581
595388
595484
599474
599864
600850
601183
601736
602833
603716
604298
606966
609120
609525
611660
612223
614483
615923
618011
618914
620920
620951
621890
622961
628353
634264
635320
635880
636219
636797
638634
638987
639170
640305
641044
645855
646323
646333
647696
648194
651462
653481
656547
657169
657317
657732
658675
659101
662545
663714
664550
664900
665946
666957
668890
671625
673030
673697
674489
676892
677277
677500
678216
680514
682577
682818
686219
686282
686726
688306
689271
689623
692983
694798
696061
696669
698914
703439
704464
708581
710592
710639
713003
715301
719363
720032
720871
726349
729113
729323
730572
733087
733423
733883
734730
738927
739997
743429
743793
746691
747965
748891
752009
752975
755094
758314
759718
764252
766101
767250
768361
768897
769043
770094
770807
774940
779014
779497
780568
781219
783782
788322
788476
788778
789092
790224
790298
791902
794406
794680
797794
797988
798507
799853
802106
802563
802940
803205
804660
804680
804918
807863
808911
810356
812821
813218
813442
817998
819786
822120
823125
823660
824828
824833
826981
828710
828969
832699
837453
838982
839267
843966
843993
845230
845624
846694
850321
850822
851675
852301
852946
854727
857588
859430
860837
861268
863261
864799
868872
869799
869985
872125
877130
877847
885273
887414
890030
890789
891799
894204
895102
895556
900152
900491
900597
901354
902956
903834
906340
908482
912349
925285
930181
930396
931539
932222
935972
940898
942625
943681
944277
944301
946889
946931
947150
947939
949752
951948
953745
956016
956953
962361
965188
967547
969350
969892
972461
972507
973901
974323
979642
980106
984648
986481
997372
1000782
1001138
1003155
1007074
1007641
1009886
1009895
1011967
1013147
1014155
1014919
1017031
1019151
1019834
1022953
1023069
1025572
1028615
1035484
1035845
1036015
1038397
1040761
1041143
1042267
1051282
1053801
1055220
1059666
1061948
1063147
1071419
1072051
1072619
1077124
1078598
1079621
1084002
1084695
1087824
1088542
1088713
1089345
1091258
1091581
1092807
1100100
1102240
1105253
1105909
1106976
1111208
1112034
1113913
1115173
1119310
1119470
1120178
1121992
1131359
1131425
1133161
1133417
1134220
1135622
1137219
1138310
1141251
1144288
1144838
1146743
1147019
1147735
1148033
1148642
1153886
1154557
1156162
1160850
1166875
1167879
1168960
1169468
1169532
1169732
1171859
1172607
1173550
1174617
1176331
1177153
1177426
1179310
1179935
1182834
1183505
1184100
1187059
1189202
1191224
1192021
1193168
1193684
1193811
1200033
1205428
1207753
1208428
1208453
1209551
1210193
1210530
1210829
1213579
1216034
1219586
1222781
1223796
1224443
1225700
1226365
1227546
1230708
1233528
1238255
1238782
1238908
1242048
1244564
1245491
1246257
1247001
1250839
1251206
1252209
1253465
1254164
1255480
1258318
1264896
1265497
1266039
1269370
1270668
1272808
1273289
1274965
1275330
1275879
1281405
1281776
1281805
1289457
1292336
1296214
1296600
1296799
1299962
1301973
1304420
1305289
1307128
1309153
1314545
1315063
1317412
1318205
1318466
1319020
1324426
1324643
1326380
1328964
1330409
1335574
1335774
1341292
1344991
1346052
1347586
1348302
1349167
1355219
1355309
1357628
1365745
1369622
1373394
1373637
1375156
1377105
1377335
1379513
1382460
1384869
1385582
1386790
1391675
1391758
1391981
1392012
1392631
1392891
1399981
1404464
1405231
1405250
1405269
1405879
1406968
1407438
1407883
1408549
1408973
1413195
1414632
1415141
1416020
1417894
1418354
1423034
1423544
1427871
1429113
1429539
1429564
1431229
1433536
1433858
1434065
1434331
1435286
1438095
1440255
1441604
1442688
1443276
1444097
1445133
1445270
1447213
1447677
1452825
1454408
1455807
1455843
1457994
1461150
1465014
1466455
1466538
1467620
1469514
1472545
1475203
1480594
1481971
1482077
1483064
1484304
1485685
1488685
1490509
1491058
1493143
1495201
1497641
1500808
1500886
1501644
1504201
1505150
1506645
1508479
1509013
1509476
1514229
1519568
1519790
1520651
1520833
1522845
1522873
1531806
1531941
1534699
1536254
1536436
1536846
1537756
1538724
1542100
1544899
1546493
1547305
1548082
1550094
1550516
1552167
1553196
1553731
1555384
1555548
1556935
1561117
1563045
1564524
1564914
1565071
1566023
1567492
1568624
1569683
1573717
1574763
1577578
1579969
1580692
1580873
1581600
1581612
1587326
1590052
1591338
1595319
1602852
1603531
1606046
1606604
1606878
1609932
1614023
1616757
1617505
1618183
1618864
1620324
1620738
1621397
1622245
1622760
1623527
1625797
1625930
1625943
1626106
1627451
1630836
1631475
1632389
1633459
1638264
1641737
1644187
1648217
1653732
1654079
1656197
1657609
1660242
1661573
1663665
1664511
1664869
1665046
1667745
1670047
1671618
1672110
1672260
1672934
1677103
1678101
1684868
1684998
1687134
1689425
1696520
1697057
1697329
1703304
1705420
1706194
1706205
1708741
1709532
1709930
1709972
1712977
1714138
1716619
1717211
1720132
1720289
1728077
1728488
1732373
1732887
1733530
1734373
1735478
1738706
1740063
1742264
1746179
1748723
1750091
1750409
1752224
1753291
1755743
1756012
1757373
1761363
1764245
1765236
1767298
1768742
1771036
1771617
1773463
1774127
1775007
1775471
1778872
1780722
1781807
1787168
1789491
1792747
1793509
1795359
1795920
1800039
1800917
1802436
1803237
1804182
1805326
1809496
1811749
1811840
1812398
1812652
1815654
1816210
1818702
1819203
1820804
1821202
1824942
1825070
1825074
1825673
1828189
1828952
1829321
1833228
1834175
1839075
1839693
1839937
1845642
1847131
1847499
1850406
1851371
1853545
1855382
1857771
1860074
1860282
1863111
1864144
1864509
1864755
1867899
1868663
1871663
1875945
1878920
1880087
1884643
1887645
1887734
1888073
1888565
1889396
1892024
1892322
1892418
1897499
1900131
1901233
1901286
1901367
1903242
1906126
1907018
1909267
1913256
1918330
1918756
1919443
1920940
1926308
1929048
1929403
1931160
1933530
1933712
1936720
1940659
1940867
1941451
1942286
1942679
1942958
1943763
1946140
1948719
1949492
1949859
1954104
1954575
1955381
1956914
1957839
1962587
1966231
1967752
1969875
1974267
1982337
1986560
1987930
1988161
1989016
1989740
1990291
1991316
1991362
1992839
1993541
1997541
1997883
2001930
2002999
2006282
2009242
2009875
2009984
2015030
2015443
2015540
2017398
2019062
2019559
2020206
2023200
2023802
2024853
2024965
2025093
2026205
2027279
2029751
2030243
2032014
2034542
2043830
2047037
2050332
2054949
2059262
2059630
2060614
2060705
2061911
2061993
2062082
2064567
2064572
2071985
2072739
2072850
2073073
2076187
2076961
2079809
2081078
2081383
2082767
2083984
2088560
2093220
2095383
2103906
2106116
2110839
2114555
2114697
2114698
2115556
2115884
2116500
2117141
2119816
2121286
2124129
2124975
2125782
2127928
2128507
2134855
2137226
2143308
2143623
2143799
2144474
2145415
2145463
2146378
2146819
2148826
2151336
2152289
2152824
2154110
2154159
2155177
2158256
2160562
2162748
2165935
2167555
2170803
2175762
2186427
2188834
2189288
2189986
2191206
2192127
2194437
2202417
2204792
2209461
2209863
2210294
2215730
2216043
2216638
2218806
2221093
2227881
2230676
2231584
2232663
2233977
2236482
2237401
2238594
2241268
2242085
2251749
2253717
2258274
2259323
2259341
2260975
2263050
2263115
2263751
2266419
2268567
2269459
2270323
2271109
2275749
2275913
2276111
2282388
2283369
2283484
2283904
2284573
2285847
2292059
2296447
2300657
2301632
2301802
2304418
2308178
2312431
2313545
2315196
2318550
2327239
2327681
2328451
2328999
2331730
2332644
2333759
2335193
2337830
2338127
2339687
2345122
2345313
2346646
2350902
2356204
2356571
2357809
2359776
2359899
2360116
2362073
2362515
2366854
2367980
2368649
2369092
2371004
2375411
2378865
2380439
2381636
2382717
2383430
2385211
2385817
2388888
2392520
2393828
2397554
2399198
2403175
2404062
2404658
2404669
2404911
2405733
2406076
2406176
2407470
2411035
2412239
2412690
2413780
2415023
2415479
2415984
2418272
2424024
2425468
2425789
2425907
2426868
2426973
2426987
2431836
2433084
2439468
2441516
2441554
2444781
2445230
2448736
2449624
2452606
2452767
2453418
2457260
2457411
2457647
2459709
2461432
2462040
2462177
2462717
2463916
2464029
2465709
2466599
2472279
2473218
2473711
2473819
2473944
2474851
2475622
2477753
2478277
2478457
2482074
2482152
2482881
2485444
2486043
2486791
2488931
2489618
2490566
2490619
2492041
2492349
2493644
2497325
2507933
2510507
2510793
2513615
2517248
2520631
2521065
2527840
2528117
2528628
2528747
2529353
2532656
2535126
2536500
2537783
2538730
2539690
2540604
2543726
2544739
2546700
2547694
2555835
2563180
2567309
2567657
2574194
2574377
2580114
2582881
2583611
2583982
2584354
2586323
2591661
2591964
2592537
2599636
2602839
2603608
2605973
2607288
2607961
2609641
2613973
2616393
2618421
2618814
2623062
2624889
2629050
2631601
2632787
2633897
2634628
2635849
2637752
2641005
2641174
2642295
2648715
2648764
2649438
2650201
2652175
2652920
2656933
2657269
2657623
2658324
2658415
2659912
2661767
2662269
2663072
2664715
2674150
2674924
2676487
2677527
2682226
2686036
2687128
2687259
2688150
2688786
2691252
2691931
2693429
2693559
2693912
2694549
2698353
2698381
2700660
2701951
2703158
2708443
2708609
2712522
2714651
2714752
2716188
2717532
2717829
2726364
2727034
2727757
2730226
2734858
2735855
2737761
2738049
2741013
2744533
2747716
2748479
2750002
2751263
2754279
2756324
2757862
2759819
2760501
2761560
2761668
2762662
2762736
2764037
2764609
2770541
2771264
2776087
2776115
2776477
2778364
2780955
2781466
2782623
2789661
2793053
2793512
2793871
2796623
2798456
2798617
2799308
2800277
2800926
2802588
2803162
2804297
2804531
2805827
2807716
2809185
2811539
2813871
2814193
2823882
2826275
2826735
2832940
2837842
2840020
2841529
2845116
2845394
2845784
2847633
2848986
2849071
2849761
2850638
2852327
2859154
2859411
2860856
2861877
2863295
2867611
2867921
2868364
2869011
2873388
2873954
2879154
2881478
2883922
2884514
2886625
2890605
2893367
2893932
2896083
2897026
2900046
2900316
2900606
2901556
2901938
2903417
2905578
2906370
2916180
2918878
2920314
2922723
2923465
2924189
2924890
2926833
2938066
2938535
2940323
2941866
2946019
2947019
2948903
2949153
2949703
2952843
2955745
2955978
2956398
2957926
2958790
2960006
2961665
2962550
2967556
2973663
2974122
2975202
2976134
2979314
2979573
2982883
2987950
2988095
2989750
2990103
2991571
2994303
2994732
2996340
2997719
2997940
2998425
2998475
2998840
3004411
3004546
3005543
3006734
3007768
3014089
3014805
3019504
3020522
3021254
3022939
3023178
3026110
3026893
3027407
3028426
3028798
3029101
3030833
3035501
3039654
3041390
3041521
3046955
3049868
3049975
3050702
3052272
3052964
3053921
3054500
3057815
3058484
3061835
3063425
3063994
3065769
3072500
3072545
3073931
3078643
3079078
3080164
3081107
3082240
3083565
3084546
3087203
3088356
3089146
3090334
3091847
3095444
3096136
3096236
3096803
3099055
3101927
3102467
3104998
3105316
3108265
3109151
3110454
3112684
3112717
3116514
3117069
3125134
3125674
3126111
3130870
3135081
3137176
3138117
3138628
3141212
3142378
3144405
3148348
3150646
3150896
3151683
3151788
3152198
3152355
3154007
3154414
3156338
3160568
3161632
3167453
3169077
3169563
3174604
3174875
3177989
3181079
3182327
3183990
3184411
3187245
3187604
3188160
3192175
3197881
3204201
3204762
3205153
3207861
3210326
3212189
3212920
3213250
3215452
3218200
3218403
3221201
3228677
3229163
3229445
3231704
3232267
3232439
3236005
3237826
3238612
3240810
3241483
3242668
3244070
3244547
3247050
3250060
3252625
3257835
3258608
3260141
3260223
3260916
3261904
3263247
3264710
3267238
3267496
3269124
3270045
3271379
3272505
3275350
3275976
3276015
3277282
3277562
3281248
3281700
3282347
3283206
3286886
3288689
3289546
3291423
3292089
3292134
3292494
3295366
3296227
3296535
3298982
3301006
3301779
3301860
3303558
3304878
3307082
3307419
3307504
3307626
3308863
3312277
3312357
3316646
3316878
3318148
3324836
3326504
3326737
3327847
3327951
3330008
3331867
3339791
3340115
3344106
3347079
3350939
3354746
3355059
3356970
3362149
3363659
3364352
3364697
3365996
3367331
3367479
3367549
3368252
3368946
3369913
3369929
3369998
3371202
3373890
3375119
3377974
3378890
3379641
3384287
3384840
3385611
3387165
3398270
3398941
3399233
3400020
3400235
3407331
3409038
3415721
3416448
3423492
3425368
3429018
3431065
3432252
3433410
3434871
3436845
3440783
3441606
3443003
3443425
3443929
3446056
3447088
3453534
3454657
3457515
3458066
3458345
3459424
3459911
3463242
3463715
3464296
3466083
3467230
3467671
3468241
3469305
3474523
3474687
3475647
3478930
3480310
3482314
3483241
3488955
3489740
3489950
3490087
3492473
3492869
3493833
3494444
3496146
3500083
3501055
3505012
3505235
3507008
3507083
3507709
3507823
3510780
3518003
3520462
3521171
3522406
3525341
3525457
3526534
3528892
3529299
3533045
3533268
3535479
3538363
3541048
3541419
3543674
3549236
3550715
3550934
3554880
3555345
3555587
3556359
3558812
3561358
3566165
3567460
3567581
3570815
3571314
3574344
3580759
3584218
3585845
3586704
3588066
3590581
3590802
3591177
3593143
3597969
3598304
3599453
3603940
3604918
3606930
3607695
3607714
3612053
3613647
3615968
3616863
3617879
3618928
3619439
3623301
3623474
3623770
3626270
3626382
3626682
3627960
3628830
3631459
3633305
3637750
3638145
3643537
3647753
3649622
3649672
3649776
3650661
3651590
3652211
3653320
3654848
3657448
3658477
3659773
3660604
3661251
3662772
3665075
3666909
3668293
3671584
3673214
3673311
3675650
3675860
3677498
3685006
3686047
3688608
3689708
3690949
3692620
3697023
3699697
3701432
3705126
3705151
3707451
3707653
3707675
3708673
3711158
3712120
3712634
3714426
3717330
3717852
3718741
3719407
3722515
3723026
3723874
3725176
3727847
3729009
3729520
3729534
3732501
3735448
3739826
3746650
3746906
3748282
3749944
3750561
3750907
3751956
3752457
3754681
3755094
3756074
3756532
3756686
3756902
3756920
3765487
3767821
3768148
3773634
3773651
3774556
3780713
3781601
3787420
3787702
3788038
3789803
3790632
3791025
3792422
3792508
3793301
3795847
3797742
3797813
3801350
3802141
3804998
3805114
3807407
3808199
3809084
3816005
3816020
3816798
3818550
3820695
3821041
3827115
3833329
3834400
3836505
3839988
3846145
3847713
3850733
3851665
3853099
3856507
3857745
3862537
3865320
3867330
3873581
3874832
3874888
3876106
3878884
3882941
3883329
3883857
3887335
3888542
3890449
3891976
3893343
3895158
3897296
3897943
3901379
3902726
3904757
3905483
3908483
3910313
3910860
3911090
3912941
3915124
3916167
3921012
3923747
3923878
3929849
3932319
3935391
3938237
3942957
3943563
3944707
3946580
3946613
3946645
3946799
3947946
3948020
3948128
3950685
3951736
3953509
3954639
3960568
3963545
3964356
3965255
3967128
3967596
3968896
3970842
3972623
3974204
3976471
3976601
3977376
3978055
3978288
3979709
3981304
3983362
3986146
3988178
3989733
3991901
3992455
3993108
3993983
3998401
4000453
4002480
4004660
4006517
4008208
4008445
4011190
4012987
4013152
4018311
4019276
4021791
4027357
4027815
4031231
4034402
4034497
4037673
4038622
4040388
4040423
4044623
4047143
4050489
4051431
4059137
4060425
4061058
4062853
4066263
4066312
4067322
4069214
4074710
4075450
4076913
4077450
4078064
4078288
4079317
4080431
4081302
4081434
4081538
4081577
4084491
4084620
4085075
4086933
4089289
4089693
4090604
4093054
4093459
4095310
4097582
4098726
4105738
4109886
4110757
4112624
4112949
4113610
4116649
4118119
4119045
4120587
4123527
4125088
4125106
4126832
4131284
4131721
4135421
4137910
4139935
4142003
4143646
4143753
4147510
4147789
4148169
4148743
4155287
4157347
4157517
4159755
4160812
4160847
4161188
4168819
4171624
4174680
4178368
4179446
4180062
4180758
4183488
4184228
4187047
4187479
4187905
4189630
4190329
4192334
4194336
4195470
4196295
4196999
4201426
4204691
4208009
4212306
4212406
4213123
4214522
4214722
4218319
4220634
4222863
4223348
4225724
4225830
4227493
4228100
4230782
4230949
4232755
4234163
4234566
4235730
4236514
4239453
4242965
4244032
4248380
4248945
4250298
4250420
4255266
4255679
4261839
4262540
4262713
4264012
4265407
4271818
4273612
4276681
4278270
4278927
4279199
4279538
4281222
4282903
4288638
4293184
4295217
4295877
4296749
4304264
4304779
4304969
4316158
4318662
4320898
4325866
4326662
4329377
4332081
4335337
4337706
4338686
4338806
4340184
4343445
4347526
4347635
4351103
4352017
4352667
4354173
4355006
4357187
4357945
4358209
4363039
4363951
4364466
4368915
4369458
4369802
4371057
4372543
4373324
4375453
4376074
4378363
4380906
4383559
4386584
4392670
4392933
4393374
4395107
4399266
4401865
4402236
4403085
4404684
4409819
4410630
4411294
4412451
4413409
4417752
4418697
4420000
4420454
4423868
4427212
4427679
4427862
4429270
4429802
4430402
4431070
4436707
4437452
4443321
4446424
4448352
4449728
4451093
4454063
4455065
4456112
4456600
4457045
4460127
4462874
4464365
4465307
4469543
4471938
4474052
4476299
4476777
4476957
4479452
4480836
4484914
4489785
4490647
4492448
4497042
4497390
4499265
4501227
4501247
4504853
4508500
4511919
4512620
4512659
4513363
4513788
4517669
4517743
4517907
4518782
4520503
4521053
4521068
4521880
4525332
4528124
4528747
4529193
4533509
4534678
4534886
4539796
4540112
4543977
4544840
4554357
4554407
4556289
4556539
4559261
4564989
4565942
4566027
4567182
4568080
4569998
4571416
4572055
4572189
4574432
4574939
4575778
4577025
4579881
4580860
4581177
4581660
4582105
4585611
4586212
4587860
4588094
4589800
4592620
4593247
4596602
4598931
4599366
4600435
4602660
4602808
4603895
4604983
4608608
4613637
4617620
4620061
4621777
4624233
4624324
4628622
4631313
4631585
4631587
4632487
4632786
4634185
4634596
4636831
4637450
4639206
4640851
4643522
4644640
4652633
4654135
4654451
4656311
4658207
4660649
4663400
4665989
4666478
4671053
4674467
4674706
4676381
4676916
4677628
4683059
4683351
4686941
4687032
4691736
4693760
4701728
4705327
4710159
4713541
4713900
4716563
4716674
4719449
4721684
4723246
4726205
4726991
4729112
4739829
4742325
4743341
4743691
4745941
4747697
4748133
4748911
4751823
4754743
4756004
4759500
4761713
4765075
4767689
4769234
4770908
4771256
4772379
4772683
4775463
4776070
4777189
4779401
4780172
4783294
4789078
4790280
4791855
4800862
4804031
4808152
4810739
4811058
4813445
4813800
4815225
4817175
4818801
4823043
4824086
4830108
4830741
4830821
4831237
4835320
4835908
4837269
4840152
4841147
4843612
4845772
4850917
4851038
4853465
4855078
4856869
4857916
4858095
4858235
4861112
4861593
4862156
4862975
4863335
4866445
4867103
4867370
4867420
4872929
4873840
4879338
4881759
4882260
4889290
4889325
4890106
4891916
4891925
4892392
4892966
4893917
4895217
4895244
4898616
4898912
4900593
4903420
4903639
4907610
4910597
4910859
4913411
4915448
4918806
4919224
4920851
4923709
4924462
4925185
4925189
4925316
4926494
4929547
4930369
4930865
4931331
4932547
4933455
4935544
4936772
4936997
4938198
4938479
4938959
4939494
4940208
4943904
4950056
4955647
4956207
4957413
4959550
4959854
4960616
4960972
4962184
4962966
4964749
4967376
4969383
4969724
4969853
4970555
4970978
4975349
4977488
4978932
4979724
4980312
4980907
4983275
4983456
4984896
4985994
4987050
4987572
4988968
4989691
4990716
4991118
4991938
4993700
4994935
4995028
4997864
5002991
5003241
5005544
5006370
5009064
5010835
5011002
5011896
5012334
5018148
5019681
5022004
5023832
5024784
5024966
5029074
5033270
5033522
5033836
5034218
5035571
5036513
5036535
5039434
5041907
5042410
5043976
5045247
5045408
5050244
5051628
5061142
5063934
5064173
5070541
5070866
5071675
5071715
5072048
5077725
5081579
5090325
5090361
5090502
5091773
5093940
5096440
5102597
5106371
5108766
5109793
5110148
5115776
5119271
5122397
5123895
5124950
5126170
5126330
5127896
5132809
5138071
5138417
5148729
5149259
5154342
5160427
5161673
5162734
5172250
5173184
5173249
5173560
5175654
5175726
5177937
5178838
5178949
5181468
5189459
5193749
5193753
5193896
5194372
5196033
5197180
5198643
5201485
5207211
5207395
5207893
5208121
5209792
5213418
5216841
5219215
5219937
5228776
5229071
5230976
5232046
5232127
5232168
5232581
5236114
5236737
5236979
5237372
5237569
5237621
5237906
5241915
5242922
5244392
5245935
5245990
5246309
5249149
5253705
5258579
5259315
5261600
5261626
5263512
5263944
5264724
5264989
5267665
5268565
5269864
5270461
5270870
5271503
5281892
5282316
5283320
5284025
5287420
5287988
5288774
5290435
5296430
5296817
5308636
5311969
5316178
5319106
5320447
5324486
5329858
5332469
5333147
5334713
5335635
5336972
5340687
5341270
5341375
5343470
5344128
5344850
5344867
5347735
5349980
5352165
5353223
5354462
5355140
5357625
5359722
5359945
5362689
5366306
5366806
5372247
5374980
5378329
5381461
5384857
5388671
5391745
5393416
5394370
5394437
5394689
5395869
5396081
5396137
5398459
5400467
5404084
5404259
5404899
5405778
5407099
5407758
5410730
5412744
5414888
5417510
5422192
5422306
5422929
5423333
5424528
5426098
5426261
5431752
5431887
5435238
5435460
5438450
5442308
5443768
5443933
5447003
5448548
5449022
5450741
5461359
5462468
5463482
5463896
5464186
5464746
5466596
5467236
5469094
5469474
5471587
5471708
5472277
5473320
5473442
5480455
5486056
5486596
5486890
5488287
5493735
5493813
5501471
5504085
5504213
5507076
5509072
5509182
5510463
5512267
5512946
5515551
5516516
5518384
5520513
5520734
5520831
5521007
5522497
5523919
5526668
5526742
5531468
5533523
5534400
5535408
5537064
5537527
5541981
5542913
5544126
5545142
5545143
5546961
5549901
5550211
5552097
5552429
5554911
5556048
5556152
5559115
5560695
5561243
5561626
5562157
5562970
5565280
5565727
5568616
5569308
5570102
5574210
5575596
5577379
5577445
5578227
5579491
5580738
5581157
5586288
5586652
5587913
5588973
5589007
5591071
5599656
5600502
5605774
5605960
5610272
5611050
5612251
5614727
5616308
5618448
5619037
5622043
5622881
5622895
5624739
5632343
5638306
5638448
5640052
5641361
5641887
5642817
5643323
5643545
5647462
5648459
5649131
5652305
5653160
5653503
5654420
5656054
5657662
5662970
5663592
5664240
5665629
5673094
5674614
5674994
5675583
5681851
5683002
5683627
5685079
5685671
5687389
5687810
5688438
5688494
5690613
5695673
5696451
5699069
5700303
5701730
5702599
5705425
5705953
5706023
5706391
5707114
5708372
5709538
5712792
5714393
5714477
5714547
5715825
5721431
5723267
5724942
5725116
5725281
5728775
5728979
5730490
5733547
5736710
5737030
5739980
5743153
5743718
5744296
5751694
5751932
5752873
5756357
5757078
5757456
5762185
5764654
5769759
5771175
5772566
5774347
5776872
5777108
5777323
5783087
5786388
5787425
5787616
5796739
5798427
5800148
5800833
5801932
5801991
5802882
5803521
5806845
5806996
5807401
5810615
5812968
5814641
5816969
5818609
5820594
5820774
5821976
5822106
5826052
5826101
5828010
5829439
5831030
5832761
5834523
5834877
5845950
5854180
5854559
5855800
5857089
5860379
5860522
5862089
5862095
5868166
5868539
5869569
5871159
5872164
5873553
5873809
5875731
5875940
5876471
5876676
5879062
5885065
5886820
5889228
5889375
5889557
5892844
5896472
5898313
5899991
5902457
5906385
5907312
5908566
5909692
5910753
5913576
5914861
5915205
5917466
5920664
5921601
5923040
5923793
5924283
5924445
5924792
5925371
5928127
5930091
5930664
5934882
5937504
5937959
5939014
5939019
5941583
5945033
5951505
5952203
5958935
5960575
5961214
5963689
5963878
5967312
5968773
5968904
5973368
5973654
5973972
5977163
5980034
5980229
5987563
5988266
5990309
5991297
5994157
5997019
5997594
5999748
6000596
6001166
6004357
6011454
6020109
6021956
6024510
6025401
6027045
6027968
6030777
6039750
6040195
6041258
6041375
6041944
6044067
6045873
6046677
6048670
6048874
6050797
6053060
6055847
6058375
6062013
6064915
6065075
6065179
6068086
6069966
6070588
6077658
6077840
6080677
6085337
6087195
6089206
6093497
6095114
6095700
6097011
6098115
6099646
6101350
6103919
6106167
6107517
6108438
6108769
6109383
6112433
6112489
6113538
6115437
6116734
6117149
6123688
6124653
6125142
6125225
6128776
6130264
6134546
6136821
6137209
6139193
6139673
6140745
6143056
6143758
6144989
6147256
6148384
6148434
6148897
6151372
6154919
6157305
6158670
6159759
6159840
6160155
6161019
6161640
6162314
6165056
6167408
6169632
6169748
6176562
6178054
6178498
6188099
6189114
6190124
6191514
6191717
6196094
6197401
6197913
6198931
6200713
6204325
6205423
6209753
6210041
6210046
6210256
6211734
6212108
6218194
6219849
6221689
6224134
6225050
6226083
6228165
6230323
6231506
6232131
6232333
6232780
6233323
6233615
6237604
6237796
6238037
6243210
6243443
6245006
6245926
6254714
6255407
6256273
6257038
6257694
6258454
6260205
6261479
6261536
6263502
6264331
6265026
6266225
6267484
6269611
6269850
6271315
6271455
6273109
6273939
6274123
6275287
6279627
6280200
6281954
6284253
6284688
6285975
6294313
6295241
6295448
6295937
6295985
6304868
6305266
6305666
6309777
6315124
6315332
6319347
6322155
6322169
6324357
6326659
6326738
6328162
6329352
6330607
6333971
6334698
6336971
6338253
6341226
6342083
6345118
6345543
6347453
6348584
6351091
6352253
6356075
6356337
6357726
6364743
6367128
6367621
6370497
6372558
6376641
6379904
6380951
6381915
6382079
6383736
6385652
6386318
6387637
6388095
6389059
6390909
6391538
6395778
6396456
6405822
6406127
6408127
6408956
6412238
6415069
6415236
6416411
6420547
6423321
6425345
6425663
6441666
6442526
6447498
6450925
6453362
6453512
6455585
6457324
6458032
6459226
6465329
6465385
6465583
6467128
6471079
6472010
6472433
6473820
6475212
6476388
6477319
6477925
6478859
6479647
6482173
6483515
6483703
6485786
6485877
6486648
6487359
6487760
6488597
6491511
6492774
6493698
6494538
6495851
6502502
6505834
6507537
6512027
6517197
6520842
6521932
6523986
6527692
6530655
6530718
6530933
6531180
6531602
6537145
6537421
6542924
6544390
6547581
6548470
6551422
6553666
6560358
6560573
6560591
6561931
6562475
6566323
6569051
6570228
6571140
6571593
6572130
6573555
6575044
6576153
6576181
6580201
6580682
6587276
6587599
6587709
6591152
6591586
6592667
6593337
6595024
6595117
6596484
6596776
6599243
6599739
6600222
6601083
6601694
6602596
6602606
6603860
6609488
6610724
6611468
6611680
6612803
6613773
6617440
6619205
6623985
6627104
6627310
6627786
6627830
6629427
6633501
6639312
6643324
6643773
6646898
6648784
6649372
6649397
6654305
6655371
6655800
6658588
6659003
6659901
6660070
6661089
6663601
6664550
6667088
6667249
6668605
6670221
6670507
6670830
6675362
6679427
6681237
6681760
6683709
6685036
6686389
6686830
6690114
6694679
6694971
6696649
6696910
6697286
6697884
6698480
6699479
6699879
6703111
6703482
6707944
6709638
6712111
6719666
6720709
6721856
6726557
6728156
6729058
6734214
6736074
6740431
6743817
6745601
6748145
6749706
6749711
6750554
6752158
6752794
6755520
6755688
6757144
6757682
6760220
6761809
6762590
6763033
6763107
6763958
6767717
6768303
6768348
6768556
6768698
6768706
6768823
6772578
6773088
6776744
6777901
6779300
6780712
6785858
6789443
6791361
6791429
6792575
6793668
6794992
6797765
6801365
6803019
6803307
6804371
6805150
6806250
6808524
6810757
6810860
6812727
6813151
6813509
6815477
6819196
6821058
6822822
6825307
6833526
6836788
6838055
6839315
6839869
6839903
6840212
6841107
6841338
6841613
6841672
6841838
6843032
6844035
6844312
6845634
6846961
6847873
6849537
6850038
6853905
6856581
6856661
6860038
6863336
6863751
6863953
6864270
6864586
6866318
6867359
6871451
6871907
6873766
6877026
6880524
6881031
6883558
6884166
6884980
6885485
6886177
6886562
6887246
6888510
6888553
6888586
6889585
6891120
6893412
6893460
6894127
6896582
6897129
6900141
6902488
6905953
6921707
6926227
6926762
6927079
6927135
6930232
6934246
6935190
6935614
6935893
6936804
6937387
6937460
6937539
6937595
6937680
6938285
6940679
6945788
6946689
6948546
6948713
6949226
6949441
6951411
6951464
6951682
6954622
6955545
6961745
6963030
6967524
6968678
6971099
6971134
6974279
6974510
6974567
6976608
6977544
6979502
6979534
6980730
6980859
6981526
6984288
6987296
6987745
6988274
6991400
6993054
6999474
7002453
7005689
7005920
7006507
7008850
7011079
7016301
7016749
7017419
7019421
7019830
7020238
7020511
7021969
7023737
7024466
7027929
7030474
7033601
7034331
7035508
7038141
7038738
7042706
7043956
7045078
7048538
7048539
7048601
7053089
7055116
7057014
7060039
7062212
7065162
7068313
7068748
7069379
7072190
7072819
7075593
7075655
7079068
7080091
7080692
7090850
7092313
7095608
7095944
7096200
7098097
7099520
7104409
7105199
7105819
7106399
7108625
7109289
7109380
7110466
7111572
7113519
7114604
7116376
7118743
7121194
7122392
7122747
7128102
7134909
7134939
7135026
7135844
7136518
7136689
7143019
7143743
7144386
7144800
7148446
7152620
7154310
7154497
7155309
7156446
7158880
7160821
7171614
7173164
7173354
7177727
7178022
7178867
7181439
7183415
7183505
7183904
7185650
7185922
7187385
7189566
7189826
7190890
7192917
7193638
7193992
7194669
7195200
7196984
7197167
7201756
7202048
7202744
7203415
7208757
7211370
7214585
7216527
7216666
7219042
7222365
7223761
7227622
7228243
7228782
7229392
7229486
7230276
7230387
7231928
7237517
7237858
7237922
7238868
7239900
7242077
7242080
7243864
7247607
7252591
7253232
7253397
7256432
7259876
7261723
7264735
7265961
7267335
7268088
7269092
7273533
7274028
7275532
7275987
7276851
7279467
7280720
7281766
7283383
7283487
7284041
7289704
7292503
7292618
7293257
7296292
7300895
7303070
7303953
7312496
7317018
7321288
7321867
7322661
7326144
7326154
7326546
7327926
7333631
7334468
7336767
7337105
7337975
7339253
7345346
7345425
7347652
7352041
7352054
7352256
7353061
7356484
7356746
7358112
7359157
7360151
7363284
7364282
7365255
7371732
7373287
7385561
7386226
7391257
7393909
7396555
7400948
7402467
7403559
7404110
7405879
7406410
7407335
7411217
7411331
7411514
7412811
7414308
7417311
7419584
7428029
7430476
7433574
7433583
7434774
7436422
7439082
7439583
7440191
7442826
7444345
7447828
7448755
7449802
7451022
7451867
7454817
7454939
7456004
7457187
7457397
7457516
7459915
7461254
7463934
7466725
7466754
7469478
7471990
7472037
7472103
7472291
7474080
7475591
7477067
7479063
7479484
7483647
7489318
7490595
7494080
7497221
7498252
7500915
7502022
7502538
7502781
7503055
7503583
7505500
7507765
7509670
7512273
7514031
7516662
7517300
7517636
7519874
7522797
7525101
7528508
7530324
7531382
7531693
7531713
7531953
7537502
7538100
7539183
7539699
7542693
7543098
7545914
7547039
7547538
7548738
7548999
7549613
7553370
7554879
7556761
7557799
7557976
7559127
7561272
7564260
7565649
7568796
7569188
7569309
7572012
7572361
7573075
7574200
7577308
7580809
7584607
7585362
7589319
7593099
7597548
7604791
7607537
7608926
7609302
7609682
7611348
7611416
7615221
7615968
7616332
7616856
7618691
7619291
7625225
7628049
7633559
7634112
7636794
7637413
7639185
7639945
7647251
7647485
7649998
7651619
7653469
7654588
7655006
7658700
7661896
7663548
7664483
7665487
7668464
7668552
7674402
7682336
7683895
7685954
7686053
7686192
7689284
7693751
7693834
7696852
7696991
7697873
7699506
7699587
7700058
7704221
7704436
7706184
7706627
7707390
7715574
7716629
7716898
7717240
7718038
7720349
7721771
7723238
7723244
7724127
7724744
7726347
7728176
7729022
7736912
7738213
7742712
7742769
7747457
7747935
7748750
7748778
7748848
7750996
7752342
7752541
7753273
7754958
7759883
7760917
7761146
7761378
7762270
7765777
7766186
7767655
7769742
7772411
7774075
7776868
7776886
7777911
7779210
7783012
7783893
7785593
7785974
7787305
7788169
7788890
7791091
7793549
7794724
7796762
7800045
7800236
7801073
7809524
7811820
7815056
7815682
7817242
7818506
7819624
7820283
7828095
7830509
7832924
7834179
7836034
7838752
7839719
7842042
7842771
7845309
7846717
7848461
7851392
7852394
7852397
7854647
7858090
7858905
7858924
7859291
7859644
7863679
7863751
7865522
7869262
7870544
7871729
7871835
7872616
7874852
7875367
7877167
7878730
7878842
7879665
7880525
7886021
7886561
7897160
7898920
7899828
7902102
7902654
7902854
7902967
7905974
7909747
7910715
7912646
7914608
7916029
7917247
7917662
7918908
7920699
7920747
7922190
7922208
7924213
7927147
7928867
7929386
7932079
7933222
7934222
7934711
7935290
7936551
7936703
7936953
7937453
7938086
7943430
7947167
7947523
7948677
7948785
7949528
7953235
7956608
7957064
7959342
7964476
7966055
7967243
7968430
7970803
7975063
7976952
7979875
7981147
7982164
7982466
7984095
7988432
7989897
7991349
7992748
7998165
8000383
8003448
8004090
8005404
8007787
8008023
8012685
8014628
8016437
8018431
8019842
8021471
8022693
8025549
8028107
8028466
8029701
8030149
8032730
8033270
8036306
8039465
8039898
8041920
8042906
8043298
8045299
8048246
8050059
8051899
8052604
8052954
8053613
8054081
8055848
8058763
8061004
8061744
8066570
8068001
8068082
8072806
8072848
8074447
8074956
8077405
8080305
8083145
8083262
8085786
8087791
8089424
8092583
8094221
8094434
8094575
8094869
8097177
8098041
8098246
8101729
8102180
8102554
8103101
8105059
8105987
8108426
8110173
8112443
8112516
8112946
8114919
8116147
8116193
8118367
8119592
8122228
8122407
8123985
8124637
8125371
8126180
8130492
8134055
8136155
8137883
8141915
8142048
8144757
8145869
8147892
8148733
8150311
8150815
8153588
8155651
8156701
8157972
8158056
8158208
8158795
8159087
8159417
8160689
8160968
8162077
8162488
8164242
8165147
8172165
8176761
8177873
8179412
8181640
8182553
8183246
8185210
8186752
8187879
8188774
8188940
8189624
8190481
8192741
8194231
8195850
8197766
8198615
8202631
8204010
8205340
8205645
8205832
8207308
8208352
8209098
8209499
8210556
8212520
8212770
8214726
8214961
8226986
8227048
8228435
8228852
8231839
8234240
8237379
8238667
8239453
8241027
8243450
8246301
8247688
8250384
8250931
8251860
8252453
8253064
8254081
8254862
8255108
8258901
8259797
8260064
8263198
8266513
8267676
8267833
8270876
8273772
8273957
8274545
8277055
8279192
8280727
8282124
8285069
8286481
8286657
8289936
8291706
8292826
8294874
8296053
8297459
8299736
8300219
8302788
8303357
8304346
8305079
8306147
8307485
8312010
8313511
8313588
8314939
8321348
8321360
8322300
8322739
8324583
8325730
8326964
8327113
8332405
8333302
8335047
8335161
8336936
8339939
8342583
8350407
8351298
8351393
8353504
8354336
8355590
8358852
8359336
8361010
8372093
8372139
8372400
8373991
8376749
8377586
8379233
8381929
8382882
8382964
8386752
8388731
8389846
8392476
8396149
8396252
8396429
8396973
8398674
8400620
8401838
8404687
8405122
8407441
8410103
8411399
8412552
8419863
8422682
8423724
8424237
8428586
8428783
8429759
8431351
8432285
8432619
8434323
8434534
8435786
8441546
8443477
8446312
8446983
8447426
8447962
8448673
8449189
8449582
8450316
8451837
8452066
8452864
8454021
8455560
8456131
8456594
8460450
8460822
8461722
8462339
8464396
8465007
8466465
8467628
8468079
8471457
8471829
8472090
8475277
8475512
8479190
8480845
8482183
8487596
8489197
8489327
8490333
8492291
8496589
8497181
8498813
8499159
8500543
8501086
8513266
8513338
8514201
8514504
8516086
8518147
8519330
8521853
8528108
8530079
8530451
8533313
8537510
8538076
8538686
8539857
8542755
8545647
8548288
8550041
8550307
8556710
8557414
8558038
8561961
8562015
8569539
8570589
8572958
8573310
8573443
8574348
8575531
8575630
8577341
8577477
8580698
8580908
8582308
8584544
8585177
8588339
8591633
8591853
8591940
8593888
8596280
8597996
8599092
8601295
8605946
8610146
8615013
8619449
8620335
8622136
8623423
8624214
8626139
8626442
8627701
8629286
8629687
8630012
8632972
8633851
8636198
8638102
8639020
8639083
8639881
8643382
8644471
8649249
8652839
8655691
8656541
8658126
8661826
8662517
8662536
8662591
8662796
8666467
8668499
8670007
8670726
8674046
8675806
8678860
8680983
8681404
8683059
8684197
8684494
8688269
8688824
8690283
8691127
8691324
8692291
8698695
8700332
8701476
8704629
8709266
8709553
8709794
8712111
8712584
8715590
8716849
8717307
8720146
8722700
8724903
8726294
8730040
8733202
8734990
8736417
8738142
8740470
8741455
8742297
8742823
8743879
8746858
8750741
8756634
8757510
8758265
8759306
8760043
8762319
8763407
8763428
8764217
8764306
8765115
8769691
8769789
8773043
8774406
8774717
8777924
8780491
8781451
8782494
8782636
8783401
8783556
8785925
8786105
8787274
8787968
8790683
8793374
8797742
8797913
8800480
8801044
8801741
8808976
8809259
8814238
8814657
8814855
8819101
8820281
8821520
8825045
8825729
8826725
8827017
8829811
8830632
8835336
8835365
8835487
8836899
8836969
8839998
8840033
8840205
8840266
8841462
8841779
8842650
8843178
8843943
8843991
8845062
8846727
8847369
8849774
8851734
8851949
8851981
8853662
8855158
8855639
8855756
8856007
8856910
8857696
8858798
8859377
8860582
8861734
8862009
8862262
8862509
8862695
8862763
8863823
8864761
8865317
8866436
8870101
8871331
8871818
8873941
8873954
8876101
8877574
8877685
8880776
8883182
8884187
8885035
8886083
8890427
8893574
8895143
8899955
8903639
8904725
8907024
8908320
8911404
8911780
8912374
8913733
8915932
8917594
8917802
8922221
8922408
8923168
8927205
8927962
8933208
8935221
8938761
8939286
8940127
8941038
8941543
8942164
8943192
8943515
8944995
8946406
8947781
8948059
8948751
8953123
8954012
8954323
8958145
8961282
8965090
8965389
8967411
8968717
8976420
8980118
8980479
8981988
8983314
8984531
8984832
8986166
8986190
8987419
8998327
9005834
9007743
9008018
9008688
9009654
9012752
9013366
9013890
9016426
9017622
9021974
9030096
9033099
9035268
9035805
9036888
9039582
9040001
9041155
9042799
9043434
9043662
9046750
9050291
9051607
9054700
9057407
9059342
9060723
9064675
9065068
9069947
9070330
9070837
9072007
9072341
9072914
9074513
9077718
9078774
9078799
9078809
9083967
9085190
9087150
9088998
9090675
9091049
9095306
9096915
9099192
9103482
9103528
9104618
9106203
9107305
9109109
9111394
9111630
9112615
9113563
9113826
9114232
9114683
9115586
9118857
9121021
9129155
9131117
9131618
9132028
9136083
9138893
9140111
9140165
9140258
9141433
9142370
9143019
9143501
9144215
9144940
9147413
9147693
9148599
9148666
9150251
9150287
9151674
9152594
9155762
9163070
9170138
9170388
9171204
9172139
9175956
9176852
9177171
9180595
9182731
9183086
9185749
9188233
9188403
9191996
9194261
9195299
9199088
9204045
9207099
9212317
9212937
9216193
9217178
9218539
9222200
9222935
9225591
9226647
9228188
9228478
9229818
9232481
9234651
9234826
9236908
9237173
9238283
9244500
9244862
9246756
9247129
9249060
9250086
9252332
9254556
9256100
9258617
9267182
9271425
9271699
9272992
9275089
9275780
9277089
9277126
9277900
9278602
9281398
9281472
9283656
9284060
9285940
9286075
9287447
9288699
9296131
9296345
9300786
9301464
9306566
9308701
9309803
9311548
9312406
9313083
9314075
9315039
9315866
9315978
9316221
9318113
9318369
9318693
9322043
9327247
9330972
9331518
9332234
9333375
9335010
9335093
9335829
9336311
9339073
9339545
9341183
9341491
9343930
9344191
9347358
9350931
9351251
9351619
9353483
9353596
9355216
9368275
9368524
9368940
9371283
9372080
9372364
9374977
9377779
9378972
9383976
9384933
9385139
9386598
9388062
9393769
9395412
9408410
9414018
9422093
9427381
9427997
9428030
9428054
9428885
9432540
9432902
9434597
9438999
9439414
9442144
9442509
9444812
9445683
9446166
9446229
9448006
9449366
9449794
9452806
9453767
9453956
9454011
9454557
9454857
9458943
9463925
9469909
9470565
9472333
9472818
9476059
9478133
9480823
9481111
9483524
9484857
9485399
9485508
9487814
9489421
9490162
9492294
9497988
9498085
9500462
9505742
9510702
9511014
9514695
9515124
9519001
9522990
9523647
9525166
9525383
9526840
9527157
9527589
9528029
9535941
9536475
9538629
9539953
9544377
9544547
9546893
9549218
9550245
9550587
9551365
9552236
9553191
9556239
9558801
9564609
9564900
9567303
9567394
9567870
9577253
9578371
9579766
9583901
9588844
9589463
9590759
9595121
9597121
9598436
9600462
9603412
9604544
9607472
9607866
9607878
9608797
9616152
9616218
9616459
9618188
9619951
9620335
9620867
9621065
9621094
9622568
9623627
9624784
9627178
9627845
9633460
9634421
9635807
9643473
9643808
9645958
9646960
9648387
9649758
9650345
9650448
9652544
9652778
9652783
9660991
9662925
9665016
9667099
9669731
9670821
9672353
9672680
9674170
9675936
9678097
9678885
9679563
9686446
9688358
9689011
9692386
9692912
9694270
9696024
9702560
9703361
9704383
9706933
9709370
9710988
9714827
9715611
9717440
9718871
9719433
9719709
9720985
9721616
9722960
9724300
9724474
9728438
9728608
9729018
9729544
9731556
9734871
9734955
9737451
9739556
9742521
9743142
9746817
9747058
9748018
9749508
9751688
9752056
9753190
9756533
9756671
9759850
9760605
9761910
9762629
9763633
9764334
9767063
9770359
9771707
9775192
9782968
9785372
9785414
9787544
9788608
9789783
9789787
9792876
9793273
9799421
9804350
9809925
9812442
9815740
9817111
9818153
9819171
9819332
9821894
9825141
9828621
9830753
9831816
9832213
9832559
9834303
9838306
9839328
9841473
9841639
9844473
9846072
9846493
9847321
9848272
9849260
9851978
9852949
9857055
9859459
9861986
9864268
9864428
9869022
9873556
9878348
9878623
9879239
9880413
9881463
9881679
9883480
9884699
9887777
9888541
9888909
9890876
9892250
9892375
9896062
9897270
9897346
9897421
9897954
9897992
9899006
9904207
9905111
9905381
9907654
9909444
9909826
9912314
9912398
9914699
9915759
9917293
9917335
9917629
9920972
9921275
9922000
9923202
9923686
9926551
9929059
9929777
9932131
9933364
9935386
9935514
9936709
9936918
9937488
9938339
9940328
9943178
9950035
9950676
9951413
9959570
9959926
9961435
9962970
9964088
9965906
9966268
9966974
9967423
9969043
9969061
9973342
9974081
9977411
9978081
9978869
9980147
9980833
9982417
9983346
9983679
9985825
9987901
9990037
9991311
9991851
9995105
9995645
9995959
9998717
10000602
10001640
10002039
10005834
10007795
10009313
10010341
10010531
10012334
10013191
10013412
10017508
10018253
10022042
10023522
10023748
10023982
10024422
10025117
10025363
10027086
10027367
10027570
10030255
10032385
10032949
10039197
10043041
10045589
10048089
10049900
10053111
10055071
10055281
10055877
10058181
10062533
10067140
10070375
10071528
10074238
10075029
10075915
10078103
10080417
10081494
10086671
10087119
10092862
10095643
10100271
10102494
10104191
10105111
10106718
10107428
10110360
10118501
10118835
10120272
10123654
10124586
10127492
10128224
10129445
10130128
10131281
10131743
10132046
10132626
10134738
10140727
10145930
10146473
10150006
10152375
10152625
10153478
10154418
10154603
10156375
10156726
10158514
10167561
10174657
10175820
10177628
10177673
10178510
10178923
10179929
10181800
10188551
10188723
10189438
10190124
10190483
10191337
10192099
10194048
10194055
10198439
10200923
10201523
10203201
10203586
10203795
10204962
10211649
10213334
10213795
10215916
10216368
10216619
10217203
10223130
10223939
10228478
10229147
10230746
10231384
10231391
10231635
10231783
10232485
10233324
10235739
10236619
10236760
10239313
10239581
10242310
10247347
10247620
10247675
10254953
10259250
10260527
10261045
10261525
10270255
10271032
10272290
10275135
10280528
10283545
10286017
10287360
10289836
10290702
10290914
10298361
10298612
10300845
10303512
10304569
10309943
10310971
10312090
10313370
10319482
10321498
10322805
10325482
10325535
10326694
10330513
10333063
10338227
10339081
10341111
10341269
10341920
10341985
10342765
10344531
10344582
10345641
10346246
10347129
10347169
10348326
10350082
10353057
10354427
10355667
10356648
10359284
10360791
10363764
10367205
10367740
10369464
10370687
10374876
10375248
10376081
10378142
10383444
10383906
10385227
10385442
10385992
10387444
10390955
10391799
10392024
10394234
10395059
10395086
10395802
10396115
10396374
10399043
10401885
10403015
10403324
10405140
10406968
10408454
10412801
10412958
10415292
10418092
10419558
10420980
10421584
10422474
10425449
10428224
10429295
10429824
10430648
10430655
10430671
10431574
10431843
10433330
10433971
10437490
10439117
10444358
10447528
10447684
10449939
10452397
10452442
10454595
10455198
10459731
10460710
10460886
10462758
10462891
10463856
10467890
10468279
10470568
10471466
10471533
10475487
10476579
10476784
10478068
10479180
10481183
10481653
10489143
10490312
10490427
10490791
10493720
10495373
10500111
10501105
10504062
10505164
10507446
10507938
10512087
10512709
10513541
10514934
10516899
10518536
10519686
10519943
10522417
10522478
10523827
10531984
10533780
10534671
10536435
10538878
10544237
10544390
10544457
10545092
10546491
10547556
10547889
10548851
10549022
10549163
10549647
10549858
10549921
10550608
10551621
10551885
10552657
10555721
10557090
10557205
10557210
10559017
10559409
10559474
10560123
10561046
10562276
10563406
10565691
10566803
10567297
10567892
10568811
10571616
10572171
10573153
10575241
10575688
10576432
10582047
10584583
10586087
10587306
10588752
10593149
10593330
10593487
10597124
10598331
10602476
10602768
10611271
10611567
10613134
10614940
10615953
10616696
10617131
10617317
10618993
10624945
10625900
10627054
10627380
10627880
10628228
10629762
10638535
10640108
10644133
10645291
10646914
10648776
10648927
10649463
10650439
10651401
10651655
10652153
10652528
10654730
10657665
10659312
10662229
10662461
10664188
10665779
10665884
10667081
10668052
10669420
10669796
10671042
10674027
10676483
10682782
10684186
10685224
10687646
10688695
10690894
10691190
10692384
10693858
10696648
10698407
10700058
10702502
10702549
10702872
10702924
10703494
10703690
10705682
10709281
10710217
10712046
10712517
10713506
10716815
10720152
10720280
10721978
10722680
10723352
10724721
10727653
10731313
10731807
10731974
10733093
10733380
10736072
10737793
10738341
10738718
10741910
10750050
10753197
10754482
10759563
10759925
10760823
10763575
10764948
10767263
10768525
10770866
10779075
10779614
10780429
10782216
10786233
10786340
10786951
10787916
10788272
10790650
10791001
10797019
10797107
10800284
10801641
10805841
10809260
10812623
10813268
10814567
10816445
10816655
10817332
10818162
10822861
10826688
10828465
10832043
10835159
10835187
10835515
10841572
10842916
10847567
10848984
10853166
10854125
10857500
10858460
10862309
10863284
10867108
10870014
10870259
10871396
10873983
10881816
10884839
10887742
10888079
10888903
10890034
10890519
10891700
10892829
10895880
10898330
10899073
10899143
10899842
10901495
10901560
10903861
10905214
10908507
10909287
10911955
10911970
10913015
10913299
10913315
10914310
10914506
10914660
10914817
10916333
10916735
10917726
10921646
10922746
10923721
10924414
10925219
10926452
10926834
10927733
10929076
10929326
10931793
10932821
10938164
10942810
10945501
10946298
10946432
10947738
10951867
10953944
10958256
10960566
10961201
10962158
10963183
10963711
10964855
10965073
10966939
10968204
10969779
10970255
10970539
10974109
10974611
10974929
10975149
10975621
10975727
10977024
10979305
10984216
10988292
10989655
10990043
10993885
10994723
10996407
10997844
11001110
11002584
11005771
11009399
11009476
11009683
11010439
11010607
11011374
11012087
11012476
11012976
11013435
11014677
11016861
11019354
11020656
11023717
11025597
11025929
11030304
11032169
11032662
11033582
11035694
11035969
11042753
11048300
11051971
11052976
11053067
11054751
11055537
11059654
11060945
11062023
11064855
11066014
11066854
11067170
11067199
11072423
11073091
11076201
11077035
11082938
11083581
11085712
11089524
11090846
11091596
11092554
11092711
11103754
11105805
11111949
11112428
11113224
11116798
11118996
11120676
11130016
11130705
11131433
11132951
11135596
11140536
11141086
11143046
11145441
11146118
11147570
11150915
11151096
11154795
11155806
11156349
11169065
11169531
11171215
11173981
11177226
11178614
11181995
11182681
11186580
11188688
11189903
11193938
11198120
11198222
11198314
11200519
11200648
11203032
11203393
11206745
11208831
11209513
11210024
11216297
11217216
11217341
11217980
11218203
11221735
11222166
11223890
11224082
11226736
11227914
11228688
11229473
11231743
11231920
11233957
11236472
11237288
11239676
11239851
11247967
11248735
11250799
11251330
11252441
11253085
11260487
11260574
11260807
11261234
11262972
11265471
11266372
11267157
11268494
11270395
11271188
11279794
11279878
11284480
11286315
11288249
11290136
11291386
11293293
11294190
11294759
11300382
11301088
11306698
11307573
11310113
11312098
11312394
11313212
11313704
11313822
11314907
11316516
11317919
11320765
11320885
11327894
11335790
11335980
11336963
11342203
11343235
11348152
11350372
11351827
11352415
11355049
11355361
11355696
11358500
11358990
11359265
11361554
11363625
11364167
11365644
11368151
11370716
11370778
11373662
11375199
11375704
11375829
11378235
11378920
11385040
11385213
11385608
11385867
11390272
11393163
11394437
11396062
11400485
11401336
11401900
11403867
11405211
11407391
11411197
11411744
11412481
11412920
11413499
11418914
11422153
11422912
11428823
11430368
11432500
11432700
11433361
11436665
11437973
11442655
11443341
11446191
11446293
11451789
11451893
11452672
11457380
11458340
11458468
11460849
11461376
11461380
11461438
11463509
11466537
11467007
11472276
11472520
11472873
11476111
11480195
11480618
11481663
11484395
11484799
11486114
11487090
11491383
11492664
11493647
11494560
11496130
11502040
11505412
11505478
11505479
11506325
11506534
11508900
11510458
11513992
11520668
11521449
11526017
11526502
11527227
11528620
11535107
11536771
11536834
11537097
11538316
11538443
11538875
11545557
11545606
11545656
11546367
11548047
11548533
11551003
11553046
11555401
11556839
11558455
11559856
11563843
11564333
11564772
11565604
11566394
11569889
11570395
11570813
11571954
11572495
11576465
11579057
11582949
11583226
11585501
11585718
11586866
11589137
11590040
11594066
11595181
11596264
11596268
11596344
11596650
11601691
11603034
11603580
11604224
11611886
11612734
11614390
11616126
11621570
11624306
11624680
11624990
11626174
11626843
11627567
11627895
11631390
11632747
11634268
11638727
11638850
11640789
11642594
11642779
11646605
11652114
11652125
11652940
11653568
11653997
11657707
11658513
11659910
11661357
11662951
11666771
11667214
11668014
11669839
11673903
11674539
11676822
11681462
11682149
11685628
11685672
11688096
11691141
11692547
11692955
11693197
11699200
11699634
11707711
11708295
11709048
11710730
11713238
11716305
11718787
11718906
11721913
11723324
11725750
11725883
11726857
11729791
11732555
11732891
11733532
11735408
11736857
11739857
11740291
11741524
11742303
11743835
11747404
11747582
11749235
11754779
11762102
11763018
11767075
11767125
11769317
11770064
11772516
11773190
11774090
11774565
11780506
11782705
11789271
11792449
11793585
11793618
11793992
11794536
11797349
11800130
11800707
11800888
11801552
11802523
11804208
11804757
11806599
11807819
11807878
11808308
11813652
11815295
11818976
11825280
11828905
11829088
11829470
11829706
11831438
11831473
11831541
11833017
11835432
11835515
11838819
11839875
11845046
11846971
11848432
11848989
11849139
11855186
11859202
11861241
11862610
11863013
11864259
11869826
11870653
11873556
11875820
11876409
11876913
11877518
11878488
11879704
11880396
11882441
11884882
11885313
11885623
11886923
11886978
11887483
11891221
11891884
11892766
11894069
11900175
11900759
11902330
11906898
11907270
11909439
11910555
11916359
11919141
11921006
11922663
11923561
11926516
11928353
11930836
11932264
11934290
11935115
11936902
11938208
11938762
11943865
11945102
11946198
11946276
11948504
11951175
11952777
11952836
11955435
11956238
11960261
11960623
11961124
11963176
11963935
11964079
11964381
11969253
11978206
11980845
11981545
11984146
11984674
11989573
11990188
11990452
11991254
11991477
11993120
11995559
11996879
11997376
11997807
11998973
11999069
11999499
12002272
12003564
12008707
12008950
12012019
12014114
12016720
12018417
12019089
12020380
12026936
12027180
12029273
12029667
12030569
12031790
12037242
12037392
12041235
12042510
12042767
12043203
12043526
12048115
12048780
12049453
12050605
12051151
12055817
12055928
12059898
12062386
12066972
12068896
12069344
12076470
12076642
12077698
12081690
12082717
12083507
12085142
12085404
12089028
12089800
12090068
12092153
12101581
12101654
12104416
12104940
12107355
12108705
12108803
12109661
12116337
12117808
12117839
12118946
12127780
12129946
12130340
12131574
12131762
12143183
12145034
12145967
12149081
12149338
12152137
12152164
12153471
12153475
12155851
12156704
12160335
12168440
12168934
12169106
12170114
12171130
12173344
12174989
12175749
12176101
12177324
12177959
12180829
12181438
12181586
12184399
12184740
12186566
12189467
12189610
12190307
12190408
12191228
12193050
12200318
12203352
12206038
12210773
12211711
12212658
12214315
12215181
12216805
12216956
12216961
12217265
12231217
12232101
12232236
12233105
12237039
12238858
12239605
12243030
12243790
12244728
12246971
12247574
12248552
12251817
12252006
12254547
12258902
12260352
12261684
12263009
12263613
12264923
12267511
12267780
12272122
12275373
12275420
12278457
12278601
12282537
12291302
12291335
12291618
12299842
12300328
12304620
12307947
12308737
12311542
12314054
12315048
12316156
12319725
12320443
12322310
12324715
12324930
12329239
12330610
12332861
12335038
12335495
12339615
12341202
12342293
12344647
12345034
12345148
12349719
12350853
12351244
12352393
12355156
12359598
12359726
12360232
12360499
12360789
12362691
12363443
12366674
12368274
12373838
12375534
12377976
12380891
12384134
12387791
12389982
12390611
12391258
12396040
12396073
12396079
12399027
12402439
12406072
12406367
12409514
12410775
12413399
12413690
12414886
12415288
12416350
12417013
12417358
12418209
12419756
12421101
12426025
12428261
12429233
12433121
12435224
12436872
12436897
12437235
12438914
12439198
12440939
12441675
12443303
12445527
12446786
12447172
12447991
12448138
12448567
12451635
12451776
12452612
12453138
12453469
12456866
12458776
12460153
12460597
12461589
12461763
12461895
12466001
12466058
12467401
12474003
12474916
12476668
12481116
12484080
12484749
12487513
12491813
12494149
12503162
12505073
12505527
12506812
12508226
12508322
12511771
12512074
12512600
12514352
12518938
12518961
12523921
12528850
12530845
12531263
12531650
12533892
12539501
12542729
12546858
12547386
12548639
12549817
12550887
12551179
12551508
12552767
12553717
12554434
12555511
12556719
12558017
12563766
12565483
12568965
12572113
12572932
12573492
12573719
12574326
12577257
12578201
12578735
12579382
12580717
12581969
12581971
12587497
12587637
12587784
12589265
12591931
12592874
12593425
12593961
12598341
12598425
12599686
12600012
12600245
12600867
12602352
12603843
12609325
12609781
12610558
12612745
12618221
12620599
12620815
12620955
12620960
12621788
12627188
12629458
12629665
12630266
12630814
12636180
12640307
12643066
12644336
12647108
12648173
12649256
12649718
12650210
12655718
12656978
12658741
12666639
12666970
12669080
12670981
12671610
12674026
12679935
12680387
12684457
12684988
12691898
12695625
12705099
12709896
12711930
12713705
12714542
12715733
12717440
12717611
12723523
12725290
12726931
12729023
12731099
12731899
12736167
12737758
12740476
12744269
12747572
12748044
12748435
12750793
12756128
12757170
12758825
12759020
12760193
12761513
12768547
12768986
12769400
12769514
12769812
12770022
12771879
12772100
12773812
12773893
12773935
12774639
12779598
12779600
12781258
12787249
12788955
12791407
12792244
12792658
12793050
12796415
12796544
12798549
12798645
12799420
12800379
12800623
12802018
12803618
12804780
12805551
12805596
12806423
12810408
12812143
12814355
12814985
12823825
12826241
12828889
12830886
12836481
12837614
12839695
12840521
12840738
12845835
12845839
12847399
12849546
12851266
12852192
12852737
12852866
12853193
12855523
12855537
12858641
12859887
12860892
12861946
12862153
12869645
12873449
12874016
12874684
12874822
12876085
12876626
12878782
12879195
12880258
12882421
12883813
12885486
12886036
12886685
12887295
12890543
12893376
12893566
12897701
12903486
12908229
12914291
12920849
12923303
12924047
12924722
12925237
12925761
12927288
12930637
12934606
12934675
12935231
12939617
12941336
12943954
12944919
12945150
12945346
12946097
12947636
12949315
12951364
12952922
12958943
12960283
12962189
12963235
12963863
12967655
12968982
12972289
12976284
12976285
12976950
12979611
12980670
12981128
12982044
12983436
12986030
12988369
12989741
12992060
12993489
12994229
12999684
13000188
13001563
13002129
13003349
13004910
13008543
13009332
13009415
13009967
13014024
13014775
13015087
13015190
13016767
13017993
13022927
13027574
13028287
13030260
13030678
13031093
13031554
13033215
13036416
13043755
13046853
13048683
13051276
13051599
13053333
13054508
13054812
13055811
13062423
13063460
13064875
13070307
13071244
13071695
13073448
13074142
13074316
13074811
13075275
13082094
13084338
13087709
13088063
13089111
13091869
13092765
13093900
13096688
13097203
13099823
13103494
13105576
13107355
13109199
13109262
13109635
13110685
13110965
13111849
13112945
13113334
13114160
13118109
13122297
13123898
13124088
13128580
13129103
13137469
13138683
13143470
13147133
13152203
13152619
13156281
13160564
13160850
13161702
13164748
13165159
13167074
13167863
13168324
13170280
13171461
13174013
13175775
13179714
13180673
13185217
13185389
13187063
13188308
13188580
13189741
13198747
13200979
13206355
13212102
13213266
13213875
13215757
13221087
13222348
13225482
13227844
13233407
13235854
13236849
13238164
13243107
13244971
13246533
13248822
13248888
13251438
13251987
13255105
13255501
13261599
13262378
13263557
13264581
13265025
13267016
13267928
13268402
13274951
13278083
13281354
13282928
13285398
13286217
13287533
13289180
13289615
13289665
13289808
13291046
13291495
13292503
13292674
13294923
13301009
13303817
13303843
13305476
13306148
13308950
13312235
13316880
13318512
13320570
13322374
13323350
13323442
13325940
13329468
13331929
13334503
13335239
13335261
13335868
13336021
13342526
13342569
13348367
13350028
13352437
13355018
13355137
13358578
13358591
13359467
13361565
13363189
13367551
13368487
13369618
13371022
13372894
13373117
13373255
13374066
13374589
13377573
13378497
13378965
13380571
13384731
13386872
13387477
13389144
13389330
13391314
13392727
13393256
13406101
13408614
13412019
13413214
13416459
13418371
13418704
13419587
13421684
13421685
13422899
13423504
13423952
13424057
13426738
13426783
13428247
13430394
13431261
13433714
13436296
13439252
13439953
13441157
13442475
13443716
13446444
13447284
13447793
13448240
13450242
13452195
13456958
13458900
13460250
13466147
13470251
13470583
13473134
13474292
13474630
13474934
13475903
13476721
13478907
13480341
13483818
13485710
13490161
13492335
13492752
13492942
13493531
13496399
13497380
13498216
13499802
13504273
13506967
13509549
13511091
13512122
13513137
13513750
13515239
13515701
13516042
13516819
13522954
13523143
13523730
13525510
13526948
13527095
13527191
13527992
13530185
13530544
13532193
13532230
13533942
13534471
13534542
13539644
13541894
13543264
13550426
13551024
13556157
13560887
13562374
13571712
13572520
13572718
13574302
13575247
13576143
13576827
13579581
13579915
13580121
13580748
13583283
13583475
13584623
13585118
13588400
13588771
13589604
13591535
13593311
13595555
13596214
13598183
13599429
13599735
13600202
13603205
13603449
13604817
13605223
13605667
13608819
13610268
13614464
13614621
13614897
13616834
13617449
13621872
13621879
13624489
13626932
13628554
13633246
13634446
13644739
13645531
13646478
13646907
13647723
13648248
13650567
13650777
13650826
13653100
13654428
13656579
13656864
13658221
13659066
13660498
13660746
13663070
13665500
13672811
13674067
13674179
13674620
13675834
13676906
13682673
13683076
13684678
13687074
13687708
13687747
13687789
13688834
13689263
13693380
13693593
13695640
13696990
13697046
13697269
13699079
13701523
13705871
13708166
13709915
13710153
13710785
13714533
13717226
13721216
13722433
13725628
13725778
13727473
13727805
13729014
13731844
13732806
13735259
13736397
13738104
13738580
13739775
13740498
13743181
13745737
13745818
13747869
13748169
13749057
13750845
13755479
13756896
13757473
13759538
13761328
13761757
13763764
13764055
13768239
13768732
13770426
13770526
13771718
13773259
13773321
13774401
13774631
13777060
13777876
13778826
13779004
13783190
13783649
13783878
13787992
13791802
13793374
13793854
13797267
13802715
13803453
13806366
13810407
13811009
13811729
13816902
13818362
13820125
13824012
13824265
13824274
13824623
13828974
13830520
13830559
13831583
13832317
13837776
13841890
13844600
13845700
13847653
13848010
13855831
13858127
13858129
13858576
13858794
13865878
13867552
13870401
13875465
13882051
13884342
13884888
13889235
13891521
13893026
13893254
13896108
13896300
13899054
13900075
13902178
13903471
13903518
13906753
13908014
13908547
13910220
13910832
13915567
13917161
13917227
13921353
13924317
13927754
13928664
13932962
13936983
13938891
13940496
13940700
13943088
13943959
13945927
13947701
13950496
13954210
13954394
13956701
13959107
13960617
13963343
13963908
13964950
13965807
13966078
13967697
13967871
13968388
13968593
13971096
13974570
13976448
13978394
13980763
13981441
13981915
13982560
13983165
13985301
13985920
13990181
13993763
13997871
13997904
13998890
13999359
13999564
14001652
14003635
14010099
14011114
14011349
14012950
14013779
14014836
14015005
14017042
14018087
14020342
14025034
14032259
14033802
14036041
14036682
14036753
14039889
14041856
14044516
14047734
14048330
14048360
14050018
14050252
14051473
14052216
14054312
14060278
14065263
14065688
14066269
14067105
14069022
14069066
14069503
14069860
14075775
14076744
14078285
14083023
14083318
14084177
14085528
14086702
14088092
14091785
14091844
14095863
14096912
14104023
14104151
14106073
14107722
14110830
14111461
14114401
14117544
14119255
14127159
14127654
14127805
14129252
14133013
14135197
14135704
14140675
14140955
14141004
14141246
14143520
14145562
14146978
14149052
14149085
14150894
14150917
14153712
14153773
14153962
14161666
14162740
14166952
14168229
14168573
14170528
14170966
14176102
14176425
14181113
14181397
14185259
14185815
14187419
14188159
14190024
14192846
14193747
14196144
14201280
14202881
14207875
14209334
14213003
14215190
14216242
14220403
14222155
14226735
14228136
14229294
14229520
14229837
14232934
14233622
14233754
14235254
14237170
14243911
14246312
14250961
14250969
14252299
14252910
14254779
14255917
14259799
14261645
14262599
14263850
14263894
14263933
14265469
14266267
14268867
14268988
14270788
14271723
14273458
14274142
14278646
14283279
14283787
14285180
14287844
14290721
14293422
14295047
14295146
14298779
14300668
14302944
14303996
14308855
14308960
14310996
14315371
14316176
14318718
14318895
14318897
14320343
14321973
14323508
14324927
14325772
14325995
14327920
14328607
14332987
14335261
14337427
14340777
14344234
14344499
14344822
14345139
14346504
14348490
14352311
14355090
14359384
14359477
14361246
14361920
14368193
14368200
14372994
14378932
14386325
14388216
14395336
14398029
14398791
14401930
14402628
14403235
14403805
14404829
14405783
14407252
14409448
14409612
14413095
14418082
14419194
14419701
14422033
14422065
14423211
14425311
14426798
14426918
14429715
14434334
14435558
14435841
14438241
14438499
14439778
14442394
14443345
14446087
14447250
14447820
14451070
14451235
14451411
14458755
14461213
14462774
14463620
14463884
14465280
14466472
14467390
14469596
14479188
14479383
14480110
14480573
14480791
14483469
14488475
14489259
14491748
14492087
14493562
14494776
14495260
14495855
14501322
14501783
14501863
14503301
14504583
14510091
14513540
14514381
14515764
14515935
14517650
14519149
14521531
14524573
14525097
14527540
14529120
14529572
14531862
14535108
14535720
14535900
14537533
14541426
14544661
14546778
14551578
14552758
14556075
14556283
14558333
14558604
14558851
14559382
14559731
14561255
14563008
14563444
14566477
14566572
14566576
14576617
14577282
14579467
14585353
14586076
14587688
14588551
14591585
14592475
14592864
14594505
14594778
14595801
14596563
14598769
14599357
14604178
14604371
14604819
14607892
14608711
14609761
14609992
14610494
14614127
14616602
14618535
14619310
14622381
14622779
14623762
14627387
14630683
14633492
14634044
14638291
14641290
14641868
14642546
14643308
14646115
14647235
14647943
14650137
14656753
14657711
14658241
14659418
14663713
14665469
14665666
14667243
14667288
14669712
14671740
14677295
14679370
14679516
14680624
14690278
14694722
14695238
14696412
14698253
14699991
14704615
14707998
14708746
14712086
14712236
14712628
14714713
14715375
14717770
14720123
14725066
14731993
14734110
14734143
14739332
14739344
14745900
14748728
14749007
14750810
14753846
14755081
14755177
14766765
14769904
14769915
14771162
14772947
14774273
14775173
14777124
14783585
14784436
14784863
14786153
14788191
14794931
14797355
14800405
14800987
14801241
14801372
14803595
14803636
14804039
14805324
14808056
14812088
14813790
14815164
14815355
14816386
14816524
14818150
14819715
14821333
14822874
14825156
14826732
14828000
14829253
14830311
14837347
14839045
14842960
14844867
14850000
14850290
14850404
14852359
14854724
14856235
14856718
14857539
14857540
14859737
14860954
14866580
14866664
14868300
14868620
14870047
14873554
14873828
14877300
14877502
14878031
14880873
14885385
14885660
14888105
14888732
14890857
14892200
14894842
14901346
14901405
14903405
14903889
14906283
14906519
14909415
14909595
14910337
14917335
14923487
14926660
14926869
14928746
14929813
14933171
14935524
14935907
14936968
14938962
14940007
14941102
14941209
14942973
14943556
14946380
14950142
14951353
14953406
14954351
14957332
14958976
14959016
14962551
14963862
14965895
14965979
14966197
14966765
14966847
14967094
14969187
14970759
14973255
14977543
14980659
14981356
14981832
14981879
14981999
14982080
14985444
14985540
14985604
14986761
14986929
14987575
14987908
14993342
14994140
14994374
14995862
14996149
14997329
15000541
15003143
15004951
15005191
15006252
15009102
15010272
15015184
15018216
15022981
15024184
15025496
15028733
15030595
15031697
15032108
15034919
15041132
15041756
15041830
15044883
15045346
15047084
15050086
15052657
15056143
15057678
15059549
15061031
15062653
15063268
15068195
15071260
15071885
15072738
15076637
15078975
15079275
15080933
15083838
15085980
15087270
15089082
15091634
15094472
15096236
15096383
15096719
15098868
15100745
15104467
15106528
15106771
15107242
15109938
15110206
15110882
15113084
15115244
15115523
15121323
15124062
15124069
15124210
15127291
15127528
15128284
15135161
15136564
15136875
15138635
15144177
15144597
15146166
15148694
15149369
15151155
15151509
15155389
15156736
15157081
15158692
15160995
15161326
15162475
15165251
15165614
15165777
15166127
15167010
15167181
15167908
15170072
15171222
15173697
15175574
15176019
15177571
15177636
15178769
15181121
15182752
15183917
15185326
15187669
15188932
15192755
15194812
15194856
15195186
15198327
15198696
15199142
15199247
15203525
15205225
15208669
15208977
15214530
15214534
15214989
15215869
15222411
15223653
15225918
15232198
15233074
15238114
15241057
15241096
15242129
15243822
15246229
15247103
15248089
15248604
15250099
15251393
15259765
15260809
15265153
15266085
15268876
15269650
15270940
15271327
15273125
15274799
15274810
15277605
15279264
15280737
15282549
15283387
15283537
15283743
15284917
15287972
15289222
15291970
15297701
15303593
15303966
15304773
15307418
15307683
15323043
15326951
15330148
15330328
15332401
15332704
15335602
15340001
15345220
15346658
15354474
15354593
15354882
15357212
15362640
15364634
15368533
15369254
15375431
15375832
15377768
15378096
15378726
15381661
15381826
15382412
15388799
15389904
15393290
15393497
15395854
15399358
15401196
15402690
15404687
15406689
15410466
15415159
15415933
15419381
15420006
15420914
15422504
15423423
15423808
15426896
15429144
15429688
15432060
15434318
15439348
15441625
15443399
15445361
15450307
15451985
15454418
15455134
15457453
15458897
15461111
15462774
15465356
15467283
15467609
15477550
15477756
15481218
15483247
15484271
15486260
15487107
15487458
15491546
15492512
15495050
15495503
15500708
15502753
15502868
15503381
15505591
15505862
15507499
15515445
15517868
15518041
15520420
15521890
15522044
15523210
15523817
15524375
15531151
15532237
15540500
15540520
15541376
15542889
15547998
15548761
15549370
15549648
15552581
15553528
15556902
15558414
15561493
15564017
15564150
15566010
15567130
15567238
15571249
15575200
15578125
15579836
15580260
15580754
15587465
15590825
15591139
15593874
15595846
15597973
15599347
15599861
15602643
15604914
15605773
15606742
15609875
15612177
15612846
15613125
15614108
15614235
15621657
15622713
15623026
15624748
15626235
15627474
15630309
15631718
15633002
15634371
15634780
15638865
15640292
15640971
15642311
15644759
15645871
15645928
15646190
15647988
15649842
15672152
15677503
15678479
15679125
15679410
15679656
15687604
15688187
15689995
15690658
15694355
15694582
15697476
15698244
15698727
15701990
15704203
15707284
15709674
15711273
15717543
15718840
15720032
15720935
15724029
15726847
15727636
15728831
15729723
15732207
15732568
15736016
15736503
15738053
15740578
15740916
15742662
15743177
15743590
15744900
15745652
15746622
15748903
15752212
15756139
15756487
15756621
15757203
15757853
15763720
15764483
15764945
15765795
15766258
15767424
15767608
15768754
15768951
15769383
15771107
15772018
15786977
15789421
15790156
15790288
15790303
15793644
15794574
15794718
15799104
15800455
15802881
15803034
15805265
15812108
15813499
15815422
15819900
15823335
15826288
15827981
15828269
15833312
15834130
15836474
15837054
15837067
15837160
15840892
15841626
15842968
15843093
15844202
15848976
15851608
15851631
15852520
15854924
15855306
15856135
15858859
15859357
15862414
15863994
15864131
15864150
15867175
15867949
15869123
15872607
15872938
15873389
15878554
15879394
15880437
15881967
15885472
15886974
15888987
15891669
15893256
15896478
15898691
15900950
15904534
15904609
15913323
15913450
15914111
15919563
15920478
15923613
15927061
15928983
15929426
15934224
15936515
15943777
15945830
15948132
15949119
15950141
15951823
15956987
15958505
15959385
15960978
15962258
15962795
15964077
15966087
15966107
15966810
15969621
15974512
15976852
15980785
15981409
15984010
15984128
15986699
15987665
15988110
15989510
15990600
15992286
15993049
15994027
16000146
16001910
16003446
16006985
16008625
16009494
16010445
16011024
16012936
16014085
16014243
16014614
16017341
16019286
16021143
16021284
16022811
16023359
16024619
16024955
16030939
16032697
16036363
16037008
16037609
16046953
16050631
16051077
16051222
16052559
16052676
16054106
16056706
16057510
16057830
16060965
16064494
16065359
16068612
16069582
16069879
16070537
16072777
16074876
16076889
16077915
16080235
16080647
16080919
16081580
16083804
16084001
16084289
16089739
16089830
16089925
16091174
16094748
16095074
16095830
16097517
16098481
16101451
16102186
16105498
16105595
16106111
16109263
16113481
16113902
16114373
16117551
16118160
16119235
16120896
16122132
16122189
16122754
16123555
16124887
16128282
16129621
16130503
16131052
16135354
16135402
16136632
16137288
16139368
16140382
16142081
16142601
16142804
16144404
16145758
16147559
16148812
16152688
16153697
16154089
16157445
16162652
16164387
16164667
16164957
16170583
16170993
16171506
16172704
16174015
16180226
16182354
16186958
16188177
16190812
16191774
16193302
16195316
16197290
16198326
16204610
16208290
16209621
16209656
16209676
16213222
16215787
16215948
16216306
16218916
16219349
16219466
16221594
16223692
16227367
16227691
16228583
16231093
16231710
16234163
16234269
16235713
16235828
16237229
16241665
16242769
16242968
16243942
16244366
16248306
16248821
16249477
16250459
16251540
16254291
16258248
16263748
16266201
16266532
16267593
16267664
16267960
16268863
16269717
16274403
16275201
16277241
16279872
16280175
16281655
16284365
16286377
16290127
16290972
16293120
16293716
16294532
16295288
16295535
16298714
16300309
16303547
16304004
16304487
16306013
16306570
16306699
16308906
16310617
16312630
16314750
16315282
16319428
16320680
16321920
16328513
16329240
16330124
16330611
16331130
16332004
16332131
16336248
16337000
16337398
16338507
16345747
16345849
16351362
16353516
16354630
16355006
16355124
16355327
16357161
16357595
16357773
16358576
16359112
16363785
16363889
16365877
16366656
16373569
16376520
16377347
16377411
16379417
16382655
16383524
16383600
16384995
16385260
16386137
16386315
16387334
16388572
16389274
16391794
16392133
16393874
16394069
16394246
16397397
16398220
16400641
16400792
16402365
16404229
16406283
16409802
16411862
16412835
16413853
16414300
16414620
16414956
16415272
16416449
16417518
16420546
16420667
16421079
16422826
16427132
16428124
16428738
16430503
16431477
16432470
16432485
16434290
16436647
16438675
16440040
16444329
16450282
16455899
16456636
16457281
16457974
16458952
16462964
16463729
16464034
16471993
16473302
16473355
16474882
16476721
16481619
16482059
16483594
16485055
16487252
16487340
16487970
16488866
16489245
16489793
16490037
16490701
16494480
16495126
16498078
16502982
16505395
16506923
16509574
16511615
16517362
16523764
16527416
16531380
16531427
16533915
16534983
16537440
16539014
16542894
16543047
16546281
16547321
16549431
16555849
16559361
16559573
16561088
16561347
16561893
16562023
16571122
16573875
16573937
16574982
16577670
16579374
16580543
16581243
16581653
16582332
16582895
16583625
16586179
16588254
16590725
16590950
16591222
16592374
16594908
16600584
16603121
16603993
16608906
16612926
16613006
16616192
16617749
16618732
16620776
16624026
16625993
16626259
16628165
16629232
16630865
16630951
16632996
16638148
16638406
16639738
16640497
16643979
16650271
16650679
16653051
16654615
16654809
16657387
16659579
16660529
16661339
16662708
16663165
16667129
16667460
16668333
16668346
16670705
16671632
16674119
16679064
16681411
16681726
16684424
16687002
16689096
16695218
16695851
16696081
16697383
16697807
16703377
16705783
16707493
16709428
16713072
16713469
16715999
16720324
16723123
16723732
16724984
16733459
16736067
16736326
16738367
16739131
16741072
16741488
16741976
16742279
16742483
16744165
16746974
16748837
16749117
16750435
16752977
16753902
16754204
16754696
16756126
16757062
16757567
16760721
16761031
16761563
16762501
16763228
16764443
16764452
16765392
16771145
16773005
16779260
16781930
16783155
16784757
16784910
16785040
16785738
16786119
16789781
16789999
16790157
16794985
16795904
16798853
16801783
16808293
16813408
16815855
16816322
16816886
16821253
16823135
16827559
16832430
16837740
16839317
16839361
16840357
16841226
16841570
16846708
16848555
16849012
16850142
16853071
16853487
16857152
16858464
16864031
16864290
16864329
16868352
16869893
16870475
16872154
16875417
16876091
16879706
16883176
16883212
16884508
16884990
16885709
16888968
16889510
16891842
16891926
16894316
16894680
16895509
16903074
16903354
16905870
16906429
16908029
16910695
16911313
16912180
16922871
16924637
16931302
16931966
16934542
16934648
16935601
16936495
16937247
16937284
16942850
16944895
16946377
16951710
16952635
16956331
16959680
16959903
16968708
16970497
16975056
16975060
16975572
16975913
16975929
16977957
16978094
16978426
16983938
16985975
16987533
16988959
16989616
16990319
16992179
16992978
16995066
17000419
17001288
17001434
17005153
17007331
17008371
17012501
17015501
17017779
17020856
17023664
17027672
17028385
17028886
17029452
17030048
17031143
17032193
17034811
17035859
17040034
17040923
17041696
17041949
17042142
17043568
17044426
17044943
17045641
17055244
17055735
17057154
17064193
17065574
17069999
17073050
17073184
17075839
17076232
17076479
17078195
17083199
17084682
17085505
17087590
17093265
17093484
17094478
17095132
17095518
17097236
17099003
17101934
17104145
17105358
17107755
17110543
17113780
17115102
17117190
17121897
17122132
17124325
17127999
17129543
17129787
17141389
17143669
17147292
17149600
17150497
17150632
17150934
17153825
17154623
17155244
17158306
17160990
17161336
17162802
17163212
17164907
17166078
17167970
17170278
17170662
17175435
17177744
17178291
17179258
17180287
17181975
17187798
17188607
17194935
17195262
17195752
17197181
17198372
17199669
17200661
17204196
17205268
17208145
17212914
17214044
17214416
17215243
17221615
17224563
17224856
17226384
17226821
17233624
17235502
17235970
17241352
17245433
17246699
17247228
17248589
17251124
17251596
17254040
17257092
17257119
17257808
17263158
17264528
17265479
17265638
17268435
17268863
17270294
17274580
17275765
17276830
17277189
17279065
17279593
17282425
17282656
17285170
17286671
17286800
17288179
17288670
17290257
17290648
17293186
17301796
17302146
17304546
17306846
17308645
17310434
17310707
17311550
17311570
17312172
17316183
17319425
17321538
17323943
17326638
17326645
17326686
17329583
17332428
17333681
17336292
17336454
17336456
17336734
17338622
17340041
17341169
17343040
17343282
17344502
17344544
17347204
17351499
17357076
17357161
17357738
17363928
17363934
17367499
17369877
17372471
17374781
17375620
17377116
17378572
17381447
17382013
17382424
17383494
17384858
17387701
17388168
17388412
17388987
17389233
17389831
17391715
17393463
17395044
17404913
17407416
17410114
17410484
17410754
17414846
17415611
17417243
17418932
17419815
17421906
17424543
17425719
17427256
17427653
17427757
17429901
17430314
17433440
17435807
17436247
17436967
17445238
17448037
17448682
17448785
17451564
17452729
17457549
17459377
17462903
17464926
17465953
17471641
17472982
17473223
17477594
17478432
17479220
17480024
17482338
17484146
17488066
17491164
17492521
17492764
17494250
17495519
17499319
17500755
17503848
17506879
17508618
17509102
17510589
17511506
17517599
17518074
17518533
17520297
17529084
17530177
17532451
17532684
17533051
17534843
17536452
17536574
17542637
17543295
17545407
17550297
17551245
17552342
17553490
17563500
17571341
17577519
17577555
17578046
17580467
17581573
17582976
17583093
17584126
17584147
17585838
17587143
17587343
17587908
17592011
17592857
17594032
17594944
17596751
17596773
17602478
17604504
17605088
17606131
17607008
17609778
17611114
17613209
17613363
17615132
17621926
17625349
17628246
17630997
17631127
17638060
17638909
17639395
17642453
17646452
17651222
17651262
17652550
17652717
17658020
17660724
17662748
17665557
17666631
17668472
17670784
17678494
17680091
17685580
17686914
17689107
17690251
17695640
17695695
17695824
17697930
17701460
17706067
17706317
17706451
17713349
17714167
17716810
17722996
17724225
17724976
17725261
17727239
17728307
17729415
17730431
17730938
17731233
17735824
17739499
17739674
17743725
17747461
17747913
17748986
17753340
17755035
17758811
17760728
17761317
17761358
17762123
17762393
17765056
17765961
17765980
17767650
17769967
17773922
17775112
17775889
17781484
17782054
17782111
17786519
17787051
17787109
17787533
17789396
17790136
17790485
17793187
17795562
17795711
17795857
17796843
17797096
17798203
17801181
17806164
17808313
17808387
17809052
17811709
17813143
17813879
17815080
17817471
17822088
17822694
17823131
17823622
17824093
17826636
17827850
17830692
17830942
17831024
17833552
17833579
17834272
17835188
17838007
17839381
17842842
17845054
17845767
17847147
17849849
17852048
17854981
17855208
17856321
17859661
17860950
17861165
17862377
17865729
17870354
17876712
17888651
17888674
17892217
17893170
17894900
17895793
17896422
17899117
17900925
17903752
17904114
17906213
17909799
17910100
17910585
17913326
17919554
17921471
17922707
17924708
17925337
17925835
17925953
17928102
17929065
17931864
17936131
17936338
17938322
17939337
17939691
17939757
17940466
17943146
17944672
17946409
17948565
17952328
17952561
17953922
17956323
17957387
17958116
17958907
17961375
17962495
17972104
17972595
17972700
17973703
17974005
17976062
17976805
17977711
17978490
17979261
17985143
17985316
17988252
17993882
17994740
17997628
17999044
17999050
18000854
18001881
18005841
18007092
18008009
18012390
18012707
18013777
18015790
18016145
18017010
18020338
18021669
18024452
18025470
18026365
18026511
18027315
18027523
18027753
18027925
18034994
18035491
18038977
18043075
18044933
18045094
18045757
18047021
18047703
18049824
18050595
18050893
18051270
18051739
18056907
18059930
18060204
18060740
18061642
18065425
18065597
18067285
18069451
18070459
18071075
18071373
18073032
18074282
18076577
18079404
18085887
18089226
18090930
18094420
18095831
18099245
18100804
18101477
18102957
18108192
18108820
18109877
18110791
18112117
18112929
18114799
18115887
18117456
18117804
18124902
18126910
18127127
18130074
18130381
18131607
18132334
18137379
18138393
18139084
18141453
18143469
18147791
18149341
18149485
18153361
18153515
18154056
18155270
18158830
18160724
18163430
18165743
18166383
18167803
18172244
18172338
18177949
18178495
18179336
18182510
18183018
18184749
18190006
18198983
18200014
18200651
18202065
18203616
18211804
18214381
18215452
18216509
18216913
18217468
18219724
18220021
18220562
18221639
18221646
18221654
18225593
18226438
18226726
18228673
18229597
18231313
18234744
18235211
18236267
18237137
18238474
18238678
18239451
18242434
18242450
18248051
18250687
18252739
18255394
18255728
18257919
18259232
18260695
18263024
18263036
18263155
18263634
18265090
18270332
18273317
18274427
18274826
18278520
18282334
18285672
18289869
18291086
18291405
18292138
18292347
18293674
18293883
18297155
18298050
18298355
18300403
18302408
18303646
18305609
18306558
18310587
18313704
18314336
18317924
18320919
18322244
18326439
18327215
18327931
18333233
18333252
18337250
18337403
18342448
18343240
18344938
18345685
18347805
18351275
18353849
18354854
18356416
18356825
18358304
18358354
18359426
18361226
18362510
18364729
18365388
18369604
18372240
18381392
18385181
18388282
18388350
18394881
18398283
18398500
18399928
18402577
18402724
18403474
18403561
18404808
18406114
18406769
18407208
18407396
18408304
18408768
18414307
18415591
18418547
18421184
18422571
18423568
18424650
18425061
18427006
18427549
18430096
18431948
18432874
18434201
18434804
18435342
18435401
18435701
18435768
18436301
18436825
18437846
18440079
18441063
18441901
18442877
18443720
18447906
18451830
18455457
18463845
18464533
18465813
18468673
18469147
18471303
18472432
18472706
18473281
18473457
18474571
18474633
18475125
18476577
18476905
18482495
18483347
18484008
18486960
18487101
18487380
18490387
18490690
18492375
18493238
18496739
18506468
18512568
18514127
18515130
18517514
18519460
18521274
18524104
18524817
18527689
18528890
18529927
18529987
18531592
18531657
18538901
18540336
18542317
18546648
18549534
18552312
18554160
18554571
18557423
18562785
18564003
18566988
18569058
18573339
18575349
18576597
18581938
18582948
18584599
