215
258
472
2685
7675
9648
10439
11843
14341
17045
17694
20061
21234
22845
23080
25091
28710
32237
32313
34539
35986
42910
42984
43267
44245
44599
45373
47162
49871
50309
53904
55066
58888
59150
60539
64296
66904
74756
75434
75842
81257
84081
86031
86575
88604
89882
89893
90303
90632
90638
91193
91295
93467
94083
94816
98474
99112
103589
104072
104410
104439
104565
105312
107637
113195
113326
116106
118872
119468
119820
120012
122346
125538
125607
133381
137199
137618
139839
148826
149325
154666
156879
160777
162774
163835
164445
167044
167732
169411
171511
175722
176796
181363
183438
184915
186657
190254
191496
191866
192655
192991
194592
195231
196165
196186
196541
196991
198861
200277
205197
205982
207117
209518
210760
220398
222020
223845
224772
224782
225294
229908
231697
232953
233707
234272
242045
244303
245399
247051
247808
248591
250658
252132
253590
259401
264849
266671
267814
268357
270242
270792
271222
271703
273417
275059
276284
276498
278782
280149
280391
284734
286130
288415
288956
293921
295040
295709
301919
302999
303120
307411
307603
309122
309993
314256
316929
317789
319285
320641
321080
324808
327030
330487
332343
333690
334639
334662
334665
338416
339542
340015
340643
342299
343737
344011
345638
345936
348720
349869
357028
357788
358001
363757
364531
366833
367614
369794
369888
377851
382188
383971
384016
384268
385381
386449
387357
387973
390623
391182
392812
395834
397139
401293
407067
410243
410593
413368
419928
420519
420983
421634
422341
424418
425490
427924
430993
431714
432103
433605
435076
438293
442991
443272
451929
452531
452650
453731
456632
460705
462183
462227
462602
463420
465968
466590
467338
473414
473552
476765
476998
478141
480780
480906
482507
482564
483150
484188
490395
490760
494739
494744
495789
496935
498202
500184
501270
503118
508052
510550
511926
512555
513455
516922
518482
524606
528044
528725
529571
529600
530353
531448
533461
536152
536252
538079
540591
542414
542547
545162
546340
547026
547626
548284
549004
551003
556425
559291
560691
562360
563192
563941
564091
564252
564633
565824
567874
568358
570545
571327
575467
578179
581954
582641
586120
586164
588588
591633
593329
595288
597435
598242
598338
602328
602718
603704
604037
604590
605687
606570
607152
609820
611974
612379
614514
615077
617337
618777
620865
621768
623774
623805
624744
625815
631207
637118
638174
638734
639073
639651
641488
641841
642024
643159
643898
648709
649177
649187
650550
651048
654316
656335
659401
660023
660171
660586
661529
661955
665399
666568
667404
667754
668800
669811
671744
674479
675884
676551
677343
679746
680131
680354
681070
683368
685431
685672
689073
689136
689580
691160
692125
692477
695837
697652
698915
699523
701768
706293
707318
711435
713446
713493
715047
720438
721815
721921
722908
724148
725529
728310
730825
731161
731621
732468
736665
737735
741167
741531
744429
745703
746629
749747
750713
752832
756052
757456
761990
763839
764988
766099
766635
766781
767832
768545
772678
776752
777235
778306
778957
781520
786060
786214
786516
786830
787962
788036
789640
792144
792418
795532
795726
796245
797591
799844
800301
800678
800943
802398
802418
802656
805601
806649
808094
810559
810956
811180
813854
815362
816081
819401
821161
822735
824464
824723
828453
833207
834736
835021
839720
839747
840984
841378
842448
846075
846576
847429
848055
848700
850481
853342
855184
856591
857022
859015
860553
864626
865553
865739
867879
872884
873601
881027
883168
885784
886543
887553
889958
890856
891310
895906
896245
896351
897108
898710
899588
902094
904236
908103
921039
925935
926150
927293
927976
931726
936652
938379
939435
940031
940055
942643
942685
942904
943693
945506
947702
949499
951770
952707
958115
960942
963301
965104
965646
968215
968261
969655
970077
975396
975860
980402
982235
993126
996536
996892
998909
1002828
1003395
1005640
1005649
1007721
1008901
1009909
1010673
1012785
1014905
1015588
1018707
1018823
1021326
1024369
1031238
1031599
1031769
1034151
1036515
1036897
1038021
1047036
1049555
1050974
1055420
1057702
1058901
1067173
1067805
1068373
1070872
1071117
1072254
1074841
1082674
1085697
1088236
1088954
1089125
1089757
1091670
1091993
1093219
1100512
1102652
1105665
1106321
1107388
1111620
1112446
1114325
1115585
1119722
1119882
1120590
1122404
1131771
1131837
1133573
1133829
1134632
1136034
1137631
1138722
1141663
1144700
1145250
1147155
1147431
1148147
1148445
1149054
1154298
1154969
1156574
1161262
1167287
1168291
1169372
1169880
1169944
1170144
1172271
1173019
1173962
1175029
1176743
1177565
1177838
1179722
1180347
1183246
1183917
1184512
1187471
1189614
1191636
1192433
1193580
1194096
1194223
1200445
1205840
1208165
1208840
1208865
1209963
1210605
1210942
1211241
1213991
1216446
1219998
1223193
1224208
1224855
1226112
1226777
1227958
1231120
1233940
1238667
1239194
1239320
1242460
1244976
1245903
1246669
1247413
1251251
1251618
1252621
1253877
1254576
1255892
1258730
1265308
1265909
1266451
1269782
1271080
1273220
1273701
1275377
1275742
1276291
1281817
1282188
1282217
1289869
1292748
1296626
1297012
1297211
1300374
1302385
1304832
1305701
1307540
1309565
1314957
1315475
1317824
1318617
1318878
1319432
1324838
1325055
1326792
1329376
1330821
1336419
1341812
1344829
1347301
1348644
1350915
1351631
1352496
1358548
1358638
1360957
1369074
1372951
1376723
1376966
1378485
1380434
1380664
1382842
1385789
1388198
1388911
1390119
1395004
1395087
1395310
1395341
1395960
1396220
1402676
1407272
1408384
1409923
1412151
1413064
1414768
1416205
1416714
1417593
1419467
1419927
1424607
1425117
1429444
1430686
1431112
1431137
1438012
1439890
1440358
1445740
1447750
1448571
1449607
1449744
1451687
1452151
1457299
1458882
1460281
1460317
1462468
1465624
1469488
1470929
1471012
1472094
1473988
1477019
1480487
1482785
1486847
1487516
1488355
1493833
1496597
1496807
1498275
1500099
1500648
1502733
1504791
1507231
1510398
1510476
1511234
1513791
1514740
1516235
1518069
1518603
1519066
1523819
1529158
1529380
1530241
1530423
1532435
1532463
1541396
1541531
1544289
1545844
1546026
1546436
1547346
1548314
1551690
1554489
1556083
1556895
1557672
1559684
1560106
1561757
1562786
1563321
1564974
1565138
1566525
1570707
1572635
1574114
1574504
1574661
1575613
1577082
1578214
1579273
1583307
1584353
1587168
1589559
1590282
1590463
1591190
1591202
1596916
1599642
1600928
1604909
1612442
1613121
1615636
1616194
1616468
1619522
1623613
1626347
1627095
1627773
1628454
1629914
1630328
1630987
1631835
1632350
1633117
1635387
1635520
1635533
1635696
1637041
1640426
1641065
1641979
1643049
1647854
1651327
1653777
1657807
1663322
1663669
1665787
1667199
1669832
1671163
1673255
1674101
1674459
1674636
1677335
1679637
1681208
1681700
1681850
1682524
1686693
1687691
1694458
1694588
1696724
1699015
1706110
1706647
1706919
1712894
1715010
1715784
1715795
1718331
1719122
1719520
1719562
1722567
1723728
1726209
1726801
1729722
1729879
1737667
1738078
1741963
1742477
1743120
1743963
1745068
1748296
1749653
1751854
1755769
1758313
1759681
1759999
1761814
1762881
1765333
1765602
1766963
1770953
1773835
1774826
1776888
1778332
1780626
1781207
1783053
1783717
1784597
1785061
1788462
1790312
1791397
1796758
1799081
1802337
1803099
1804949
1805510
1809629
1810507
1812026
1812827
1813772
1814916
1819086
1821339
1821430
1821988
1822242
1825244
1825800
1828292
1828793
1830394
1830792
1834532
1834660
1834664
1835263
1837779
1838542
1838911
1842818
1843765
1848665
1849283
1849527
1855232
1856721
1857089
1859996
1860961
1863135
1864972
1867361
1869664
1869872
1872701
1873734
1874099
1874345
1877489
1878253
1881253
1885535
1888510
1889677
1894233
1897235
1897324
1897663
1898155
1898986
1901614
1901912
1902008
1907089
1910267
1910395
1913258
1915254
1915364
1916645
1918449
1919128
1924242
1924668
1925355
1926852
1932220
1934960
1935315
1937072
1939442
1939624
1942632
1946571
1946779
1947363
1948198
1948591
1948870
1949675
1952052
1954631
1955404
1955771
1960016
1960487
1961293
1962826
1963751
1968499
1972143
1973664
1975787
1980179
1988249
1992472
1993842
1994073
1994928
1995652
1996203
1997228
1997274
1998751
1999453
2003453
2003795
2007842
2008911
2012194
2015154
2015787
2015896
2020942
2021355
2021452
2023310
2024974
2025471
2026118
2029112
2029714
2030765
2030877
2031005
2032117
2033191
2035992
2036466
2037111
2037716
2039852
2040471
2044732
2048933
2052228
2056845
2061158
2061526
2062510
2062601
2063807
2063889
2063978
2066463
2066468
2073881
2074635
2074746
2074969
2078083
2078857
2081705
2082974
2083279
2084663
2085880
2090456
2095116
2097279
2105802
2108012
2112735
2116451
2116593
2116594
2117452
2117780
2118396
2119037
2121712
2123182
2126025
2126871
2127678
2129824
2130403
2136751
2139122
2145204
2145519
2145695
2146370
2147311
2147359
2148274
2148715
2150722
2153232
2154185
2154720
2156006
2156055
2157073
2160152
2162458
2164644
2167831
2169451
2172699
2177658
2188323
2190730
2191184
2191882
2193102
2194023
2196333
2204313
2206688
2211357
2211759
2212190
2217626
2217939
2218534
2220702
2222989
2229777
2232572
2233480
2234559
2235873
2238378
2239297
2240490
2243164
2243981
2253645
2255613
2260170
2261219
2261237
2262871
2264946
2265011
2265647
2268315
2270463
2271355
2272219
2273005
2277645
2277809
2278007
2284284
2285265
2285380
2285800
2286469
2287743
2293955
2298343
2302553
2303528
2303698
2306314
2310074
2314327
2315441
2317092
2320446
2329135
2329577
2330347
2330895
2333626
2334540
2335655
2337089
2339726
2340023
2341583
2347018
2347209
2348542
2352798
2358100
2358467
2359705
2361672
2361795
2362012
2363969
2364411
2368750
2369876
2370545
2370988
2372900
2377307
2380761
2382335
2383532
2384613
2385326
2387107
2387713
2390784
2394416
2395724
2399450
2401094
2405071
2405958
2406554
2406565
2406807
2407629
2407972
2408072
2409366
2412931
2414135
2414586
2415676
2416919
2417375
2417880
2420168
2425920
2427364
2427685
2427803
2428764
2428869
2428883
2433732
2434980
2441364
2443412
2443450
2446677
2447126
2450632
2451520
2454502
2454663
2455314
2459156
2459307
2459543
2461605
2463328
2463936
2464073
2464613
2465812
2465925
2467605
2468495
2474175
2475114
2475607
2475715
2475840
2476747
2477518
2479649
2480173
2480353
2483970
2484048
2484777
2487340
2487939
2488687
2490827
2491514
2492462
2492515
2493937
2494245
2495540
2499221
2509829
2512403
2512689
2515511
2519144
2522527
2522961
2529736
2530013
2530524
2530643
2531249
2534552
2537022
2538396
2539679
2540626
2541586
2542500
2545622
2546635
2548596
2549590
2557731
2565076
2569205
2569553
2576090
2576273
2582010
2584777
2585507
2585878
2586250
2588219
2593557
2593860
2594433
2601532
2604735
2605504
2607869
2609184
2609857
2611537
2615869
2618289
2620317
2620710
2624958
2626785
2630946
2633497
2634683
2635793
2636524
2637745
2639648
2642901
2643070
2644191
2650611
2650660
2651334
2652097
2654071
2654816
2658829
2659165
2659519
2660220
2660311
2661808
2663663
2664165
2664968
2666611
2676046
2676820
2678383
2679423
2684122
2687932
2689024
2689155
2690046
2690682
2693148
2693827
2695325
2695455
2695808
2696445
2700249
2700277
2702556
2703847
2705054
2710339
2710505
2714418
2716547
2716648
2718084
2719428
2719725
2728260
2728930
2729653
2732122
2736754
2737751
2739657
2739945
2744587
2746347
2747255
2749529
2750081
2750281
2750394
2753401
2755504
2757461
2758143
2759202
2759310
2760304
2760378
2761679
2762251
2768183
2768906
2773729
2773757
2774119
2776006
2778597
2779108
2780265
2787303
2790695
2791154
2791513
2794265
2796098
2796259
2796950
2797919
2800095
2802393
2802643
2803430
2803535
2803945
2804102
2805754
2806161
2808085
2812315
2813379
2814581
2816833
2819705
2820245
2822776
2823094
2826043
2826929
2828232
2830462
2830495
2834422
2837432
2839997
2845207
2845980
2847644
2848213
2849988
2856719
2856764
2858150
2862862
2863297
2863901
2864602
2866545
2877778
2878247
2880035
2883142
2884489
2886520
2887246
2890246
2892076
2892623
2892853
2894704
2901455
2903079
2903565
2908606
2908877
2919294
2921687
2922147
2929867
2932565
2934001
2936410
2937152
2937732
2941885
2942885
2944769
2945019
2945569
2948709
2951258
2952201
2953334
2954659
2955640
2958297
2959450
2960240
2961428
2962941
2966538
2967230
2967330
2968923
2971836
2971943
2972670
2974240
2974932
2975889
2976468
2979783
2980452
2983803
2987123
2987401
2987791
2989640
2990993
2991078
2991768
2992645
2994334
3001161
3001418
3002863
3003884
3005302
3009618
3009928
3010371
3011018
3015395
3015871
3021978
3022437
3023517
3024449
3027629
3027888
3031198
3039535
3040021
3040303
3042562
3043125
3043297
3049368
3054270
3056448
3057957
3060644
3063109
3064972
3065703
3066033
3068235
3070983
3071186
3073984
3074686
3075720
3082041
3082757
3087456
3088474
3091565
3093386
3094172
3096370
3097043
3098228
3099630
3100107
3102500
3104162
3104736
3105871
3106105
3107401
3109290
3110759
3113113
3115445
3115767
3117705
3122905
3125229
3127673
3128265
3130376
3134356
3137987
3139366
3139587
3140072
3140122
3140487
3146058
3146193
3147190
3149355
3149588
3150008
3151536
3152400
3153616
3155275
3156160
3163158
3167311
3169047
3169178
3174041
3175726
3175965
3178897
3179680
3180194
3181213
3181585
3181888
3183620
3186834
3189924
3191172
3192835
3193256
3196090
3196449
3197005
3201020
3203846
3204401
3212466
3213006
3213443
3218208
3219429
3220112
3221265
3221727
3222030
3222610
3224722
3233083
3233228
3234883
3235236
3236704
3239436
3239865
3240604
3241169
3243320
3244263
3247283
3247553
3247843
3248793
3249175
3250654
3252815
3253607
3257840
3257922
3258615
3259603
3260946
3262409
3264937
3265195
3266823
3267744
3269078
3270204
3273049
3273675
3273714
3274981
3275261
3278947
3279399
3280046
3280905
3284585
3286388
3287245
3289122
3289788
3289833
3290193
3293065
3293926
3294234
3296681
3298705
3299478
3299559
3301257
3302577
3304781
3305118
3305203
3305325
3306562
3309976
3310056
3314345
3314577
3315847
3321493
3326649
3328509
3332866
3336431
3339404
3343264
3347071
3347384
3349295
3354474
3355984
3356677
3357022
3358321
3359656
3359804
3359874
3360577
3361271
3362238
3362254
3362323
3363527
3366215
3367444
3370299
3371215
3371966
3376612
3377165
3377936
3379490
3390595
3391266
3391558
3392345
3392560
3399656
3401363
3408046
3408773
3415817
3417693
3421343
3423390
3424577
3425735
3427196
3429170
3433108
3433931
3435328
3435750
3436254
3438381
3439413
3445859
3446982
3449840
3450391
3450670
3451749
3452236
3455567
3456040
3456621
3458408
3459555
3459996
3460566
3461630
3466848
3467012
3467972
3471255
3472635
3474639
3475566
3481280
3482065
3482275
3482412
3484798
3485194
3486158
3486769
3488471
3492408
3493380
3497337
3497560
3499333
3499408
3500034
3500148
3503105
3510328
3512787
3513496
3514731
3517666
3517782
3518859
3521217
3521624
3525370
3525593
3527804
3530688
3533373
3533744
3535999
3541561
3543040
3543259
3547205
3547670
3547912
3548684
3551137
3553683
3558490
3559785
3559906
3563140
3563639
3566669
3573084
3576543
3578170
3579029
3580391
3582906
3583127
3583502
3585468
3590294
3590629
3591778
3596265
3597243
3599255
3600020
3600039
3604378
3605972
3608293
3609188
3610204
3611253
3611764
3615626
3615799
3616095
3618595
3618707
3619007
3620285
3621155
3623784
3625630
3630075
3630470
3635862
3640078
3641947
3641997
3642101
3642986
3643915
3644536
3645645
3647173
3649773
3650802
3652098
3652929
3653576
3655097
3657400
3659234
3660618
3663909
3665539
3665636
3667975
3668185
3669823
3677331
3678372
3680933
3682033
3683274
3684945
3689348
3692022
3693757
3697451
3697476
3698847
3700902
3701779
3702787
3704443
3704906
3709360
3710292
3711505
3712521
3712522
3714340
3717626
3718148
3719037
3719703
3722811
3723322
3724170
3725472
3728143
3729305
3729816
3729830
3732797
3735744
3740122
3746946
3747202
3748578
3750240
3750857
3751203
3752252
3752753
3754977
3755390
3756370
3756828
3756982
3757198
3757216
3765783
3768117
3768444
3773930
3773947
3774852
3781009
3781897
3787716
3787998
3788334
3789095
3789175
3792552
3795850
3796265
3796467
3796784
3797100
3798832
3799873
3803965
3804421
3807482
3807598
3809891
3810683
3811568
3818489
3818504
3819282
3821034
3823179
3823525
3829599
3835813
3836884
3838989
3842472
3848629
3850197
3853217
3854149
3855583
3858991
3860229
3865021
3867804
3869814
3876065
3877316
3877372
3878590
3881368
3885425
3885813
3886341
3889819
3891026
3892933
3894460
3895827
3897642
3899780
3900427
3905484
3911804
3912365
3912756
3913297
3914340
3919185
3921920
3922051
3928022
3930492
3933564
3936410
3941130
3941736
3942880
3944753
3944786
3944818
3944972
3946119
3946193
3946301
3948858
3949909
3951682
3952812
3958741
3961718
3962529
3963428
3965301
3965769
3967069
3969015
3970796
3972377
3974644
3974774
3975549
3976228
3976461
3977882
3979477
3981535
3984319
3986351
3987906
3990074
3990628
3991281
3992156
3996574
3998626
4000653
4002833
4004690
4006381
4006618
4009363
4011160
4011325
4016484
4017449
4019964
4025530
4025988
4029404
4032575
4032670
4035846
4036795
4038561
4038596
4042796
4045316
4048662
4049604
4057310
4058598
4059231
4061026
4064436
4064485
4065495
4067387
4072883
4073623
4075086
4075623
4076237
4076461
4077490
4078604
4079475
4079607
4079711
4079750
4082664
4082793
4083248
4085106
4087462
4087866
4088777
4091227
4091632
4093483
4095755
4096899
4103911
4108059
4108930
4110797
4111122
4111783
4115493
4115724
4115781
4117822
4118758
4120716
4120748
4121944
4122073
4122740
4125342
4125779
4129479
4131968
4133993
4136061
4137704
4137811
4141568
4141847
4142227
4142801
4149345
4151405
4151575
4153813
4154870
4154905
4155246
4162877
4165682
4168738
4172426
4173504
4174120
4174816
4177546
4178286
4181105
4181537
4181963
4183688
4184387
4186392
4188394
4189528
4190353
4191057
4195484
4198749
4202067
4206364
4206464
4207181
4208580
4208780
4212377
4214692
4216921
4217406
4219782
4219888
4221551
4222158
4224840
4225007
4226813
4228221
4228624
4229788
4230572
4233511
4237023
4238090
4242438
4243003
4244356
4244478
4249324
4249737
4255897
4256598
4256771
4258070
4259465
4265876
4267670
4270739
4272328
4272985
4273257
4273596
4275280
4276961
4282696
4287242
4289275
4289935
4290807
4298322
4300587
4302897
4303736
4305232
4306688
4309563
4310129
4310540
4311292
4313796
4316032
4321000
4321796
4324511
4327215
4328526
4328806
4330124
4332666
4333591
4333893
4334385
4335815
4336751
4337256
4340410
4340720
4341252
4342190
4342917
4344905
4345014
4348482
4349396
4350046
4351552
4352385
4354566
4355324
4355588
4360418
4361330
4361845
4366294
4366837
4367181
4368436
4369922
4370703
4372832
4373453
4375742
4378285
4380938
4383963
4390049
4390312
4390753
4392486
4396645
4399244
4399615
4400464
4402063
4407198
4408009
4408673
4409830
4410788
4415131
4416076
4417379
4417833
4421247
4424591
4425058
4425241
4426649
4427181
4427781
4428449
4434086
4434831
4440700
4443803
4445731
4447107
4448472
4451442
4452444
4453491
4453979
4454424
4457506
4460253
4461744
4462686
4466922
4469317
4471431
4473678
4474156
4474336
4476831
4478215
4482293
4487164
4488026
4489827
4494421
4494769
4496644
4498606
4498626
4502232
4505879
4509298
4509999
4510038
4510742
4511167
4515048
4515122
4515286
4516161
4517882
4518432
4518447
4519259
4522711
4525503
4526126
4526572
4530888
4534639
4534682
4540480
4542141
4549634
4549684
4551566
4551816
4554538
4560266
4561219
4561304
4562459
4563357
4565275
4566693
4567332
4567466
4569709
4570216
4571055
4572302
4575158
4576137
4576454
4576937
4577382
4580888
4581489
4583137
4583371
4585077
4587897
4588524
4591879
4594208
4594643
4595712
4597937
4598085
4599172
4600260
4603885
4608914
4612897
4615338
4617054
4619510
4619601
4623899
4626590
4626862
4626864
4627764
4628063
4629462
4629873
4632108
4632727
4634483
4636128
4638799
4639917
4652824
4655225
4662658
4666072
4666311
4667986
4668521
4669233
4674664
4674956
4678546
4678637
4683341
4685365
4693333
4696932
4701764
4703736
4704636
4705935
4706532
4706941
4707574
4717963
4719157
4719943
4722064
4732781
4735277
4736293
4736643
4738893
4740649
4741085
4741863
4744775
4747695
4748956
4752452
4754665
4758027
4760641
4762186
4763860
4764208
4765331
4765635
4768415
4769022
4770141
4772353
4773124
4776246
4782030
4783232
4784807
4793814
4796983
4801104
4803691
4804010
4806397
4806752
4808177
4810127
4811753
4815995
4817038
4823060
4823693
4823773
4824189
4828272
4828860
4830221
4833104
4834099
4836564
4838724
4843869
4843990
4846417
4848030
4849821
4850868
4851047
4851187
4854064
4854545
4855108
4855927
4856287
4859397
4860055
4860322
4860372
4865881
4866792
4872290
4874711
4875212
4882242
4882277
4883058
4884868
4884877
4885344
4885918
4886869
4888169
4888196
4889261
4890090
4890785
4891984
4893243
4895370
4895609
4897074
4897214
4898868
4899698
4899882
4901046
4907963
4908225
4910777
4912814
4916172
4916590
4918217
4921075
4921828
4922551
4922555
4922682
4923860
4926913
4927735
4928231
4928697
4929913
4930821
4932910
4934138
4934363
4935564
4935845
4936325
4936860
4937574
4941270
4947422
4953013
4953573
4954779
4956916
4957220
4957982
4958338
4959550
4960332
4962115
4964742
4966749
4967090
4967219
4967921
4968344
4972715
4974854
4976298
4977090
4977678
4978273
4980641
4980822
4982262
4983360
4984416
4984938
4986334
4987057
4988082
4988484
4989304
4991066
4992301
4992394
4995230
5000357
5000607
5002910
5003736
5006430
5008201
5008368
5009262
5009700
5015514
5017047
5019370
5021198
5022150
5022332
5024215
5026505
5029751
5030363
5030543
5032176
5036069
5037807
5039078
5039239
5044075
5045459
5054973
5057765
5058004
5064372
5064697
5065506
5065546
5065879
5071556
5075410
5084156
5084192
5084333
5085604
5087771
5090271
5090845
5092084
5092762
5095247
5097344
5097567
5100311
5103928
5104428
5105178
5105592
5105882
5106442
5108292
5108932
5110790
5111170
5113283
5113404
5113973
5115016
5115138
5125722
5126831
5127963
5129065
5129118
5129199
5131074
5133958
5134850
5137099
5141088
5149855
5153188
5157397
5165449
5171050
5171590
5171884
5173281
5177225
5178685
5178850
5181920
5183465
5183939
5185658
5189453
5192948
5196074
5197572
5198627
5199847
5200007
5201573
5206486
5211748
5212094
5221130
5221195
5221506
5223600
5223672
5225883
5226784
5226895
5229414
5235262
5236332
5236413
5236454
5236867
5240400
5241023
5241265
5241658
5241855
5241907
5242192
5246201
5247208
5248678
5250221
5250276
5250595
5252016
5253357
5257396
5262768
5265379
5266057
5267623
5268545
5269882
5272375
5278101
5278285
5278783
5279011
5280682
5284099
5284458
5287121
5287232
5290007
5292242
5293804
5300833
5303566
5306915
5310047
5313443
5313910
5316532
5321214
5321328
5321951
5322355
5323550
5326063
5326593
5331676
5337761
5339171
5339523
5340746
5341381
5344251
5344860
5345008
5347821
5348162
5349988
5352889
5353032
5353979
5355040
5364556
5366269
5366471
5366493
5367491
5369976
5370938
5371452
5373244
5380727
5384501
5386896
5387923
5388278
5393453
5398009
5402883
5403619
5405904
5405930
5407816
5408248
5409028
5409293
5413718
5413796
5421454
5425446
5426411
5428279
5430408
5430629
5430726
5430902
5432392
5433814
5436563
5436637
5444345
5447419
5449090
5450044
5450111
5450363
5451543
5451755
5451811
5454133
5456141
5462599
5463182
5463287
5465382
5466040
5466762
5466779
5469647
5471892
5474077
5477503
5480926
5483300
5484022
5492861
5493156
5497204
5501494
5501498
5501641
5502117
5503778
5504925
5506388
5508295
5508458
5513949
5514084
5517435
5517657
5520647
5523403
5524407
5525112
5528507
5529075
5529861
5531522
5537517
5537904
5542039
5548042
5549797
5552205
5552352
5552534
5555821
5563008
5566309
5567346
5567537
5576660
5579601
5586073
5586771
5591550
5591717
5592892
5597028
5599802
5601826
5602144
5606316
5609743
5612180
5612330
5614403
5616142
5616850
5618044
5620784
5628249
5629769
5630149
5630738
5635806
5636315
5636762
5638764
5640717
5645480
5647422
5648772
5654669
5659287
5659343
5659541
5661086
5665037
5665968
5666391
5667778
5669170
5670255
5671976
5672661
5673760
5673819
5674710
5675349
5678673
5678824
5679229
5682443
5684796
5687307
5688898
5690629
5692391
5692745
5697650
5698581
5699187
5700121
5700909
5703435
5704777
5704965
5707048
5707139
5707910
5708621
5709022
5709859
5714858
5716498
5717137
5719612
5719801
5723235
5724696
5724827
5729486
5729689
5734066
5735373
5735885
5736903
5738685
5741861
5743095
5744522
5745391
5748217
5748745
5748815
5749183
5749906
5751164
5752330
5755584
5757185
5757269
5757339
5758617
5759580
5759890
5761776
5762108
5764590
5765727
5765831
5768794
5770374
5770922
5771305
5771836
5772649
5773647
5773933
5774251
5777442
5780313
5780508
5787842
5788545
5790588
5791576
5793311
5793884
5795638
5797937
5798372
5799659
5807997
5808925
5809132
5809621
5810001
5810544
5810836
5814825
5815017
5815258
5820431
5820664
5822227
5825443
5825822
5827063
5828352
5831642
5831785
5833352
5833358
5837323
5837619
5839300
5842127
5842346
5846317
5847252
5848907
5850747
5853192
5854108
5855141
5857223
5859381
5860564
5861189
5861391
5862265
5864106
5865784
5868250
5872178
5873105
5874359
5875485
5876546
5879369
5880654
5881980
5883078
5887408
5887696
5887701
5887911
5889389
5889763
5895296
5897557
5900755
5901692
5903131
5903884
5904374
5904536
5904883
5905462
5908218
5910182
5910755
5913478
5915095
5915681
5916992
5918096
5919627
5921331
5923900
5926148
5934751
5935196
5936259
5936376
5936945
5939068
5940874
5941678
5943019
5944600
5946740
5947329
5950335
5951173
5951187
5954660
5955506
5960778
5960964
5965276
5966054
5967255
5974051
5976467
5979115
5981112
5990254
5992639
5993132
5996008
5998069
6001480
6004102
6004557
6005612
6005617
6008181
6015374
6015679
6017679
6018508
6021790
6023313
6023394
6023709
6024573
6025194
6025868
6028610
6030962
6033186
6033302
6040116
6041608
6045917
6046281
6047542
6048602
6048636
6050700
6058531
6058769
6059710
6063194
6063915
6064293
6069022
6073813
6073955
6075559
6076868
6077394
6078324
6078830
6079052
6082969
6083966
6084638
6087803
6090278
6093825
6096211
6097576
6100047
6100251
6102174
6104437
6107224
6109752
6114208
6117070
6117645
6119799
6120647
6121217
6124408
6131505
6132149
6141032
6141430
6141830
6145941
6159995
6160855
6167325
6171985
6173843
6175854
6180242
6180700
6181664
6183514
6184143
6188383
6189061
6192805
6201593
6202286
6203152
6203917
6204573
6205333
6207084
6208358
6208415
6210107
6219708
6220723
6221733
6225890
6227097
6231242
6231534
6240010
6240457
6243346
6244038
6244832
6248940
6250326
6252109
6252175
6252957
6254221
6255468
6255887
6257256
6258111
6258454
6259371
6261005
6262613
6267921
6268543
6269191
6271345
6271512
6272025
6272240
6274210
6274263
6274481
6277421
6278344
6288396
6289361
6289850
6289933
6293484
6294972
6300904
6302740
6304415
6304589
6304754
6308248
6308452
6309963
6314129
6314337
6318352
6321160
6321174
6323362
6325664
6325743
6327167
6328357
6329612
6333978
6336253
6336641
6338625
6339105
6340177
6342488
6343190
6344421
6346688
6347816
6347866
6352922
6353295
6354325
6355915
6356920
6358309
6358565
6360487
6360696
6361227
6361432
6363760
6363944
6363960
6364293
6365934
6366007
6367707
6370484
6371314
6371394
6371493
6371623
6384017
6385864
6388418
6389309
6390953
6391876
6394685
6398455
6401618
6401938
6404888
6408061
6408626
6409204
6415727
6423331
6432692
6439073
6441975
6442135
6442239
6445146
6447026
6447648
6454718
6454900
6458239
6458966
6461239
6462521
6465494
6466351
6469386
6469811
6471721
6472852
6473095
6476728
6478617
6480893
6481945
6486804
6486909
6490511
6491774
6492698
6493538
6494851
6501502
6504834
6506537
6511027
6516197
6519842
6520932
6522986
6526692
6529655
6529718
6529933
6530180
6530602
6536145
6536421
6541924
6543390
6546581
6547470
6550422
6552666
6559358
6559573
6559591
6560931
6561475
6565323
6568051
6569228
6570140
6570593
6571130
6572555
6574044
6575153
6575181
6579201
6579682
6586276
6586599
6586709
6590152
6590586
6591667
6592337
6594024
6594117
6595484
6595776
6598243
6598739
6599222
6600083
6600694
6601596
6601606
6602860
6608488
6609724
6610468
6610680
6611803
6612773
6616440
6618205
6622985
6626104
6626310
6626786
6626830
6628427
6632501
6638312
6642324
6642773
6645898
6647784
6648372
6648397
6653305
6654371
6654800
6657588
6658003
6658901
6659070
6660089
6662601
6663550
6666088
6666249
6667605
6669221
6669507
6669830
6674362
6678427
6680237
6680760
6682709
6684036
6685389
6685830
6689114
6693679
6693971
6695649
6695910
6696286
6696884
6697480
6698479
6698879
6702111
6702482
6706944
6708638
6711111
6718666
6719709
6720856
6725557
6727156
6729100
6730768
6731001
6732111
6732215
6734272
6736131
6744055
6744379
6748191
6749975
6752519
6754080
6754085
6754928
6756532
6757168
6759894
6760062
6761518
6762056
6764594
6766183
6766964
6767407
6767481
6768332
6772091
6772677
6772722
6772930
6773072
6773080
6773197
6776952
6777462
6781118
6782275
6783674
6785086
6788468
6789779
6791812
6791896
6792114
6792682
6792764
6793011
6795104
6796676
6799172
6803460
6806540
6810140
6811794
6812082
6813146
6813925
6815025
6817299
6819532
6819635
6821502
6821926
6822284
6824252
6827971
6829833
6831597
6834082
6842301
6845563
6846830
6848090
6848644
6848678
6848987
6849882
6850113
6850388
6850447
6850613
6851807
6852810
6853087
6854409
6855736
6856648
6858312
6858813
6862680
6866360
6867189
6867582
6868979
6869065
6869858
6872404
6874299
6874370
6877907
6878698
6880353
6883613
6887111
6887618
6890145
6890753
6891567
6892072
6892764
6893149
6893833
6895097
6895140
6895173
6896172
6897707
6899999
6900047
6900714
6903169
6903716
6906728
6907805
6908449
6915851
6915938
6916171
6916598
6918336
6920835
6921736
6932545
6937065
6937600
6937917
6937973
6941070
6945084
6946028
6946452
6946731
6947642
6948225
6948298
6948377
6948433
6948518
6949123
6951517
6956626
6957527
6960750
6964013
6965060
6966024
6966188
6967845
6969761
6970427
6971759
6973044
6977538
6978692
6981113
6981148
6983622
6985092
6986018
6987560
6990500
6992061
6992079
6993805
6998417
7001425
7001874
7002403
7005529
7007183
7011555
7012583
7012773
7014576
7015433
7015654
7019750
7020495
7024284
7028744
7029192
7029862
7031864
7032273
7032681
7032954
7034412
7036180
7036909
7040834
7042270
7045363
7048394
7050133
7050617
7052104
7053021
7058760
7063498
7064492
7067449
7068551
7070833
7071325
7078017
7080044
7081942
7084967
7087140
7090090
7093241
7093676
7094307
7097118
7097747
7100521
7100583
7103996
7105019
7105620
7115778
7117241
7120536
7120872
7121128
7123025
7124448
7129337
7130127
7130747
7131327
7133553
7134217
7134308
7135394
7136500
7138447
7139532
7141304
7143671
7146122
7147320
7147675
7153030
7159837
7159867
7159954
7160772
7161446
7161617
7167947
7168671
7169314
7169728
7173374
7177548
7179238
7179425
7180237
7181374
7183808
7185749
7190773
7192508
7192788
7193078
7198704
7199114
7199627
7200825
7202136
7208347
7208896
7209191
7210036
7212608
7214584
7214674
7215073
7216819
7217091
7218554
7220735
7220995
7222059
7224086
7224807
7225161
7225838
7226369
7228153
7228336
7232925
7233217
7233913
7234584
7239926
7242539
7245754
7247696
7247835
7250211
7253534
7254930
7258791
7259412
7259951
7260561
7260655
7261445
7261556
7263097
7268686
7269027
7269091
7270037
7271069
7273246
7273249
7275033
7278776
7283760
7284401
7284566
7287601
7291045
7292892
7295904
7297130
7298504
7299257
7300261
7304702
7305197
7306701
7307156
7308020
7310636
7311889
7312935
7314552
7314656
7315210
7320873
7323672
7323787
7324426
7327461
7332064
7334239
7335122
7343665
7348187
7352457
7353036
7353830
7357313
7357323
7357715
7359095
7365569
7365869
7367527
7370432
7372574
7373864
7375676
7377154
7381543
7381556
7381758
7382563
7385986
7386248
7387614
7388659
7389653
7392786
7393784
7394757
7401234
7402789
7415063
7415728
7420759
7423411
7426057
7430450
7431969
7433061
7433612
7435381
7435912
7436837
7440719
7440833
7441016
7442313
7443810
7446813
7449791
7454377
7456301
7456749
7463875
7464047
7467019
7467028
7468219
7469867
7472527
7473028
7473636
7476271
7477790
7481273
7482200
7483247
7484467
7485312
7488262
7488384
7489449
7490632
7490842
7490961
7493360
7494699
7497379
7500170
7500199
7502923
7505435
7505482
7505548
7505736
7507525
7509036
7510512
7512508
7512929
7517092
7522763
7524040
7527525
7530666
7531697
7534360
7535467
7535983
7536226
7536500
7537028
7538945
7541210
7543115
7545718
7547476
7550107
7550745
7551081
7553319
7556242
7558546
7561953
7563769
7564827
7565138
7565158
7565398
7570947
7571545
7572628
7573144
7576138
7576543
7579359
7580484
7580983
7582183
7582444
7583058
7586815
7588324
7590206
7591244
7591421
7592572
7594717
7597705
7599094
7602241
7602633
7602754
7605457
7605806
7606520
7607645
7610753
7614254
7618052
7618807
7622764
7626544
7630993
7638236
7640982
7642371
7642747
7643127
7644793
7644861
7648666
7649413
7649777
7650301
7652136
7652736
7658670
7661494
7667004
7667557
7670239
7670858
7672630
7673390
7680696
7680930
7683443
7685064
7686914
7688033
7688451
7692145
7695341
7696993
7697928
7698932
7701909
7701997
7707847
7715781
7717340
7719399
7719498
7719637
7722729
7727196
7727279
7730297
7730436
7731318
7732951
7733032
7733503
7737666
7737881
7739629
7740072
7740835
7749019
7750074
7750343
7750685
7751483
7753794
7755216
7756683
7756689
7757572
7758189
7759792
7761621
7762467
7770357
7771658
7776157
7776214
7780902
7781380
7782195
7782223
7782293
7784441
7785787
7785986
7786718
7788403
7793328
7794362
7794591
7794823
7795715
7799222
7799631
7801100
7803187
7805856
7807520
7810313
7810331
7811356
7812655
7816457
7817338
7819038
7819419
7820750
7821614
7822335
7824536
7826994
7828169
7830207
7833490
7833681
7834518
7842969
7845265
7848501
7849127
7850687
7851951
7853069
7853728
7861540
7863954
7866369
7867624
7869479
7872197
7873164
7875487
7876216
7878754
7880162
7881906
7884837
7885839
7885842
7888092
7891535
7892350
7892369
7892736
7893089
7897124
7897196
7898967
7902539
7904819
7908442
7910750
7911647
7911782
7912084
7914975
7915773
7916394
7918775
7919635
7925131
7925671
7934592
7938112
7941295
7942058
7943581
7944842
7947858
7949903
7953111
7954079
7956010
7957972
7959393
7960611
7961026
7962272
7964063
7964111
7965554
7965572
7967577
7970511
7972231
7972750
7975443
7976586
7977586
7978075
7978654
7979915
7980067
7980317
7980817
7981450
7986794
7990531
7990887
7992041
7992149
7992892
7996599
7999972
8000428
8002706
8007840
8009419
8010607
8011794
8014167
8018427
8020316
8023239
8024511
8025528
8025830
8027459
8031796
8033261
8034713
8036112
8041529
8043747
8046812
8047454
8048768
8051151
8051387
8056049
8057992
8059801
8061795
8063206
8064835
8066057
8068913
8071471
8071830
8073065
8073513
8076094
8076634
8079670
8082829
8083262
8085284
8086270
8086662
8088663
8091610
8093423
8095263
8095968
8096318
8096977
8097445
8099212
8102127
8104368
8105108
8109934
8111365
8111446
8116170
8116212
8117811
8118320
8120769
8123669
8126509
8126626
8129150
8131155
8132788
8135947
8137585
8137798
8137939
8138233
8140541
8141405
8141610
8145093
8145544
8145918
8146465
8148423
8149351
8151790
8153537
8155807
8155880
8156310
8158283
8159511
8159557
8161731
8162956
8165592
8165771
8167349
8168001
8168735
8169544
8173856
8177419
8179519
8181247
8185279
8185412
8188121
8189233
8191256
8192097
8194896
8197963
8200445
8200564
8203571
8204982
8207408
8207541
8208515
8209273
8209552
8210661
8211072
8212826
8213731
8221383
8225866
8226633
8226652
8226671
8227281
8228370
8228840
8229285
8229951
8230375
8233586
8235550
8237092
8238219
8239114
8239280
8239964
8240821
8243081
8244571
8246190
8248106
8248955
8252971
8254350
8255680
8255985
8256172
8257648
8258692
8259438
8259839
8260896
8262860
8263110
8265066
8265301
8277326
8277388
8278775
8279192
8282179
8284580
8287719
8289007
8289793
8291367
8293790
8296641
8298028
8300724
8301271
8302200
8302793
8303404
8304421
8305202
8305448
8309241
8310137
8310404
8313538
8316853
8318016
8318173
8321216
8324112
8324297
8324885
8327395
8329532
8331067
8332464
8335409
8336821
8336997
8340276
8342046
8343166
8345214
8346393
8347799
8350076
8350559
8353128
8353697
8354686
8355419
8356487
8357825
8362350
8363851
8363928
8365279
8371688
8371700
8372640
8373079
8374923
8376070
8377304
8377453
8382745
8383642
8385387
8385501
8387276
8390279
8392923
8400747
8401638
8401733
8403844
8404676
8405930
8409192
8409676
8411350
8422433
8422479
8422740
8424331
8427089
8427926
8429573
8432269
8433222
8433304
8437092
8439071
8440186
8442816
8446489
8446592
8446769
8447313
8449014
8450960
8452178
8455027
8455462
8457781
8460443
8461739
8462892
8470203
8473022
8474064
8474577
8478926
8479123
8480099
8481691
8482625
8482959
8484663
8484874
8486126
8491886
8493817
8496652
8497323
8497766
8498302
8499013
8499529
8499922
8500656
8502177
8502406
8503204
8504361
8505900
8506471
8506934
8510790
8511162
8512062
8512679
8514736
8515347
8516805
8517968
8518419
8521797
8522169
8522430
8525617
8525852
8529530
8531185
8532523
8537936
8539537
8539667
8540673
8542631
8546929
8547521
8549153
8549499
8550883
8551426
8563606
8563678
8564541
8564844
8566426
8568487
8569670
8572193
8578448
8580419
8580791
8583653
8587850
8588416
8589026
8590197
8593095
8595987
8598628
8600381
8600647
8607050
8607754
8608378
8612301
8612355
8619879
8620929
8623298
8623650
8623783
8624688
8625871
8625970
8627681
8627817
8631038
8631248
8632648
8634884
8635517
8638679
8641973
8642193
8642280
8644228
8646620
8648336
8649432
8651635
8656286
8660486
8665353
8669789
8670675
8672476
8673763
8674554
8676479
8676782
8678041
8678191
8678670
8679466
8683040
8685238
8686918
8696258
8697340
8700841
8701930
8706708
8710298
8713150
8714000
8715585
8719285
8719976
8719995
8720050
8720255
8723926
8727840
8729628
8731962
8732967
8733502
8734670
8734675
8738303
8740426
8740847
8742502
8743640
8743937
8747712
8748267
8749726
8750570
8750767
8751734
8758138
8759775
8760919
8764072
8768709
8768996
8769237
8771554
8772027
8775033
8776292
8776750
8779589
8782143
8784346
8785737
8789483
8792645
8794433
8795860
8797585
8799913
8800898
8801740
8802266
8803322
8806301
8810184
8816077
8816953
8817708
8818749
8819486
8821762
8822850
8822871
8823660
8823749
8824558
8829134
8829232
8832486
8833849
8834160
8837367
8839934
8840894
8841937
8842079
8842844
8842999
8845368
8845548
8846717
8847411
8850126
8852817
8857185
8857356
8859923
8860487
8861184
8868419
8868702
8873681
8874100
8874298
8878544
8879724
8880963
8884488
8885172
8886168
8886460
8889254
8890075
8894779
8894808
8894930
8896342
8896412
8899441
8899476
8899648
8899709
8900905
8901222
8902093
8902621
8903386
8903434
8904505
8906170
8906812
8909217
8911177
8911392
8911424
8913105
8914601
8915082
8917096
8920498
8920715
8922143
8924792
8924939
8925689
8925776
8927023
8928329
8928984
8929423
8929611
8930519
8930983
8934286
8935759
8935870
8938961
8941367
8942372
8943220
8944268
8948612
8951759
8953328
8958140
8961824
8962910
8965209
8966505
8969589
8969965
8970559
8971918
8974117
8975779
8975987
8980406
8980593
8981353
8985390
8986147
8991393
8993406
8996946
8997471
8998312
8999223
8999728
9000349
9001377
9001700
9003180
9004591
9005966
9006244
9006936
9011308
9012197
9012508
9016330
9019467
9023275
9023574
9025596
9026902
9034605
9038303
9038664
9040173
9041499
9042716
9043017
9044351
9044375
9045604
9056512
9064019
9065928
9066203
9066873
9067839
9070937
9071551
9072075
9074611
9075807
9080159
9088281
9091284
9093453
9093990
9095073
9097767
9098186
9099340
9100984
9101619
9101847
9104935
9108476
9109792
9112885
9115592
9117527
9118908
9122860
9123253
9128132
9128515
9129022
9130192
9130526
9131099
9132698
9135903
9136959
9136984
9136994
9142152
9143375
9145335
9147183
9148860
9149234
9153491
9155100
9157377
9161667
9161713
9162803
9164388
9165490
9167294
9169579
9169815
9170800
9171748
9172011
9172417
9172868
9173771
9177042
9179206
9187340
9189302
9189803
9190213
9194268
9197078
9198296
9198350
9198443
9199618
9200555
9201204
9201686
9202400
9203125
9205598
9205878
9206784
9206851
9208436
9208472
9209859
9210779
9213947
9221255
9228323
9228573
9229389
9230324
9234141
9235037
9235356
9238780
9240916
9241271
9243934
9246418
9246588
9250181
9252446
9253484
9257273
9262230
9265284
9270502
9271122
9272110
9272719
9273794
9275455
9276691
9276748
9277313
9278114
9279446
9282841
9284180
9285062
9285611
9289711
9290767
9292308
9292598
9293938
9296601
9298771
9298946
9301028
9301293
9302403
9308620
9308982
9310876
9311249
9313180
9314206
9316452
9318676
9320220
9322737
9331302
9335545
9335819
9337112
9339209
9339900
9341209
9341246
9342020
9342722
9345518
9345592
9347776
9348180
9350060
9350195
9351567
9352819
9360251
9360465
9364906
9365584
9370686
9372821
9373923
9375668
9376526
9377203
9378195
9379159
9379986
9380098
9380341
9382233
9382489
9382813
9386163
9391367
9395092
9395638
9396354
9397495
9399130
9399213
9399949
9400431
9403193
9403665
9405303
9405611
9408050
9408311
9411478
9415051
9415371
9415739
9417603
9417716
9419336
9432395
9432644
9433060
9435403
9436200
9436484
9439097
9441899
9443092
9448096
9449053
9449259
9450718
9452182
9457889
9459532
9472530
9475338
9475800
9476292
9481800
9483060
9484823
9492721
9493052
9493815
9499103
9499719
9499752
9499776
9500607
9504262
9504624
9506319
9510721
9511136
9513866
9514231
9516534
9517405
9517888
9517951
9519728
9521088
9521516
9524528
9525489
9525678
9525733
9526279
9526579
9530665
9535647
9541631
9542287
9544055
9544540
9547781
9549855
9552545
9552833
9555246
9556579
9557121
9557230
9559536
9561143
9561884
9564016
9569710
9569807
9572184
9577464
9582424
9582736
9586417
9586846
9590723
9594712
9595369
9596888
9597105
9598562
9598879
9599311
9599751
9607663
9608197
9610351
9611675
9616099
9616269
9618615
9620940
9621967
9622309
9623087
9623958
9624913
9627961
9630523
9636331
9636622
9639025
9639116
9639592
9648975
9650093
9651488
9655623
9660566
9661185
9662481
9666843
9668843
9670158
9672184
9675134
9676266
9679194
9679588
9679600
9680519
9687874
9687940
9688181
9689910
9691673
9692057
9692589
9692787
9692816
9694290
9695349
9696506
9698900
9699567
9705182
9706143
9707529
9715195
9715530
9717680
9718682
9720109
9721480
9722067
9722170
9724266
9724500
9724505
9732713
9734647
9736738
9738821
9741453
9742543
9744075
9744402
9745892
9747658
9749819
9750607
9751285
9758168
9760080
9760733
9764108
9764634
9765992
9767746
9774282
9775083
9776105
9778655
9781092
9782710
9786549
9787333
9789162
9790593
9791155
9791431
9792707
9793338
9794682
9796022
9796196
9800160
9800330
9800740
9801266
9803278
9806593
9806677
9809173
9811278
9814243
9814864
9818539
9818780
9819740
9821230
9823410
9823778
9824912
9828255
9828393
9831572
9832327
9833632
9834351
9835355
9836056
9838785
9842081
9843429
9846914
9854690
9857094
9857136
9859266
9860330
9861505
9861509
9864598
9864995
9871143
9876072
9881647
9884164
9887462
9888833
9889875
9890893
9891054
9893616
9896863
9900343
9902475
9903538
9903935
9904281
9906025
9910028
9911050
9913195
9913361
9916195
9917794
9918215
9919043
9919994
9920982
9923700
9924671
9928777
9931181
9933708
9935990
9936150
9940744
9945278
9950070
9950345
9950961
9952135
9953185
9953401
9955202
9956421
9959499
9960263
9960631
9962598
9963972
9964097
9967784
9968992
9969068
9969143
9969676
9969714
9970728
9975929
9976833
9977103
9979376
9981166
9981548
9984036
9984120
9986421
9987481
9989015
9989057
9989351
9992694
9992997
9993722
9994924
9995408
9998273
10000781
10001499
10003853
10005086
10007108
10007236
10008431
10008640
10009210
10010061
10012050
10014900
10021757
10022398
10023135
10031292
10031648
10033157
10034692
10035810
10037628
10037990
10038696
10039145
10040765
10040783
10045064
10045803
10049133
10049803
10050591
10051869
10052555
10054139
10055068
10055401
10057547
10059623
10061759
10063033
10063573
10066827
10067367
10067681
10070439
10072324
10073362
10073761
10077556
10079517
10083083
10086062
10089298
10089529
10090116
10092459
10094688
10096930
10097156
10097390
10097830
10098525
10098771
10100494
10100775
10100978
10103663
10105793
10106357
10112605
10116449
10118997
10121497
10123308
10126519
10128479
10128689
10129285
10131589
10135941
10140548
10143783
10144936
10147646
10148437
10149323
10151511
10153825
10154902
10160079
10160527
10166270
10169051
10173679
10175902
10177599
10178519
10180126
10180836
10183768
10191909
10192243
10193680
10197062
10197994
10200900
10201626
10205837
10207932
10208873
10209384
10211968
10213134
10215161
10218389
10223592
10224135
10227668
10230037
10230287
10231140
10232080
10232265
10234037
10234388
10236176
10245223
10252319
10253482
10255290
10255335
10256172
10256585
10257591
10259462
10266213
10266385
10267100
10267786
10268145
10268999
10269761
10271710
10271717
10276101
10278585
10279185
10280863
10281248
10281457
10282624
10289311
10290996
10291457
10293578
10294030
10294281
10294865
10300792
10301601
10306140
10306809
10308408
10309046
10309053
10309297
10309445
10310147
10310986
10313401
10314281
10314422
10316975
10317243
10319972
10325009
10325282
10325337
10332615
10336912
10338189
10338707
10339187
10347917
10348694
10349952
10352364
10352564
10358082
10361781
10362842
10364581
10365447
10365659
10373106
10373357
10375590
10378257
10379314
10384688
10385716
10386835
10388115
10394227
10396243
10397550
10400227
10400280
10401439
10405258
10407808
10412972
10413826
10415856
10416014
10416665
10416730
10417510
10419276
10419327
10420386
10420991
10421874
10421914
10423071
10424827
10427802
10429172
10430412
10431393
10434029
10435536
10438509
10441950
10442485
10444209
10445432
10449621
10449993
10450826
10452887
10458189
10458651
10459972
10460187
10460737
10462189
10465700
10466544
10466769
10468979
10469804
10469831
10470547
10470860
10471119
10473788
10476630
10477760
10478069
10479885
10481713
10483199
10487546
10487703
10490037
10492837
10494303
10495725
10496329
10497219
10500194
10502969
10504040
10504569
10505393
10505400
10505416
10506319
10506588
10508075
10508716
10512235
10513862
10519103
10522273
10522429
10524684
10527142
10527187
10529340
10529943
10534476
10535455
10535631
10537503
10537636
10538601
10542635
10543024
10545313
10546211
10546278
10550232
10551324
10551529
10552813
10553925
10555928
10556398
10563888
10565057
10565172
10565536
10568465
10570158
10570755
10574723
10575973
10577095
10580555
10580556
10580618
10582563
10583185
10584017
10585410
10587375
10589012
10590162
10590419
10592893
10592954
10594303
10602460
10604256
10605147
10606911
10609354
10614713
10614866
10614933
10615568
10616967
10618032
10618365
10619327
10619498
10619639
10620123
10620334
10620397
10621084
10622097
10622361
10623133
10626197
10627566
10627681
10627686
10629493
10629885
10629950
10630599
10631522
10632752
10633882
10636167
10637279
10637773
10638368
10639287
10642092
10642647
10643629
10645717
10646164
10646908
10652523
10655059
10656563
10657782
10659228
10663625
10663806
10663963
10665568
10670673
10672089
10673480
10675261
10677786
10678022
10678237
10681275
10681571
10683138
10684944
10685957
10686700
10687135
10687321
10688997
10694949
10695904
10697058
10697384
10697884
10698232
10699766
10708539
10710112
10714137
10715295
10716918
10718780
10718931
10719467
10720443
10721405
10721659
10722157
10722532
10724734
10727669
10729316
10732233
10732465
10734192
10735783
10735888
10737085
10738056
10739424
10739800
10741046
10744031
10746487
10752786
10754190
10755228
10757650
10758699
10760898
10761194
10762388
10763862
10766652
10768411
10770062
10772506
10772553
10772876
10772928
10773498
10773694
10775686
10779285
10780221
10782050
10782521
10783510
10786819
10790156
10790284
10791982
10792684
10793356
10794725
10797657
10801317
10801811
10801978
10803097
10803384
10806076
10807797
10808345
10808722
10811914
10820054
10823201
10824486
10829567
10829929
10830827
10833579
10834952
10837267
10838529
10840870
10849079
10849618
10850433
10852220
10856237
10856344
10856955
10857920
10858276
10860654
10861005
10867023
10867111
10870288
10871645
10875845
10879264
10882627
10883272
10884571
10886449
10886659
10887336
10888166
10892865
10896692
10898469
10902047
10905163
10905191
10905519
10911576
10912920
10917571
10918988
10923170
10924129
10927504
10928464
10932313
10933288
10937112
10942024
10943498
10944521
10948902
10949595
10953088
10953425
10954249
10955380
10955865
10957046
10958175
10961226
10963676
10964419
10964489
10965188
10966841
10966906
10969207
10970560
10973853
10974633
10977301
10977316
10978361
10978645
10978661
10979656
10979852
10980006
10980163
10981679
10982081
10983072
10986992
10988092
10989067
10989760
10990565
10991798
10992180
10993079
10994422
10994672
10997139
10998167
11003510
11008156
11010847
11011644
11011778
11013084
11017213
11019290
11023602
11025912
11026547
11027504
11028529
11029057
11030201
11030419
11032285
11033550
11035125
11035601
11035885
11039455
11039957
11040275
11040495
11040967
11041073
11042370
11044651
11049562
11053638
11055001
11055389
11059231
11060069
11061753
11063190
11066456
11067930
11071117
11074745
11074822
11075029
11075785
11075953
11076720
11077433
11077822
11078322
11078781
11080023
11082207
11084700
11086002
11089063
11090943
11091275
11095650
11097515
11098008
11098928
11101040
11101315
11108099
11113646
11117317
11118322
11118413
11120097
11120883
11125000
11126291
11127369
11130201
11131360
11132200
11132516
11132545
11137769
11138437
11141547
11142381
11148284
11148927
11151058
11154870
11156192
11156942
11157900
11158057
11169100
11171151
11178730
11179131
11179456
11182416
11183295
11185642
11187546
11188464
11188527
11188932
11189660
11191178
11193823
11198763
11199313
11201273
11203668
11204345
11205797
11209142
11209323
11213022
11214033
11214576
11227292
11227758
11229442
11232208
11235453
11236841
11240222
11240908
11244807
11246915
11248130
11252165
11256347
11256449
11256541
11258746
11258875
11261259
11261620
11264972
11267058
11267740
11268251
11274524
11275443
11275568
11276207
11276430
11279962
11280393
11282117
11282309
11284963
11286141
11286915
11287700
11289970
11290147
11292184
11294699
11295515
11297903
11298078
11306194
11306962
11309026
11309557
11311938
11315403
11321133
11322470
11324371
11325164
11333770
11333854
11338456
11340291
11342225
11344112
11345362
11347269
11348166
11348735
11354358
11355064
11360674
11361549
11364089
11366074
11366370
11367188
11367680
11367798
11368883
11370492
11371895
11374741
11374861
11381870
11389766
11389956
11390939
11396179
11397211
11402128
11404348
11405803
11406391
11409025
11409337
11409672
11412476
11412966
11413241
11415530
11417601
11418143
11419620
11422127
11424692
11424754
11427638
11429175
11429680
11429805
11432211
11432896
11439016
11439189
11439584
11439843
11444248
11447139
11448413
11450038
11454461
11455312
11455876
11457843
11459187
11461367
11465173
11465720
11466457
11466896
11467475
11472890
11476129
11476888
11482799
11484344
11486476
11486676
11487337
11490641
11491949
11496631
11497317
11500167
11500269
11505765
11505869
11506648
11511356
11512316
11512444
11514825
11515352
11515356
11515414
11517485
11520513
11520983
11526252
11526496
11526849
11530087
11534171
11534594
11535639
11538371
11538775
11540090
11541066
11545359
11546640
11547623
11548536
11550106
11556016
11559388
11559454
11559455
11560301
11560510
11562876
11564434
11567968
11574644
11575425
11579993
11580478
11581203
11582596
11589083
11590747
11590810
11591073
11592292
11592419
11592851
11599533
11599582
11599632
11600343
11602023
11602509
11604979
11607022
11609377
11610815
11612431
11613832
11617819
11618309
11618748
11619580
11620370
11623865
11624371
11624789
11625930
11626471
11630441
11633033
11636925
11637202
11639477
11639694
11640842
11643113
11644016
11648042
11649157
11650240
11650244
11650320
11650626
11655667
11657010
11657556
11658200
11665862
11666710
11668366
11670102
11675546
11678282
11678656
11678966
11680150
11680819
11681543
11681871
11685366
11686723
11688244
11692703
11692826
11694765
11696570
11696755
11700581
11706090
11706101
11706916
11707544
11707973
11711683
11712489
11713886
11715333
11716927
11720747
11721190
11721990
11723815
11727879
11728515
11730798
11734290
11741813
11742979
11743387
11743629
11749632
11750066
11758143
11758727
11759480
11761162
11762449
11762953
11765726
11767789
11768839
11770110
11770194
11770346
11770933
11771225
11771555
11775003
11777767
11778103
11778744
11780620
11782069
11785069
11785503
11786736
11787515
11789047
11792616
11792794
11794447
11799991
11807314
11808230
11812287
11812337
11814529
11815276
11817728
11818402
11819302
11819777
11825718
11827917
11834483
11837661
11838797
11838830
11839204
11839748
11842561
11845342
11845919
11846100
11846764
11847735
11849420
11849969
11851811
11853031
11853090
11853520
11858864
11860507
11864188
11870492
11874117
11874300
11874682
11874918
11876650
11876685
11876753
11878229
11880644
11880727
11884031
11885087
11890258
11892183
11893644
11894201
11894351
11900398
11904414
11906453
11907822
11908225
11909471
11915038
11915865
11918768
11921032
11921621
11922125
11922730
11923700
11924916
11925608
11927653
11930094
11930525
11930835
11932135
11932190
11932695
11936433
11937096
11937978
11939281
11945387
11945971
11947542
11952110
11952482
11954651
11955767
11961571
11964353
11966218
11967875
11968773
11971728
11973565
11976048
11977476
11979502
11980327
11982114
11983420
11983974
11989077
11990314
11991410
11991488
11993716
11996387
11997989
11998048
12000647
12001450
12005473
12005835
12006336
12008388
12009147
12009291
12009593
12014465
12023418
12026057
12026757
12029358
12029886
12034785
12035400
12035664
12036466
12036689
12038332
12040771
12042091
12042588
12043019
12044185
12044281
12044711
12047484
12048776
12053919
12054162
12057231
12059326
12061932
12063629
12064301
12065592
12072148
12072392
12074485
12074879
12075781
12077002
12082454
12082604
12086447
12087722
12087979
12088415
12088738
12093327
12093992
12094665
12095817
12096363
12101029
12101140
12105110
12106893
12115338
12117785
12118967
12122959
12123986
12124776
12126411
12126673
12130297
12131069
12131337
12133422
12142850
12142923
12145685
12146209
12148624
12149974
12150072
12150930
12157606
12159077
12159108
12160215
12169049
12171215
12171609
12172843
12173031
12184452
12186303
12187236
12190350
12190607
12193406
12193433
12194740
12194744
12197120
12197973
12201604
12209709
12210203
12210375
12211383
12212399
12214613
12216258
12216755
12216930
12217570
12218449
12219770
12220429
12223401
12225415
12227572
12227673
12228493
12230315
12237583
12240617
12243303
12248038
12248976
12249923
12251580
12252446
12254070
12254221
12254226
12254530
12268482
12269366
12269501
12270370
12274304
12276123
12276870
12280295
12281055
12281993
12284236
12284839
12285817
12289082
12289271
12291812
12296167
12297617
12298949
12300274
12300878
12302188
12304776
12305045
12309387
12312638
12312685
12315722
12315866
12319802
12328567
12328600
12328883
12337107
12337593
12341885
12345212
12346002
12348807
12351319
12352313
12353421
12356990
12357708
12359575
12361980
12362195
12366504
12367875
12370126
12372303
12372760
12376880
12378467
12379558
12381912
12382299
12382413
12386984
12388118
12388509
12389658
12392421
12396863
12396991
12397497
12397764
12398054
12399956
12400708
12403939
12405539
12411103
12412799
12415241
12418156
12421399
12425056
12427247
12427876
12428523
12433305
12433338
12433344
12436292
12439704
12443337
12443632
12446779
12448040
12450664
12450955
12452151
12452553
12453615
12454278
12454623
12455474
12457021
12458366
12463290
12465526
12466498
12470386
12472489
12474137
12474162
12474500
12476179
12476463
12478204
12478940
12480568
12482792
12484051
12484437
12485256
12485403
12485832
12488900
12489041
12489877
12490403
12490734
12494131
12496041
12497418
12497862
12498854
12499028
12499160
12503266
12503323
12504666
12511268
12512181
12513933
12518381
12521345
12522014
12524778
12529078
12531414
12540427
12542338
12542792
12544077
12545491
12545587
12549036
12549339
12549865
12551617
12556203
12556226
12561186
12566115
12568110
12568528
12568915
12571157
12576766
12579994
12584123
12584651
12585904
12587082
12588152
12588444
12588773
12590032
12590982
12591699
12592776
12593984
12595282
12601031
12602748
12606230
12609378
12610197
12610757
12610984
12611591
12614522
12615466
12616000
12616647
12617982
12619234
12619236
12624762
12624902
12625049
12626530
12629196
12630139
12630690
12631226
12635606
12635690
12636951
12637277
12637510
12638132
12639617
12641108
12646590
12647046
12647823
12650010
12655486
12657864
12658080
12658220
12658225
12659053
12664453
12666723
12666930
12667531
12668079
12673445
12677572
12680331
12681601
12684373
12685438
12689321
12698743
12700644
12701273
12703689
12709598
12710050
12714120
12714651
12721561
12725288
12734762
12739559
12741593
12743368
12744205
12745396
12747103
12747274
12753186
12754953
12756594
12758686
12760762
12761562
12765830
12767421
12770139
12773932
12777235
12777707
12778098
12780456
12785791
12786833
12788488
12788683
12789856
12791176
12798210
12798649
12799063
12799177
12799475
12799685
12801542
12801763
12803475
12803556
12803598
12804302
12809261
12809263
12810921
12816912
12818618
12821070
12821907
12822321
12822713
12826078
12826207
12828212
12828308
12829083
12830042
12830286
12831681
12833281
12834443
12835214
12835259
12836086
12840071
12841806
12844018
12844648
12849268
12850419
12851044
12852496
12853088
12854806
12855227
12855855
12855911
12858030
12863090
12863868
12865974
12867107
12869188
12870014
12870231
12875328
12875332
12876892
12879039
12880759
12881685
12882230
12882359
12882686
12885016
12885030
12888134
12889380
12890385
12891439
12891646
12899138
12902942
12903509
12904177
12904315
12905578
12906119
12908275
12908688
12909751
12911914
12913306
12914979
12915529
12916178
12916788
12920036
12922869
12923059
12927194
12932979
12937722
12943784
12950342
12952796
12953540
12954215
12954730
12955254
12956781
12960130
12964099
12964168
12964724
12969110
12970829
12973447
12974412
12974643
12974839
12975590
12977129
12978808
12980857
12982415
12988436
12989776
12991682
12992728
12993356
12997148
12998475
13001782
13005777
13005778
13006443
13009104
13010163
13010621
13011537
13012929
13015523
13017862
13019234
13021553
13022982
13023722
13029177
13029681
13031056
13031622
13032842
13034403
13038036
13038825
13038908
13039460
13043517
13044268
13044580
13044683
13046260
13047486
13052420
13057067
13057780
13059753
13060171
13060586
13061047
13062708
13065909
13073248
13076346
13078176
13080769
13081092
13082826
13084001
13084305
13085304
13091916
13092953
13094368
13099800
13100737
13101188
13102941
13103635
13103809
13104304
13104768
13111587
13113831
13117202
13117556
13118604
13121362
13122258
13123393
13126181
13126696
13129316
13132987
13135069
13136848
13138692
13138755
13139128
13140178
13140458
13141342
13142438
13142827
13143653
13147602
13151790
13153391
13153581
13158073
13158596
13166962
13168176
13172963
13176626
13181696
13182112
13185774
13190057
13190343
13191195
13194241
13194652
13196567
13197356
13197817
13199773
13200954
13203506
13205268
13209207
13210166
13214710
13214882
13216556
13217801
13218073
13219234
13228240
13230472
13235848
13241595
13242759
13243368
13245250
13250580
13251841
13254975
13257337
13262900
13265347
13266342
13267657
13272600
13274464
13276026
13278315
13278381
13280931
13281480
13284598
13284994
13291092
13291871
13293050
13294074
13294518
13296509
13297421
13297895
13304444
13307576
13310847
13312421
13314891
13315710
13317026
13318673
13319108
13319158
13319301
13320539
13320988
13321996
13322167
13324416
13330502
13333310
13333336
13334969
13335641
13338443
13341728
13346373
13348005
13350063
13351867
13352843
13352935
13355433
13358961
13361422
13363996
13364732
13364754
13365361
13365514
13369437
13369645
13374555
13374871
13378736
13379599
13384032
13386613
13386732
13390173
13390186
13391062
13393160
13394784
13399146
13400082
13401213
13402617
13404489
13404712
13404850
13405661
13406184
13409168
13410092
13410560
13412166
13416326
13418467
13419072
13420739
13420925
13422909
13424322
13424851
13437696
13440209
13443614
13444809
13448054
13449966
13450299
13451182
13453279
13453280
13454494
13455099
13455547
13455652
13458333
13458378
13459842
13461989
13462856
13465309
13467891
13470847
13471548
13472752
13474070
13475311
13478039
13479231
13481559
13483199
13485184
13485364
13486566
13486696
13490642
13490691
13492600
13496335
13496667
13499218
13500376
13500714
13501018
13501987
13502805
13504991
13506425
13509902
13511794
13516245
13518419
13518836
13519026
13519615
13522483
13523464
13524300
13525886
13530357
13533051
13535633
13537175
13538206
13539221
13539834
13541323
13541785
13542126
13542903
13549038
13549227
13549814
13551594
13553032
13553179
13553275
13554076
13556269
13556628
13558277
13558314
13560026
13560555
13560626
13565728
13567978
13569348
13576510
13577108
13582241
13586971
13588458
13597796
13598604
13598802
13600386
13601331
13602227
13602911
13605665
13605999
13606205
13606832
13609367
13609559
13610707
13611202
13614484
13614855
13615688
13617619
13619395
13621639
13622298
13624267
13625513
13625819
13626286
13629289
13629533
13630901
13631307
13631751
13634903
13636352
13640548
13640705
13640981
13642918
13643533
13647956
13647963
13650573
13653016
13654638
13659330
13660530
13670823
13671615
13672562
13672991
13673807
13674332
13676651
13676861
13676910
13679184
13680512
13682663
13682948
13684305
13685150
13686582
13686830
13689154
13691584
13698895
13700151
13700263
13700704
13701918
13702990
13708757
13709160
13710762
13713158
13713792
13713831
13713873
13714918
13715347
13719464
13719677
13721724
13723074
13723130
13723353
13725163
13727607
13731955
13734250
13735999
13736237
13736869
13740617
13743310
13747300
13748517
13751712
13751862
13753557
13753889
13755098
13757928
13758890
13761343
13762481
13764188
13764664
13765859
13766582
13769265
13771821
13771902
13773953
13774253
13775141
13776929
13781563
13782980
13783557
13785622
13787412
13787841
13789848
13790139
13794323
13794816
13796510
13796610
13797802
13799343
13799405
13800485
13800715
13803144
13803960
13804910
13805088
13809274
13809733
13809962
13814076
13817886
13819458
13819938
13823351
13828799
13829537
13832450
13836491
13837093
13837813
13842986
13844446
13846209
13850096
13850349
13850358
13850707
13855058
13856604
13856643
13857667
13858401
13863860
13867974
13870684
13871784
13873737
13874094
13881915
13884211
13884213
13884660
13884878
13891962
13893636
13896485
13901549
13908135
13910426
13910972
13915319
13917605
13919110
13919338
13922192
13922384
13925138
13926159
13928262
13929555
13929602
13932837
13934098
13934631
13936304
13943706
13946845
13946856
13948273
13949183
13953481
13957502
13959410
13961015
13961219
13963607
13964478
13966446
13968220
13971015
13974729
13974913
13977220
13979626
13981136
13983862
13984427
13985469
13986326
13986597
13988216
13988390
13988907
13989112
13991615
13995089
13996967
13998913
14001282
14001631
14002123
14003894
14006422
14015710
14018298
14022406
14022439
14023425
14023894
14024099
14026187
14028170
14034634
14035649
14035884
14037485
14038314
14039371
14039540
14041577
14042622
14044877
14049569
14056794
14058337
14060576
14061217
14061288
14064424
14066391
14069051
14072269
14072865
14072895
14074553
14074787
14076008
14076751
14078847
14084813
14089798
14090223
14090804
14091640
14093557
14093601
14094038
14094395
14100310
14101279
14102820
14107558
14107853
14108712
14110063
14111237
14112627
14116320
14116379
14120398
14121447
14128558
14128686
14130608
14132257
14135365
14135996
14138936
14142079
14143790
14151694
14152189
14152340
14153787
14157548
14159732
14160239
14165210
14165490
14165539
14165781
14168055
14170097
14171513
14173587
14173620
14175429
14175452
14178247
14178308
14178497
14186201
14187275
14191487
14192764
14193108
14195063
14195501
14200637
14200960
14205648
14205932
14209794
14210350
14211954
14212694
14214559
14217381
14218282
14220679
14225815
14227416
14232410
14233869
14237538
14239725
14240777
14244938
14246690
14251270
14252671
14253829
14254055
14254372
14257469
14258157
14258289
14259789
14261705
14263532
14265034
14265350
14267210
14269106
14271548
14274299
14276888
14277377
14279168
14279176
14280506
14281117
14282986
14284124
14288006
14289852
14290806
14292057
14292101
14292140
14293676
14294474
14297074
14297195
14298995
14299930
14301665
14302349
14306853
14311486
14311994
14313387
14316051
14318928
14321629
14323254
14324073
14324994
14325325
14325939
14328989
14329045
14330094
14331993
14333290
14333705
14335651
14340026
14340831
14343373
14343550
14343552
14344998
14346628
14348163
14349582
14350427
14350650
14352575
14353262
14357642
14359916
14362082
14365432
14368889
14369154
14369477
14369794
14371159
14373145
14376966
14379745
14384039
14384132
14385901
14386575
14392848
14392855
14397649
14403587
14410980
14412871
14419991
14422684
14423446
14426585
14427283
14427890
14428460
14429484
14430438
14431907
14434103
14434267
14437750
14442737
14443849
14444356
14446688
14446720
14447866
14449966
14451453
14451573
14454370
14458989
14460213
14460496
14462896
14463154
14464433
14467049
14468000
14470742
14471905
14472475
14475725
14475890
14476066
14483410
14485868
14487429
14488275
14488539
14489935
14491127
14492045
14494251
14503843
14504038
14504765
14505228
14505446
14508124
14513130
14513914
14516403
14516742
14518217
14519431
14519915
14520510
14525977
14526438
14526518
14527956
14529238
14534746
14538195
14539036
14540419
14540590
14542305
14543804
14546186
14549228
14549752
14552195
14553775
14556452
14560648
14560900
14561214
14561596
14562949
14563891
14563913
14566812
14569285
14569788
14572851
14574968
14579768
14580948
14584265
14584473
14586523
14586794
14587041
14587572
14587921
14589445
14591198
14591634
14594667
14594762
14594766
14604807
14605472
14607657
14613543
14614266
14615878
14616741
14619775
14620665
14621054
14622695
14622968
14623991
14624753
14626959
14627547
14632368
14632561
14633009
14636082
14636901
14637951
14638182
14638684
14642317
14644792
14646725
14647500
14650571
14650969
14651952
14655577
14658873
14661682
14662234
14666481
14669480
14670058
14670736
14671498
14674305
14675425
14676133
14678327
14684943
14685901
14686431
14687608
14691903
14693659
14693856
14695433
14695478
14697902
14699930
14705485
14707560
14707706
14708814
14718468
14722912
14723428
14724602
14726443
14728181
14732805
14736188
14736936
14740276
14740426
14740818
14742903
14743565
14745960
14748313
14753256
14760183
14762300
14762333
14767522
14767534
14774090
14776918
14777197
14779000
14782036
14783271
14783367
14788165
14792900
14794494
14794560
14798686
14801650
14804917
14806702
14808028
14808928
14810879
14817340
14818191
14818618
14819908
14821946
14828686
14831110
14834160
14834742
14834996
14835127
14837350
14837391
14837794
14839079
14841811
14845843
14847545
14848919
14849110
14850141
14850279
14851905
14853470
14855088
14856629
14858911
14860487
14861755
14863008
14864066
14871102
14872800
14876715
14878622
14883755
14884045
14884159
14886114
14888479
14889990
14890473
14891294
14891295
14893492
14894709
14900335
14900419
14902055
14902375
14903802
14907309
14907583
14911055
14911257
14911786
14914628
14919140
14919415
14921860
14922487
14924612
14925955
14928597
14935101
14935160
14937160
14937644
14940038
14940274
14943170
14943350
14944092
14951090
14957242
14960415
14960624
14962501
14963568
14966926
14969279
14969662
14970723
14972717
14973762
14974857
14974964
14976728
14977311
14980135
14983897
14985108
14987161
14988106
14991087
14992731
14992771
14998070
15001655
15003573
15003641
15004787
15005880
15007204
15010013
15010710
15011186
15011233
15011353
15011434
15014798
15014894
15014958
15016115
15016283
15016929
15017262
15022696
15023494
15023728
15025216
15025503
15026683
15029895
15032497
15034305
15034545
15035606
15038456
15039626
15044538
15047570
15052335
15053538
15054850
15058087
15059949
15061051
15061462
15064273
15070486
15071110
15071184
15074237
15074700
15076438
15079440
15082011
15085497
15087032
15088903
15090385
15092007
15092622
15097549
15100614
15101239
15102092
15105991
15107560
15108397
15110696
15111034
15111904
15113182
15119275
15119354
15122655
15125493
15127257
15127404
15127740
15129889
15131766
15135488
15137549
15137792
15138263
15140959
15141227
15141903
15144105
15146265
15146544
15152344
15155083
15155090
15155231
15158312
15158549
15159305
15166182
15167585
15167896
15169656
15175198
15175618
15177187
15179715
15180390
15182176
15182530
15186410
15187757
15188102
15189713
15192016
15192347
15193496
15196272
15196635
15196798
15197148
15198031
15198202
15198929
15201093
15202243
15204718
15206595
15207040
15208592
15208657
15209790
15212142
15213773
15214938
15216347
15218690
15219953
15223776
15225833
15225877
15226207
15229348
15229717
15230163
15230268
15234546
15236246
15239690
15239998
15245551
15245555
15246010
15246890
15253432
15254674
15256939
15263219
15264095
15269135
15272078
15272117
15273150
15274843
15277250
15278124
15279110
15279625
15281120
15282414
15290786
15291830
15296174
15297106
15299897
15300671
15301961
15302348
15304146
15305820
15305831
15308626
15310285
15311758
15313570
15314408
15314558
15314764
15315938
15318993
15320243
15322991
15328722
15334614
15334987
15335794
15338439
15338704
15354064
15357972
15361169
15361349
15363422
15363725
15366623
15371022
15376241
15377679
15385495
15385614
15385903
15388233
15393661
15395655
15399554
15400275
15406452
15406853
15408789
15409117
15409747
15412682
15412847
15413433
15419820
15420925
15424311
15424518
15426875
15430379
15432217
15433711
15435708
15437710
15441487
15446180
15446954
15450402
15451027
15451935
15453525
15454444
15454829
15457917
15460165
15460709
15463081
15465339
15470369
15472646
15474420
15476382
15481328
15483006
15485439
15486155
15488474
15489918
15492132
15493795
15496377
15498304
15498630
15508571
15508777
15512239
15514268
15515292
15517281
15518128
15518479
15522567
15523533
15526071
15526524
15531729
15533774
15533889
15534402
15536612
15536883
15538520
15546466
15548889
15549062
15551441
15552911
15553065
15554231
15554838
15555396
15562172
15563258
15571521
15571541
15572397
15573910
15579019
15579782
15580391
15580669
15583602
15584549
15587923
15589435
15592514
15595038
15595171
15597031
15598151
15598259
15602270
15606221
15609146
15610857
15611281
15611775
15618486
15621846
15622160
15624895
15626867
15628994
15630368
15630882
15633664
15635935
15636794
15637763
15640896
15643198
15643867
15644146
15645129
15645256
15652678
15653734
15654047
15655769
15657256
15658495
15661330
15662739
15664023
15665392
15665801
15669886
15671313
15671992
15673332
15675780
15676892
15676949
15677211
15679009
15680863
15703173
15708524
15709500
15710146
15710431
15710677
15718625
15719208
15721016
15721679
15725376
15725603
15728497
15729265
15729748
15733011
15735224
15738305
15740695
15742294
15748564
15749861
15751053
15751956
15755050
15757868
15758657
15759852
15760744
15763228
15763589
15767037
15767524
15769074
15771599
15771937
15773683
15774198
15774611
15775921
15776673
15777643
15779924
15783233
15787160
15787508
15787642
15788224
15788874
15794741
15795504
15795966
15796816
15797279
15798445
15798629
15799775
15799972
15800404
15802128
15803039
15817998
15820442
15821177
15821309
15821324
15824665
15825595
15825739
15830125
15831476
15833902
15834055
15836286
15843129
15844520
15846443
15850921
15854356
15857309
15859002
15859290
15864333
15865151
15867495
15868075
15868088
15868181
15871913
15872647
15873989
15874114
15875223
15879997
15882629
15882652
15883541
15885945
15886327
15887156
15889880
15890378
15893435
15895015
15895152
15895171
15898196
15898970
15900144
15903628
15903959
15904410
15909575
15910415
15911458
15912988
15916493
15917995
15920008
15922690
15924277
15927499
15929712
15931971
15935555
15935630
15944344
15944471
15945132
15950584
15951499
15954634
15958082
15960004
15960447
15965245
15967536
15974798
15976851
15979153
15980140
15981162
15982844
15988008
15989526
15990406
15991999
15993279
15993816
15995098
15997108
15997128
15997831
16000642
16005533
16007873
16011806
16012430
16015031
16015149
16017720
16018686
16019131
16020531
16021621
16023307
16024070
16025048
16031167
16032931
16034467
16038006
16039646
16040515
16041466
16042045
16043957
16045106
16045264
16045635
16048362
16050307
16052164
16052305
16053832
16054380
16055640
16055976
16061960
16063718
16067384
16068029
16068630
16077974
16081652
16082098
16082243
16083580
16083697
16085127
16087727
16088531
16088851
16091986
16095515
16096380
16099633
16100603
16100900
16101558
16103798
16105897
16107910
16108936
16111256
16111668
16111940
16112601
16114825
16115022
16115310
16120760
16120851
16120946
16122195
16125769
16126095
16126851
16128538
16129502
16132472
16133207
16136519
16136616
16137132
16140284
16144502
16144923
16145394
16150840
16151825
16153186
16156847
16157582
16160440
16160488
16161718
16162374
16164454
16165468
16167167
16167687
16167890
16169490
16170844
16172645
16173898
16177774
16178783
16179175
16182531
16193507
16195057
16195247
16201199
16205803
16207022
16209657
16210619
16212147
16214161
16216135
16217171
16223455
16227135
16228466
16228501
16228521
16232067
16234632
16234793
16235151
16237761
16238194
16238311
16240439
16242537
16246212
16246536
16247428
16249938
16250555
16253008
16253114
16254558
16254673
16256074
16260510
16261614
16261813
16262787
16263211
16267151
16267666
16268322
16269304
16270385
16273136
16277093
16282593
16285046
16285377
16286438
16286509
16286805
16287708
16288562
16293248
16294046
16296086
16298717
16299020
16300500
16303210
16305222
16308972
16309817
16311965
16312561
16313377
16314133
16314380
16317559
16319154
16322392
16322849
16323332
16324858
16325415
16325544
16327751
16329462
16331475
16333595
16334127
16338273
16339525
16340765
16347358
16348085
16348969
16349456
16349975
16350849
16350976
16355093
16355845
16356243
16357352
16364592
16364694
16370207
16372361
16373475
16373851
16373969
16374172
16376006
16376440
16376618
16377421
16377957
16382630
16382734
16384722
16385501
16392414
16395365
16396192
16396256
16398262
16401500
16402369
16402445
16403840
16404105
16404982
16405160
16406179
16407417
16408119
16410639
16410978
16412719
16412914
16413091
16416242
16417065
16419486
16419637
16421210
16423074
16425128
16428647
16430707
16431680
16432698
16433145
16433465
16433801
16434117
16435294
16436363
16439391
16439512
16439924
16441671
16445977
16446969
16447583
16449348
16450322
16451315
16451330
16453135
16455492
16457520
16458885
16463174
16469127
16474744
16475481
16476126
16476819
16477797
16481809
16482574
16482879
16490838
16492147
16492200
16493727
16495566
16500464
16500904
16502439
16503900
16506097
16506185
16506815
16507711
16508090
16508638
16508882
16509546
16513325
16513971
16516923
16521827
16524240
16525768
16528419
16530460
16536207
16542609
16546261
16550225
16550272
16552760
16553828
16556285
16557859
16561739
16561892
16565126
16566166
16568276
16574694
16578206
16578418
16579933
16580192
16580738
16580868
16589967
16592720
16592782
16593827
16596515
16598219
16599388
16600088
16600498
16601177
16601740
16602470
16605024
16607099
16609570
16609795
16610067
16611219
16613753
16619429
16621966
16622838
16627751
16631771
16631851
16635037
16636594
16637577
16639621
16642871
16644838
16645104
16647010
16648077
16649710
16649796
16651841
16656993
16657251
16658583
16659342
16662824
16669116
16669524
16671896
16673460
16673654
16676232
16678424
16679374
16680184
16681553
16682010
16685974
16686305
16687178
16687191
16689550
16690477
16692964
16697909
16700256
16700571
16703269
16705847
16707941
16714063
16714696
16714926
16716228
16716652
16722222
16724628
16726338
16728273
16731917
16732314
16734844
16739169
16741968
16742577
16743829
16752304
16754912
16755171
16757212
16757976
16759917
16760333
16760821
16761124
16761328
16763010
16765819
16769627
16771996
16772976
16773096
16774474
16777735
16781043
16781052
16781992
16787745
16789605
16795860
16798530
16799755
16801357
16801510
16801640
16802338
16802719
16806381
16806599
16806757
16811585
16812504
16815453
16818383
16824893
16830008
16832455
16832922
16833486
16837853
16839735
16844159
16849030
16854340
16855917
16855961
16856957
16857826
16858170
16863308
16865155
16865612
16866742
16869671
16870087
16873752
16875064
16880631
16880890
16880929
16884952
16886493
16887075
16888754
16892017
16892691
16896306
16899776
16899812
16901108
16901590
16902309
16905568
16906110
16908442
16908526
16910916
16911280
16912109
16919674
16919954
16922470
16923029
16924629
16927295
16927913
16928780
16939471
16941237
16947902
16948566
16951142
16951248
16952201
16953095
16953847
16953884
16959450
16961495
16962977
16968310
16969235
16972931
16976280
16976503
16985308
16987097
16991656
16991660
16992172
16992513
16992529
16994557
16994694
16995026
17000538
17002575
17004133
17005559
17006216
17006919
17008779
17009578
17011666
17017019
17017888
17018034
17021753
17023931
17024971
17029101
17032101
17034379
17037456
17040264
17044272
17044985
17045486
17046052
17046648
17047743
17048793
17051411
17052459
17056634
17057523
17058296
17058549
17058742
17060168
17061026
17061543
17062241
17071844
17072335
17073754
17080793
17082174
17086599
17089650
17089784
17092439
17092832
17093079
17094795
17099799
17101282
17102105
17104190
17109865
17110084
17111078
17111732
17112118
17113836
17115603
17118534
17120745
17121958
17124355
17127143
17130380
17131702
17133790
17138497
17138732
17140925
17144599
17146143
17146387
17158157
17159439
17160624
17160730
17161511
17163747
17164262
17166062
17167625
17167737
17169241
17171925
17172271
17173737
17174147
17175842
17177013
17178905
17181213
17181597
17186370
17188679
17189226
17190193
17191222
17192910
17198733
17199542
17205870
17206197
17206687
17208116
17209307
17210604
17211596
17215131
17216203
17219080
17223849
17224979
17225351
17226178
17232550
17235498
17235791
17237319
17237756
17239349
17241656
17241978
17242185
17242451
17243406
17246215
17248375
17249724
17250808
17253467
17254733
17255262
17256623
17259158
17259630
17262074
17265126
17265153
17265842
17271192
17272562
17273513
17273672
17276469
17276897
17278328
17282614
17283799
17284864
17285223
17287099
17287627
17290459
17290690
17293204
17294705
17294834
17296213
17296704
17298291
17298682
17301220
17309830
17310180
17312580
17314880
17316679
17318468
17318741
17319584
17319604
17320206
17324217
17327459
17329572
17331977
17334672
17334679
17334720
17337617
17340462
17341715
17344326
17344488
17344490
17344768
17346656
17348075
17349203
17351074
17351316
17352536
17352578
17355238
17359533
17365110
17365195
17365772
17371962
17371968
17375533
17377911
17378755
17378945
17390452
17391816
17394659
17395126
17395370
17395945
17396191
17396789
17398673
17400421
17402002
17411871
17414374
17417072
17417442
17417712
17421804
17422569
17424201
17425890
17426773
17428864
17431501
17432677
17434214
17434611
17434715
17436859
17437272
17440398
17442765
17443205
17443925
17452196
17454995
17455640
17455743
17458522
17459687
17464507
17466335
17469861
17471884
17472911
17478599
17479940
17480181
17484552
17485390
17486178
17486982
17489296
17491104
17495024
17498122
17499479
17499722
17501208
17502477
17505815
17508360
17511487
17512217
17513394
17516341
17516816
17517275
17519039
17527826
17528919
17531193
17531426
17531793
17533585
17535194
17535316
17541379
17542037
17544149
17549039
17549987
17551084
17552232
17562242
17570083
17576261
17576297
17576788
17579209
17580315
17581718
17581835
17582868
17582889
17584580
17585885
17586085
17586650
17590753
17591599
17592774
17593686
17595493
17595515
17601220
17603246
17603830
17604873
17605750
17608520
17609856
17611951
17612105
17613874
17620668
17624091
17626988
17629739
17629869
17636802
17637651
17638137
17641195
17645194
17649964
17650004
17651292
17651459
17656762
17659466
17661490
17664299
17665373
17667214
17669526
17677236
17678833
17684322
17685656
17687849
17688993
17694382
17694437
17694566
17696672
17700202
17704809
17705059
17705193
17712091
17712909
17715552
17721738
17722967
17723718
17724003
17725981
17727049
17728157
17729173
17729680
17729975
17734566
17738241
17738416
17742467
17746203
17746655
17747728
17752082
17753777
17757553
17759470
17760059
17760100
17760865
17761135
17763798
17764703
17764722
17766392
17768709
17772664
17773854
17774631
17780226
17780796
17780853
17785261
17785793
17785851
17786275
17788138
17788878
17789227
17791929
17794304
17794453
17794599
17795585
17795838
17796945
17799923
17804906
17807055
17807129
17807794
17810451
17811885
17812621
17813822
17816213
17820830
17821436
17821873
17822364
17822835
17825378
17826592
17829434
17829684
17829766
17832294
17832321
17833014
17833930
17836749
17838123
17841584
17843796
17844509
17845889
17848591
17850790
17853723
17853950
17855063
17858403
17859692
17859907
17861119
17864471
17869096
17875454
17887393
17887416
17890959
17891912
17893642
17894535
17895164
17897859
17899667
17902494
17902856
17904955
17908541
17908842
17909327
17912068
17918296
17920213
17921449
17923450
17924079
17924577
17924695
17926844
17927807
17930606
17934873
17935080
17937064
17938079
17938433
17938499
17939208
17941888
17943414
17945151
17947307
17951070
17951303
17952664
17955065
17956129
17956858
17957649
17960117
17961237
17970846
17971337
17971442
17972445
17972747
17974804
17975547
17976453
17977232
17978003
17983885
17984058
17986994
17992624
17993482
17996370
17997786
17997792
17999596
18000623
18004583
18005834
18006751
18011132
18011449
18012519
18014532
18014887
18015752
18019080
18020411
18023194
18024212
18025107
18025253
18026057
18026265
18026495
18026667
18033736
18034233
18037719
18041817
18043675
18043836
18044499
18045763
18046445
18048566
18049337
18049635
18050012
18050481
18055649
18058672
18058946
18059482
18060384
18064167
18064339
18066027
18068193
18069201
18069817
18070115
18071774
18073024
18075319
18078146
18084629
18087968
18089672
18093162
18094573
18097987
18099546
18100219
18101699
18106934
18107562
18108619
18109533
18110859
18111671
18113541
18114629
18116198
18116546
18123644
18125652
18125869
18128816
18129123
18130349
18131076
18136121
18137135
18137826
18140195
18142211
18146533
18148083
18148227
18152103
18152257
18152798
18154012
18157572
18159466
18162172
18164485
18165125
18166545
18170986
18171080
18176691
18177237
18178078
18181252
18181760
18183491
18188748
18197725
18198756
18199393
18200807
18202358
18210546
18213123
18214194
18215251
18215655
18216210
18218466
18218763
18219304
18220381
18220388
18220396
18224335
18225180
18225468
18227415
18228339
18230055
18233486
18233953
18235009
18235879
18237216
18237420
18238193
18241176
18241192
18246793
18249429
18251481
18254136
18254470
18256661
18257974
18259437
18261766
18261778
18261897
18262376
18263832
18269074
18272059
18273169
18273568
18277262
18281076
18284414
18288611
18289828
18290147
18290880
18291089
18292416
18292625
18295897
18296792
18297097
18299145
18301150
18302388
18304351
18305300
18309329
18312446
18313078
18316666
18319661
18320986
18325181
18325957
18326673
18331975
18331994
18335992
18336145
18341190
18341982
18343680
18344427
18346547
18350017
18352591
18353596
18355158
18355567
18357046
18357096
18358168
18359968
18361252
18363471
18364130
18368346
18370982
18380134
18383923
18387024
18387092
18391726
18391977
18392880
18393666
18394768
18395347
18396552
18397704
18397979
18398232
18398479
18398665
18398733
18399793
18400731
18401287
18402406
18406071
18407301
18407788
18409911
18409924
18414307
18415591
18418547
18421184
18422571
18423568
18424650
18425061
18427006
18427549
18430096
18431948
18432874
18434201
18434804
18435342
18435401
18435701
18435768
18436301
18436825
18437846
18440079
18441063
18441901
18442877
18443720
18447906
18451830
18455457
18463845
18464533
18465813
18468673
18469147
18471303
18472432
18472706
18473281
18473457
18474571
18474633
18475125
18476577
18476905
18482495
18483347
18484008
18486960
18487101
18487380
18490387
18490690
18492375
18493238
18496739
18506468
18512568
18514127
18515130
18517514
18519460
18521274
18524104
18524817
18527689
18528890
18529927
18529987
18531592
18531657
18538901
18540336
18542317
18546648
18549534
18552312
18554160
18554571
18557423
18562785
18564003
18566988
18569058
18573339
18575349
18576597
18581938
18582948
18584599
