2.0
6.0
19.0
10.0
8.0
19.0
9.0
2.0
19.0
24.0
39.0
39.0
39.0
36.0
37.0
23.0
23.0
29.0
47.0
40.0
43.0
52.0
54.0
42.0
42.0
45.0
56.0
66.0
64.0
73.0
77.0
93.0
88.0
90.0
93.0
84.0
84.0
99.0
80.0
94.0
119.0
104.0
105.0
114.0
137.0
136.0
135.0
123.0
152.0
151.0
157.0
156.0
140.0
156.0
144.0
153.0
140.0
160.0
172.0
161.0
178.0
165.0
160.0
174.0
178.0
179.0
196.0
197.0
180.0
193.0
199.0
185.0
185.0
180.0
181.0
217.0
206.0
214.0
212.0
212.0
205.0
212.0
213.0
209.0
230.0
231.0
225.0
239.0
236.0
230.0
234.0
238.0
233.0
253.0
257.0
243.0
259.0
263.0
260.0
273.0
272.0
267.0
261.0
279.0
269.0
277.0
289.0
290.0
285.0
297.0
307.0
301.0
302.0
305.0
322.0
321.0
336.0
326.0
324.0
331.0
338.0
328.0
326.0
348.0
352.0
343.0
350.0
346.0
369.0
378.0
369.0
361.0
377.0
364.0
364.0
373.0
360.0
397.0
395.0
392.0
381.0
381.0
384.0
388.0
391.0
385.0
404.0
406.0
411.0
409.0
409.0
407.0
419.0
400.0
411.0
434.0
439.0
426.0
422.0
426.0
438.0
423.0
424.0
425.0
455.0
452.0
455.0
451.0
476.0
467.0
476.0
474.0
474.0
471.0
467.0
478.0
474.0
466.0
463.0
477.0
469.0
479.0
467.0
465.0
471.0
460.0
468.0
490.0
497.0
495.0
480.0
493.0
491.0
492.0
481.0
483.0
495.0
485.0
491.0
497.0
483.0
483.0
483.0
482.0
491.0
496.0
485.0
483.0
495.0
485.0
483.0
483.0
496.0
490.0
483.0
493.0
513.0
507.0
515.0
515.0
509.0
507.0
513.0
501.0
516.0
502.0
500.0
502.0
502.0
508.0
508.0
516.0
512.0
512.0
516.0
531.0
525.0
549.0
555.0
541.0
540.0
562.0
564.0
562.0
575.0
563.0
570.0
560.0
562.0
562.0
586.0
590.0
581.0
584.0
608.0
619.0
616.0
602.0
617.0
604.0
617.0
602.0
604.0
623.0
620.0
621.0
633.0
637.0
623.0
620.0
630.0
622.0
646.0
646.0
651.0
648.0
669.0
674.0
667.0
663.0
691.0
686.0
689.0
691.0
694.0
699.0
695.0
688.0
694.0
714.0
702.0
719.0
704.0
718.0
714.0
719.0
717.0
703.0
737.0
739.0
730.0
736.0
723.0
731.0
736.0
725.0
739.0
725.0
739.0
723.0
734.0
720.0
736.0
720.0
739.0
738.0
729.0
726.0
739.0
730.0
737.0
731.0
754.0
756.0
747.0
744.0
742.0
753.0
740.0
746.0
748.0
740.0
753.0
758.0
742.0
740.0
755.0
751.0
743.0
757.0
750.0
753.0
754.0
751.0
745.0
755.0
742.0
754.0
757.0
758.0
757.0
743.0
757.0
756.0
742.0
749.0
753.0
752.0
759.0
752.0
750.0
759.0
742.0
744.0
749.0
751.0
740.0
747.0
740.0
741.0
749.0
743.0
752.0
743.0
747.0
753.0
755.0
751.0
753.0
759.0
755.0
775.0
765.0
775.0
778.0
768.0
772.0
777.0
769.0
778.0
776.0
760.0
764.0
774.0
769.0
766.0
777.0
766.0
774.0
767.0
789.0
789.0
785.0
782.0
786.0
783.0
794.0
780.0
784.0
782.0
794.0
790.0
792.0
783.0
801.0
819.0
806.0
815.0
809.0
803.0
803.0
811.0
812.0
807.0
805.0
809.0
811.0
818.0
804.0
806.0
806.0
815.0
818.0
811.0
819.0
809.0
809.0
800.0
817.0
815.0
819.0
819.0
801.0
809.0
806.0
806.0
807.0
812.0
801.0
817.0
801.0
819.0
807.0
805.0
808.0
819.0
815.0
819.0
802.0
810.0
801.0
801.0
802.0
824.0
828.0
828.0
825.0
831.0
834.0
835.0
831.0
825.0
822.0
821.0
820.0
822.0
827.0
824.0
828.0
837.0
827.0
828.0
848.0
841.0
859.0
850.0
854.0
848.0
847.0
842.0
846.0
844.0
854.0
851.0
851.0
858.0
853.0
855.0
843.0
854.0
848.0
856.0
846.0
857.0
845.0
844.0
855.0
845.0
857.0
856.0
855.0
851.0
854.0
849.0
845.0
849.0
842.0
841.0
845.0
857.0
851.0
874.0
872.0
868.0
870.0
878.0
875.0
872.0
867.0
864.0
881.0
883.0
884.0
890.0
881.0
883.0
887.0
888.0
893.0
896.0
887.0
888.0
886.0
884.0
891.0
883.0
887.0
881.0
884.0
884.0
891.0
884.0
898.0
887.0
880.0
885.0
882.0
880.0
881.0
883.0
895.0
885.0
891.0
895.0
886.0
887.0
888.0
898.0
880.0
891.0
893.0
881.0
884.0
899.0
888.0
893.0
890.0
894.0
895.0
919.0
915.0
913.0
918.0
915.0
904.0
901.0
906.0
910.0
917.0
901.0
912.0
900.0
909.0
903.0
916.0
919.0
911.0
919.0
927.0
925.0
933.0
923.0
958.0
954.0
943.0
945.0
945.0
941.0
954.0
944.0
955.0
973.0
966.0
967.0
966.0
974.0
977.0
976.0
975.0
967.0
986.0
984.0
999.0
985.0
980.0
992.0
993.0
985.0
982.0
1018.0
1016.0
1008.0
1018.0
1035.0
1033.0
1025.0
1036.0
1035.0
1030.0
1030.0
1027.0
1026.0
1042.0
1044.0
1066.0
1073.0
1067.0
1067.0
1063.0
1072.0
1071.0
1076.0
1079.0
1090.0
1087.0
1095.0
1085.0
1088.0
1087.0
1094.0
1086.0
1084.0
1080.0
1099.0
1094.0
1093.0
1086.0
1081.0
1092.0
1081.0
1093.0
1090.0
1085.0
1096.0
1092.0
1098.0
1091.0
1110.0
1110.0
1115.0
1105.0
1108.0
1112.0
1100.0
1105.0
1108.0
1112.0
1113.0
1117.0
1117.0
1117.0
1103.0
1116.0
1104.0
1105.0
1110.0
1125.0
1126.0
1136.0
1139.0
1134.0
1120.0
1122.0
1128.0
1126.0
1123.0
1138.0
1124.0
1131.0
1126.0
1131.0
1120.0
1124.0
1138.0
1138.0
1124.0
1121.0
1130.0
1132.0
1126.0
1133.0
1131.0
1128.0
1129.0
1128.0
1150.0
1147.0
1145.0
1146.0
1142.0
1149.0
1144.0
1157.0
1157.0
1177.0
1179.0
1171.0
1162.0
1172.0
1162.0
1175.0
1171.0
1166.0
1174.0
1178.0
1165.0
1160.0
1163.0
1169.0
1176.0
1161.0
1164.0
1176.0
1187.0
1181.0
1185.0
1191.0
1190.0
1185.0
1196.0
1185.0
1192.0
1205.0
1201.0
1201.0
1212.0
1214.0
1209.0
1207.0
1204.0
1200.0
1215.0
1219.0
1211.0
1204.0
1218.0
1210.0
1205.0
1212.0
1206.0
1217.0
1218.0
1203.0
1210.0
1219.0
1203.0
1203.0
1203.0
1219.0
1206.0
1204.0
1226.0
1226.0
1240.0
1248.0
1243.0
1256.0
1273.0
1272.0
1267.0
1267.0
1262.0
1260.0
1263.0
1264.0
1271.0
1275.0
1271.0
1265.0
1270.0
1275.0
1278.0
1268.0
1262.0
1263.0
1275.0
1270.0
1270.0
1269.0
1277.0
1271.0
1274.0
1264.0
1264.0
1270.0
1262.0
1287.0
1293.0
1299.0
1290.0
1280.0
1297.0
1290.0
1298.0
1285.0
1307.0
1300.0
1303.0
1311.0
1335.0
1327.0
1336.0
1333.0
1348.0
1349.0
1370.0
1362.0
1365.0
1368.0
1369.0
1364.0
1375.0
1374.0
1374.0
1391.0
1399.0
1397.0
1399.0
1404.0
1406.0
1405.0
1416.0
1417.0
1407.0
1403.0
1413.0
1402.0
1432.0
1431.0
1426.0
1439.0
1453.0
1440.0
1459.0
1455.0
1455.0
1449.0
1448.0
1444.0
1455.0
1464.0
1474.0
1462.0
1473.0
1471.0
1466.0
1461.0
1460.0
1474.0
1482.0
1489.0
1499.0
1482.0
1487.0
1490.0
1483.0
1482.0
1489.0
1509.0
1513.0
1510.0
1509.0
1507.0
1510.0
1514.0
1504.0
1513.0
1536.0
1523.0
1536.0
1520.0
1522.0
1530.0
1521.0
1534.0
1526.0
1546.0
1553.0
1548.0
1558.0
1548.0
1545.0
1543.0
1546.0
1553.0
1571.0
1577.0
1571.0
1570.0
1562.0
1574.0
1572.0
1564.0
1568.0
1571.0
1563.0
1576.0
1572.0
1576.0
1571.0
1574.0
1570.0
1579.0
1571.0
1580.0
1588.0
1595.0
1595.0
1595.0
1582.0
1584.0
1595.0
1585.0
1613.0
1608.0
1608.0
1614.0
1633.0
1626.0
1630.0
1631.0
1636.0
1637.0
1637.0
1639.0
1620.0
1641.0
1640.0
1657.0
1641.0
1650.0
1658.0
1640.0
1643.0
1649.0
1667.0
1672.0
1677.0
1666.0
1667.0
1670.0
1666.0
1679.0
1665.0
1699.0
1687.0
1684.0
1693.0
1696.0
1687.0
1696.0
1681.0
1696.0
1704.0
1701.0
1716.0
1705.0
1716.0
1701.0
1715.0
1719.0
1703.0
1720.0
1727.0
1727.0
1736.0
1721.0
1734.0
1738.0
1737.0
1729.0
1756.0
1741.0
1747.0
1740.0
1766.0
1760.0
1772.0
1768.0
1784.0
1794.0
1789.0
1796.0
1803.0
1808.0
1807.0
1813.0
1823.0
1829.0
1836.0
1831.0
1831.0
1825.0
1825.0
1830.0
1838.0
1854.0
1845.0
1854.0
1852.0
1874.0
1872.0
1879.0
1874.0
1889.0
1894.0
1885.0
1893.0
1890.0
1889.0
1884.0
1892.0
1895.0
1901.0
1904.0
1905.0
1904.0
1907.0
1903.0
1916.0
1913.0
1917.0
1927.0
1934.0
1928.0
1925.0
1927.0
1935.0
1935.0
1925.0
1939.0
1953.0
1978.0
1979.0
1962.0
1972.0
1979.0
1964.0
1965.0
1964.0
1962.0
1991.0
1986.0
1987.0
1987.0
1989.0
1985.0
1997.0
1985.0
1981.0
