28547
30580
31207
31234
37629
38114
38515
38598
38951
39067
39092
39636
40412
41738
42277
42320
43385
43854
43878
44121
44847
45173
46151
46170
46294
46514
47012
48754
49224
49270
49418
49676
50730
51446
51879
83689
83798
84643
84663
85362
85572
86123
86410
86682
86813
87105
87327
87474
87669
87883
88264
88563
88920
89306
89554
90956
92838
93843
94180
94333
94356
94962
97185
97332
99016
99561
99825
101378
101795
101934
102277
102414
102657
102883
103426
103798
104353
104482
105142
105923
106082
106292
107997
108219
108322
109035
110067
110112
110267
110610
112483
112864
113623
114103
115051
115613
116389
117068
207452
208931
210963
211066
212173
212478
212627
212924
213448
214421
214442
215419
247736
248597
248790
252067
252360
252530
253824
253908
254780
257159
257706
259732
260218
261494
261583
264517
269197
269636
269790
271336
392049
393214
393317
393920
395284
400306
400441
400889
401683
402992
403304
403405
405368
405851
408015
420967
421029
421720
422300
422824
422850
422940
423462
423509
423531
423708
425477
426127
426490
426820
427099
427606
428003
428078
429006
431085
431158
431273
431528
431604
432045
432257
432671
432869
433048
433122
433140
433632
433669
433892
433996
434286
434480
434563
434815
434913
435105
436308
436400
436615
436741
437254
456281
460720
466507
466803
467958
468078
468163
468283
468717
469088
469721
469953
470030
470627
470762
471689
472048
472522
472957
473094
473243
474239
474453
474754
474924
475059
475759
476377
476687
477145
477524
477740
478254
478461
478515
478943
479371
479620
494521
494778
496269
496502
499537
499886
501253
501861
591143
591401
591500
592180
592205
592556
592667
594643
596030
596281
596406
596811
596939
597001
597095
597694
597795
597877
598570
599274
599494
599888
599944
600102
600301
600680
600784
601188
601242
601564
601573
602445
669737
670495
691901
696181
696236
699622
700659
701671
703565
761182
763662
764564
765597
766849
767291
767954
768299
769420
770307
770481
771315
771623
771918
772599
773183
773725
773944
774157
775516
775639
776114
777748
777766
812492
822209
851948
852032
852374
852382
852415
852691
853699
853867
854367
855975
856692
857496
857728
857817
858065
858966
859300
859423
859598
860595
860606
860671
860742
860770
861335
861389
861403
862406
862488
862675
862944
902112
907530
950183
971717
976617
979927
1047589
1051336
1054491
1054735
1059661
1060319
1060592
1062998
1069105
1076316
1077703
1077856
1078253
1079000
1079637
1079915
1080705
1080738
1081017
1081180
1081185
1081848
1082168
1082994
1083099
1083180
1083420
1083474
1083565
1083654
1084832
1085816
1086009
1086433
1087064
1087170
1088119
1088215
1088225
1088395
1088811
1088860
1089960
1090339
1090374
1130783
1130996
1131256
1131370
1131717
1132313
1132398
1133272
1133595
1133869
1134061
1134456
1135317
1135403
1135949
1136362
1136890
1136949
1137278
1137461
1137929
1138181
1138419
1138598
1138721
1138866
1138905
1139403
1139438
1139709
1139790
1140069
1140140
1140185
1140568
1140576
1140599
1140687
1140827
1141548
1142267
1143146
1143155
1143590
1143826
1144288
1144433
1195051
1202195
1257224
1257351
1257680
1260706
1261471
1262382
1263914
1265766
1266132
1266157
1266482
1267312
1268940
1269047
1289074
1290227
1294638
1299133
1299552
1300937
1302046
1306174
1310609
1316277
1316562
1323804
1399855
1407377
1408075
1432595
1432613
1432750
1432868
1432977
1433037
1433427
1433435
1433624
1434127
1434189
1434267
1434758
1434826
1434874
1435503
1435918
1436661
1437400
1437509
1437804
1438344
1438549
1438765
1439130
1439212
1439639
1439728
1440175
1440224
1440271
1440344
1440655
1441079
1441560
1441584
1441755
1441784
1441955
1442415
1442808
1443029
1444009
1444445
1444947
1445022
1446418
1446675
1447174
1447273
1447660
1447797
1448119
1448171
1448193
1448321
1448677
1449196
1449228
1449804
1450001
1450238
1450863
1450887
1451459
1451525
1452235
1452257
1452315
1452406
1452414
1452960
1453403
1454341
1455231
1456063
1456361
1456748
1457081
1457380
1457470
1457558
1459323
1459537
1460232
1460566
1460779
1461128
1461227
1462820
1463464
1464259
1464339
1464484
1464857
1465164
1465496
1466009
1467026
1467200
1467331
1467725
1468286
1468565
1468984
1469162
1469352
1469621
1469664
1470212
1470272
1470281
1470345
1470383
1470501
1516920
1563183
1602897
1603918
1604257
1605312
1610272
1614737
1615282
1615497
1616208
1617574
1618514
1780301
1780427
1781280
1783106
1783609
1783984
1784438
1784889
1785881
1785915
1786393
1788725
1788918
1789506
1790167
1790219
1790222
1790542
1791184
1791546
1792109
1834722
1841316
1848122
1849690
1876093
1876236
1876347
1877007
1877046
1877081
1877372
1877639
1877725
1878657
1880026
1880320
1880523
1880525
1881062
1881093
1881326
1881367
1881373
1881523
1881547
1881705
1882125
1882816
1882951
1883185
1883258
1883304
1883606
1883728
1883746
1883750
1884153
1884276
1884350
1884419
1884870
1884887
1885239
1885404
1886120
1886243
1886560
1887048
1887080
1887439
1887933
1888004
1888296
1888388
1888552
1888613
1889008
1889543
1889546
1889718
1890054
1890173
1890220
1891702
1891970
1892370
1892428
1926553
1930449
1932355
1938431
1938450
1938645
1938796
1938940
1939732
1940073
1941085
1941669
1941939
1941971
1941976
1944161
1944390
1944462
1946141
1946515
1946761
1947016
1947909
1953054
1954915
1955366
1956708
1958583
1959049
1961310
1961462
1961672
1961703
1961929
1961938
1962570
1962890
1963173
1963521
1963567
1963766
1963963
1964550
1964694
1964867
1965144
1965427
1965439
1965629
1966344
1967027
1967124
1967173
1967418
1967498
1967828
1968435
1969322
1969756
1970087
1970830
1970927
1970958
1971068
1971440
1971958
1972316
1972450
1972528
1992125
1992220
1992305
1992331
1992452
1992460
1992890
1993144
1993506
1994304
1994390
1994732
1995421
1996037
1996133
1996461
1997189
1997309
1997469
1997688
1997739
1998066
1998130
1998531
1998978
1999163
1999183
1999269
1999440
1999785
2000022
2000127
2000999
2001041
2001497
2001538
2001671
2001687
2001839
2003265
2003468
2003472
2003693
2003832
2003972
2004486
2004516
2004676
2004694
2004864
2005112
2005170
2005181
2005872
2006113
2006435
2006712
2007009
2007078
2007367
2007500
2008405
2011180
2012009
2068746
2121099
2121987
2122047
2122323
2123014
2124590
2124978
2125675
2125851
2126839
2127601
2127701
2127970
2128405
2128671
2129772
2130060
2130481
2204032
2206947
2212076
2213019
2221418
2330873
2331583
2332083
2332672
2333879
2333955
2334119
2334396
2334852
2335255
2335356
2335457
2336547
2336583
2336738
2336821
2336997
2337150
2337881
2338647
2338815
2339144
2339420
2339582
2339780
2339970
2340217
2341072
2341354
2341608
2342356
2342359
2342699
2343063
2343263
2343499
2343635
2343758
2343861
2343895
2344618
2345801
2385488
2385912
2393784
2396024
2540092
2540141
2540898
2541938
2542469
2542814
2543183
2543333
2543377
2544664
2544869
2544884
2545070
2545436
2545453
2545659
2545843
2546141
2546288
2546430
2546765
2546884
2547192
2547268
2547422
2547496
2547793
2548428
2548453
2548809
2549004
2549028
2549151
2549259
2549547
2549796
2550214
2550250
2550367
2550591
2550794
2550952
2552297
2552401
2552718
2554548
2554562
2554571
2571044
2579936
2581768
2581853
2582867
2584196
2585215
2602715
2602968
2603477
2603499
2604730
2605643
2605787
2606520
2606707
2608733
2616958
2625099
2771437
2777363
2778288
2778300
2779224
2779492
2780360
2781331
2781738
2782117
2782966
2783146
2783239
2783261
2783503
2784160
2786166
2870217
2926131
3000625
3009336
3009392
3070430
3072838
3074376
3074999
3075057
3075142
3079945
3080522
3081465
3085485
3086256
3086509
3086889
3087081
3087200
3159134
3159474
3160898
3161090
3162251
3162346
3162520
3162542
3163214
3163277
3163426
3163444
3163516
3163598
3163714
3163733
3163788
3163877
3163917
3164176
3164741
3165075
3165467
3165700
3165945
3166014
3166095
3166144
3166156
3166287
3166585
3166996
3167212
3167519
3167530
3167567
3167589
3167802
3168972
3169160
3169531
3169996
3171376
3171455
3172545
3173103
3173312
3254357
3254533
3254909
3255041
3255252
3255867
3256030
3256327
3256515
3256898
3256934
3257409
3259230
3259235
3259936
3260403
3260412
3260673
3260796
3261005
3261140
3261447
3261506
3261533
3261802
3262567
3262590
3262961
3263286
3263460
3263550
3264053
3264206
3264290
3264683
3265207
3265579
3265864
3268871
3269108
3270365
3271523
3272051
3275492
3275779
3281241
3284693
3365693
3393477
3398385
3518829
3519016
3519868
3522540
3522642
3523018
3523723
3525161
3526807
3527761
3528147
3528229
3528557
3528787
3530070
3530138
3530505
3530661
3530831
3530942
3530968
3531066
3531624
3531678
3532289
3532297
3532410
3532721
3532724
3532778
3533001
3533094
3534430
3534521
3534533
3534707
3534764
3535457
3535551
3535663
3536517
3536698
3537174
3537412
3537845
3538231
3538463
3538519
3538590
3538665
3538702
3538758
3538815
3539217
3539279
3539976
3540030
3540034
3540039
3540092
3634591
3640773
3641837
3651215
3652213
3652249
3652260
3652363
3652677
3652683
3653202
3654036
3654270
3654681
3654749
3655162
3655235
3655266
3655441
3655590
3655650
3655686
3655995
3656131
3656784
3656912
3656989
3656994
3657017
3657151
3657163
3657195
3657228
3657321
3657446
3657456
3657725
3657983
3658077
3658198
3658774
3658778
3658987
3659609
3659778
3660076
3661050
3661198
3661626
3661750
3662379
3662440
3662913
3662939
3662979
3663193
3663634
3663658
3664128
3664516
3664529
3664612
3664677
3664954
3665176
3665394
3665937
3666130
3666818
3667301
3667791
3667801
3667951
3668377
3668821
3668841
3668945
3668970
3669075
3669079
3669088
3669089
3669121
3669676
3669913
3670088
3670205
3670795
3670814
3670877
3671188
3671330
3671732
3671794
3672383
3672398
3673035
3673537
3673793
3674250
3674348
3674675
3674705
3674789
3674847
3675526
3675623
3675677
3675783
3676199
3676293
3676452
3676500
3676652
3677014
3677033
3677291
3677463
3678071
3678422
3678445
3678578
3678663
3678693
3679908
3679923
3679967
3680033
3680041
3680731
3681040
3681308
3681545
3681743
3682371
3682570
3682623
3683080
3683747
3683986
3684130
3684343
3684503
3684521
3684578
3685461
3685545
3685638
3685834
3686056
3686099
3686243
3686817
3687044
3687260
3687801
3687877
3688013
3688165
3688651
3688738
3689159
3689421
3689428
3689465
3689694
3689752
3690063
3690080
3690275
3690482
3690543
3690557
3702727
3790864
3791164
3791267
3791283
3791549
3791969
3792148
3792153
3792207
3792244
3792394
3792668
3792900
3792943
3793381
3793776
3794503
3795094
3795422
3795569
3795847
3796212
3797031
3797124
3797266
3797751
3797890
3798231
3798292
3798306
3798420
3798451
3798477
3798619
3798782
3799191
3799729
3799817
3800101
3801017
3801056
3801086
3801434
3801517
3801653
3801773
3801886
3823353
3825687
3831980
3930902
3932420
3932720
3933908
3936116
3936583
3936599
3939242
3939423
3939557
3944571
3944892
3945991
3965798
3966714
3972320
3974105
3997762
4004959
4010671
4011138
4011317
4012213
4013398
4013554
4014590
4016328
4016469
4018106
4018650
4019317
4019552
4019862
4020941
4021014
4021582
4022153
4022426
4022485
4023117
4024336
4025629
4025982
4026076
4038657
4039048
4039171
4039239
4039370
4039432
4039911
4040103
4040740
4040899
4040926
4040973
4041077
4041303
4041501
4041582
4041771
4041850
4041930
4041946
4043256
4043423
4043890
4044089
4044115
4044272
4044321
4044905
4045587
4045835
4045966
4045982
4047142
4047233
4047276
4047341
4047910
4048018
4048455
4048657
4048692
4049013
4049147
4049211
4049224
4049291
4049306
4049313
4049610
4050006
4050176
4050230
4050264
4050279
4050417
4050864
4051138
4052005
4052087
4052306
4052462
4052622
4052669
4052696
4053565
4053854
4054250
4054375
4054469
4054471
4054712
4056314
4056801
4056818
4056964
4057003
4058058
4058263
4058381
4058596
4058833
4058956
4059153
4059211
4059736
4059800
4060384
4060427
4060499
4060725
4060754
4061116
4061444
4061584
4061814
4062063
4062081
4062742
4063007
4063170
4063217
4063235
4063273
4063592
4063873
4064207
4064400
4064980
4096597
4096603
4114058
4116834
4116981
4120262
4121757
4123046
4141941
4142959
4146223
4146805
4159351
4181485
4184920
4188828
4220104
4222447
4227790
4228766
4230304
4230766
4273951
4273959
4274307
4274445
4275400
4275517
4276148
4277624
4277935
4278779
4279710
4280910
4281046
4281545
4282859
4283564
4283617
4283999
4284894
4285127
4286048
4286936
4287922
4288676
4289061
4289555
4289695
4290296
4292190
4293732
4298248
4302735
4303986
4305261
4305450
4308827
4308979
4313269
4313727
4316152
4316218
4318597
4319186
4319670
4320114
4320836
4321667
4322954
4323026
4340215
4340384
4340541
4340548
4340699
4341055
4341184
4341219
4341264
4341807
4341821
4341824
4342183
4342363
4342365
4342826
4342868
4342924
4342988
4343031
4343697
4343853
4344100
4344142
4344294
4344352
4344482
4344560
4344692
4344858
4345020
4345054
4345496
4345605
4345666
4345740
4346387
4346730
4346986
4346992
4347117
4348117
4348253
4348305
4348328
4348426
4348628
4348642
4348947
4348966
4348967
4349436
4349761
4350236
4350395
4350523
4350854
4351176
4351357
4351517
4351733
4351881
4351961
4352194
4352487
4352914
4352923
4353023
4353097
4353605
4353752
4353777
4353786
4353855
4353924
4353963
4354007
4354218
4354415
4354739
4355003
4439681
4439949
4440295
4440320
4440614
4441054
4441672
4442345
4442514
4442533
4442729
4442842
4443512
4443587
4443632
4443734
4444007
4444060
4444730
4444787
4444800
4444856
4444937
4445072
4445141
4445516
4445605
4445893
4446102
4446826
4446873
4446902
4447094
4447632
4447883
4448377
4448454
4448476
4448533
4448604
4448838
4449013
4449747
4449857
4450377
4450409
4450454
4450710
4451049
4451061
4451845
4451969
4452206
4452335
4452383
4452600
4453097
4453154
4453336
4453434
4453465
4453602
4453605
4453860
4467384
4468746
4468886
4468934
4469283
4469496
4469525
4469839
4470003
4470004
4470296
4470388
4470659
4471039
4471119
4471229
4471283
4471679
4472572
4472585
4473254
4473548
4473702
4474094
4474254
4474422
4474908
4474960
4475444
4476213
4476410
4476609
4476780
4476865
4476966
4477210
4477643
4477651
4477950
4478079
4478294
4478737
4535693
4537383
4572997
4573953
4574063
4574211
4575182
4575211
4575516
4576135
4576891
4577833
4578134
4580556
4580765
4581513
4582511
4583382
4584011
4584234
4585880
4586296
4588151
4588295
4588326
4589391
4591509
4593959
4598085
4601176
4602847
4604460
4644076
4645066
4645283
4646411
4646474
4646786
4647206
4647723
4649067
4649567
4650576
4651697
4653256
4653945
4656129
4675639
4675978
4676547
4676927
4677361
4677878
4678362
4678434
4678538
4678938
4681404
4681541
4681763
4682174
4685600
4686082
4686090
4687121
4687633
4688019
4688433
4689003
4689300
4795675
4801841
4807351
4807469
4811138
4813202
4818506
4824317
4824833
4824977
4825214
4826383
4827223
4827453
4827582
4827643
4827941
4828670
4828768
4828940
4829090
4829128
4829792
4829906
4830086
4830128
4830178
4830179
4830407
4830764
4831515
4831741
4832316
4833629
4834085
4834536
4834873
4834877
4835382
4835684
4907056
4907498
4908130
4908650
4908680
4908908
4909027
4909281
4909303
4909418
4910347
4911123
4911242
4911412
4912033
4912481
4912572
4913429
4914596
4914598
4915167
4916612
4917260
4917281
4917385
4917457
4920902
4921760
4922308
4923551
4923684
4923782
4923857
4923865
4924258
4924520
4924865
4924941
4925179
4925207
4925242
4925502
4925700
4926072
4926348
4926583
4926771
4927446
4927477
4927663
4927715
4927742
4929152
4929517
4929569
4930004
4930011
4930134
4930168
4930220
4930621
4930804
4930939
4931033
4931061
4931683
4932033
4932038
4932782
4933019
4933206
4933657
4934060
4934169
4934372
4934724
4934981
4935830
4935858
4936071
4936249
4936527
4936562
4936904
4937106
4937126
4937160
4937232
4937408
4937441
4937932
4938252
4938505
4938577
4938927
4939882
4940134
4940144
4940205
4941291
4983768
4986874
4987319
4993681
4995257
4996995
4997802
5018784
5019204
5019927
5019991
5020468
5020609
5023233
5024669
5025905
5027271
5027477
5028042
5030277
5048020
5048716
5066857
5069808
5069888
5074587
5076794
5138042
5141642
5149958
5150766
5154480
5156989
5157916
5171696
5172603
5172799
5173084
5174504
5175195
5177334
5179126
5180805
5181495
5181528
5181607
5182743
5183498
5183834
5185063
5307628
5308252
5308647
5308754
5309419
5309855
5310863
5311140
5312716
5315213
5315644
5315931
5315996
5316258
5316514
5316602
5316864
5317100
5317441
5317926
5318368
5318441
5318976
5319221
5319599
5332890
5516452
5519191
5525298
5525942
5527207
5528302
5529019
5529304
5532475
5535086
5535837
5536214
5536423
5537392
5537843
5538720
5540329
5559973
5561451
5563924
5565258
5565476
5567831
5569851
5705059
5706526
5706633
5707610
5712589
5713147
5713587
5714420
5717420
5717700
5719465
5719479
5719549
5719715
5721072
5721079
5721298
5722187
5722721
5723174
5723717
5724400
5791182
5792599
5793156
5797383
5797749
5802056
5803657
5857965
5858110
5858617
5858993
5859417
5859654
5859753
5859839
5860362
5860706
5860922
5861094
5861324
5861571
5861736
5861802
5861858
5861869
5862637
5862756
5862844
5863327
5864055
5865054
5865105
5865337
5866164
5866336
5867339
5867632
5867774
5867966
5868962
5869389
5869514
5869697
5870472
5871584
5872009
5872829
5873150
5873250
5874179
5874324
5874363
5874458
5874716
5874939
5875037
5875228
5875518
5875642
5875746
5905786
5906093
5906317
5906550
5907011
5907374
5907528
5907748
5907764
5908794
5909449
5909964
5910425
5911387
5911783
5911909
5912196
5912214
5912242
5912622
5912632
5913873
5913881
5914074
5914675
5914894
5915075
5915177
5915200
5915414
5915585
5916129
5916537
5916873
5917205
5917367
5917399
5917494
5918226
5918879
5919059
5919236
5919260
5920179
5920194
5920587
5921971
5922423
5922806
5922808
5925030
5929357
5931359
5936314
5941231
5941461
5941985
5942169
5942867
5942895
5943616
5944270
5944630
5944648
5944715
5945337
5945897
5946655
5947323
5947949
5948376
5948555
5948595
5948833
5948917
5949030
5949309
5949585
5950352
5950567
5951476
5951601
5951717
5952799
5952864
5953767
5953815
5954333
5954410
5955080
5955697
5955714
5955982
5956018
5956208
5956429
5956508
5956798
5957219
5957645
5958185
5958253
5958389
5959144
5959431
5959494
5960140
5960152
5960311
5960421
5960526
5960927
5961167
5961254
5962013
5962120
5962166
5962322
5962502
5962655
5962767
5962770
5963175
5964086
6007386
6012105
6044929
6045840
6046636
6046821
6046854
6046879
6047024
6047196
6047752
6048765
6049151
6049182
6049220
6049453
6050574
6050789
6051148
6051266
6051301
6051668
6052146
6052919
6053037
6053115
6054046
6054117
6055131
6055246
6056306
6056364
6056457
6056476
6056591
6057258
6057307
6057789
6058199
6058430
6059403
6059699
6060551
6064114
6066325
6067728
6068434
6070662
6071162
6075081
6075244
6077186
6078703
6079055
6080249
6080839
6081221
6081255
6081597
6081817
6082220
6082396
6082527
6082887
6083812
6083841
6084708
6085402
6085423
6085543
6085660
6085709
6085763
6085855
6086663
6086943
6087353
6087661
6087903
6088042
6088207
6088244
6088412
6088460
6088894
6089057
6089069
6089304
6089699
6090231
6090339
6090585
6127982
6128524
6128946
6129016
6129074
6129307
6130115
6130718
6131116
6131263
6131769
6132133
6132523
6132768
6133118
6133774
6133896
6133949
6134042
6134310
6134498
6134690
6135035
6135349
6135452
6135555
6135590
6135598
6135717
6136154
6136227
6136481
6136496
6136572
6136724
6136756
6137403
6137418
6137893
6138108
6138739
6139282
6139636
6139838
6139929
6140567
6140661
6141028
6141061
6141101
6141275
6142301
6142460
6143031
6143432
6143531
6246768
6246815
6247225
6247503
6247534
6247542
6247613
6248141
6248145
6248540
6248666
6248757
6249395
6249596
6249635
6250190
6250315
6250530
6250820
6250875
6251039
6251099
6251457
6251500
6251557
6251653
6251789
6251882
6252063
6252070
6252362
6252511
6252574
6252672
6253749
6253817
6253983
6254118
6254190
6254775
6254979
6255707
6256299
6256407
6259289
6273842
6274063
6274485
6274516
6274840
6274887
6275095
6275210
6275671
6275875
6276154
6276335
6276562
6276627
6276795
6276845
6277030
6277228
6277589
6278103
6278243
6278264
6278423
6278468
6278470
6278888
6279310
6279719
6280046
6280804
6281027
6281373
6281613
6281752
6281971
6282582
6282991
6283462
6283470
6285113
6285129
6285312
6285635
6285903
6286031
6286080
6286419
6286611
6286704
6286818
6286985
6287176
6287236
6287443
6287538
6287826
6287862
6288914
6289478
6289627
6289670
6289687
6289875
6290056
6290307
6290920
6290958
6291158
6291725
6294013
6322500
6329477
6330379
6330478
6331021
6331098
6331317
6332375
6332509
6332519
6332913
6332934
6333732
6334818
6335510
6335636
6336063
6336259
6336409
6337585
6337983
6338172
6338251
6338618
6338653
6338924
6338926
6339401
6339573
6339996
6340139
6340236
6340428
6340583
6340841
6341370
6341408
6341671
6341751
6342070
6342137
6342465
6342530
6342556
6343582
6343679
6343765
6343933
6344987
6345802
6345838
6346181
6346353
6346902
6348975
6352863
6354190
6356348
6361547
6362395
6363086
6363494
6363555
6363913
6363932
6364555
6364625
6364846
6364988
6365769
6367735
6367838
6368594
6368625
6369789
6370932
6371004
6371173
6373981
6374125
6374348
6374837
6375222
6376455
6377162
6377275
6377293
6377419
6377842
6378176
6378811
6379111
6379575
6379708
6380197
6381811
6382022
6383444
6449779
6449827
6450114
6450157
6450214
6450673
6450839
6450885
6450908
6451128
6451224
6452109
6452343
6452535
6452549
6452909
6453193
6454008
6454009
6454733
6455152
6455162
6455410
6456096
6456188
6456596
6456631
6456750
6456840
6457081
6457157
6457469
6457638
6458042
6458216
6458653
6458759
6458859
6458965
6459061
6459262
6459375
6459542
6460842
6461130
6461838
6461895
6462105
6462147
6462296
6462599
6462614
6462850
6462948
6463159
6463194
6463341
6463502
6463540
6464787
6465080
6465131
6465432
6465518
6465971
6466068
6466081
6466121
6466434
6466761
6466901
6467443
6467523
6467623
6468264
6468455
6468631
6468789
6469332
6469647
6470594
6471797
6472264
6472536
6472867
6472957
6473083
6473359
6473627
6474006
6474093
6475702
6475703
6475733
6475781
6475814
6475859
6475983
6476314
6476487
6476749
6476893
6477356
6477602
6478291
6478329
6478429
6482409
6533369
6535674
6536351
6536367
6538059
6539052
6539802
6540010
6540348
6542120
6545953
6610378
6611374
6611589
6611763
6611823
6612038
6612174
6612745
6613507
6613573
6614987
6615148
6615600
6615788
6616339
6616903
6617132
6617653
6617781
6619262
6619669
6620000
6620099
6620616
6621160
6624405
6654240
6689733
6690487
6691249
6691308
6691369
6691639
6692133
6692598
6692644
6693321
6693789
6693850
6693972
6694309
6695690
6697055
6697520
6698220
6699567
6699846
6700087
6700297
6700592
6700663
6701235
6701426
6701866
6702562
6702606
6703251
6724703
6724817
6724824
6724985
6725108
6725217
6725310
6725493
6725504
6725572
6726070
6726962
6726981
6727062
6727350
6727458
6727959
6728476
6728666
6729003
6729714
6730161
6730612
6731144
6731754
6731855
6731959
6732232
6732696
6732707
6733074
6768446
6772021
6777024
6782357
6782643
6784768
6818780
6818907
6820118
6820142
6820378
6820415
6820519
6820596
6821084
6821281
6821332
6821588
6821709
6821731
6821749
6821896
6822143
6822192
6822523
6822676
6823328
6823444
6823479
6824058
6824378
6824440
6824759
6825351
6825378
6825729
6825967
6826026
6826567
6827006
6827219
6827262
6827799
6827908
6828228
6828648
6829837
6829951
6830197
6830777
6830832
6830985
6831005
6831534
6832063
6832086
6832291
6832323
6832334
6832855
6833421
6833997
6834031
6834113
6834202
6834960
6836075
6840693
6977356
6977494
6978064
6978956
6979488
6980327
6980391
6980454
6980588
6981065
6982085
6982263
6982436
6982792
6983011
6983073
6983304
6983511
6983561
6983562
6984643
6984779
6985078
6985167
6985226
6985281
6985376
6985569
6985614
6985856
6986187
6986247
6986315
6986417
6986806
6987174
6988143
6988377
6988527
6989448
6989765
6990347
6990442
6991217
6991327
6991564
6991590
6992538
6992878
6992975
6993058
6993206
6993275
6993572
6993783
6993984
6994075
6995169
6995426
6997634
7071157
7074562
7178340
7178405
7178439
7179104
7179720
7179869
7180374
7181202
7181380
7181720
7181998
7182541
7183337
7183439
7183601
7184098
7184113
7184945
7185605
7187697
7187898
7188885
7189045
7189055
7189792
7190266
7191372
7191990
7217483
7219281
7221258
7221940
7223605
7225651
7226034
7227882
7227928
7229248
7231709
7232258
7232458
7233547
7233568
7235549
7237747
7237749
7237761
7237907
7238383
7238966
7240097
7241636
7243968
7283926
7286301
7286760
7287171
7287569
7288506
7289631
7292330
7294024
7308296
7309106
7309178
7310014
7310297
7310976
7311608
7312727
7313000
7316388
7316560
7317153
7317976
7318594
7319671
7321962
7322818
7322869
7323944
7324627
7325363
7326207
7326796
7327361
7327476
7328017
7328187
7328201
7328260
7329298
7329415
7329535
7330127
7330819
7331373
7331706
7332094
7334693
7334714
7334850
7335556
7335748
7336354
7336991
7352680
7352933
7353105
7353384
7353876
7354127
7354332
7354378
7354392
7354966
7355673
7356024
7356321
7356688
7356700
7357521
7358815
7358817
7359467
7360164
7361046
7361157
7361953
7362721
7362837
7363077
7363340
7363360
7364198
7364696
7365338
7365427
7365503
7365822
7367611
7368708
7369932
7370170
7370181
7370291
7371050
7371994
7373128
7464135
7518783
7518813
7519054
7519223
7519289
7519668
7519770
7520486
7521101
7521275
7521356
7522549
7522612
7522939
7522977
7523045
7523756
7523843
7523966
7524300
7524677
7524926
7525264
7525309
7525664
7525667
7525672
7526252
7526366
7526462
7526770
7527111
7527299
7527356
7527641
7527693
7527856
7528374
7528404
7529177
7529502
7529759
7529774
7529801
7529888
7529899
7530074
7530847
7531093
7531363
7531636
7531934
7532259
7532292
7532435
7532503
7532630
7532740
7533485
7533957
7534136
7534497
7534576
7534793
7535262
7535445
7535735
7535793
7566623
7566778
7566926
7567112
7567206
7567393
7567561
7567564
7567779
7568568
7568584
7568808
7568811
7568818
7568953
7569110
7569324
7569451
7569598
7569754
7569867
7569873
7570551
7570730
7570889
7571285
7571384
7571477
7571841
7572531
7572652
7573329
7573743
7574171
7574235
7574750
7575149
7575701
7576713
7576842
7576967
7577242
7577418
7577647
7577792
7577815
7577871
7578076
7578419
7578506
7579523
7579830
7579909
7579911
7580477
7580946
7581107
7581120
7581136
7581387
7581791
7582206
7582640
7582648
7582763
7582773
7582774
7584339
7584785
7584831
7584963
7585101
7585152
7585160
7585482
7585483
7585534
7585546
7585584
7585706
7585836
7585875
7586123
7586362
7586570
7586792
7587090
7587143
7587416
7588088
7588304
7588384
7588655
7588985
7589597
7589989
7590044
7590192
7590276
7590837
7590996
7591378
7591498
7591599
7591964
7592010
7592156
7592299
7592753
7592763
7593166
7593311
7594114
7594302
7594430
7594665
7594741
7595081
7595108
7595350
7595525
7595528
7595600
7595651
7595693
7595803
7595832
7596030
7596200
7596822
7596907
7597009
7597036
7597165
7597335
7597978
7598328
7598391
7598454
7598501
7599188
7599536
7599540
7599602
7599720
7599914
7600634
7600781
7601624
7601636
7602351
7602373
7602643
7602677
7603724
7604232
7604686
7606483
7606997
7608448
7609509
7609903
7610629
7610754
7610903
7612132
7612556
7614019
7615669
7617131
7617221
7617734
7635349
7635516
7635686
7635731
7635879
7635953
7636089
7636228
7636524
7636624
7636739
7638109
7638316
7638367
7638453
7638546
7639920
7640045
7640115
7640321
7640670
7640902
7640948
7641124
7641161
7641162
7641195
7641498
7641597
7642406
7642431
7642636
7643018
7643191
7643471
7643520
7643686
7643921
7644089
7644120
7644188
7644811
7645016
7645051
7645055
7645061
7645094
7645225
7645277
7645389
7645515
7645620
7646094
7647356
7647815
7648202
7648791
7648956
7649074
7649377
7649461
7649616
7650485
7652475
7654171
7654228
7655325
7656627
7657695
7658720
7660030
7660743
7661379
7663600
7666431
7764610
7767714
7809025
7809642
7810711
7811119
7811415
7811956
7812220
7812413
7812467
7812671
7813214
7813246
7813260
7813290
7813826
7815150
7816677
7816756
7817030
7817107
7817203
7817262
7817269
7817490
7817543
7817804
7817840
7818283
7818562
7819657
7819672
7819778
7819965
7820414
7820596
7820910
7821338
7822505
7822797
7823052
7862426
7863442
8044275
8047270
8074011
8090291
8092549
8094396
8095250
8096017
8097028
8097043
8097146
8097640
8099027
8099945
8100615
8100959
8102970
8103508
8103718
8104523
8105448
8109627
8191331
8202116
8202971
8203106
8203466
8203643
8204050
8204155
8204460
8204738
8204840
8204863
8205210
8205638
8206479
8206678
8206960
8207131
8207221
8207280
8208491
8208543
8209396
8210485
8211166
8211273
8211749
8212298
8212836
8213420
8213594
8214283
8214482
8215063
8215634
8216465
8217226
8217604
8217674
8218731
8219216
8219324
8219445
8220722
8264551
8264916
8265189
8266577
8266988
8267073
8267142
8267354
8267617
8267726
8267740
8268795
8269279
8269413
8270101
8270465
8270532
8270764
8271682
8272146
8272254
8272596
8273565
8274747
8275647
8275788
8277215
8277727
8278877
8278922
8278995
8280050
8280246
8280276
8280651
8281141
8281213
8281402
8281518
8281762
8281979
8282285
8282708
8282809
8282826
8283304
8283564
8283581
8283699
8283727
8283790
8283849
8283924
8285049
8285244
8285600
8285903
8285960
8286341
8286588
8286927
8287091
8287207
8287333
8287543
8287587
8287672
8287795
8287830
8287904
8288229
8288738
8288838
8289097
8289518
8289763
8290041
8290221
8290282
8290549
8290698
8291037
8291057
8291173
8291213
8291297
8291418
8291861
8292423
8292495
8292967
8293097
8293099
8293515
8293799
8293993
8295051
8295150
8295556
8295818
8295973
8296160
8296350
8296387
8296696
8296736
8297379
8297381
8297654
8297700
8297982
8298459
8298548
8299029
8299050
8299490
8299499
8299528
8299641
8299727
8299882
8300458
8300471
8300999
8301075
8301451
8301469
8301473
8301544
8301780
8302254
8302549
8303193
8303404
8303457
8303507
8303910
8303982
8305602
8305735
8305813
8306372
8306439
8306810
8306939
8307244
8307508
8307564
8307656
8307751
8307768
8308150
8308416
8311438
8345559
8346078
8346818
8347065
8347185
8347202
8347248
8347479
8347652
8347954
8348072
8348450
8348486
8348531
8348908
8349052
8349137
8349589
8350254
8350819
8351335
8351356
8352379
8352434
8352578
8352601
8353843
8353948
8354669
8354781
8355376
8355842
8356186
8356248
8356777
8357095
8357271
8357281
8357930
8358109
8358201
8358284
8358789
8358795
8358924
8358931
8359619
8360204
8360242
8360455
8361087
8361173
8361194
8361257
8361829
8362082
8362936
8363130
8368313
8380554
8381438
8382155
8382309
8382445
8382581
8383021
8383513
8383691
8383865
8384104
8385142
8385256
8385302
8386252
8386964
8388216
8388446
8388705
8390237
8390655
8391016
8391258
8392109
8392548
8392651
8393334
8393867
8394082
8394700
8394935
8395066
8396112
8396121
8399128
8526045
8526754
8526804
8527132
8527196
8527529
8528079
8528146
8528694
8528724
8529015
8529152
8529247
8529492
8529849
8530226
8530353
8531520
8531698
8533075
8533125
8533258
8533481
8533649
8533911
8534022
8535245
8536364
8536655
8536716
8536725
8537350
8537660
8538851
8539230
8539685
8540306
8540502
8540574
8540855
8540907
8541174
8541478
8541482
8541968
8546598
8560017
8560131
8560290
8560974
8561174
8561686
8561751
8561819
8561954
8562602
8562650
8563074
8563598
8563739
8563784
8564599
8564944
8565130
8565502
8566215
8566518
8566584
8566907
8567106
8567170
8567313
8567339
8567825
8567986
8568036
8568294
8568585
8568794
8568863
8569129
8569422
8569702
8569998
8570042
8570269
8618529
8619420
8622834
8626135
8626618
8627477
8631126
8631429
8632869
8713571
8713656
8715469
8715849
8716558
8716719
8716786
8717134
8717561
8718722
8718871
8719246
8719767
8720074
8721163
8721517
8721520
8721545
8721707
8721777
8721901
8722013
8728644
8817818
8825115
8825778
8826716
8829129
8830022
8830315
8830608
8831990
8832552
8833794
8835000
8835297
8835758
8921089
8932626
8936309
8946639
8947436
8966935
8967478
8967873
8968241
8968463
8968841
8970467
8970588
8970777
8971101
8971596
8971688
8971939
8971940
8973226
8973278
8974842
8975001
8975073
8976124
8976460
8977033
8977759
8980095
8980806
8980834
8981143
8982956
8982972
8983460
8984527
9018937
9019916
9020142
9020199
9020446
9020634
9021030
9021494
9022125
9022329
9022662
9023463
9024112
9024251
9024265
9024269
9024317
9024430
9024558
9025335
9025684
9025825
9026290
9026712
9026886
9027232
9027531
9027901
9027940
9028126
9028314
9028324
9028421
9028811
9028883
9029164
9030110
9030536
9030845
9031099
9031231
9031487
9031573
9031727
9031830
9032528
9032694
9033418
9033810
9034097
9034203
9034539
9034566
9034878
9035430
9035520
9035710
9035744
9035756
9036310
9036364
9036700
9037052
9037341
9037376
9038134
9038714
9064018
9064687
9064896
9065627
9066599
9066670
9069426
9069656
9069764
9070051
9070689
9070920
9071311
9071785
9072001
9072009
9073922
9073977
9076116
9076218
9076798
9078734
9079381
9080113
9080578
9081508
9082097
9082240
9082451
9082462
9082997
9083423
9084645
9085373
9085398
9086578
9086894
9087257
9087737
9088704
9091204
9091239
9091561
9091916
9092051
9092165
9092871
9092980
9093489
9094151
9094355
9096199
9096708
9096812
9096896
9099351
9113353
9119355
9127308
9170916
9171142
9171981
9172453
9172456
9172507
9173591
9174602
9175090
9175294
9176011
9176283
9177796
9178054
9178081
9179388
9180528
9180814
9181133
9181422
9181515
9182380
9182719
9182947
9182948
9183978
9184778
9184855
9184882
9185528
9187061
9188139
9189024
9189555
9189615
9189649
9257517
9257646
9257857
9257873
9258061
9258528
9258627
9259103
9259169
9259467
9259503
9259548
9259755
9260221
9260314
9260769
9261106
9261169
9261298
9261488
9261543
9261598
9261763
9261987
9262050
9262448
9263257
9263375
9264270
9264490
9264983
9265106
9265342
9265748
9266189
9266372
9315765
9316262
9320927
9323181
9323617
9326604
9327302
9330174
9331461
9428174
9428296
9428537
9429046
9429241
9429953
9430062
9430264
9430304
9430575
9430773
9430912
9430976
9431414
9431499
9431666
9432079
9432082
9432486
9432924
9433067
9433267
9433303
9433760
9433898
9434017
9434802
9435006
9435029
9437416
9475134
9475504
9477129
9479754
9481508
9483421
9483674
9486391
9489118
9489704
9490918
9491076
9496213
9498414
9500000
9500850
9501272
9501829
9502474
9509196
9519145
9519569
9519608
9519833
9519961
9520245
9520570
9520768
9520851
9521041
9521188
9521241
9521347
9521855
9521956
9522147
9522169
9522227
9522740
9522862
9523241
9523613
9523726
9524016
9524075
9524206
9524651
9525591
9525691
9526381
9526436
9526570
9526788
9527129
9527365
9527542
9527681
9527689
9527826
9528152
9529020
9529535
9530007
9530639
9530701
9530903
9531149
9531166
9531385
9531450
9532164
9532219
9533083
9533853
9534113
9534377
9534637
9534828
9534876
9535258
9535351
9535742
9536460
9536595
9536859
9537067
9537521
9537564
9537678
9537894
9538173
9538283
9538489
9539159
9539161
9539394
9539415
9539928
9540413
9540686
9540921
9542028
9542861
9542886
9543194
9543869
9544143
9544172
9544191
9544611
9544705
9544800
9545001
9545075
9546053
9546479
9546612
9546836
9547208
9547932
9548702
9549101
9549245
9549793
9550010
9550135
9550593
9550854
9551421
9551572
9552393
9553033
9553255
9553732
9553821
9553906
9554058
9554540
9555104
9555214
9555307
9555308
9555375
9555505
9555708
9556192
9556193
9556704
9556862
9557008
9557278
9557621
9557671
9558100
9559214
9559252
9559269
9559313
9559341
9559366
9559574
9560133
9610211
9619190
9643004
9643942
9660470
9661505
9662623
9662965
9663186
9663409
9663415
9665014
9665979
9666160
9666269
9667045
9667056
9668003
9668863
9670739
9670785
9671159
9671562
9675934
9682944
9683144
9702423
9750229
9754209
9766796
9843073
9844296
9844596
9849400
9854401
9855300
9855425
9855546
9855699
9855814
9855823
9855843
9855949
9856130
9856180
9856391
9856540
9857082
9857115
9857172
9857287
9857360
9857456
9857533
9857544
9857633
9857989
9858053
9858131
9858513
9858530
9858622
9858824
9859983
9860144
9860502
9860728
9861126
9861455
9861630
9862245
9862630
9862718
9862728
9863401
9864041
9864109
9864848
9864960
9865136
9865229
9865293
9865313
9865625
9865843
9865991
9866045
9866186
9866815
9867189
9867358
9867373
9867437
9867858
9868194
9868234
9869214
9869396
9869871
9870103
9870509
9871078
9871181
9871500
9871536
9871628
9871996
9872123
9872201
9872292
9872299
9872358
9872651
9872797
9873078
9873379
9873485
9873959
9874633
9875398
9875561
9875633
9876202
9876484
9876670
9876711
9877127
9877312
9877775
9877785
9878754
9878757
9878962
9879250
9879506
9879736
9880283
9880553
9880787
9881008
9881149
9881297
9881455
9881578
9881606
9882173
9882393
9882473
9882832
9882932
9883426
9883683
9884130
9884357
9884605
9885266
9885315
9885620
9886006
9886043
9886073
9886352
9886397
9886723
9886779
9887087
9887505
9887732
9887838
9888416
9888593
9888935
9889571
9889736
9889906
9890052
9890522
9890948
9890963
9892262
9893121
9894148
9895056
9896889
9898608
9899236
9899385
9899481
9899856
9901177
9901201
9903528
9904074
9906274
9909168
9909203
9909277
9909293
9910018
9910272
9910310
9910964
9911269
9911360
9911801
9911833
9911840
9912085
9912199
9912691
9912835
9913167
9913331
9913461
9914232
9914524
9914593
9914692
9914705
9914830
9914836
9915297
9915340
9915494
9916010
9916056
9916177
9916500
9916577
9916746
9916833
9916922
9917092
9917601
9917930
9919338
9919786
9919942
9920278
9920546
9920587
9920592
9921888
9921995
9922278
9922417
9922530
9922653
9922686
9923085
9923376
9923637
9923877
9923948
9924145
9924650
9925842
9926323
9926680
9926712
9927315
9927339
9927693
9927758
9928047
9928562
9928577
9928687
9929496
9929850
9930901
9931136
9933394
9933903
9935909
9936212
9937017
9937542
9937699
9937905
9939102
9939672
9939987
9940546
9940737
9941570
9948411
9956745
9957010
9957604
9957837
9958082
9958318
9958369
9958949
9959014
9959224
9959433
9959445
9959728
9959736
9959753
9959781
9960231
9961132
9961355
9961892
9961983
9962174
9962177
9962374
9962462
9962524
9962910
9963445
9963853
9964122
9964203
9964317
9964384
9964494
9964907
9965281
9965516
9965725
9965775
9965795
9966215
9966372
9966779
9967582
9968512
9968560
9968727
9968986
9969070
9969468
9969647
9969976
9970024
9970381
9970465
9970567
9971264
9971510
9971735
9972400
9972632
9972933
9973095
9973744
9973857
9974136
9974871
9974986
9975881
9975955
9976340
9977257
9977471
9977984
9978165
9978351
9978524
9979266
9979500
9979521
9980102
9980125
9980201
9980237
9980661
9981613
9981721
9982432
9982562
9983929
9984051
9984840
9985053
9985179
9985537
9985619
9985647
9985726
9986100
9986353
9986518
9986671
9986723
9986942
9987415
9987455
9987675
9987794
9987965
9988370
9988668
9989458
9989719
9990198
9990321
9990327
9991155
9991157
9991420
9992864
10041359
10042127
10043976
10047052
10049599
10049864
10054127
10055667
10055813
10055975
10056101
10056896
10057005
10057412
10058050
10058194
10058719
10058917
10059828
10059875
10060047
10060294
10060476
10060600
10061181
10061281
10061668
10062031
10062505
10062680
10062916
10063712
10064004
10064006
10064089
10064807
10065010
10065728
10065777
10065823
10067127
10067985
10068548
10068935
10069099
10069921
10070500
10071298
10071751
10071846
10072210
10072373
10072453
10072860
10073594
10073847
10073862
10073930
10074180
10074614
10074711
10074933
10075357
10075840
10076295
10076297
10076437
10076818
10076837
10077160
10077279
10077835
10078037
10078589
10079219
10079249
10079745
10079753
10080132
10080521
10080720
10080744
10082074
10082125
10082258
10082373
10082498
10082505
10082601
10083472
10086789
10090625
10096684
10154288
10154728
10156082
10157609
10158070
10158645
10163067
10165920
10248682
10248921
10248930
10249345
10249356
10249394
10249550
10249575
10249615
10249918
10249993
10250032
10250228
10250417
10250453
10250740
10250947
10250948
10251621
10251789
10251980
10252150
10252304
10254060
10254061
10254105
10254132
10254612
10254962
10254997
10255115
10255669
10255747
10255840
10256422
10256479
10256893
10256964
10257125
10257133
10257254
10257371
10258116
10258268
10258760
10258826
10258881
10260258
10260289
10260536
10261200
10261353
10261418
10261789
10262075
10262224
10262305
10262327
10262331
10262352
10262677
10262856
10263238
10263597
10264131
10264408
10264464
10264652
10265525
10266338
10266610
10266826
10267108
10267164
10267311
10267346
10267550
10267681
10269443
10270502
10270643
10270933
10271241
10272243
10272594
10272699
10272895
10272924
10273356
10273380
10274042
10274409
10274577
10274694
10275459
10275481
10275690
10275888
10275921
10277216
10277285
10277427
10278115
10278185
10278796
10279352
10279883
10280106
10281638
10281809
10281945
10282521
10282559
10283451
10284080
10284214
10284846
10284874
10284924
10284999
10286556
10287090
10287760
10288143
10290935
10295651
10296290
10296463
10296477
10297051
10297364
10298735
10299410
10304549
10413155
10413440
10414153
10414343
10414754
10415109
10415155
10415275
10415363
10415848
10416124
10416232
10416437
10416863
10416905
10417305
10417569
10418107
10418218
10418564
10418867
10419590
10419751
10420217
10421010
10421143
10422091
10422557
10422762
10422873
10423823
10423830
10424079
10424612
10424690
10424761
10424964
10425003
10425006
10425126
10425617
10425802
10426071
10426877
10427263
10427494
10428710
10428724
10428775
10429648
10429903
10430129
10430198
10430323
10430341
10430398
10430605
10430841
10430893
10431095
10431984
10432173
10432636
10432760
10432907
10433212
10433359
10433945
10434106
10434376
10434548
10434712
10435166
10435178
10435334
10435728
10436082
10437036
10438340
10438347
10439606
10439882
10440061
10440382
10441081
10446367
10446801
10447551
10448416
10448915
10448917
10448993
10449318
10454550
10491425
10491832
10492977
10494047
10495112
10497021
10497267
10497783
10497908
10498196
10498436
10499139
10500459
10501696
10501707
10506541
10519446
10556952
10556966
10557062
10557137
10557495
10557561
10557595
10558210
10558722
10558780
10558826
10559020
10560471
10561438
10561485
10561784
10562854
10563094
10563488
10563856
10564477
10565408
10565420
10565908
10566801
10567343
10567624
10567929
10567984
10568140
10568829
10569215
10569374
10570946
10571302
10572059
10572061
10572471
10574217
10574367
10574532
10574802
10574913
10574941
10575052
10575223
10575243
10575561
10576749
10577054
10577170
10577634
10577878
10578171
10578896
10578963
10579681
10579709
10579816
10580124
10580170
10580441
10580477
10580922
10581048
10581268
10581409
10582269
10582766
10582771
10583202
10583217
10583307
10583668
10583749
10583779
10583783
10583842
10584025
10584079
10584137
10584179
10584502
10584964
10585063
10585240
10586335
10586439
10587355
10587576
10587811
10588151
10588395
10588496
10588766
10588956
10589093
10591167
10650576
10650592
10650885
10651358
10652957
10655881
10656559
10658075
10658361
10658364
10658870
10658961
10659155
10659485
10659719
10659820
10659866
10660142
10660679
10661603
10661657
10661741
10661831
10662259
10662353
10662530
10662627
10663233
10663513
10663540
10663762
10664105
10664608
10664725
10664952
10665075
10665311
10665522
10665792
10665827
10666229
10666244
10666467
10666646
10666965
10667016
10667226
10667756
10667823
10667931
10668151
10668758
10669125
10669278
10669289
10669323
10669342
10669474
10670161
10670330
10670784
10671467
10671529
10671740
10672852
10672890
10672983
10673000
10674486
10710369
10721799
10724353
10724620
10726104
10727136
10727492
10727494
10728000
10729056
10729857
10730599
10731644
10732217
10732482
10732760
10732844
10733380
10734174
10734477
10736189
10736259
10737359
10738320
10738443
10739659
10740286
10740539
10741818
10742530
10743124
10743502
10744105
10744954
10745898
10746553
10746680
10747579
10748378
10748676
10750423
10751445
10751461
10781074
10781137
10782440
10782466
10782983
10784227
10784374
10784424
10784463
10785488
10785941
10786195
10786312
10786587
10787496
10787777
10788512
10788665
10789141
10789270
10789606
10789926
10790483
10790865
10790978
10791040
10791941
10792417
10793282
10794088
10794220
10794530
10794831
10795324
10795693
10795845
10796636
10799548
10833987
10834201
10834485
10834584
10834698
10834771
10834831
10835319
10836356
10836654
10837567
10837703
10837776
10838248
10838287
10838592
10839189
10839385
10840628
10840741
10840814
10841583
10841853
10841878
10841931
10841951
10842267
10842796
10843515
10843667
10843676
10843678
10843686
10843892
10844026
10844103
10844252
10844339
10844558
10844691
10844893
10845197
10845547
10845637
10845668
10846710
10846991
10847662
10847718
10848701
10849123
10849243
10849367
10849443
10849582
10850561
10851118
10851215
10851332
10852158
10852642
10853865
10854063
10854112
10854223
10854266
10854309
10856107
10856272
10856891
10856986
10857258
10857405
10857793
10858589
10858812
10859064
10859321
10859362
10859854
10860154
10860444
10860464
10860790
10861197
10861517
10861672
10862513
10862783
10862858
10898096
10899745
10899902
10903801
10904361
10904859
10907294
10911213
10911377
10911401
10911468
10911637
10911814
10911844
10912146
10912185
10912570
10912936
10913036
10913186
10913289
10913294
10913299
10913440
10913691
10914351
10915158
10915203
10915350
10915445
10915693
10915705
10915936
10916320
10916811
10916822
10917021
10917370
10917519
10917697
10918027
10918074
10918142
10918238
10918405
10918407
10918881
10919299
10919538
10919861
10920074
10920216
10920239
10920509
10920601
10920787
10921240
10921618
10921673
10921701
10922129
10922197
10922285
10922291
10922317
10922394
10922417
10922624
10923247
10923912
10924078
10924339
10924812
10924954
10925278
10925394
10926306
10927205
10931017
10931064
10933414
10933497
10934146
10935459
10935917
10935981
10939610
10940181
10942108
10942276
10942670
10942690
10943890
10944668
10946020
10946060
10946158
10946746
10948102
10948205
10948446
10948568
10948778
10949768
10951158
10951516
10951707
10952231
10953124
10953919
10953927
10954725
10954985
10955662
10956226
10957202
10957216
10957788
10958098
10958398
10958731
10958745
10959862
10964650
10992783
10992904
10992954
10994810
10995610
11003306
11003437
11003509
11003681
11003833
11004309
11004728
11004810
11005314
11005413
11005559
11005812
11007439
11007720
11008115
11008247
11008615
11009384
11009866
11010281
11010852
11012244
11012265
11012558
11013007
11013188
11013620
11014037
11014303
11014661
11014727
11014970
11015048
11015526
11016734
11017824
11018032
11018263
11019756
11020552
11020789
11020994
11022401
11022605
11024920
11055549
11055985
11056429
11056581
11057474
11057626
11057824
11057836
11058112
11058132
11058400
11058727
11059402
11059714
11060007
11060423
11061248
11062319
11063459
11063528
11064232
11064449
11064869
11065043
11066471
11066692
11066704
11067600
11068152
11068483
11068637
11068982
11069052
11069059
11069300
11069573
11069695
11069942
11070245
11070394
11070696
11071139
11071157
11071214
11071439
11071576
11071608
11071762
11072102
11072481
11072892
11073011
11073153
11073187
11073329
11073377
11073566
11073648
11073709
11073757
11074387
11074396
11074503
11074921
11074962
11075201
11075426
11075659
11075807
11075915
11076336
11076337
11076784
11077712
11078404
11078973
11079304
11079558
11080164
11087294
11103460
11103490
11103596
11103710
11103841
11103863
11104004
11104569
11104861
11105212
11105372
11105770
11105822
11105831
11106036
11106230
11106270
11106576
11106872
11106950
11107022
11107102
11107105
11107551
11107552
11107671
11107696
11108006
11108118
11108157
11108185
11108468
11108556
11109202
11109238
11109299
11109680
11110274
11110594
11110851
11110910
11110964
11111297
11111806
11111891
11112989
11113172
11113600
11113619
11113666
11113909
11113969
11114445
11114449
11114552
11115113
11115299
11115309
11115313
11115431
11115496
11115505
11115533
11115584
11116307
11117459
11117734
11117840
11117964
11118158
11118169
11118244
11118759
11148616
11149266
11151444
11151598
11151776
11152121
11153664
11154581
11154683
11155283
11155473
11155550
11156427
11156980
11157133
11157317
11157333
11157532
11158040
11158759
11159545
11161113
11161349
11195587
11196070
11196385
11197412
11197562
11198014
11198185
11198348
11198625
11198993
11199541
11199658
11199706
11201856
11202755
11202840
11203908
11204020
11204245
11204471
11205031
11205104
11205412
11205638
11205767
11206385
11206888
11206986
11207016
11207627
11209670
11209830
11210000
11211748
11212428
11212967
11219085
11223213
11289790
11290269
11290945
11290957
11291007
11291018
11291847
11292076
11292293
11292309
11292335
11292396
11292505
11292643
11292954
11293443
11293445
11293719
11294049
11294701
11294963
11295259
11295654
11295660
11295749
11295816
11295972
11296177
11296267
11296918
11296937
11296961
11296967
11297248
11297602
11297728
11298321
11298410
11298474
11298487
11298823
11299797
11299906
11300868
11301105
11301177
11301402
11301786
11301863
11302160
11302222
11304061
11334240
11335482
11340128
11340544
11343739
11343835
11346759
11347554
11348071
11350181
11355357
11355412
11356520
11357908
11359439
11365831
11366634
11367228
11368100
11369043
11370780
11370990
11372478
11374565
11376138
11377958
11378216
11379434
11380207
11380272
11380845
11381449
11383576
11384315
11384348
11384408
11385768
11386838
11386876
11387555
11387575
11387803
11388348
11388621
11388652
11388668
11424849
11426064
11426100
11426147
11426318
11426385
11426446
11426555
11426561
11426796
11426917
11427012
11427079
11427121
11427349
11427645
11427990
11428081
11428477
11428649
11428765
11428780
11429710
11429828
11430007
11430189
11430232
11430952
11430962
11431124
11431466
11432617
11432660
11432861
11433706
11433803
11434109
11434313
11434376
11434584
11434666
11435322
11435392
11435641
11436174
11436562
11436886
11437723
11437916
11438347
11438362
11438484
11439023
11439370
11439533
11439836
11440133
11440215
11441139
11442160
11489535
11489540
11490439
11490444
11491100
11491443
11491503
11492019
11492247
11492691
11493071
11493241
11493420
11493776
11493818
11494112
11494139
11494409
11494796
11494820
11495018
11495841
11496028
11496319
11496366
11496879
11496940
11496985
11497358
11497646
11497711
11497759
11497921
11498058
11498186
11498651
11498671
11499029
11499976
11500150
11500598
11500620
11500686
11500749
11500816
11502559
11565005
11565819
11566726
11568492
11569336
11570416
11571017
11573712
11574861
11576458
11579967
11580167
11615262
11615423
11615472
11615818
11616128
11617584
11617689
11618537
11618857
11620010
11620062
11621058
11621597
11621909
11621989
11622147
11622309
11622333
11622838
11622928
11623091
11623499
11623503
11623589
11624034
11624056
11625299
11625428
11625531
11627746
11633716
11708799
11708886
11708941
11709111
11709119
11709185
11709405
11709419
11709421
11709708
11710433
11710590
11710603
11711465
11711530
11712245
11712426
11712454
11714157
11714219
11714281
11714420
11714701
11714751
11715103
11715506
11715581
11715687
11715718
11715782
11715955
11716240
11716586
11716848
11716852
11716888
11717095
11717253
11717314
11717478
11717976
11718389
11718509
11718611
11718974
11719564
11719863
11719921
11719978
11720258
11720473
11720755
11720802
11720993
11721118
11721155
11721176
11721320
11721832
11721936
11722548
11722920
11723061
11723215
11723383
11723459
11724169
11724687
11724925
11724952
11725597
11725782
11725784
11726683
11726831
11726943
11727390
11727417
11727719
11727981
11728394
11728544
11728565
11728712
11729462
11729692
11729947
11730075
11730089
11730131
11730194
11730377
11730390
11730483
11730823
11730940
11731102
11731244
11731431
11731545
11731717
11731776
11731790
11731936
11732380
11732944
11733218
11733350
11733614
11733641
11734327
11734620
11734727
11734868
11734963
11735017
11735285
11735457
11735546
11735680
11735793
11736019
11736643
11737665
11737821
11738017
11738082
11738444
11738461
11738610
11738640
11739285
11739458
11739673
11739851
11740471
11740844
11741251
11741443
11741525
11741687
11741721
11742138
11742493
11743589
11743939
11745741
11757651
11757693
11758133
11758318
11758361
11760189
11760661
11760688
11761226
11761602
11761825
11762940
11763485
11764180
11764713
11764740
11764963
11765180
11765448
11765652
11766009
11766248
11766395
11766489
11766622
11766760
11767290
11767777
11767780
11767846
11767861
11768441
11768463
11768549
11768576
11768786
11769037
11769228
11769636
11770165
11770176
11770459
11770542
11771535
11772054
11772340
11772415
11772839
11773481
11774055
11774078
11774351
11774754
11775099
11775227
11775652
11776142
11776205
11776396
11776664
11776869
11776947
11777138
11777303
11777312
11777516
11778233
11778479
11779267
11779460
11779522
11779770
11779974
11780582
11781358
11781489
11781548
11781570
11782105
11782725
11783614
11783656
11783790
11784172
11784614
11784879
11785105
11785171
11785261
11785335
11785533
11785536
11785815
11786164
11786196
11786392
11787032
11787165
11787639
11788114
11788282
11788524
11788661
11789244
11789639
11789809
11790760
11791019
11791084
11791322
11791714
11791904
11792234
11792549
11794893
11812630
11813187
11813393
11814006
11814147
11814177
11817236
11817380
11817591
11817656
11818174
11818341
11818395
11819539
11820283
11820558
11820719
11821342
11822277
11822411
11822842
11823141
11823765
11824225
11828843
11829305
11832246
11832387
11840389
11866009
11866125
11866642
11867245
11867957
11868138
11868815
11869018
11869432
11870247
11870661
11870903
11871575
11873581
11874335
11874931
11875154
11875250
11875338
11875445
11875548
11875635
11876131
11876399
11876590
11876640
11877093
11877242
11877736
11880087
11880251
11880676
11880899
11881928
11900154
11913319
11913410
11913700
11913732
11913798
11913961
11914059
11914666
11914765
11915049
11915184
11915752
11916600
11916646
11916802
11917377
11917644
11918493
11918954
11919619
11920040
11921629
11921677
11921833
11922249
11923184
11923831
11925405
11926564
11927504
11929549
11930161
11930355
11930428
11931646
11932095
11932409
11932678
11932712
11932761
11932882
11933495
11933728
11933816
11934583
11934658
11934715
11935216
11935736
11936051
11936567
11937058
11937324
11937439
11937756
11938212
11938552
11939067
11939431
11939965
11940011
11940086
11941299
11941312
11941590
11941995
11942219
11942577
11942701
11942728
11943282
11943338
11943443
11943485
11943807
11943828
11944000
11944018
11944642
11944821
11944920
11944926
11945966
11946675
11946689
11946856
11949893
11963765
11963979
11964237
11964331
11964823
11965362
11965382
11965659
11966186
11966610
11967679
11968114
11968145
11968646
11968751
11969143
11969215
11969359
11969377
11969460
11969726
11969825
11970300
11970357
11970451
11970671
11971061
11971507
11971628
11972061
11972097
11972515
11973106
11973270
11973735
11973895
11974111
11974905
11975013
11975385
11975401
11975650
11976744
11977106
11977436
11977437
11977470
11977778
11978919
11980069
11980415
11982118
11984119
11984891
11986304
11986355
11987957
11988761
11989944
11992485
11992516
11993476
11994557
11994626
11994963
12001017
12002137
12025256
12028436
12032987
12033759
12034697
12149732
12152661
12178885
12179125
12179433
12179497
12179912
12181125
12181878
12183935
12184005
12184461
12185023
12186379
12187516
12188289
12189581
12190389
12190643
12191395
12191502
12192979
12193881
12194329
12194557
12195358
12195442
12196606
12196795
12198167
12198171
12198536
12198683
12198785
12198948
12199569
12199716
12199939
12199998
12200789
12200930
12201295
12201370
12201927
12202230
12202501
12202591
12203321
12203357
12203512
12203670
12204541
12204821
12205142
12205877
12212245
12225390
12225467
12225624
12226073
12226291
12226311
12226480
12226558
12227146
12227702
12227780
12227876
12228134
12228443
12228455
12228591
12229241
12229474
12230040
12230078
12230329
12230336
12230523
12231886
12232025
12232675
12232761
12233140
12233205
12233694
12233834
12234523
12234809
12234966
12235622
12235722
12235839
12237037
12237044
12237076
12237554
12237607
12237985
12238206
12238364
12238704
12239308
12239776
12239944
12239951
12240200
12241612
12241896
12241954
12242103
12242253
12242880
12242911
12243132
12243292
12245767
12245974
12409255
12409741
12409931
12410116
12410286
12411598
12411923
12412267
12413632
12413731
12415285
12415940
12416072
12416639
12416887
12417028
12417590
12417794
12419788
12419926
12419946
12421666
12421993
12422592
12423330
12424989
12426594
12430077
12430191
12519039
12519294
12519482
12519684
12519940
12520023
12520345
12520744
12520760
12520936
12520941
12521346
12521590
12521643
12521713
12521793
12521849
12521864
12522397
12522529
12522668
12522678
12523469
12523575
12523905
12523995
12524505
12524528
12524805
12525184
12525200
12525376
12525381
12525693
12525889
12526166
12526212
12526286
12526901
12527178
12527367
12527517
12527567
12528142
12528217
12528279
12528888
12529414
12529593
12529629
12530028
12530147
12530264
12530506
12530510
12530658
12530942
12530976
12531249
12531481
12531652
12531718
12531877
12531910
12532749
12532966
12533354
12533568
12533654
12533863
12534089
12534692
12534703
12534858
12534967
12535348
12535411
12536130
12536270
12536307
12536695
12537300
12537631
12537855
12537882
12537885
12539279
12539459
12540616
12540684
12541177
12541254
12541511
12542121
12542406
12542667
12542676
12542794
12543106
12543188
12543287
12543624
12543674
12543956
12544078
12544132
12544713
12545112
12545209
12545469
12545566
12545863
12546021
12546632
12546821
12546849
12547415
12547590
12547818
12547858
12548294
12548346
12548423
12548505
12548984
12549062
12549556
12549903
12550142
12550340
12550466
12550596
12550970
12551058
12551141
12551239
12552673
12552735
12553257
12553298
12553540
12553790
12554043
12554174
12554366
12554990
12555280
12555873
12556072
12556083
12556153
12556157
12557015
12557107
12560658
12563755
12565708
12608730
12609089
12609376
12610019
12610318
12610345
12610998
12611466
12612927
12613104
12613547
12614056
12614976
12616295
12616738
12617210
12617967
12618012
12618670
12620119
12620384
12673154
12679084
12679474
12679507
12679978
12680645
12680666
12680779
12680824
12681222
12681318
12681472
12681804
12681909
12682049
12682387
12682955
12683441
12683686
12683929
12684088
12684215
12684358
12684373
12684862
12685371
12685458
12685825
12685999
12686083
12686109
12686681
12686749
12686818
12687218
12687357
12687707
12687710
12687918
12687961
12688052
12688140
12688242
12688316
12689398
12689535
12689625
12689663
12689890
12690102
12690744
12690976
12691006
12691070
12691207
12691421
12698536
12700649
12701612
12726042
12727391
12727648
12730522
12730598
12730876
12731140
12735469
12735558
12762541
12762687
12762895
12762917
12763065
12763387
12763428
12763793
12763809
12763886
12763894
12764203
12764223
12764455
12765464
12765593
12765881
12765927
12766142
12766328
12767068
12767076
12767157
12767324
12767351
12768140
12768577
12769000
12769174
12769247
12769262
12769527
12769698
12769944
12770053
12770769
12771437
12771867
12772252
12772312
12772803
12773123
12773546
12773992
12774018
12775157
12775490
12775506
12775596
12776185
12776276
12776502
12776588
12776590
12777183
12777615
12778046
12778059
12778622
12779142
12780534
12782035
12785941
12796942
12797417
12799018
12799710
12799877
12800033
12801039
12802208
12802360
12803140
12806298
12807430
12807940
12808556
12810372
12811976
12898509
12899991
12900169
12900562
12901071
12901536
12901780
12902106
12902388
12902868
12903196
12903209
12903259
12903581
12903836
12903912
12904079
12904154
12904326
12904381
12904447
12904536
12904714
12904779
12905005
12905050
12905120
12905220
12905467
12905495
12905895
12906683
12906752
12907084
12907129
12907614
12907834
12908403
12908473
12908498
12909159
12909698
12910081
12910431
12910434
12910660
12911453
12911552
12911599
12911638
12911830
12912052
12912313
12912804
12914779
12915079
12915097
12915863
12916510
12916775
12916895
12918668
12919312
12919416
12920019
12920086
12921961
12922100
12922245
12923002
12923334
12923535
12924197
12924713
12924795
12925173
12925227
12925451
12926439
12926669
12926712
12927786
12928181
12928269
12930800
12932252
12932290
13177821
13177856
13177945
13178358
13178558
13178653
13178694
13178730
13178790
13178945
13179034
13179423
13179604
13180073
13180187
13180369
13180378
13180806
13181058
13181262
13181409
13181441
13181587
13181662
13181757
13181785
13182252
13182501
13182862
13182868
13183523
13184739
13185277
13185424
13185548
13185635
13185822
13186756
13186764
13186916
13187065
13187231
13187587
13188040
13188617
13189240
13189306
13189622
13190312
13191796
13194332
13203532
13203770
13204818
13204906
13205093
13205119
13205330
13205383
13206027
13206630
13206762
13207231
13207520
13207640
13208064
13208080
13208610
13208628
13208913
13209157
13209554
13209640
13209662
13209978
13211203
13211249
13211486
13212253
13212346
13212450
13212735
13212818
13212844
13213144
13213489
13213721
13213757
13214088
13215889
13216115
13216450
13216492
13216590
13217403
13220653
13222225
13286857
13324579
13324702
13325320
13326297
13326329
13326788
13326811
13326891
13327194
13328941
13329517
13331789
13331806
13332720
13333794
13334630
13334691
13335151
13335373
13335424
13336633
13336939
13337051
13337204
13337767
13339140
13339748
13346557
13361024
13361563
13362106
13362237
13364238
13366356
13366823
13367029
13367097
13367245
13367836
13369892
13372804
13384970
13385051
13385214
13386358
13388920
13389323
13391057
13391117
13393097
13393581
13394106
13397710
13400182
13400385
13400654
13401829
13480195
13480567
13481094
13481901
13482877
13483448
13483815
13485665
13486781
13487020
13487237
13487408
13489032
13489173
13490422
13492119
13494125
13495062
13495840
13498409
13498439
13499348
13500006
13500077
13500154
13500538
13500625
13500649
13500690
13500811
13500963
13501111
13501697
13501929
13502402
13502776
13502900
13502945
13503188
13503321
13503726
13504018
13504213
13504837
13504944
13505346
13505430
13505559
13505682
13505875
13506560
13507245
13507537
13507699
13507963
13508648
13509179
13509425
13509447
13509451
13509649
13509694
13509953
13510205
13510430
13510510
13510705
13510747
13510752
13510792
13511264
13511588
13512259
13512401
13512517
13512567
13513502
13514033
13514530
13514796
13515387
13515476
13516203
13516549
13516942
13517168
13517322
13517695
13517826
13521026
13524615
13536110
13536223
13536252
13536254
13536949
13537078
13537792
13538232
13538454
13538832
13538866
13539211
13539386
13539401
13539512
13539753
13540073
13540480
13540511
13540875
13540905
13541075
13541774
13542017
13543101
13543118
13543153
13543443
13543507
13543745
13543924
13543945
13544250
13544681
13544859
13545052
13545107
13545186
13545425
13545637
13545912
13545983
13546279
13546346
13546697
13546929
13546989
13547318
13547395
13547513
13547743
13547755
13547989
13548246
13548293
13548326
13548416
13548541
13548894
13549356
13549472
13549570
13549708
13549758
13550054
13550591
13550647
13551208
13551440
13551467
13551729
13552301
13552760
13552908
13552935
13553231
13553362
13553620
13553859
13553891
13558033
13558334
13558748
13559104
13560537
13561854
13562330
13564766
13566650
13569520
13569632
13615041
13615315
13615665
13615811
13615866
13615887
13615972
13616034
13616037
13616133
13616590
13616783
13616932
13616937
13617151
13617154
13617443
13617780
13618310
13618389
13618691
13618897
13619150
13619499
13619590
13619732
13619758
13620830
13621870
13622975
13623003
13623066
13623330
13623918
13625100
13625278
13625928
13625993
13627049
13627311
13627626
13627818
13628194
13628556
13628737
13628755
13628811
13628842
13628867
13632229
13665717
13666282
13666452
13672086
13672282
13674452
13674732
13675824
13675830
13676368
13678546
13681149
13681900
13682882
13682999
13683014
13684404
13684408
13684531
13684619
13684941
13686253
13686348
13686728
13686837
13687896
13688444
13688535
13689385
13689882
13690167
13690673
13690691
13690817
13691189
13691596
13691940
13693055
13694204
13697659
13729607
13779003
13779212
13779956
13779957
13780520
13780567
13780669
13781227
13781350
13782006
13782033
13782084
13782094
13782146
13782315
13782483
13782823
13782922
13783052
13784121
13784406
13784496
13784555
13784759
13784849
13785478
13785484
13785586
13785696
13785957
13785997
13786005
13786266
13786310
13786824
13787110
13787133
13787519
13787676
13787887
13787894
13787914
13788155
13788704
13789384
13789474
13789968
13789985
13790083
13790345
13790547
13790597
13790641
13790857
13791153
13791422
13791442
13791750
13791838
13792263
13792502
13792548
13792927
13793147
13793177
13793189
13793362
13793751
13793790
13794007
13794008
13794052
13794084
13794317
13794351
13794449
13794459
13794512
13794740
13794798
13794811
13794831
13795432
13795483
13796042
13796189
13796731
13797238
13797307
13797612
13797960
13798515
13798590
13799139
13799544
13799572
13800425
13801187
13801421
13801766
13801865
13801991
13802759
13803684
13803829
13803898
13803983
13804011
13805044
13805054
13805143
13805426
13805991
13806213
13806261
13806269
13806679
13806690
13806709
13806752
13807272
13807808
13808210
13810011
13810434
13811224
13811396
13811399
13811403
13811452
13811660
13811842
13811870
13811964
13812173
13812264
13812418
13812644
13812751
13812865
13817929
13851140
13884181
13884779
13885593
13889298
13890439
13894377
13896071
13901555
13901624
13903395
13905852
13906477
13910392
13910613
13911639
13911959
13916625
13959908
13999890
14005327
14008499
14027406
14027453
14027457
14028256
14028578
14028593
14028746
14029187
14029201
14029303
14029388
14029410
14029445
14029621
14029974
14030548
14030580
14030581
14030824
14030923
14031587
14031857
14031861
14032165
14032240
14032428
14032690
14032735
14032854
14032977
14033200
14033526
14033841
14033916
14034145
14034318
14034522
14034763
14034798
14035795
14035960
14036282
14036507
14036903
14037866
14037887
14048225
14048237
14048311
14048401
14048500
14048826
14049192
14049395
14049615
14049970
14049986
14050126
14051957
14052179
14052827
14053166
14053539
14053698
14053997
14054179
14055978
14056766
14057052
14057099
14057609
14058084
14058172
14058330
14058410
14058784
14058947
14058993
14059482
14059756
14060546
14060646
14061747
14062068
14062270
14062381
14062435
14063116
14063264
14063311
14063426
14063625
14063869
14064140
14064575
14065148
14065153
14065368
14065695
14065772
14065786
14066003
14067943
14068291
14069472
14070642
14070867
14070983
14071509
14071735
14072535
14072938
14073045
14073108
14073393
14074297
14074867
14074915
14074976
14074992
14075054
14075096
14075402
14075452
14075466
14075554
14076099
14076223
14076337
14076995
14077067
14077077
14077251
14077779
14078052
14078118
14079214
14079666
14082143
14098433
14102294
14139892
14141454
14142090
14142100
14142164
14142904
14142956
14143423
14143434
14143913
14144160
14144310
14144461
14144503
14144690
14145024
14145035
14145389
14146095
14146526
14146623
14147555
14147884
14148219
14148246
14148646
14149224
14149448
14151013
14170643
14265533
14269441
14273120
14273684
14288276
14381931
14382410
14383693
14384004
14384126
14384877
14386367
14386734
14387580
14387928
14388248
14388705
14388950
14389472
14390022
14390862
14391218
14391991
14392356
14392523
14392571
14392670
14393199
14393208
14393405
14393508
14393590
14394157
14394569
14397150
14397365
14397376
14397662
14398234
14398633
14398943
14399534
14399952
14400291
14400367
14405560
14407147
14408248
14416200
14416204
14416666
14416957
14417825
14418975
14418982
14419276
14420132
14420487
14420494
14421694
14424178
14424267
14424434
14424823
14425174
14426143
14426739
14427064
14430070
14430448
14431897
14474222
14502536
14503416
14529297
14530522
14534273
14549315
14549613
14549992
14550265
14550519
14552509
14552979
14553151
14553317
14553501
14553722
14554043
14554209
14554570
14554583
14555035
14555564
14555644
14555844
14556306
14556558
14556624
14556660
14556966
14557633
14557995
14558249
14558919
14558938
14559151
14559248
14559434
14560678
14560903
14561557
14561700
14562188
14562366
14562663
14565274
14567914
14569413
14598915
14618127
14618501
14618712
14618834
14619292
14619765
14619815
14620236
14620780
14621760
14621850
14622146
14622851
14623437
14624508
14625923
14625941
14626820
14627137
14627979
14629006
14629176
14630169
14630348
14631177
14631872
14632408
14632663
14632667
14634260
14634884
14635277
14635316
14635698
14636212
14636249
14636276
14636416
14638175
14638772
14639323
14640083
14640869
14641552
14642096
14645194
14646588
14646989
14647313
14647560
14647654
14648317
14648880
14649021
14649107
14650133
14650670
14652219
14652871
14882178
14882280
14882514
14882666
14883010
14883499
14883588
14885885
14886154
14888177
14888476
14888579
14889380
14889659
14889704
14889896
14890577
14890629
14891681
14892296
14892830
14893041
14893143
14895111
14895739
14896432
14896536
14896542
14896765
14902670
15030846
15030882
15031017
15032246
15032756
15032881
15033919
15034119
15035021
15035304
15036345
15037020
15039337
15039932
15040022
15040740
15040941
15041417
15041877
15042813
15045887
15046472
15046930
15047297
15047561
15047739
15048375
15048622
15048961
15049292
15049957
15050296
15050917
15050953
15051073
15051144
15051265
15051309
15051512
15052631
15053840
15053909
15054376
15054419
15054678
15055056
15055407
15055789
15056017
15056607
15056778
15057167
15057191
15057958
15059319
15059677
15060574
15060822
15060847
15060938
15061576
15062315
15062401
15062871
15067813
15069547
15070050
15072091
15073865
15080598
15081421
15161816
15161832
15162314
15162779
15163112
15163776
15163934
15164148
15164672
15165565
15165707
15165712
15165756
15165758
15165989
15166183
15166585
15166691
15166789
15166868
15167053
15167189
15167236
15168052
15168126
15168237
15168289
15168643
15168850
15169129
15169607
15169880
15170133
15170804
15171274
15171524
15172109
15172170
15172495
15172522
15172553
15172575
15173003
15173035
15174213
15176698
15180459
15205732
15206122
15206213
15206812
15206970
15207187
15208406
15208907
15209286
15210300
15210604
15211059
15211787
15212875
15213271
15213375
15213540
15213873
15214680
15215901
15216919
15217037
15217195
15217787
15218820
15218885
15220253
15220296
15220360
15221193
15221301
15221682
15221721
15222242
15222704
15222759
15222939
15223159
15223191
15223420
15223847
15224193
15224597
15224606
15226748
15227088
15227156
15227695
15228835
15229951
15230021
15230412
15230975
15230992
15231064
15231436
15231492
15232105
15232146
15233266
15233669
15233857
15234056
15234069
15234390
15234891
15235320
15235855
15236190
15236669
15236877
15237490
15245929
15246941
15297323
15297473
15297761
15298843
15299489
15300446
15302678
15302717
15303062
15306355
15307142
15308652
15314198
15352486
15352879
15356647
15358685
15361492
15361576
15362411
15365666
15384873
15427916
15441846
15446181
15448205
15451009
15451936
15452831
15453177
15499811
15536326
15569336
15625021
15629689
15638114
15751092
15751813
15752564
15752645
15753084
15753237
15754403
15754625
15756014
15756138
15757047
15757733
15758647
15758715
15759924
15761023
15762056
15762618
15763434
15763900
15766799
15769653
15770646
15779772
15780121
15780437
15781340
15782364
15782375
15782472
15782718
15783381
15783510
15783596
15785119
15785143
15785547
15785550
15785560
15785961
15786416
15786696
15786722
15787179
15787379
15787943
15787999
15788342
15788594
15789238
15789341
15789538
15789609
15791978
15792370
15792629
15792645
15793026
15793034
15793222
15794252
15798313
15798479
15864332
15865999
15867066
15868495
15869581
15876195
15876895
15876936
15877379
15879260
15898025
15898034
15898471
15898508
15898902
15898975
15899036
15899244
15899270
15899404
15899969
15900163
15900412
15900427
15900530
15900637
15900849
15900963
15901709
15902111
15902132
15902184
15902571
15902592
15903027
15903396
15903458
15903838
15903853
15904166
15904245
15904340
15904984
15905543
15905747
15905892
15906163
15907423
15907476
15907912
15908124
15908181
15908373
15908947
15909907
15910022
15910076
15913825
15914779
15915095
15917993
15924075
15933106
15933397
15934571
15935334
15938645
15939020
15948223
16009042
16009046
16009334
16009908
16010187
16010531
16011225
16011345
16011991
16012588
16013593
16013913
16014003
16014135
16014467
16014816
16015050
16016818
16017033
16017164
16018435
16018607
16019059
16019821
16021096
16021538
16021743
16022006
16022316
16023128
16023599
16026041
16026314
16026390
16026779
16027034
16028916
16029006
16030712
16033565
16034015
16034161
16034265
16036235
16037405
16037411
16037521
16039307
16040507
16040569
16040688
16041291
16041318
16041668
16042054
16042179
16042297
16042808
16043154
16043823
16043984
16044091
16044902
16044994
16045089
16045421
16046825
16047066
16047326
16047434
16047482
16047963
16048303
16048432
16048552
16048626
16048973
16049603
16049935
16049968
16051458
16051495
16052433
16052674
16059226
16060992
16063842
16163891
16164093
16164467
16165000
16165128
16166187
16166303
16166479
16166963
16167007
16167179
16167293
16167313
16167585
16167608
16167807
16168030
16168250
16169112
16169438
16169518
16169792
16170016
16170756
16170848
16171069
16171117
16171178
16171360
16171603
16172046
16172618
16173186
16173522
16173543
16173676
16173770
16174445
16174464
16174468
16174777
16174886
16175234
16175314
16175435
16175690
16175804
16175880
16176195
16176314
16176641
16176700
16177782
16180215
16180364
16347778
16349205
16349369
16349896
16350337
16350875
16351827
16351853
16352183
16352518
16352556
16352776
16353012
16353604
16353639
16353847
16354753
16354767
16354957
16355460
16355561
16355837
16356165
16356236
16356266
16356492
16356709
16356767
16357154
16357363
16357493
16357601
16357758
16358024
16358203
16358240
16359432
16359525
16359716
16359743
16359875
16360079
16360559
16360747
16360779
16360796
16361389
16361491
16361637
16362114
16365095
16367430
16368146
16389749
16389914
16393586
16394040
16399883
16401261
16453638
16453724
16453850
16454127
16454703
16454708
16455358
16455360
16455570
16456161
16456423
16456671
16456749
16456965
16457242
16457649
16457655
16458267
16458600
16458753
16458908
16458910
16458931
16459070
16459748
16459900
16460019
16460047
16460074
16460156
16460368
16460924
16461681
16461808
16461956
16462043
16462093
16462276
16462327
16462892
16462965
16463037
16463068
16463473
16463555
16463563
16463801
16463875
16464386
16464707
16464736
16465172
16465197
16465335
16465528
16465629
16465840
16466175
16466392
16466686
16466757
16466954
16467061
16467135
16467168
16468810
16475664
16485876
16487746
16487853
16488033
16488213
16488460
16488591
16488944
16489678
16491072
16491303
16491828
16491987
16492000
16492465
16492586
16492756
16494071
16494131
16494360
16494424
16494934
16495062
16495162
16495227
16495457
16495705
16495990
16496151
16496156
16496977
16497003
16497420
16497489
16497677
16498451
16498821
16498950
16499269
16499453
16499878
16500122
16500331
16500685
16501116
16501603
16501719
16501728
16501818
16503889
16505352
16505439
16545865
16545989
16546316
16546435
16547067
16547953
16548270
16548580
16548586
16548593
16549007
16549802
16550138
16550951
16552236
16552687
16552800
16553124
16553604
16554274
16554663
16554881
16555433
16557194
16557768
16558716
16560175
16560671
16561075
16561820
16561900
16562227
16562476
16563155
16563208
16564779
16569662
16570492
16592727
16592854
16593015
16593333
16594006
16594552
16594759
16595104
16595762
16596036
16596732
16597064
16597207
16597444
16597593
16597640
16598104
16598368
16598973
16599123
16599469
16599645
16599987
16599989
16600063
16600081
16600486
16600560
16600699
16600784
16600808
16600992
16600996
16601015
16601108
16601693
16602067
16602273
16603482
16603510
16603656
16603994
16604017
16604103
16604116
16604126
16604140
16604208
16604339
16604518
16604619
16604852
16604914
16604927
16605018
16605056
16605494
16605519
16605824
16606207
16606648
16606684
16606853
16606972
16607213
16607312
16607464
16607555
16607670
16607715
16607913
16607917
16608058
16608169
16608539
16608560
16608844
16609144
16609151
16609907
16609916
16609964
16610086
16610234
16610707
16610984
16611244
16612431
16612626
16614132
16614943
16614971
16615594
16615897
16616081
16616702
16616709
16616859
16616970
16617159
16617220
16617598
16618000
16618097
16618126
16618135
16618642
16618766
16618785
16618813
16618837
16620190
16620358
16620420
16620886
16621506
16621780
16622012
16622159
16622226
16622337
16622566
16622633
16622721
16623344
16623954
16624180
16624724
16625615
16625683
16629219
16629348
16641606
16693140
16693330
16693789
16695336
16696183
16696303
16696938
16697619
16698281
16699854
16699879
16701768
16702019
16702126
16702412
16704886
16705288
16707129
16711005
16711096
16711399
16711988
16796160
16797050
16797969
16798989
16799372
16799409
16800953
16802124
16802497
16802782
16803840
16803970
16804648
16805069
16805283
16805526
16806203
16806217
16806726
16807056
16807188
16807276
16808558
16808600
16809272
16809279
16809361
16809642
16810071
16810172
16810607
16810745
16810931
16812554
16813397
16815027
16816966
16817021
16817500
16817592
16817893
16818147
16818269
16819890
16824179
16826467
16827329
16828255
16832016
16834756
16945071
16974839
17034640
17044381
17044773
17044788
17045234
17045801
17046020
17046111
17046644
17047141
17047285
17047536
17047785
17048246
17048630
17048689
17048696
17048716
17048811
17048873
17049151
17049243
17049337
17049951
17050235
17050401
17050927
17051066
17051114
17051129
17051448
17051756
17051985
17052701
17052893
17053020
17053735
17054077
17054141
17054229
17054829
17054970
17055405
17055501
17055676
17055687
17055881
17056164
17056502
17056882
17057193
17057238
17057305
17057818
17057929
17058019
17058515
17059133
17059136
17059325
17059373
17059412
17059902
17059957
17060028
17060481
17060932
17061016
17061303
17061581
17061970
17062067
17063260
17063481
17063965
17064083
17064173
17064833
17065053
17065728
17067498
17067820
17068520
17068676
17068932
17069169
17069385
17069443
17069832
17069968
17070040
17070100
17070400
17071202
17071324
17071532
17072449
17072722
17073415
17074013
17074114
17074497
17074560
17074569
17074752
17074796
17075041
17075265
17075279
17075377
17076455
17076577
17076763
17076932
17077223
17077296
17077572
17077908
17078264
17079168
17079233
17079285
17079635
17079638
17079768
17080213
17080702
17080905
17081187
17081804
17081974
17081997
17082003
17083033
17083042
17083079
17084089
17084226
17084404
17085584
17085617
17085637
17086035
17086308
17086503
17086512
17086811
17086907
17087585
17087768
17088413
17088892
17089953
17089972
17090801
17091381
17091607
17091768
17092116
17092540
17093382
17093399
17094909
17094974
17095061
17096385
17096558
17096573
17097229
17097594
17097630
17098024
17098275
17098434
17098523
17099010
17099013
17099556
17099841
17100215
17100602
17100634
17100729
17100739
17100918
17101216
17102379
17102467
17102806
17102916
17103589
17103724
17104442
17104485
17105160
17105569
17105803
17105894
17106307
17106330
17106500
17106941
17107143
17107257
17107322
17109701
17118727
17198892
17199455
17204529
17205423
17206609
17206742
17208122
17208546
17212585
17215005
17256143
17256189
17258528
17259464
17260975
17261071
17261295
17262048
17262714
17263506
17263938
17264242
17264696
17264734
17265023
17265285
17265714
17265869
17265884
17266800
17267422
17267993
17268359
17268528
17268547
17269092
17269856
17270039
17270826
17271894
17271969
17272764
17272968
17273031
17273123
17276695
17277732
17278662
17279070
17279498
17279521
17279572
17280096
17280689
17281005
17281044
17281141
17282172
17282604
17282630
17283754
17283873
17283971
17295401
17295604
17296485
17296817
17296929
17297949
17298375
17298566
17298572
17299390
17300918
17301115
17303904
17303993
17304412
17305471
17306076
17306732
17308443
17309875
17311242
17414141
17420655
17421236
17426765
17430127
17432830
17435098
17535939
17541510
17543063
17543813
17544061
17544366
17544468
17545461
17545854
17546088
17546091
17546380
17546624
17546890
17547473
17547611
17547783
17547959
17548251
17548448
17548867
17548892
17548965
17549191
17549338
17550797
17551717
17551779
17551822
17551863
17552102
17552343
17552680
17552960
17553097
17553564
17553915
17554092
17554235
17554541
17555494
17555497
17555536
17555730
17556384
17556833
17557190
17557410
17557982
17557999
17558072
17558139
17559128
17559279
17559336
17559461
17559463
17559495
17560448
17560719
17561754
17561904
17562486
17562648
17563069
17563454
17563663
17563696
17563829
17564539
17564570
17564612
17564646
17564657
17564736
17564750
17564813
17564815
17564890
17565144
17565473
17565834
17566103
17566789
17567260
17567390
17567395
17567806
17568070
17568219
17568245
17568418
17568469
17568968
17569141
17569204
17569364
17569555
17569687
17569778
17569971
17570968
17571337
17571774
17571917
17572339
17572364
17572528
17572581
17573231
17573303
17573481
17574147
17574620
17574919
17575751
17575934
17576190
17576632
17577056
17577062
17577139
17577182
17577292
17577359
17577589
17577645
17577899
17578025
17578122
17579486
17585430
17586442
17717979
17721564
17721987
17790339
17792078
17792802
17793385
17793499
17794859
17795284
17795848
17797219
17797288
17797920
17800155
17800945
17801087
17801402
17802013
17803001
17804598
17806124
17806298
17806321
17806436
17820190
17905945
17906504
17906747
17906920
17907114
17908939
17909137
17909364
17909409
17909643
17910507
17910557
17910792
17912074
17912884
17912885
17912944
17913671
17913676
17914135
17914358
17914597
17914747
17915958
17916068
17917826
17917977
17918031
17918285
17918991
17919026
17919680
17920029
17920446
17922967
17927943
17928030
17930633
17930846
18002166
18002746
18003267
18004054
18004637
18005073
18005128
18005626
18005977
18006125
18006238
18006266
18006411
18006816
18006972
18006987
18007377
18007505
18007558
18007595
18007686
18007826
18008299
18008746
18008943
18008987
18009193
18009680
18009874
18009897
18010135
18010287
18010465
18010887
18010987
18010998
18011518
18011611
18011720
18012025
18012136
18012168
18012183
18012277
18012745
18013016
18013225
18013917
18014099
18014237
18014323
18014502
18014503
18014560
18014610
18014806
18015293
18015533
18015569
18015910
18015960
18016036
18016037
18016195
18017003
18017322
18020876
18021129
18093751
18093766
18094186
18094398
18094876
18095545
18096407
18096515
18097006
18097362
18097370
18097416
18097497
18098059
18098100
18098672
18098680
18098911
18099549
18099785
18099818
18099854
18100362
18100465
18101280
18101620
18101662
18102019
18102166
18102602
18103019
18103153
18103620
18103666
18103723
18103808
18104244
18104307
18104467
18104599
18104775
18105001
18105062
18105142
18105295
18105576
18105589
18105599
18105800
18106179
18106696
18109669
18113025
18113879
18141486
18141865
18143306
18143958
18144460
18144980
18145124
18145383
18146529
18147392
18148609
18148767
18149281
18151356
18152201
18152942
18153951
18154158
18155429
18155459
18155487
18155781
18160763
18162450
18163532
18172874
18173734
18174396
18174755
18175561
18178000
18178276
18179936
18181350
18181360
18181481
18182957
18184050
18184251
18185078
18185083
18185807
18185867
18185894
18185930
18186599
18186611
18186653
18186686
18186781
18186800
18186854
18186922
18187020
18187024
18187114
18187245
18187577
18187737
18187822
18187834
18188331
18188868
18188956
18189175
18189810
18190133
18190774
18190916
18191024
18191191
18191326
18191343
18191741
18192332
18192600
18193259
18193806
18194114
18194126
18194204
18194275
18194815
18194942
18195165
18196025
18196362
18196740
18197235
18197577
18197609
18198017
18198265
18198481
18198737
18199031
18199046
18199129
18199962
18200420
18200708
18206163
18208956
18221199
18221737
18221897
18222067
18222154
18222187
18222549
18222619
18222668
18223057
18223887
18224924
18225179
18225512
18226322
18226993
18227002
18227105
18227310
18227611
18228145
18228198
18229142
18229320
18229514
18229664
18229805
18230591
18230676
18231807
18232449
18232622
18232789
18233359
18233622
18233710
18233719
18234157
18234318
18234598
18235181
18235730
18236143
18236466
18237186
18237433
18237471
18237511
18237650
18237962
18238059
18238379
18240025
18240185
18240711
18241129
18241181
18241779
18242748
18242919
18243053
18244070
18245086
18245424
18246125
18246226
18246289
18246355
18247984
18248002
18248309
18248414
18248618
18249342
18249613
18250375
18250842
18251166
18251227
18251362
18252763
18254419
18254769
18256474
18339046
18339428
18339815
18340139
18340427
18342119
18343053
18343462
18344608
18345493
18346172
18346288
18346867
18347038
18347292
18347367
18348002
18348653
18349919
18350145
18350862
18352068
18353451
18353661
18353720
18353886
18353899
18354175
18354299
18354774
18354871
18355767
18355939
18412470
18412677
18414388
18414753
18415229
18415584
18417223
18419294
18419384
18420588
18420635
18421775
18423264
18424047
18424082
18424466
18425316
18425468
18427097
18429711
18440786
18441340
18441657
18442933
18444470
18444627
18444878
18445636
18447080
18447329
18448194
18451158
18451418
18451874
18451945
18452158
18452449
18452616
18452619
18452663
18452843
18453223
18453436
18454254
18454837
18455370
18455505
18455515
18455562
18455890
18456250
18456401
18456689
18457050
18457158
18457169
18457179
18457183
18457381
18457723
18457737
18459226
18459765
18459844
18459905
18460239
18460256
18460336
18461074
18461279
18461366
18461667
18461988
18462008
18462126
18463085
18463112
18463367
18463944
18464521
18464890
18464891
18466193
18527144
18527256
18527777
18528024
18529490
18529505
18531327
18533393
18533838
18535840
18535876
18539004
18544143
18548031
18551544
18552086
18553859
18553974
18559996
