18.0
12.0
5.0
13.0
32.0
32.0
38.0
31.0
33.0
25.0
20.0
39.0
32.0
36.0
32.0
34.0
29.0
36.0
26.0
33.0
32.0
26.0
28.0
21.0
37.0
23.0
38.0
20.0
24.0
29.0
32.0
38.0
24.0
46.0
40.0
64.0
67.0
60.0
73.0
61.0
60.0
67.0
66.0
63.0
97.0
82.0
95.0
85.0
88.0
92.0
96.0
83.0
88.0
119.0
103.0
109.0
110.0
117.0
104.0
105.0
104.0
110.0
139.0
132.0
127.0
133.0
128.0
134.0
132.0
134.0
129.0
150.0
145.0
143.0
148.0
148.0
158.0
146.0
159.0
154.0
174.0
163.0
196.0
183.0
184.0
186.0
192.0
186.0
187.0
197.0
183.0
202.0
202.0
210.0
212.0
220.0
226.0
236.0
236.0
236.0
234.0
222.0
232.0
233.0
259.0
247.0
257.0
241.0
247.0
248.0
246.0
248.0
247.0
276.0
274.0
272.0
274.0
273.0
271.0
272.0
266.0
261.0
287.0
285.0
294.0
285.0
281.0
296.0
292.0
295.0
287.0
311.0
313.0
305.0
303.0
315.0
305.0
313.0
313.0
303.0
308.0
311.0
317.0
305.0
303.0
306.0
319.0
306.0
300.0
311.0
337.0
321.0
320.0
324.0
351.0
342.0
348.0
341.0
371.0
373.0
360.0
363.0
378.0
366.0
363.0
376.0
368.0
382.0
380.0
389.0
394.0
401.0
414.0
412.0
407.0
428.0
426.0
429.0
424.0
422.0
438.0
421.0
426.0
424.0
454.0
457.0
446.0
453.0
458.0
442.0
443.0
453.0
454.0
461.0
464.0
479.0
474.0
461.0
473.0
477.0
462.0
468.0
498.0
497.0
490.0
491.0
504.0
506.0
509.0
513.0
510.0
516.0
515.0
511.0
505.0
524.0
533.0
531.0
524.0
547.0
544.0
557.0
551.0
541.0
552.0
543.0
559.0
552.0
573.0
577.0
565.0
572.0
572.0
574.0
576.0
579.0
574.0
596.0
594.0
619.0
617.0
613.0
603.0
616.0
610.0
602.0
600.0
617.0
628.0
629.0
621.0
639.0
625.0
629.0
629.0
634.0
632.0
645.0
651.0
640.0
643.0
661.0
670.0
687.0
686.0
682.0
691.0
699.0
687.0
696.0
690.0
686.0
704.0
709.0
715.0
712.0
715.0
717.0
708.0
701.0
713.0
708.0
719.0
709.0
700.0
706.0
702.0
709.0
714.0
719.0
716.0
733.0
725.0
726.0
728.0
732.0
732.0
723.0
724.0
734.0
733.0
724.0
729.0
737.0
729.0
746.0
752.0
758.0
752.0
750.0
744.0
759.0
759.0
746.0
754.0
751.0
740.0
755.0
752.0
749.0
740.0
755.0
748.0
741.0
751.0
753.0
752.0
746.0
743.0
751.0
746.0
749.0
749.0
759.0
750.0
757.0
754.0
740.0
756.0
747.0
745.0
753.0
742.0
744.0
758.0
743.0
740.0
748.0
753.0
755.0
742.0
749.0
742.0
744.0
751.0
744.0
743.0
741.0
740.0
747.0
741.0
751.0
744.0
751.0
773.0
766.0
775.0
764.0
770.0
771.0
761.0
762.0
766.0
766.0
777.0
761.0
764.0
776.0
761.0
770.0
769.0
772.0
767.0
761.0
768.0
773.0
761.0
763.0
774.0
777.0
765.0
768.0
772.0
765.0
768.0
772.0
768.0
769.0
766.0
766.0
776.0
763.0
770.0
785.0
784.0
786.0
783.0
798.0
786.0
798.0
795.0
798.0
795.0
794.0
782.0
798.0
793.0
781.0
785.0
787.0
798.0
792.0
788.0
783.0
787.0
791.0
782.0
787.0
798.0
792.0
796.0
783.0
782.0
786.0
787.0
793.0
793.0
780.0
791.0
795.0
786.0
793.0
810.0
815.0
802.0
804.0
805.0
800.0
816.0
818.0
811.0
814.0
813.0
807.0
806.0
802.0
810.0
817.0
816.0
805.0
809.0
829.0
838.0
836.0
839.0
827.0
822.0
833.0
830.0
826.0
826.0
835.0
834.0
834.0
828.0
828.0
820.0
820.0
837.0
835.0
828.0
823.0
835.0
826.0
824.0
822.0
837.0
827.0
833.0
828.0
854.0
844.0
843.0
846.0
854.0
859.0
855.0
843.0
843.0
862.0
876.0
871.0
862.0
878.0
866.0
865.0
864.0
868.0
890.0
889.0
889.0
896.0
897.0
894.0
884.0
895.0
898.0
891.0
882.0
889.0
880.0
890.0
894.0
880.0
881.0
896.0
889.0
890.0
892.0
888.0
881.0
884.0
885.0
895.0
881.0
897.0
892.0
887.0
899.0
899.0
892.0
882.0
890.0
897.0
894.0
896.0
887.0
910.0
917.0
914.0
908.0
908.0
901.0
902.0
908.0
902.0
905.0
911.0
904.0
902.0
915.0
900.0
907.0
912.0
908.0
904.0
936.0
928.0
933.0
921.0
957.0
943.0
949.0
958.0
942.0
946.0
953.0
944.0
948.0
952.0
948.0
950.0
944.0
942.0
949.0
948.0
957.0
959.0
957.0
944.0
947.0
959.0
946.0
955.0
958.0
959.0
950.0
946.0
953.0
968.0
976.0
979.0
969.0
966.0
973.0
972.0
973.0
961.0
975.0
968.0
971.0
976.0
973.0
964.0
977.0
977.0
965.0
976.0
964.0
964.0
974.0
975.0
964.0
978.0
965.0
978.0
971.0
963.0
992.0
991.0
991.0
992.0
988.0
995.0
984.0
994.0
999.0
980.0
994.0
987.0
984.0
992.0
989.0
988.0
990.0
994.0
982.0
992.0
991.0
987.0
992.0
996.0
989.0
988.0
996.0
982.0
991.0
989.0
983.0
983.0
984.0
995.0
992.0
991.0
998.0
986.0
985.0
1018.0
1010.0
1016.0
1013.0
1016.0
1012.0
1018.0
1009.0
1007.0
1022.0
1038.0
1028.0
1032.0
1021.0
1030.0
1039.0
1035.0
1028.0
1046.0
1050.0
1056.0
1054.0
1043.0
1045.0
1040.0
1040.0
1042.0
1049.0
1056.0
1045.0
1059.0
1053.0
1048.0
1049.0
1047.0
1049.0
1054.0
1059.0
1052.0
1054.0
1058.0
1056.0
1047.0
1054.0
1055.0
1044.0
1043.0
1044.0
1052.0
1047.0
1056.0
1040.0
1048.0
1040.0
1045.0
1058.0
1057.0
1059.0
1042.0
1044.0
1056.0
1058.0
1053.0
1040.0
1045.0
1041.0
1054.0
1048.0
1041.0
1053.0
1057.0
1041.0
1048.0
1051.0
1048.0
1048.0
1043.0
1079.0
1066.0
1062.0
1069.0
1077.0
1063.0
1063.0
1066.0
1077.0
1070.0
1068.0
1079.0
1068.0
1071.0
1070.0
1066.0
1069.0
1062.0
1075.0
1080.0
1090.0
1080.0
1093.0
1083.0
1091.0
1089.0
1085.0
1087.0
1092.0
1081.0
1097.0
1080.0
1093.0
1091.0
1085.0
1084.0
1090.0
1092.0
1102.0
1102.0
1104.0
1117.0
1115.0
1115.0
1117.0
1119.0
1103.0
1116.0
1110.0
1111.0
1107.0
1114.0
1115.0
1114.0
1100.0
1115.0
1113.0
1107.0
1119.0
1104.0
1114.0
1119.0
1107.0
1111.0
1108.0
1107.0
1102.0
1133.0
1124.0
1127.0
1133.0
1123.0
1134.0
1136.0
1138.0
1126.0
1136.0
1130.0
1139.0
1129.0
1124.0
1134.0
1132.0
1136.0
1134.0
1127.0
1125.0
1127.0
1135.0
1135.0
1126.0
1127.0
1129.0
1134.0
1136.0
1132.0
1151.0
1140.0
1152.0
1155.0
1153.0
1152.0
1140.0
1147.0
1148.0
1144.0
1151.0
1143.0
1152.0
1154.0
1144.0
1155.0
1144.0
1158.0
1157.0
1165.0
1165.0
1165.0
1171.0
1165.0
1163.0
1165.0
1160.0
1171.0
1198.0
1192.0
1193.0
1192.0
1186.0
1195.0
1184.0
1186.0
1189.0
1181.0
1190.0
1199.0
1187.0
1188.0
1199.0
1182.0
1198.0
1186.0
1189.0
1216.0
1212.0
1208.0
1215.0
1209.0
1202.0
1208.0
1209.0
1215.0
1200.0
1218.0
1218.0
1209.0
1215.0
1214.0
1211.0
1210.0
1204.0
1204.0
1232.0
1225.0
1223.0
1233.0
1222.0
1220.0
1233.0
1235.0
1235.0
1255.0
1250.0
1259.0
1243.0
1256.0
1252.0
1241.0
1255.0
1249.0
1245.0
1244.0
1257.0
1243.0
1245.0
1257.0
1240.0
1246.0
1255.0
1244.0
1265.0
1275.0
1275.0
1266.0
1297.0
1295.0
1283.0
1284.0
1286.0
1300.0
1301.0
1319.0
1310.0
1307.0
1306.0
1312.0
1314.0
1317.0
1332.0
1331.0
1330.0
1330.0
1350.0
1345.0
1349.0
1358.0
1379.0
1375.0
1360.0
1379.0
1374.0
1364.0
1377.0
1360.0
1370.0
1390.0
1391.0
1414.0
1405.0
1407.0
1419.0
1407.0
1400.0
1410.0
1408.0
1403.0
1430.0
1438.0
1429.0
1434.0
1433.0
1437.0
1421.0
1429.0
1435.0
1441.0
1451.0
1458.0
1441.0
1461.0
1472.0
1461.0
1462.0
1490.0
1483.0
1494.0
1499.0
1499.0
1499.0
1497.0
1480.0
1486.0
1508.0
1515.0
1513.0
1505.0
1535.0
1532.0
1523.0
1522.0
1525.0
1526.0
1528.0
1530.0
1536.0
1557.0
1556.0
1559.0
1554.0
1573.0
1561.0
1564.0
1567.0
1583.0
1598.0
1597.0
1589.0
1590.0
1593.0
1581.0
1596.0
1590.0
1610.0
1610.0
1600.0
1607.0
1624.0
1626.0
1625.0
1621.0
1633.0
1630.0
1629.0
1620.0
1636.0
1644.0
1649.0
1643.0
1651.0
1647.0
1645.0
1647.0
1641.0
1645.0
1673.0
1665.0
1663.0
1670.0
1669.0
1672.0
1663.0
1665.0
1670.0
1685.0
1696.0
1692.0
1698.0
1693.0
1684.0
1683.0
1680.0
1691.0
1708.0
1706.0
1716.0
1700.0
1712.0
1708.0
1702.0
1715.0
1702.0
1733.0
1729.0
1731.0
1727.0
1723.0
1732.0
1735.0
1728.0
1732.0
1741.0
1741.0
1753.0
1744.0
1754.0
1741.0
1742.0
1741.0
1758.0
1769.0
1763.0
1775.0
1766.0
1796.0
1794.0
1788.0
1793.0
1783.0
1791.0
1794.0
1789.0
1798.0
1814.0
1815.0
1807.0
1803.0
1818.0
1811.0
1807.0
1814.0
1814.0
1820.0
1825.0
1824.0
1828.0
1820.0
1839.0
1838.0
1820.0
1820.0
1843.0
1873.0
1870.0
1876.0
1862.0
1872.0
1873.0
1874.0
1877.0
1864.0
1881.0
1890.0
1882.0
1885.0
1907.0
1907.0
1911.0
1913.0
1909.0
1916.0
1918.0
1906.0
1913.0
1926.0
1937.0
1928.0
1930.0
1933.0
1925.0
1923.0
1923.0
1922.0
1958.0
1958.0
1955.0
1945.0
1978.0
1973.0
1999.0
1991.0
1982.0
1989.0
1991.0
1987.0
1988.0
1991.0
1993.0
