14.0
7.0
19.0
18.0
13.0
1.0
2.0
13.0
4.0
3.0
18.0
0.0
16.0
6.0
9.0
19.0
7.0
19.0
8.0
25.0
32.0
35.0
31.0
31.0
30.0
23.0
31.0
25.0
52.0
56.0
43.0
56.0
59.0
43.0
45.0
56.0
57.0
60.0
66.0
68.0
68.0
68.0
71.0
60.0
77.0
65.0
92.0
91.0
85.0
95.0
115.0
118.0
116.0
103.0
127.0
129.0
138.0
121.0
148.0
157.0
149.0
150.0
153.0
146.0
144.0
152.0
145.0
140.0
152.0
153.0
144.0
152.0
145.0
141.0
154.0
145.0
141.0
166.0
169.0
164.0
171.0
167.0
179.0
173.0
172.0
160.0
199.0
192.0
192.0
183.0
198.0
184.0
181.0
182.0
198.0
201.0
208.0
208.0
211.0
215.0
214.0
203.0
219.0
212.0
230.0
233.0
226.0
238.0
241.0
252.0
259.0
256.0
247.0
247.0
254.0
242.0
254.0
274.0
269.0
267.0
260.0
273.0
271.0
262.0
274.0
269.0
286.0
284.0
292.0
280.0
302.0
302.0
319.0
301.0
316.0
317.0
313.0
319.0
316.0
336.0
325.0
335.0
329.0
323.0
320.0
321.0
338.0
334.0
343.0
351.0
342.0
350.0
346.0
346.0
358.0
340.0
354.0
375.0
375.0
371.0
362.0
384.0
401.0
407.0
413.0
401.0
430.0
437.0
437.0
434.0
445.0
450.0
451.0
458.0
441.0
452.0
452.0
444.0
442.0
472.0
465.0
477.0
470.0
482.0
491.0
487.0
481.0
498.0
484.0
482.0
484.0
498.0
491.0
484.0
492.0
484.0
490.0
484.0
482.0
491.0
496.0
498.0
493.0
487.0
482.0
498.0
490.0
490.0
484.0
490.0
487.0
493.0
480.0
489.0
498.0
483.0
494.0
485.0
499.0
496.0
498.0
494.0
501.0
516.0
513.0
502.0
502.0
514.0
519.0
507.0
500.0
535.0
523.0
538.0
537.0
530.0
529.0
537.0
520.0
525.0
551.0
555.0
551.0
554.0
556.0
549.0
556.0
558.0
546.0
573.0
566.0
575.0
568.0
560.0
568.0
569.0
561.0
576.0
577.0
568.0
567.0
561.0
574.0
578.0
571.0
567.0
560.0
575.0
560.0
568.0
561.0
563.0
560.0
579.0
561.0
571.0
570.0
569.0
596.0
593.0
600.0
613.0
624.0
623.0
629.0
626.0
648.0
659.0
651.0
647.0
654.0
641.0
655.0
650.0
651.0
671.0
664.0
679.0
675.0
660.0
662.0
660.0
674.0
667.0
699.0
688.0
691.0
680.0
699.0
681.0
688.0
685.0
699.0
709.0
715.0
707.0
706.0
713.0
702.0
718.0
703.0
708.0
721.0
735.0
727.0
723.0
733.0
724.0
724.0
724.0
738.0
722.0
731.0
734.0
725.0
731.0
731.0
726.0
737.0
735.0
722.0
756.0
749.0
748.0
750.0
745.0
755.0
755.0
744.0
758.0
763.0
769.0
770.0
760.0
776.0
772.0
760.0
761.0
779.0
774.0
778.0
773.0
766.0
776.0
764.0
763.0
767.0
774.0
766.0
776.0
772.0
768.0
764.0
778.0
770.0
766.0
772.0
777.0
762.0
779.0
766.0
769.0
763.0
776.0
768.0
777.0
762.0
774.0
766.0
783.0
794.0
796.0
798.0
788.0
786.0
793.0
791.0
789.0
791.0
790.0
798.0
797.0
791.0
799.0
784.0
788.0
798.0
788.0
791.0
797.0
796.0
788.0
784.0
781.0
787.0
784.0
781.0
789.0
806.0
814.0
811.0
811.0
815.0
810.0
807.0
808.0
817.0
800.0
808.0
812.0
818.0
800.0
801.0
802.0
801.0
810.0
809.0
812.0
800.0
811.0
802.0
805.0
819.0
814.0
807.0
810.0
815.0
813.0
804.0
807.0
808.0
813.0
818.0
809.0
810.0
813.0
810.0
803.0
805.0
800.0
818.0
818.0
804.0
815.0
819.0
810.0
807.0
813.0
809.0
802.0
816.0
812.0
817.0
801.0
816.0
810.0
810.0
820.0
834.0
835.0
834.0
821.0
827.0
823.0
826.0
836.0
833.0
823.0
839.0
830.0
829.0
825.0
820.0
835.0
832.0
827.0
822.0
828.0
837.0
832.0
824.0
822.0
831.0
829.0
832.0
834.0
829.0
832.0
839.0
832.0
823.0
830.0
838.0
825.0
826.0
828.0
834.0
832.0
829.0
825.0
824.0
825.0
823.0
833.0
837.0
830.0
850.0
849.0
848.0
851.0
840.0
840.0
858.0
859.0
845.0
859.0
847.0
853.0
843.0
854.0
846.0
849.0
841.0
844.0
859.0
878.0
877.0
864.0
877.0
878.0
865.0
865.0
872.0
872.0
877.0
874.0
875.0
877.0
871.0
867.0
860.0
873.0
877.0
872.0
898.0
887.0
890.0
886.0
894.0
894.0
884.0
886.0
899.0
906.0
903.0
910.0
914.0
904.0
912.0
912.0
902.0
913.0
911.0
913.0
910.0
903.0
915.0
915.0
901.0
901.0
916.0
917.0
935.0
924.0
928.0
920.0
938.0
936.0
933.0
922.0
931.0
945.0
959.0
955.0
940.0
957.0
959.0
953.0
953.0
951.0
964.0
961.0
966.0
973.0
968.0
966.0
979.0
979.0
964.0
964.0
973.0
976.0
973.0
963.0
974.0
973.0
970.0
969.0
965.0
981.0
987.0
991.0
981.0
981.0
992.0
986.0
990.0
987.0
988.0
999.0
994.0
987.0
989.0
997.0
999.0
999.0
999.0
982.0
993.0
994.0
989.0
991.0
991.0
981.0
996.0
980.0
981.0
985.0
1008.0
1017.0
1009.0
1009.0
1000.0
1014.0
1005.0
1018.0
1018.0
1022.0
1036.0
1032.0
1038.0
1022.0
1033.0
1027.0
1027.0
1029.0
1043.0
1041.0
1056.0
1044.0
1045.0
1040.0
1050.0
1059.0
1045.0
1062.0
1069.0
1071.0
1072.0
1076.0
1064.0
1064.0
1070.0
1063.0
1075.0
1071.0
1060.0
1068.0
1065.0
1062.0
1064.0
1076.0
1074.0
1067.0
1079.0
1070.0
1078.0
1068.0
1061.0
1079.0
1067.0
1072.0
1072.0
1073.0
1092.0
1096.0
1086.0
1099.0
1083.0
1093.0
1099.0
1094.0
1083.0
1095.0
1088.0
1082.0
1082.0
1084.0
1092.0
1093.0
1090.0
1086.0
1088.0
1097.0
1099.0
1083.0
1099.0
1087.0
1095.0
1081.0
1087.0
1085.0
1081.0
1097.0
1093.0
1081.0
1091.0
1095.0
1080.0
1085.0
1091.0
1096.0
1098.0
1112.0
1112.0
1139.0
1135.0
1131.0
1124.0
1124.0
1139.0
1136.0
1124.0
1136.0
1155.0
1140.0
1140.0
1142.0
1153.0
1155.0
1141.0
1159.0
1155.0
1147.0
1157.0
1141.0
1140.0
1147.0
1144.0
1148.0
1149.0
1158.0
1157.0
1173.0
1163.0
1175.0
1160.0
1166.0
1163.0
1167.0
1170.0
1162.0
1181.0
1180.0
1195.0
1189.0
1187.0
1189.0
1193.0
1190.0
1196.0
1204.0
1211.0
1218.0
1218.0
1200.0
1216.0
1212.0
1214.0
1219.0
1220.0
1225.0
1224.0
1231.0
1232.0
1234.0
1227.0
1228.0
1225.0
1245.0
1254.0
1253.0
1248.0
1256.0
1251.0
1249.0
1259.0
1256.0
1269.0
1279.0
1274.0
1261.0
1277.0
1277.0
1277.0
1264.0
1270.0
1299.0
1288.0
1290.0
1286.0
1283.0
1292.0
1285.0
1291.0
1293.0
1287.0
1295.0
1294.0
1281.0
1291.0
1299.0
1295.0
1298.0
1281.0
1289.0
1281.0
1296.0
1294.0
1280.0
1294.0
1292.0
1280.0
1286.0
1296.0
1280.0
1313.0
1317.0
1307.0
1319.0
1319.0
1319.0
1309.0
1303.0
1318.0
1300.0
1318.0
1305.0
1316.0
1305.0
1318.0
1314.0
1301.0
1312.0
1302.0
1313.0
1316.0
1315.0
1309.0
1313.0
1304.0
1312.0
1309.0
1314.0
1312.0
1337.0
1322.0
1336.0
1332.0
1332.0
1328.0
1326.0
1322.0
1336.0
1350.0
1346.0
1352.0
1343.0
1368.0
1377.0
1362.0
1361.0
1365.0
1365.0
1376.0
1364.0
1363.0
1398.0
1399.0
1387.0
1383.0
1417.0
1403.0
1404.0
1400.0
1419.0
1407.0
1400.0
1400.0
1406.0
1423.0
1422.0
1423.0
1430.0
1420.0
1432.0
1429.0
1428.0
1422.0
1443.0
1448.0
1445.0
1447.0
1457.0
1441.0
1456.0
1442.0
1458.0
1464.0
1470.0
1474.0
1475.0
1477.0
1484.0
1498.0
1496.0
1492.0
1499.0
1480.0
1481.0
1489.0
1483.0
1506.0
1513.0
1510.0
1502.0
1508.0
1516.0
1515.0
1502.0
1507.0
1528.0
1535.0
1533.0
1535.0
1551.0
1554.0
1550.0
1553.0
1543.0
1555.0
1547.0
1554.0
1554.0
1578.0
1563.0
1593.0
1597.0
1580.0
1595.0
1618.0
1607.0
1616.0
1616.0
1608.0
1615.0
1617.0
1606.0
1607.0
1634.0
1635.0
1624.0
1638.0
1650.0
1646.0
1648.0
1659.0
1642.0
1651.0
1646.0
1654.0
1648.0
1665.0
1677.0
1675.0
1665.0
1684.0
1695.0
1692.0
1695.0
1695.0
1680.0
1691.0
1686.0
1684.0
1718.0
1710.0
1717.0
1707.0
1712.0
1712.0
1713.0
1707.0
1718.0
1731.0
1721.0
1730.0
1725.0
1723.0
1725.0
1737.0
1727.0
1739.0
1747.0
1757.0
1754.0
1754.0
1776.0
1768.0
1776.0
1774.0
1773.0
1771.0
1767.0
1767.0
1764.0
1783.0
1805.0
1810.0
1807.0
1810.0
1816.0
1805.0
1818.0
1808.0
1817.0
1830.0
1820.0
1834.0
1838.0
1821.0
1826.0
1829.0
1834.0
1837.0
1849.0
1856.0
1855.0
1848.0
1870.0
1864.0
1867.0
1878.0
1871.0
1876.0
1867.0
1877.0
1872.0
1881.0
1895.0
1897.0
1891.0
1912.0
1916.0
1926.0
1936.0
1928.0
1939.0
1933.0
1935.0
1930.0
1923.0
1935.0
1943.0
1948.0
1952.0
1946.0
1952.0
1945.0
1951.0
1953.0
1949.0
1975.0
1965.0
1973.0
1962.0
1982.0
1985.0
1996.0
1996.0
1982.0
1995.0
1982.0
1983.0
1989.0
