10855
16791
19777
11526
13021
18320
13390
18777
14899
11587
13099
12858
12487
17090
11904
14116
19623
14899
19140
19690
13174
12903
19685
13831
17305
14651
11909
12581
11810
10951
17982
17241
11326
19724
15928
19736
15922
19006
13164
19978
15248
16242
13604
13296
19573
17148
13190
19111
17117
17093
18305
12128
16631
19135
10986
19616
12984
10054
15031
16881
15275
14972
19139
12678
10012
17517
11588
15346
19092
13432
14370
15513
15175
17422
11660
15275
16076
15371
14802
12019
15908
15890
14181
12691
13105
18938
17806
15708
14433
15325
12858
15526
10052
12787
18237
13440
17566
19119
17214
13723
19070
14290
15460
19462
15052
16322
15779
15914
16472
13830
12504
15178
17481
13594
13316
14250
17203
10889
17101
12694
12537
13282
13851
16793
13949
12620
15082
19679
13297
11791
12470
18193
12201
11120
12150
19038
18476
11660
13954
14469
13822
11705
10300
14931
16567
11696
19683
11926
19350
13440
12914
11892
16181
10260
13639
18172
12536
18581
19010
17422
14355
14226
13366
17932
15120
12824
19501
12792
18774
12179
13600
17584
17267
17950
11379
16214
12500
11886
10204
18503
18404
17846
19193
16500
17193
14716
13042
11265
11157
17318
17653
15977
13087
13729
10557
14422
18170
19307
16771
16179
16710
14869
13259
14864
14962
15040
14101
18138
15592
19543
17713
15022
10960
19128
11725
15429
17228
18888
11095
12624
12120
10559
18376
13562
13932
19985
18237
18726
16689
17959
13736
16938
19313
19348
13202
11769
11758
17244
10298
10351
14348
11273
15294
14322
13323
18712
13562
16749
11915
19702
16441
14641
11247
10936
19444
14567
16089
12769
12046
16089
14756
17448
15592
14776
16771
16019
15770
17281
12130
10127
13350
19991
12318
15387
17666
16853
16099
11588
14784
10110
19313
14515
17062
14448
13485
10912
12292
18986
10122
17674
13733
17236
10242
12257
14320
12820
19487
15617
17383
18429
19287
14337
11639
13957
17339
15491
18044
15490
11549
16492
17765
12145
19007
14408
12269
18839
13064
16147
15959
17885
17856
15273
13459
13300
19507
13430
12514
10066
14636
17289
13102
11404
12533
10856
12858
14279
15475
18512
18729
15585
19849
10452
14542
14509
15901
15613
15668
15390
18773
18571
16660
15227
12326
14339
19896
14458
16032
16054
18373
14885
15975
17760
12122
17433
19123
15454
13436
14150
13032
14538
19188
12382
16234
13400
13902
12257
12147
13619
17718
11477
11465
10735
17174
19236
15660
14663
12951
10156
15833
17815
18208
17302
10668
11931
17132
16359
16675
17957
10543
16664
16850
18240
18329
11180
13779
12592
12388
10954
10308
16686
13831
18684
19383
19822
12981
12270
17496
14952
17018
16990
18530
13807
10686
11769
16492
12168
18125
13525
12986
10078
19003
11490
19334
10286
13601
14526
11336
18693
19507
10792
10520
14545
17754
18243
16483
18910
15011
19256
19803
17347
12450
18074
13299
17658
10493
12331
10691
15240
16054
13566
11396
16782
16543
13537
13185
11799
10571
13147
18063
12178
15588
16359
11298
13367
19840
12534
19878
11200
18174
10912
16031
11357
11694
18614
18427
19125
15710
14053
12531
15564
14140
13335
16864
19551
14647
18810
19613
16634
15654
14212
12352
15840
15936
10620
15220
18414
14935
16147
15030
10469
17964
19008
10669
19269
18029
18127
16178
11399
17970
16113
10748
12172
14460
18170
17750
19099
19884
14979
19520
15913
16715
16334
17468
15761
15245
13614
14554
11826
14131
12560
16282
16818
17347
15107
16192
12470
10072
18604
16641
14611
12437
11788
13346
12141
13130
10219
11913
13197
12750
19161
12960
13751
11663
16849
19555
14651
13379
10236
12411
19218
16376
18817
17551
15313
12553
13877
14410
18750
16189
14422
16491
16334
12279
13626
19397
16951
12203
11722
17185
18610
14438
15597
14383
18348
19495
14836
15276
12254
13234
15668
12248
11684
17542
14772
19870
11176
19237
19991
12553
14618
18601
11065
12955
13312
19986
17464
19853
18653
17807
12498
13589
10679
12246
14843
19304
16940
16938
15197
10264
16765
11761
10032
15533
15257
11269
12714
18795
18190
19465
12173
11928
18089
16193
14121
15331
17164
14892
14965
15075
10054
12396
11485
10881
16955
18088
11149
12669
16227
14853
10052
10929
13826
14199
18170
15158
15394
17160
15915
14405
18102
14213
16557
11209
16755
18028
17164
11076
11227
16170
12598
19882
13614
15556
10256
17232
11586
16592
11350
18478
18298
13739
10937
14104
11338
15988
14417
13798
12957
12679
18937
14951
13682
16646
12628
17335
14703
15073
16912
10624
15382
14652
18538
12723
10513
18107
14450
15885
16422
14004
12990
13090
19078
12256
18499
17371
19226
11379
14022
12776
15257
17454
15861
19530
17961
18470
17510
18019
14323
16264
12505
17894
18188
17240
11883
15017
14316
10034
19695
19665
16906
13586
14890
10345
11200
18395
12365
13135
17120
13717
11750
13450
14966
17368
11951
18140
11140
10222
15272
12101
12667
18736
15502
15378
12366
14010
12229
10183
11961
18584
18725
13239
17730
15349
18276
10660
12174
19258
14302
19296
17655
18152
17596
11540
15220
18386
12869
16205
15345
12756
10876
12360
16352
15840
19876
12181
11159
17840
11112
10138
15685
12330
13341
19964
18183
13756
18244
16992
12716
13374
12265
17215
17589
13384
18354
10487
10174
11217
13048
11769
13796
19024
13039
16833
16050
19438
16406
15866
12400
18796
16500
15459
10104
15970
16813
13278
16975
18920
12845
16976
13518
14278
18548
10028
17984
19216
15566
16602
14583
18014
16411
14201
13435
11268
15750
12137
14617
16474
10539
18213
15997
19574
14545
15237
14866
18227
16107
12485
14689
19013
10824
18513
10649
13966
14470
14431
16384
18729
12356
13888
18937
17689
14876
18598
10425
11209
17116
16144
17897
12124
16502
18024
11934
15576
19213
15933
17849
19654
19089
19727
11044
15690
14013
14193
17434
