56
120
172
306
387
457
873
1017
1071
1108
1162
1240
1260
1439
1448
1464
1498
1541
1579
1603
1690
1763
1769
1809
1941
1952
2033
2093
2238
2386
2419
2447
2482
2490
2518
2644
2806
2903
2936
2994
3035
3287
3669
3734
3771
3850
4006
4119
4134
4192
4228
4396
4520
4536
4573
4575
4839
4949
5087
5263
5335
5372
5416
5456
5460
5523
5693
5765
5775
5807
5854
5858
5879
5897
6070
6100
6104
6125
6158
6160
6183
6282
6302
6344
6359
6408
6596
6610
6673
6679
6729
6876
6882
7100
7113
7213
7265
7272
7602
7608
7693
7727
7798
7853
7860
7927
8286
8316
8323
8341
8477
8648
8760
9154
9182
9273
9309
9336
9375
9408
9442
9443
9528
9604
9670
9729
9831
10056
10078
10084
10224
10230
10288
10299
10463
10490
10525
10629
10701
10731
10738
10792
11030
11496
11631
11645
11858
11891
11897
11901
11916
12067
12165
12205
12222
12296
12318
12340
12533
12596
12674
12693
12725
12728
12785
12785
12790
12982
13062
13115
13131
13174
13321
13371
13493
13581
13588
13642
13666
13763
13867
14087
14175
