71
200
213
408
460
490
585
716
876
919
963
1021
1040
1049
1091
1102
1175
1418
1481
1510
1550
1726
1797
1797
1964
2050
2154
2207
2246
2258
2336
2375
2469
2471
2620
2622
2635
2648
2658
2674
2777
2790
2801
3005
3118
3145
3314
3490
3493
3739
3921
3941
3947
4096
4111
4131
4277
4324
4355
4432
4531
4544
4553
4625
4640
4661
4822
4889
4950
4978
5356
5434
5450
5497
5540
5670
5723
5924
6040
6426
6469
6471
6635
6648
6682
6705
6744
6792
6845
7021
7062
7171
7186
7295
7298
7424
7435
7453
7658
7727
7785
7792
8020
8083
8119
8323
8329
8344
8420
8455
8463
8480
8527
8565
8803
8923
8967
9038
9274
9313
9348
9510
9536
9540
9672
9883
9927
10025
10026
10144
10167
10360
10369
10519
