28
119
329
388
430
492
544
760
904
974
1045
1079
1185
1343
1570
1703
1722
1897
1900
1943
1955
2239
2545
2627
2749
2761
2911
3036
3226
3264
3291
3366
3421
3499
3520
3551
3763
3907
3921
4378
4439
4485
4523
4565
4610
4651
4750
4778
4779
5126
5339
5362
5747
5781
5897
5926
5940
6068
6148
6356
6421
6489
6492
6530
6594
7028
7148
7255
7336
7373
7524
7570
7848
8050
8137
8872
8914
8965
9014
9286
9400
9478
9551
9553
9624
9688
9972
10180
10194
10320
10394
10704
10749
10774
10848
10931
10966
11002
11026
11248
11572
11621
11829
11943
11973
12469
12584
12636
12640
12710
12870
13109
13259
13293
13310
13326
13397
13402
13417
13660
13684
13848
13999
14158
14259
14328
14356
14473
14547
14645
14839
14883
14969
15039
15064
15094
15165
15239
15645
15848
15850
15943
16032
16142
16177
16181
16200
16224
16370
16465
16498
16611
16635
16845
16860
17046
17261
17388
17462
17492
17541
17551
17569
17605
17666
17695
17770
17858
18091
18137
18412
18434
18487
18505
18517
18693
18750
18777
18789
19098
