34
45
168
267
346
369
543
571
604
606
751
875
973
1015
1115
1116
1184
1211
1242
1329
1546
1715
1719
1761
1806
2050
2127
2187
2326
2384
2521
2575
2584
2674
2729
2884
2898
2967
3000
3071
3086
3141
3238
3262
3314
3512
3558
3573
3634
3757
3896
3984
3989
4104
4414
4631
4635
4704
4717
4733
4785
4812
4895
4932
4939
5114
5298
5317
5407
5473
5517
5651
5707
5780
5823
5870
5902
5971
6013
6050
6087
6090
6272
6289
6361
6403
6449
6471
6472
6504
6610
6840
7004
7108
7116
7256
7513
7514
7807
7819
7885
7924
7929
8148
8317
8328
8376
8406
8477
8531
8616
8624
8769
8796
8835
8893
8941
8946
9280
9431
9523
9532
9589
9694
9800
9824
9845
9947
10048
10234
10283
10292
10332
10351
10358
10390
10462
10467
10573
10609
10662
10666
10758
10767
10830
10871
10912
11052
11053
11067
11151
11198
11216
11224
11333
11337
11427
11462
11600
11658
11764
11785
11815
11947
11993
12130
12216
12227
12389
12457
12508
12579
12748
12822
12877
12920
12945
13002
13003
13027
13058
13085
13287
13328
13360
13422
13546
13576
13606
13611
13869
14057
14092
14130
14183
14244
14249
14295
14339
14598
14657
14719
14737
14760
14805
14993
15005
15251
15369
15379
15510
15563
15619
15637
15704
15740
15749
15761
15782
15786
15931
16002
16190
16279
16315
16419
16490
16562
16563
16601
16715
16833
16855
16865
16988
16998
17082
17104
17119
17139
17439
17675
17679
