85
90
122
141
171
200
420
421
477
493
506
609
657
687
793
918
973
1101
1131
1179
1270
1297
1303
1353
1399
1417
1504
1573
1609
1812
1939
2084
2099
2115
2174
2177
2236
2249
2387
2483
2507
2523
2571
2697
2947
3026
3108
3165
3198
3315
3316
3477
3784
3856
3864
3961
4005
4041
4099
4156
4238
4296
4538
4594
4603
4646
4786
4877
4960
4992
5050
5051
5053
5194
5337
5426
5427
5440
5469
5487
5652
5694
5742
5789
5800
5810
5829
6007
6222
6304
6307
6353
6376
6483
6627
6702
6796
6807
6929
7051
7084
7116
7139
7194
7279
7354
7361
7401
7430
7493
7638
7698
7761
7856
7912
7929
7941
8000
8132
8198
8294
8672
8717
8952
8974
9016
9167
9407
9518
9532
9715
9816
10003
10083
10116
10218
10334
10335
10433
10444
10574
10639
10656
10844
10860
10902
10914
10940
11015
11150
11185
11276
11323
11464
11876
11912
11937
12083
12087
12088
12219
12240
12333
12343
12363
12380
12390
12457
12683
12687
12766
12832
12869
12944
13057
13134
13197
13203
13234
13258
13397
13536
13556
13795
13864
13865
13972
14010
14048
14051
14083
14158
14595
14866
14909
15046
15108
15287
15301
15332
15352
15374
15482
15489
15525
15565
15743
15744
15746
15748
15754
15861
15874
