12
86
237
438
487
773
797
870
911
985
989
1011
1094
1156
1167
1297
1331
1380
1411
1511
1611
1654
1693
1730
1803
1805
1874
1905
1926
1992
2135
2142
2193
2236
2303
2390
2402
2485
2512
2546
2553
2577
2594
2628
2660
2832
2849
2856
2861
2955
2967
2991
3096
3278
3281
3291
3442
3453
3454
3514
3517
3536
3636
3742
3760
3783
3937
3957
4043
4091
4109
4242
4356
4386
4483
4668
4731
4786
4908
5102
5268
5308
5350
5375
5442
5530
5682
5730
5763
5799
5934
6047
6289
6323
6336
6539
6690
6754
6927
7233
7314
7400
7420
7486
7542
7587
7753
7796
7858
7894
7905
7962
7991
8022
8054
8096
8104
8120
8192
8233
8260
8366
8392
8483
8618
8638
8670
8834
8901
8955
9038
9348
9442
9524
9525
9622
9642
9789
9967
10120
10174
10175
10186
10297
10446
10491
10642
10688
