67
87
92
130
207
264
327
465
542
594
604
610
743
971
1094
1244
1316
1381
1447
1471
1660
1682
1706
1734
1751
1807
1819
1846
1899
1916
1955
1981
1994
2041
2053
2335
2400
2449
2483
2487
2688
2812
2840
2886
3069
3080
3128
3194
3259
3280
3299
3302
3481
3561
3577
3632
3770
3815
3930
4166
4245
4412
4518
4531
4609
4660
4726
4753
4908
4949
4977
5106
5275
5365
5403
5412
5827
5927
6024
6071
6141
6454
6463
6504
6530
6537
6546
6647
6655
6813
6868
6933
7258
7460
7483
7486
7555
7608
7616
7682
7686
7704
7847
7860
7904
7917
8140
8182
8272
8469
8570
8622
8831
8891
8979
9160
9197
9255
9397
9404
9443
9554
9585
9875
9977
10037
10109
10238
10396
10428
10465
10563
10610
10743
10764
10794
10920
10957
11029
11045
11064
11075
11080
11116
11165
11302
11334
11373
11391
11402
11411
11475
11580
11609
11743
11797
11818
11820
11842
11947
12035
12057
12072
12147
12156
12237
12253
12310
12330
12342
12397
12572
12644
12716
12769
12789
12843
12862
12866
12889
12893
12901
12935
12936
13116
13228
13296
13315
13318
13613
13629
13798
14103
14132
14336
14471
14505
14633
14685
14738
14820
14910
14935
15011
15050
15053
15120
15165
15234
15342
15351
15421
15435
15437
15460
15536
15590
15737
15856
16063
16089
16103
16296
16332
16388
16501
16511
16557
16826
16854
17037
17087
17272
17282
17411
17450
