51
60
178
201
304
626
748
1265
1459
1675
1687
1830
2049
2085
2124
2152
2331
2341
2379
2414
2453
2567
2583
3058
3064
3123
3179
3267
3384
3432
3456
3649
3849
3858
3875
3958
4124
4127
4409
4425
4654
4770
5109
5249
5270
5521
5559
5615
5624
5671
5772
5883
5944
5989
6018
6202
6494
6537
6630
6662
6701
6711
6745
6908
6920
7020
7076
7099
7328
7347
7665
7783
7791
7845
7866
7987
8094
8099
8176
8524
8639
8733
8875
8879
8988
9065
9304
9386
9435
9475
9834
9978
10120
10204
10396
10397
10425
10546
10722
10923
10999
11040
11092
11269
11270
11679
11960
11986
12195
12197
12406
12490
12496
12523
12719
12742
12820
12842
12937
13040
13047
13082
13106
13110
13115
13149
13356
13424
13428
13637
13779
13878
13961
13972
13987
14238
14345
