43
297
344
757
872
1081
1185
1284
1322
1352
1400
1499
1540
1671
1722
1726
1738
1741
1803
1822
1824
1831
1864
1866
1875
2024
2163
2163
2175
2360
2369
2467
2510
2584
2772
2782
2809
2852
2880
2888
3122
3227
3265
3272
3284
3350
3415
3489
3511
3695
3713
3717
3750
3811
3958
3978
3978
4037
4091
4246
4313
4328
4542
4553
4635
4663
4941
5060
5156
5220
5255
5275
5407
5408
5454
5538
5603
5634
5954
6016
6028
6087
6144
6185
6232
6272
6379
6426
6437
6456
6734
6840
6973
7050
7156
7219
7227
7273
7328
7362
7401
7474
7501
7703
7707
7857
7924
8151
8358
8454
8642
8760
8845
8895
8896
8929
8972
9014
9047
9094
9162
9170
9181
9288
9465
9528
9690
9716
9717
9843
9946
10026
10182
10225
10280
10318
10418
10477
10523
10650
10658
10672
10735
10878
11027
11067
11208
11239
11256
11408
11532
11625
11936
12102
12139
12183
12215
12266
12292
12593
12851
12901
12972
13085
13124
13147
13213
13271
13539
13631
13715
13771
13835
13914
13947
14059
14106
14228
14236
14237
14324
14436
14616
14672
14773
14883
14901
15153
