34
173
300
349
584
667
704
741
854
863
935
972
1039
1163
1196
1198
1213
1279
1362
1470
1608
1986
2070
2081
2221
2252
2356
2372
2387
2418
2528
2757
2764
2770
2779
2884
3067
3078
3107
3156
3310
3481
3547
3556
3623
3813
3862
3947
4008
4066
4293
4424
4508
4527
4605
4658
4659
4793
4808
4819
4926
5028
5080
5169
5173
5219
5328
5456
5652
5747
5766
5801
5827
5880
5981
5992
6226
6257
6282
6420
6683
6758
6781
6858
6938
7052
7200
7294
7518
7734
8244
8305
8395
8501
8616
8723
8883
8974
9009
9036
9224
9406
9462
9495
9866
9875
9956
10019
10136
10308
10392
10770
11372
11413
11600
11641
11891
12089
12557
12923
13164
13172
13326
13429
13553
13598
13628
13680
13821
14011
14136
14151
14164
14483
14526
14528
14539
14631
14740
14808
14859
14993
15170
15228
15405
15490
15655
15717
15892
15937
16108
16128
16142
16223
16305
16377
16412
16450
16452
16557
16638
16796
16980
17167
17388
17470
17763
17950
18123
18137
18251
18270
18388
18452
18643
