34
54
447
504
521
560
640
690
728
866
882
892
958
1098
1178
1237
1329
1538
1685
1702
1745
1804
1820
1986
2009
2015
2075
2238
2266
2404
2405
2455
2492
2604
2605
2635
2819
2822
2836
2857
2903
2939
2994
2996
3123
3336
3416
3746
3892
3936
4124
4222
4324
4338
4473
4567
4622
4765
4993
5044
5046
5382
5476
5577
5664
5711
6055
6292
6397
6621
6644
6656
6677
6731
6735
6870
6872
7056
7090
7149
7173
7189
7252
7309
7319
7596
7649
7682
7711
7727
7797
7965
8008
8065
8294
8345
8381
8459
8520
8544
8555
8646
8800
8924
8974
9337
9377
9389
9527
9619
9639
9707
9768
10282
10305
10359
10363
10443
10573
10582
10586
11026
11041
11049
11098
11223
11412
11534
11678
11688
