50
171
213
337
416
419
451
527
620
648
776
794
849
865
926
938
964
1059
1107
1279
1383
1399
1452
1715
1788
1836
1980
2061
2097
2158
2244
2632
2655
2703
2925
2995
3025
3100
3120
3157
3165
3182
3187
3199
3387
3488
3537
3538
3688
3691
3740
3928
4024
4270
4288
4331
4413
4414
4488
4904
4924
5100
5404
5501
5537
5575
5838
5870
5948
6103
6336
6464
6574
6606
6609
6703
6772
6862
6982
7020
7377
7450
7584
7791
7953
8040
8115
8197
8238
8293
8303
8769
8811
8818
8831
8857
8936
8960
9085
9224
9228
9315
9408
9417
9420
9470
9574
9786
10084
10204
10209
10305
10305
10423
10454
10479
10502
10569
10600
10720
10774
10948
10979
11194
11212
11256
11358
11426
11458
11504
11724
11861
11890
12093
12094
12157
12282
12329
12438
12543
12589
12619
12648
12671
12688
12888
13189
13489
13575
13644
13667
13682
13684
13710
13834
13840
14036
14113
14368
14495
14518
14594
14599
14723
14765
14802
14888
14961
15077
15174
15190
15524
15549
15568
15612
15730
15764
15789
15791
15888
15960
16018
16290
16309
16667
16699
16749
16790
16891
17120
17258
17258
17352
17401
17485
17528
17698
17802
17829
17957
18023
18089
18114
18220
18288
18340
18380
18403
18517
18556
18572
18585
18653
18854
19082
19182
19219
19290
19360
19377
19423
19433
19478
19744
19855
19887
