8
20
153
356
464
489
580
600
710
723
792
805
1137
1316
1389
1637
1692
1738
1801
1819
1879
2106
2200
2218
2448
2483
2537
2607
2712
2949
2960
3013
3021
3065
3246
3361
3451
3487
3619
3709
3754
3980
3986
4185
4203
4336
4359
4411
4454
4565
4785
4820
4830
5233
5362
5521
5618
5678
5779
5819
5976
6008
6124
6164
6177
6203
6258
6345
6432
6507
6663
6780
6910
6914
6982
6991
7001
7015
7020
7087
7145
7212
7228
7234
7250
7268
7341
7393
7583
7589
7660
7713
7750
7802
7830
7832
7916
8016
8049
8081
8206
8208
8357
8523
8759
9109
9225
9383
9402
9508
9515
9573
9858
9889
9980
10157
10230
10312
10385
10489
10711
10951
11068
11178
11207
11229
11267
11279
11354
11381
11404
11437
11629
11738
11868
12200
12202
12237
12274
12359
12405
12472
12472
12530
12568
12623
12710
12756
12774
12818
12832
12972
13007
13125
13129
13266
13342
13347
13449
13539
13600
13686
13699
13793
13865
14049
14167
14199
14246
14324
14384
14398
14648
14797
14821
14889
14994
15002
15093
15127
15192
15208
15223
15398
15454
15503
15519
15529
15629
15732
15759
15983
16002
16259
16277
16335
16403
16474
16565
16598
16639
16898
16954
16978
17073
17075
17106
17190
17229
17230
17300
17544
17647
17658
17690
17698
17729
17810
17857
18020
18089
18090
18134
18196
18213
18215
18253
18342
18377
18466
18585
18590
18815
18827
18877
19170
19179
19231
19401
19543
19545
