63
93
320
412
467
498
525
784
865
1076
1435
1452
1480
1541
1617
1713
1714
1956
2009
2132
2142
2186
2197
2359
2567
2716
2789
2883
3121
3146
3308
3338
3340
3416
3592
3601
3642
3813
3863
3958
3974
4138
4204
4222
4274
4342
4517
4761
4788
4791
4792
4802
4846
5010
5060
5064
5139
5183
5349
5482
5502
5534
5776
5840
5950
5971
5972
6044
6051
6088
6184
6199
6315
6390
6401
6411
6442
6465
6521
6640
6641
6707
6793
6811
6877
6937
6959
6968
6998
7101
7242
7358
7371
7371
7397
7397
7474
7558
7577
7617
7628
7762
7965
7989
8275
8335
8474
8489
8559
8577
8582
8688
8720
8722
8751
9019
9119
9181
9201
9227
9289
9320
9475
9522
9563
9637
9668
9803
9860
10000
10042
10132
10308
10434
10650
10814
10971
11039
11119
11123
11126
11127
11161
11239
11304
11317
11565
11636
11712
11734
11743
11848
11893
11928
12146
12207
12245
12301
12302
12351
12356
12407
12432
12484
12510
12535
12564
12600
12922
12974
12977
13119
13123
13141
13170
13193
13230
13270
13286
13520
13546
13573
13742
13863
13958
14001
14082
14124
14130
14220
14236
14286
14315
14317
14383
14393
14457
14463
14506
14742
14856
14903
14934
15037
15082
15138
15154
15161
15186
15208
15260
15296
15356
15430
15493
