66
161
228
238
372
617
696
810
852
1004
1022
1030
1067
1079
1318
1355
1493
1622
1914
2542
2794
2870
2949
3508
3557
3775
3820
4018
4266
4317
4439
4480
4679
4906
4930
5031
5039
5200
5201
5234
5308
5371
5412
5499
5531
5552
5710
6145
6223
6386
6396
6538
6814
6930
7048
7066
7118
7344
7462
7621
7642
7790
7880
7909
7954
8180
8217
8427
8463
8509
8671
8955
9218
9337
9348
9528
9670
9829
9953
10118
10139
10374
10579
10813
10834
11216
11800
11870
11884
11922
12279
12346
12600
12619
12684
13312
13423
13698
13719
14096
14112
14239
14303
14322
14467
14548
