7
181
284
329
437
468
513
558
606
661
789
863
993
994
1219
1275
1275
1382
1484
1507
1561
1699
1703
1937
2029
2031
2035
2109
2228
2261
2340
2371
2491
2519
2783
2966
3012
3089
3300
3319
3335
3374
3392
3477
3558
3566
3574
3686
3960
3996
4048
4095
4128
4215
4300
4308
4314
4376
4435
4443
4491
4530
4559
4609
4803
4913
4999
5129
5529
5588
5602
5664
5703
5720
5725
5898
5945
6120
6123
6175
6180
6228
6263
6266
6336
6406
6438
6482
6494
6579
6585
6588
6597
6791
6801
6805
6925
6951
7125
7129
7161
7163
7261
7435
7487
7705
7714
7766
7835
8036
8108
8171
8192
8221
8320
8363
8378
8439
8462
8543
8572
8916
8984
9040
9088
9143
9155
9300
9417
9421
9498
9518
9528
9588
9605
9737
9770
9774
9943
10360
10378
10386
10394
10399
10467
10475
10489
10521
10587
10603
10722
10753
10755
10765
10869
10891
10960
11123
11135
11163
11218
11327
11351
11498
11532
11558
11563
11750
11752
11760
11848
11875
11931
12003
12071
12104
12197
12232
12254
12296
12320
12321
12416
12423
12455
12464
12554
12610
12844
12961
12984
13183
13325
13479
13786
13825
13869
13901
13954
14257
14340
14433
14482
14671
14733
14753
14852
14895
14934
15053
15167
15301
15383
15547
15559
15569
15600
15648
15724
15786
15789
15906
16067
16119
16160
16183
16284
16370
16414
16506
16589
16602
16627
16686
16689
16737
16859
17076
17113
17182
17205
17208
17222
17280
17331
17336
17409
17421
17614
17618
17662
17891
17911
17923
17970
17973
18013
18112
18177
18187
18215
18304
18359
18373
18492
18492
18527
