24
120
204
244
481
614
638
724
725
727
766
782
960
1073
1105
1174
1220
1267
1304
1355
1432
1435
1462
1756
1814
1891
1923
1941
1978
1983
2006
2245
2250
2478
2536
2711
2728
2930
2937
2953
3109
3288
3364
3374
3421
3520
3567
3646
3794
3891
3958
3961
4041
4070
4073
4084
4115
4305
4354
4395
4431
4432
4584
4682
5011
5022
5026
5336
5340
5559
5691
5698
6027
6105
6183
6388
6409
6543
6611
6636
6640
6725
6933
7059
7067
7092
7138
7343
7482
7539
7572
7616
7685
7732
7755
7764
7797
7926
8145
8214
8448
8535
8642
8677
8721
8931
9025
9313
9368
9518
9641
9812
10005
10106
10321
10412
10549
10569
10584
10629
10638
10657
10727
10788
10900
10922
10952
11001
11018
11027
11228
11538
11566
11610
11830
11899
11918
11982
12095
12097
12172
12305
12632
12748
12792
12956
12989
13027
13131
13276
13279
13351
13391
13404
13620
13707
13798
13827
13998
14164
14358
14434
14834
14842
15186
15359
15568
15591
15801
15802
15961
16166
16190
