43
120
226
237
276
297
336
340
377
392
448
525
653
705
868
906
920
948
1105
1128
1141
1182
1389
1470
1559
1699
1906
1910
1921
1961
1976
2026
2078
2249
2383
2387
2423
2424
2461
2541
2647
2783
2832
2943
2953
2955
3024
3105
3111
3299
3347
3372
3418
3506
3578
3674
3764
3784
3848
3941
3957
4009
4097
4155
4173
4184
4231
4442
4499
4596
4653
4659
4672
4844
4942
5007
5007
5023
5073
5107
5274
5302
5380
5480
5482
5541
5641
5729
5767
5786
5876
6011
6133
6383
6401
6509
6533
6545
6565
6635
6694
6739
6749
6790
6801
6891
6897
6906
6913
6918
6954
7141
7282
7308
7414
7592
7626
7724
8023
8028
8104
8129
8147
8186
8225
8282
8524
8644
8655
8734
8832
8905
9086
9232
9504
9567
9731
9808
9862
9898
10033
10060
10097
10103
10197
10213
10234
10302
10369
10393
10486
10747
10818
10978
10982
11033
11066
11170
11202
11397
11540
11603
11615
11800
11880
11916
12135
12229
12279
12386
12464
12479
12526
12552
12611
12628
12662
12693
12766
12801
12899
12919
13018
13032
13081
13195
13223
13227
13237
13264
13310
13358
13422
13448
13503
13559
13578
13625
13636
13709
13728
13731
13771
13786
13891
13924
14041
14084
14223
14277
14511
14529
14643
14710
14762
14778
14880
15116
15163
15229
15434
15444
15481
15487
15512
15523
15543
15609
15682
15690
15867
15873
15883
15986
15989
16045
16148
16158
16248
16328
16505
16534
16623
16705
16718
16855
16872
16901
16984
17122
17221
17223
17418
17536
17543
17561
17660
17690
17732
17797
17932
18000
18066
18160
18234
18373
18457
18499
18510
18532
