3445
7163
13379
17728
17850
18232
18294
19016
19043
19393
19779
19901
19904
20022
20533
20879
21816
21999
22413
22719
22829
23146
23878
24550
24791
25051
25159
25207
25688
26028
26157
26351
26698
27250
27328
27660
27693
29183
29220
30158
30399
65015
69864
75455
77451
83181
83451
83818
83974
84144
84255
84281
84379
84937
84991
85602
85610
85723
86034
86037
86091
86314
86407
87743
87834
87846
88020
88077
88770
88864
88976
89830
90011
90487
90725
91158
91544
91776
91832
91903
91978
92015
92071
92128
92530
92592
93289
93343
93347
93352
93405
173951
173990
175326
175784
177311
177772
182639
182769
267834
270610
270757
274038
275533
276822
532752
532967
533032
533253
533731
534347
534496
535001
535875
536320
536347
536625
537594
537964
538149
538555
538725
538740
539572
542238
542324
542525
543512
543672
543682
544781
544893
545999
684729
687808
688113
692896
696111
698870
717051
721959
740084
742823
871216
877431
879527
918755
918875
919006
919078
919279
919674
920273
920297
920388
920883
920982
921268
922320
923008
923289
923684
923816
924184
924953
925435
925887
926470
927813
927834
928127
928576
928757
929189
929606
929872
930230
930296
930539
930617
931095
933137
933393
933601
934524
935905
936121
936358
936563
937970
938174
992652
1018766
1019351
1021142
1021783
1023203
1024117
1025568
1027141
1031186
1040078
1041910
1041995
1043009
1044338
1045357
1062365
1062653
1062841
1064325
1065424
1065713
1066217
1066221
1067377
1068659
1069299
1069865
1070438
1070703
1070981
1071065
1071699
1072395
1163726
1164370
1165635
1166730
1167447
1167732
1170903
1173514
1174265
1174642
1174851
1175820
1176271
1177148
1178757
1257695
1257726
1257894
1258288
1258381
1259508
1260286
1261638
1261678
1262258
1262364
1263815
1263879
1264064
1264186
1264526
1265836
1266964
1267134
1267325
1267849
1268742
1269537
1269545
1270594
1270603
1271280
1271844
1272820
1273303
1273406
1273716
1274215
1274349
1274363
1275480
1382321
1382741
1383464
1383528
1384005
1384146
1386770
1388206
1389442
1390808
1391014
1391579
1393814
1535634
1539338
1542675
1562603
1563464
1563657
1566934
1567227
1567397
1568691
1568775
1569647
1572026
1572573
1574599
1575085
1576361
1576450
1707527
1707654
1707983
1711009
1711774
1712685
1714217
1716069
1716435
1716460
1716785
1717615
1719243
1719350
1758525
1761002
1848644
1848900
1849427
1850418
1850553
1851483
1851782
1852292
1852417
1853455
1853655
1854557
1857897
1858012
1858873
1859390
1859468
1859558
1860477
1860953
1861279
1861413
1931234
1932573
1932680
1932841
1933357
1933630
1933677
1933884
1935874
1936344
1936516
1936682
1936866
1937087
1937408
1937574
1937948
1938400
1938717
1938929
1939209
1939671
1939741
1939923
1939989
1940331
1940998
1941188
1941360
1941614
1942303
1942535
1942620
1942799
1943524
1944043
1944922
1945065
1945086
1945553
1945731
1946028
1952571
1964339
1965831
1966852
1967191
1968246
1973206
1977671
1978216
1978431
1979142
1980508
1981448
2044329
2044719
2044767
2045054
2045097
2045154
2045613
2045779
2045825
2045848
2046068
2046683
2047049
2047283
2047475
2047489
2047849
2048667
2048948
2048949
2049673
2050092
2050102
2050350
2051036
2051128
2051536
2051571
2051690
2051780
2052021
2052097
2052409
2052578
2052982
2053156
2053593
2053699
2053799
2053905
2054001
2054202
2054315
2055378
2055782
2056070
2056813
2056835
2057045
2057087
2057236
2057539
2057554
2057790
2057888
2058099
2058134
2058755
2059231
2059627
2060288
2061458
2061823
2061916
2062790
2063459
2064613
2064768
2066201
2066341
2066366
2068506
2068613
2068817
2068899
2071653
2089208
2091576
2095255
2096701
2100693
2101838
2102615
2162867
2230285
2231764
2233796
2233899
2235006
2235311
2235460
2235757
2236281
2237254
2237275
2238252
2244945
2249845
2253155
2381185
2384588
2386871
2387398
2390783
2470253
2470490
2471747
2472905
2473433
2476874
2477161
2560880
2561042
2561115
2561224
2561659
2561871
2562349
2563018
2563095
2563880
2563988
2564479
2564835
2564889
2564970
2565532
2565573
2565807
2566153
2566384
2566653
2567022
2567258
2567291
2567835
2567938
2568689
2568753
2569093
2569135
2569492
2569639
2570075
2570492
2570626
2571093
2571139
2571196
2571281
2571717
2571780
2572072
2572248
2572296
2572474
2572535
2572615
2572768
2573049
2573062
2573072
2573273
2573652
2574169
2585932
2588887
2589618
2589675
2590772
2592074
2593835
2595225
2596136
2596190
2596826
2599047
2604422
2606455
2607082
2607109
2654590
2654843
2655352
2655374
2656605
2657518
2657662
2658395
2658582
2660608
2689348
2887251
2888171
2888392
2888814
2889159
2889169
2889216
2889424
2889539
2890000
2890204
2890483
2890860
2890891
2890956
2891124
2891174
2891359
2891557
2891918
2892432
2892572
2892593
2892752
2892797
2892799
2893217
2893647
2894048
2894652
2895133
2895356
2895702
2895942
2896081
2896300
2896911
2897320
2897791
2898180
2899442
2899458
2899641
2899964
2900232
2900360
2900409
2900748
2900940
2901033
2901147
2901314
2901505
2901565
2901772
2901867
2902155
2902191
2903243
2903807
2903956
2903999
2904016
2904204
2904385
2904658
2905249
2905287
2905487
2906054
2910261
2993651
2993908
2995399
2995632
2998667
2999016
3000383
3000991
3011054
3020771
3041221
3042137
3047743
3049528
3248335
3251033
3251149
3251826
3251842
3253534
3254527
3255277
3255485
3256208
3257595
3421573
3480665
3480706
3480866
3481165
3481539
3481750
3481872
3482853
3482952
3483274
3483380
3483818
3484798
3484888
3485889
3486475
3487182
3488961
3488979
3489079
3489858
3490175
3491017
3492044
3492214
3493386
3494215
3494706
3494910
3495446
3495701
3495705
3497298
3497922
3498315
3498354
3498736
3499250
3499287
3499454
3500591
3502350
3502907
3503113
3503409
3503726
3505976
3506762
3506956
3507100
3507376
3507391
3507894
3508061
3509854
3509947
3510003
3510278
3510439
3511062
3512131
3512146
3512861
3513485
3513700
3513945
3517043
3542676
3542845
3543002
3543009
3543160
3543516
3543645
3543680
3543725
3544268
3544282
3544285
3544644
3544824
3544826
3545287
3545329
3545385
3545449
3545492
3546158
3546314
3546561
3546603
3546755
3546813
3546943
3547021
3547153
3547319
3547481
3547515
3547957
3548066
3548127
3548201
3548848
3549191
3549447
3549453
3549578
3550578
3550714
3550766
3550789
3550887
3551089
3551103
3551408
3551427
3551428
3551897
3552222
3552697
3552856
3552984
3553315
3553637
3553818
3553978
3554194
3554342
3554422
3554655
3554948
3555375
3555384
3555484
3555558
3556066
3556213
3556238
3556247
3556316
3556385
3556424
3556468
3556679
3556876
3557200
3557464
3634214
3634457
3634612
3634760
3634946
3635164
3635227
3635395
3635398
3635613
3636402
3636418
3636642
3636645
3636652
3636787
3636944
3637158
3637285
3637432
3637588
3637701
3637707
3638385
3638564
3638723
3639119
3639218
3639311
3639675
3640365
3640486
3641163
3641577
3642005
3642069
3642814
3642983
3643535
3644547
3644676
3644801
3645076
3645252
3645481
3645626
3645649
3645794
3645910
3646253
3646340
3647357
3647664
3647743
3648093
3648311
3648780
3648941
3648966
3648970
3649221
3649625
3650040
3650474
3650482
3650597
3650607
3651036
3798696
3805290
3812096
3813664
3837316
3841643
3843645
3848600
3901720
3908213
3911319
3911764
3918126
3919702
3921440
3922247
3996342
3996495
3996892
3997639
3998276
3998554
3999344
3999377
3999656
3999819
3999824
4000487
4000807
4001633
4001738
4001819
4002059
4002113
4002204
4002293
4003471
4004455
4004648
4005072
4005703
4005809
4006758
4006854
4006864
4007034
4007450
4007499
4008599
4008978
4009013
4030441
4033356
4038485
4039428
4047827
4067134
4067366
4067667
4067829
4068478
4068591
4068909
4069605
4070437
4070615
4070689
4071074
4071991
4072205
4072718
4072899
4073085
4073258
4074000
4074234
4074818
4074836
4074929
4074935
4075164
4075395
4076347
4076455
4077166
4077296
4078663
4078785
4079574
4079787
4079913
4080310
4080353
4080381
4080460
4080834
4081087
4081252
4081405
4081457
4082121
4082149
4082189
4082422
4082528
4082699
4083104
4083459
4084192
4084453
4085020
4085055
4085073
4085889
4085891
4086154
4215162
4215505
4215612
4215826
4216084
4216178
4216670
4217209
4217229
4218033
4218236
4218457
4219526
4219961
4219992
4220493
4220598
4220990
4221062
4221206
4221224
4221307
4221573
4221672
4222147
4222204
4222298
4222518
4222908
4223354
4223475
4223944
4224124
4224362
4225117
4225355
4225582
4225742
4225958
4226752
4226860
4227232
4227663
4227845
4228953
4229178
4229283
4229284
4229317
4229514
4229864
4231944
4232466
4232671
4232897
4233205
4234207
4234558
4234663
4234859
4234888
4235320
4235872
4236006
4236373
4236541
4236658
4237423
4237445
4237654
4237852
4237885
4239180
4239249
4239391
4240079
4240149
4240760
4241316
4241847
4242134
4243602
4243773
4243909
4244485
4245018
4245415
4246044
4246178
4246810
4246838
4246888
4247795
4248520
4249054
4265116
4265435
4265777
4266028
4266400
4266927
4267734
4268710
4269648
4271498
4272463
4272614
4272853
4273070
4273241
4312745
4312829
4313171
4313179
4313212
4313488
4314496
4314664
4315164
4316772
4317489
4318293
4318525
4318614
4318862
4319763
4320097
4320220
4320395
4321392
4321403
4321468
4321539
4321567
4322132
4322186
4322200
4323203
4323285
4323472
4323741
4351078
4419213
4420680
4420787
4421764
4426743
4427301
4427741
4428574
4431574
4431854
4433619
4433633
4433703
4433869
4435226
4435233
4435452
4436341
4436875
4437328
4437871
4438554
4527571
4581974
4583926
4597868
4597930
4598621
4599201
4599725
4599751
4599841
4600363
4600410
4600432
4600609
4602378
4603028
4603391
4603721
4604000
4604507
4604904
4604979
4605907
4607986
4608059
4608174
4608429
4608505
4608946
4609158
4609572
4609770
4609949
4610023
4610041
4610533
4610570
4610793
4610897
4611187
4611381
4611464
4611716
4611814
4612006
4613209
4613301
4613516
4613642
4614155
4677905
4680385
4681287
4682320
4683572
4684014
4684677
4685022
4686143
4687030
4687204
4688038
4688346
4688641
4689322
4689906
4690448
4690667
4690880
4692239
4692362
4692837
4694471
4694489
4695035
4695141
4695460
4696279
4696295
4696777
4697242
4698239
4698397
4698430
4698611
4699135
4700028
4700170
4700175
4700219
4700452
4700646
4700666
4701048
4701154
4701252
4701331
4701516
4701652
4701699
4702515
4702589
4702700
4702752
4703106
4703313
4704070
4704343
4704508
4705267
4705737
4705955
4705987
4706572
4706633
4706958
4706985
4707038
4707466
4707474
4707498
4709762
4712088
4712933
4719966
4723519
4724086
4725215
4757849
4765046
4770576
4770602
4771271
4771706
4772211
4773183
4775051
4776010
4776240
4776348
4776635
4777273
4777504
4778161
4778369
4778585
4778593
4780506
4782140
4782700
4783145
4783382
4785318
4785965
4786697
4787162
4788092
4789913
4791536
4800788
4874970
4875260
4875494
4875655
4875704
4876831
4877538
4877816
4877921
4879131
4879153
4880242
4880294
4881290
4881829
4882141
4882379
4882541
4882545
4882565
4883070
4883160
4883323
4883731
4883735
4883821
4884288
4885310
4885531
4885660
4885763
4949923
4959534
4983901
4985263
4985403
4985451
4985800
4986013
4986042
4986356
4986520
4986521
4986813
4986905
4987176
4987556
4987636
4987746
4987800
4988196
4989089
4989102
4989771
4990065
4990219
4990611
4990771
4990939
4991425
4991477
4991961
4992730
4992927
4993126
4993297
4993382
4993483
4993727
4994160
4994168
4994467
4994596
4994811
4995254
5066226
5068257
5069930
5069936
5070242
5071722
5072040
5072298
5072797
5072812
5073335
5073711
5073934
5075594
5076206
5076289
5126053
5126229
5126605
5126737
5126948
5127563
5127726
5128023
5128211
5128594
5128630
5129105
5130926
5130931
5131632
5132099
5132108
5132369
5132492
5132701
5132836
5133143
5133202
5133229
5133498
5134263
5134286
5134657
5134982
5135156
5135246
5135749
5135902
5135986
5136379
5136903
5137275
5137560
5172063
5172401
5172766
5174306
5174427
5174838
5174923
5175019
5175204
5175467
5175576
5175776
5176645
5177129
5177263
5177951
5178315
5178382
5178614
5179699
5179996
5180104
5180873
5181530
5182817
5183497
5183638
5185065
5233408
5234341
5235292
5235494
5235627
5235868
5236401
5236529
5237888
5238164
5238364
5238408
5238556
5238580
5238694
5238714
5238986
5239208
5239431
5239576
5239651
5240513
5240839
5240919
5241193
5241417
5242157
5242249
5242470
5242579
5242761
5242988
5244019
5244107
5244108
5244923
5244944
5245047
5245077
5245171
5245865
5245869
5245977
5246178
5246287
5246635
5246715
5246836
5247091
5247205
5247281
5247596
5247715
5248042
5248101
5265777
5268926
5269468
5269890
5269960
5270018
5270251
5271059
5271662
5272060
5272207
5272713
5273077
5273467
5273712
5274062
5274718
5274840
5274893
5274986
5275254
5275442
5275634
5275979
5276293
5276396
5276499
5276534
5276542
5276661
5277098
5277171
5277425
5277440
5277516
5277668
5277700
5278347
5278362
5278837
5279052
5279683
5280226
5280580
5280782
5280873
5281511
5281605
5281972
5282005
5282045
5282219
5283245
5283404
5283975
5284376
5284475
5315372
5315830
5316202
5316658
5317148
5317756
5318270
5318492
5318969
5319058
5319143
5319471
5319777
5320341
5320451
5320544
5320545
5320612
5320742
5321299
5321429
5321430
5321941
5322099
5322245
5322846
5322858
5322908
5323778
5324451
5324489
5324506
5324550
5324578
5324603
5324811
5358333
5359221
5359281
5359557
5360248
5361824
5362212
5362909
5363085
5364073
5364835
5364935
5365204
5365639
5365905
5367006
5367294
5367715
5368658
5368950
5369116
5369395
5369483
5369747
5369925
5370808
5371147
5371457
5371478
5372143
5372482
5373103
5373139
5373259
5373330
5373495
5373698
5374484
5374817
5376026
5376562
5376605
5376693
5376864
5377242
5377593
5377975
5378203
5378793
5378964
5380144
5380761
5381020
5381863
5382760
5383008
5383097
5383124
5383296
5383762
5430849
5431542
5431787
5432091
5433518
5433682
5434209
5434650
5435188
5436140
5436166
5436831
5436869
5436956
5437089
5437325
5437917
5437952
5438160
5439066
5439080
5439270
5439773
5440150
5440478
5440483
5440549
5440579
5440805
5441022
5441080
5441467
5441676
5441806
5441914
5442071
5442337
5442516
5442553
5443745
5443838
5444029
5444056
5444188
5444392
5444872
5445060
5445092
5445109
5445804
5445950
5446338
5446427
5465928
5467200
5467291
5467667
5468974
5469088
5470147
5470873
5471437
5472005
5472877
5473509
5474930
5475744
5476676
5477275
5477812
5480187
5480885
5481555
5481713
5482582
5483203
5484641
5485166
5486273
5486517
5487371
5487794
5487970
5488708
5491972
5493223
5603680
5604753
5655332
5655341
5655583
5655982
5656264
5656450
5656491
5656907
5657201
5657555
5657574
5658534
5658537
5658742
5659030
5659286
5659516
5660063
5660333
5660567
5660788
5660929
5661077
5661235
5661358
5661386
5661953
5662173
5662253
5662612
5662755
5663206
5663463
5663910
5664137
5664798
5665046
5665095
5665400
5665786
5665823
5665853
5666132
5666224
5666503
5666559
5666867
5667285
5667512
5667618
5668196
5668373
5668715
5669351
5669516
5669686
5670227
5670302
5701327
5701985
5702258
5704664
5710771
5717982
5733351
5740495
5778300
5800652
5843147
5843447
5843550
5843566
5843832
5844252
5844431
5844436
5844490
5844527
5844677
5844951
5845183
5845226
5845664
5846059
5846786
5847377
5847705
5847852
5848130
5848495
5849314
5849407
5849549
5850034
5850173
5850514
5850575
5850589
5850703
5850734
5850760
5850902
5851065
5851474
5852012
5852100
5852384
5853300
5853339
5853369
5853717
5853800
5853936
5854056
5854169
5898985
5899017
5899109
5899550
5900271
5901022
5901542
5901695
5902142
5902861
5903083
5904472
5904596
5905505
5907173
5908382
5908518
5909481
5910514
5910547
5911076
5911892
5912358
5942731
5942856
5942977
5943130
5943245
5943254
5943274
5943380
5943561
5943611
5943822
5944139
5944513
5944546
5944603
5944718
5944802
5944887
5944964
5945054
5945064
5945420
5945484
5945562
5945944
5945961
5946053
5946255
5947414
5947575
5948010
5948159
5948557
5948886
5949061
5949676
5950061
5950149
5950159
5951071
5951472
5951540
5952279
5952391
5952567
5952660
5952724
5952744
5953056
5953405
5953422
5953476
5953617
5954326
5954778
5954789
5954804
5954868
5955289
5955625
5955665
5956645
5956827
5957302
5957800
5957940
5958509
5958612
5958931
5958967
5959059
5959427
5959554
5959632
5959723
5959730
5959789
5960082
5960228
5960509
5960810
5960916
5961780
5962064
5968139
6050769
6051086
6051154
6051209
6051351
6051353
6051820
6052048
6052177
6052891
6053553
6053931
6053948
6053965
6054310
6054485
6054611
6055172
6055456
6055468
6055579
6055610
6056174
6056180
6056237
6056873
6057116
6058200
6058217
6058252
6058542
6058606
6058844
6059023
6059044
6059780
6059958
6060070
6060151
6060206
6060285
6060524
6060736
6061011
6061082
6061378
6061445
6061796
6062028
6062088
6062417
6062494
6062842
6062854
6063088
6063345
6063370
6063392
6063425
6063515
6063640
6063993
6064455
6064571
6064669
6064807
6064857
6065153
6065690
6065746
6066307
6066539
6066566
6066828
6067400
6067859
6068034
6068330
6068456
6068461
6108568
6108773
6109125
6109796
6110178
6110565
6111177
6113724
6114212
6114858
6115207
6115358
6116243
6116922
6117617
6117788
6118009
6118042
6118117
6118752
6119403
6120669
6121612
6122818
6124111
6124201
6124411
6124470
6124636
6124925
6125049
6125248
6125524
6141695
6141770
6141929
6142321
6142713
6142728
6143174
6143741
6143960
6144051
6145081
6145225
6145228
6145725
6146186
6146326
6146570
6146629
6146636
6146656
6146751
6146813
6147091
6147183
6147277
6148175
6148341
6148831
6148867
6149006
6149054
6149069
6149388
6149696
6149925
6150833
6150960
6151430
6151675
6152017
6152081
6152769
6152910
6153130
6153345
6153441
6153616
6153627
6153821
6154442
6154822
6154994
6155133
6155178
6155245
6155758
6155869
6155959
6156455
6157073
6157076
6157265
6157313
6157352
6157842
6157897
6186478
6186708
6187232
6187416
6188114
6188142
6188863
6189517
6189877
6189895
6189962
6190584
6191144
6191902
6192570
6193196
6193623
6193802
6193842
6194080
6194164
6194277
6194556
6194832
6195599
6195814
6196723
6196848
6196964
6198046
6198111
6210213
6210604
6210727
6210795
6210926
6210988
6211467
6211659
6212296
6212455
6212482
6212529
6212633
6212859
6213057
6213138
6213327
6213406
6213486
6213502
6214812
6214979
6215446
6215645
6215671
6215828
6215877
6216461
6217143
6217391
6217522
6217538
6218698
6218789
6218832
6218897
6219466
6219574
6220011
6220213
6220248
6220569
6220703
6220767
6220780
6220847
6220862
6220869
6221166
6221562
6221732
6221786
6221820
6221835
6221973
6222420
6222694
6223561
6223643
6223862
6224018
6224178
6224225
6224252
6313925
6314945
6316287
6319828
6320309
6321342
6322510
6327571
6328816
6329067
6330183
6330190
6331449
6331725
6331904
6332718
6336850
6338210
6338889
6340242
6340335
6340758
6340760
6341047
6342304
6398824
6440916
6440944
6441076
6441402
6441406
6441942
6442205
6442527
6442542
6442695
6443136
6443150
6443252
6443337
6443359
6443923
6443998
6444150
6444497
6444529
6444530
6444773
6444872
6445806
6445810
6446084
6446114
6446189
6446377
6446639
6446684
6446926
6447149
6447349
6447475
6447865
6448180
6448267
6448310
6448712
6448747
6449174
6449744
6449909
6450231
6450456
6475349
6500343
6500375
6501645
6501654
6501691
6502091
6502128
6502522
6502595
6502656
6502864
6502890
6503024
6503589
6503783
6504032
6504047
6504150
6504257
6504469
6504583
6505329
6505731
6505752
6505804
6506191
6506212
6506647
6507016
6507078
6507458
6507473
6507865
6508255
6508604
6508781
6509163
6509783
6510885
6511043
6511289
6511532
6511579
6511744
6511801
6511993
6512567
6513527
6513642
6513696
6514360
6514736
6514819
6514976
6515284
6515348
6515763
6517729
6519765
6519856
6520155
6520883
6522029
6522230
6523367
6525432
6526094
6526494
6526946
6527353
6527625
6528830
6529732
6531759
6534680
6535944
6535949
6537850
6541023
6543103
6543236
6545040
6545665
6549816
6612980
6613318
6620183
6620292
6621638
6622124
6622314
6622669
6622705
6623981
6624306
6624650
6626015
6626114
6627668
6628323
6628455
6629270
6629333
6629411
6630327
6630393
6631103
6631125
6631183
6631274
6631282
6631828
6632271
6633209
6634099
6634931
6635229
6635616
6635949
6636248
6636338
6636426
6638191
6638405
6639100
6639434
6639647
6639996
6640095
6641688
6642332
6643127
6643207
6643352
6643725
6644032
6644364
6644877
6645894
6646068
6646199
6646593
6647154
6647433
6647852
6648030
6648220
6648489
6648532
6649080
6649140
6649149
6649213
6649251
6649369
6650459
6652397
6654950
6655056
6655612
6655971
6656035
6659492
6660135
6660147
6661152
6662566
6662576
6662697
6664173
6665266
6666168
6667777
6668627
6671099
6671568
6672095
6673106
6673121
6673224
6673718
6675105
6676023
6676693
6678761
6679048
6679586
6679796
6680601
6683527
6684647
6686165
6686465
6687653
6689861
6690328
6690344
6692987
6693168
6693302
6698316
6698637
6699736
6706125
6718143
6718515
6719070
6719199
6719859
6720640
6720799
6721009
6722714
6722936
6723039
6723752
6724784
6724829
6724984
6725327
6727200
6727581
6728340
6728820
6729768
6730330
6731106
6731785
6807104
6807295
6807325
6807566
6807735
6807801
6808180
6808394
6808998
6809613
6809849
6809868
6811061
6811124
6811451
6811489
6811557
6812268
6812355
6812478
6812812
6813189
6813438
6813776
6813821
6814176
6814179
6814184
6814764
6814878
6814974
6815282
6815623
6815811
6815992
6816153
6816205
6816714
6816886
6816916
6817689
6818014
6818271
6818286
6818313
6818400
6818411
6818586
6819359
6819605
6819875
6820148
6820446
6820771
6820804
6820947
6821015
6821142
6821529
6821997
6822469
6822648
6823009
6823088
6823579
6823774
6824104
6824247
6836767
6837011
6837895
6838612
6838766
6838902
6839038
6839622
6839970
6840148
6840322
6840561
6841599
6841713
6841759
6842709
6843421
6844809
6844903
6845162
6846694
6847112
6847473
6847715
6848566
6849050
6849108
6849929
6850324
6850539
6851157
6851392
6851523
6852569
6852578
6944747
6945705
6945729
6946469
6946716
6946836
6946853
6946899
6947130
6947303
6947605
6947723
6948101
6948137
6948182
6948559
6948716
6948788
6949240
6950419
6950561
6950986
6951007
6952030
6952085
6952229
6952252
6953494
6954090
6954320
6954432
6955132
6955493
6955837
6955899
6956428
6956746
6956922
6956932
6957581
6957760
6957852
6958287
6958440
6958446
6958575
6958582
6959309
6959855
6959893
6960347
6960738
6960824
6960845
6960908
6961480
6961733
6962587
6962781
7006741
7007139
7007169
7007275
7007389
7007520
7007542
7008239
7008512
7008540
7008891
7009051
7009449
7009501
7009510
7009715
7009909
7009949
7010255
7010551
7010629
7010701
7010781
7010784
7011230
7011231
7011350
7011375
7011685
7011797
7011836
7011864
7012147
7012235
7012881
7012917
7012978
7013359
7013964
7014273
7014530
7014589
7014643
7014976
7015485
7015570
7016668
7016851
7017279
7017298
7017345
7017588
7017648
7018124
7018128
7018336
7018792
7018978
7018988
7018992
7019110
7019175
7019184
7019212
7019263
7020688
7021175
7021413
7021519
7021643
7021837
7021848
7021923
7023186
7023211
7023655
7023767
7023891
7024218
7024337
7024969
7025855
7026172
7026482
7026909
7027307
7027625
7027704
7028040
7028853
7030138
7030589
7031026
7031506
7031816
7032176
7032783
7033335
7035670
7035731
7038077
7038122
7038294
7038573
7038977
7039722
7040129
7040378
7040605
7041057
7041110
7067283
7073449
7078959
7079077
7082746
7120646
7122219
7122695
7122868
7123156
7123286
7124884
7125841
7126093
7128457
7130694
7131169
7175705
7175754
7176511
7177551
7178082
7178427
7178796
7178946
7178990
7180277
7180482
7180497
7180683
7181049
7181066
7181272
7181456
7181754
7181901
7182043
7182378
7182497
7182805
7182881
7183035
7183109
7183406
7184041
7184066
7184422
7184617
7184641
7184764
7184872
7185160
7185409
7185827
7185863
7185980
7186204
7186407
7186565
7187910
7188014
7188331
7190161
7190175
7190184
7190904
7191172
7191518
7191543
7191837
7192277
7192895
7193568
7193737
7193756
7193952
7194065
7194735
7194810
7194855
7194957
7195230
7195283
7195953
7196010
7196023
7196079
7196160
7196295
7196364
7196739
7196828
7197116
7197325
7198049
7198096
7198125
7198317
7198855
7199106
7199600
7199677
7199699
7199756
7199827
7200061
7200236
7200970
7201080
7201600
7201632
7201677
7201933
7202272
7202284
7203068
7203192
7203429
7203558
7203606
7203823
7204320
7204377
7204559
7204657
7204688
7204825
7204828
7205083
7205491
7205580
7205794
7206078
7206177
7206291
7206364
7206424
7206912
7207949
7208247
7209160
7209296
7209369
7209841
7209880
7210644
7210782
7212020
7212221
7212334
7212407
7213176
7213446
7213471
7213524
7213544
7213860
7214577
7215108
7215260
7215269
7215271
7215279
7215485
7215619
7215696
7215845
7215932
7216151
7216284
7216486
7216790
7217140
7217230
7218102
7218303
7218584
7219255
7219311
7220294
7220716
7220836
7220960
7221036
7221780
7222154
7222711
7222808
7222925
7223751
7224235
7227153
7229231
7229247
7229887
7231082
7234102
7234536
7298279
7298610
7298834
7298861
7300258
7300438
7301595
7301663
7301684
7302156
7302233
7302490
7303100
7303385
7303646
7303655
7303773
7304085
7304167
7304266
7304603
7304653
7304935
7305057
7305111
7305692
7306091
7306188
7306448
7307000
7307180
7307351
7307611
7307800
7307828
7308394
7308569
7308797
7308837
7309273
7309402
7309484
7309963
7310041
7310234
7310535
7310882
7311121
7311319
7311445
7311575
7311949
7312037
7312120
7312218
7313652
7313714
7314236
7314277
7314519
7315022
7315200
7315345
7315969
7316259
7316366
7316852
7317051
7317062
7317132
7317136
7317994
7318086
7332656
7333588
7335214
7336035
7336189
7336367
7337332
7338255
7339208
7339274
7339874
7340064
7340293
7341018
7341571
7341724
7341908
7341924
7342123
7343127
7343350
7344136
7345704
7349132
7350268
7351284
7354328
7356190
7356785
7356794
7361546
7361607
7362572
7385231
7391642
7393331
7444839
7445147
7445282
7445642
7445819
7446315
7446331
7446636
7446914
7447016
7447039
7447386
7448389
7448655
7448854
7449136
7449307
7449397
7450132
7450667
7451259
7451572
7452661
7453342
7453900
7453925
7454474
7455012
7455649
7456127
7456459
7457166
7457239
7458635
7458641
7459402
7459780
7459931
7460907
7461392
7461500
7461621
7462195
7462782
7463251
7463819
7466572
7467035
7467749
7468179
7468403
7469156
7469822
7470066
7470614
7471046
7471350
7471804
7471842
7472131
7472393
7472822
7472977
7472992
7473908
7474530
7475101
7475467
7475636
7475655
7502682
7504008
7504101
7504945
7505534
7506099
7506214
7506917
7506925
7506939
7507054
7508036
7508153
7508372
7509121
7509557
7510111
7510444
7512380
7513431
7513452
7513588
7514294
7514935
7515092
7558371
7558693
7558808
7559091
7559338
7559376
7559416
7559555
7560776
7561148
7561358
7561930
7562090
7563034
7563684
7563948
7564651
7564653
7564958
7565975
7566991
7567329
7568001
7568030
7568131
7568194
7568260
7569889
7569907
7570319
7570523
7570542
7571247
7571518
7572280
7572747
7573071
7573132
7573267
7600256
7600389
7600487
7600562
7600570
7600963
7601225
7601570
7601646
7601884
7601912
7601947
7602207
7602405
7602777
7603053
7603288
7603476
7604151
7604182
7604368
7604420
7604447
7605857
7606222
7606274
7606709
7606716
7606839
7606873
7606925
7607326
7607509
7607644
7607738
7607766
7608388
7608738
7608743
7609487
7609724
7609911
7610362
7610765
7610874
7611077
7611429
7611686
7612535
7612563
7612776
7612954
7613232
7613267
7613609
7613811
7613831
7613865
7613937
7614113
7614146
7614637
7614957
7615210
7615282
7615632
7616587
7616839
7616849
7616910
7617996
7619136
7619156
7619407
7620385
7620906
7621040
7621693
7622276
7622712
7622767
7623265
7623616
7623764
7623877
7623905
7624050
7624455
7624626
7625016
7625142
7625144
7625197
7625325
7625465
7625613
7625938
7626385
7626582
7626626
7626832
7627513
7627536
7627730
7627774
7627926
7628104
7628526
7628626
7628637
7629157
7629250
7629359
7629664
7629775
7629807
7629822
7629916
7630655
7630864
7631526
7631556
7631738
7631876
7631962
7632141
7632142
7632199
7632249
7632445
7632932
7633172
7633208
7633549
7633599
7633676
7633834
7634642
7634961
7637839
7639525
7639683
7639820
7639922
7640156
7640308
7641141
7641230
7643527
7643796
7644757
7646118
7646221
7646707
7647022
7647301
7647346
7648219
7648271
7648397
7649323
7649938
7650683
7650785
7650851
7652753
7653381
7654074
7654184
7658253
7659061
7662775
7665284
7666211
7682859
7683011
7687301
7687759
7690184
7690250
7692629
7693218
7693702
7694146
7694868
7695699
7696986
7697058
7728764
7759981
7761711
7764494
7765673
7767228
7775141
7775754
7776317
7776357
7777541
7790379
7791247
7791595
7791991
7792350
7792637
7793606
7794259
7794544
7794566
7794727
7796188
7796365
7797317
7798237
7799556
7800471
7800775
7800867
7801228
7801273
7801663
7801806
7801917
7802577
7802616
7802651
7802942
7803209
7803295
7804227
7805596
7805890
7806093
7806095
7806632
7806663
7806896
7806937
7806943
7807093
7807117
7807275
7807695
7808386
7808521
7808755
7808828
7808874
7809176
7809298
7809316
7809320
7809723
7809846
7809920
7809989
7810440
7810457
7810809
7810974
7811690
7811813
7812130
7812618
7812650
7813009
7813503
7813574
7813866
7813958
7814122
7814183
7814578
7815113
7815116
7815288
7815624
7815743
7815790
7817272
7817540
7817940
7817998
7880788
7880982
7882059
7883135
7883501
7883698
7883921
7883927
7885526
7886491
7886672
7887396
7887557
7887568
7889310
7890598
7891251
7891297
7891671
7892074
7906127
7906532
7907337
7907578
7907691
7907693
7907713
7907861
7908183
7908224
7908589
7908605
7908682
7908690
7909019
7909251
7909576
7910260
7910389
7910677
7910723
7910938
7911124
7911864
7911872
7912147
7912188
7912648
7912936
7913373
7913796
7913970
7914043
7914058
7914323
7914494
7914849
7916112
7916427
7916663
7916827
7917048
7917599
7917919
7918178
7918342
7918788
7918814
7919953
7920286
7920302
7920392
7920981
7921072
7921298
7921384
7921386
7921979
7922411
7922842
7922855
7923418
7923682
7923729
7923772
7923886
7924102
7924381
7924491
7924697
7925367
7925369
7925602
7925623
7926136
7926700
7926894
7927777
7928236
7929069
7929296
7929402
7930077
7930351
7930380
7930399
7930910
7930913
7931008
7931209
7931596
7932441
7932687
7932820
7933044
7933416
7934140
7934910
7935309
7935453
7936001
7936218
7936300
7936640
7938064
7938256
7939417
7939512
7939686
7939708
7940380
7940443
7940592
7940610
7940682
7940764
7940880
7940899
7940954
7941043
7941083
7941342
7941907
7942241
7942633
7942866
7943111
7943180
7943261
7943310
7943322
7943453
7943751
7944162
7944378
7944685
7944696
7944733
7944755
7944968
7946138
7946326
7946697
7947162
7948542
7948621
7949711
7950269
7950478
8019832
8021522
8035627
8035770
8035981
8035992
8036527
8037132
8038746
8038903
8038928
8040108
8040424
8040787
8041267
8042234
8044734
8044769
8045091
8045446
8045677
8045695
8046455
8046510
8047649
8047681
8048636
8049836
8050238
8050342
8050836
8073389
8073813
8073905
8074021
8074538
8075141
8075853
8076034
8076711
8076914
8077328
8078143
8078799
8079454
8079471
8081477
8082231
8082827
8083050
8083146
8083234
8083341
8083444
8083531
8084027
8084295
8084486
8084536
8084989
8085632
8087499
8087983
8088147
8088572
8089091
8089572
8089929
8090353
8090564
8090588
8090942
8091007
8091296
8091811
8091896
8091936
8092745
8093099
8094150
8095953
8097058
8098490
8099158
8100210
8100266
8100791
8100948
8102319
8102351
8102921
8103236
8103795
8103986
8104819
8105990
8106999
8107197
8107276
8107735
8107895
8108065
8108152
8108185
8108547
8108617
8109055
8109885
8109905
8111177
8111546
8112320
8112545
8112991
8113000
8113103
8113308
8114143
8114196
8114435
8115140
8115318
8115512
8115662
8116589
8116674
8117497
8117805
8118447
8118620
8118787
8119357
8119620
8119708
8119717
8120155
8120596
8121179
8121286
8122754
8122759
8123513
8124275
8124334
8124395
8124665
8125337
8125624
8125670
8126455
8126815
8126876
8126998
8127335
8128716
8130081
8130546
8131246
8132593
8132872
8133113
8133323
8133618
8133689
8134261
8134452
8134892
8135588
8135632
8155684
8158160
8158858
8160139
8161954
8163120
8164532
8166602
8166763
8167059
8182354
8182861
8182930
8183235
8184138
8184213
8184363
8184762
8185167
8185195
8186810
8187044
8187142
8187389
8187488
8187614
8188382
8189307
8189452
8189606
8189634
8190119
8190667
8190677
8190766
8191049
8191614
8191884
8191892
8192154
8192302
8192313
8192375
8192918
8193431
8193779
8193833
8195634
8196057
8196847
8197019
8197022
8197026
8197075
8197283
8197465
8197493
8197587
8197796
8197887
8198267
8198376
8251508
8251845
8252281
8252725
8252877
8253801
8254085
8254120
8254132
8254408
8254428
8254696
8255023
8255987
8256054
8256303
8256719
8257967
8258615
8259755
8259824
8260528
8260745
8261165
8262544
8262767
8262988
8263000
8263640
8263646
8300035
8314974
8315689
8315813
8315896
8317607
8317985
8318533
8320442
8321191
8322513
8322603
8323133
8323807
8324994
8326483
8327266
8327301
8327565
8328535
8328687
8361032
8361673
8363071
8365725
8366740
8367683
8369596
8371238
8404005
8404178
8404592
8404836
8404907
8404984
8405368
8405455
8405479
8405520
8405641
8405793
8405941
8406527
8406759
8407232
8407606
8407775
8408018
8408019
8408151
8408556
8408848
8409043
8409667
8409774
8410176
8410260
8410389
8410705
8411390
8411924
8412075
8412529
8412793
8413275
8413478
8414009
8414255
8414277
8414281
8414479
8414524
8414783
8415035
8415260
8415340
8415535
8415577
8415622
8416094
8416124
8416418
8417089
8417231
8417397
8418332
8418863
8419360
8419381
8420217
8420306
8420523
8421379
8421772
8421998
8422152
8422376
8422656
8439994
8440207
8440467
8440581
8440928
8441524
8441609
8442483
8442806
8443080
8443272
8443667
8444528
8444614
8445160
8445573
8446101
8446160
8446489
8446672
8447140
8447392
8447630
8447809
8447932
8448077
8448116
8448614
8448649
8448920
8449001
8449280
8449351
8449396
8449779
8449787
8449810
8449898
8450038
8450759
8451478
8452357
8452366
8452801
8453037
8453499
8453644
8461621
8463099
8465572
8466906
8467124
8469479
8471499
8506973
8507343
8507364
8507955
8508317
8508336
8508720
8508768
8508864
8508890
8509038
8509511
8509788
8511430
8511713
8511749
8512936
8513747
8513775
8514398
8514701
8514885
8515506
8515513
8515663
8515774
8515963
8516024
8516402
8516804
8516901
8516930
8516939
8517446
8517570
8517617
8517641
8517970
8518994
8519162
8519224
8519690
8520310
8520584
8520816
8520963
8521030
8521141
8521370
8521437
8521525
8522148
8522758
8522984
8524419
8524487
8524728
8524737
8525996
8526096
8526139
8526203
8527036
8527144
8527525
8527564
8528085
8528547
8528602
8528782
8529034
8529263
8529500
8529690
8530036
8530440
8530449
8532591
8532931
8533538
8534678
8535794
8535864
8535916
8536255
8536818
8536835
8537279
8537335
8537989
8538121
8538145
8539109
8539512
8539700
8539899
8539912
8540734
8541163
8541555
8541698
8542033
8542720
8543333
8556143
8556180
8556202
8556224
8557379
8558248
8558268
8558310
8558444
8559268
8559523
8559533
8559759
8559825
8559915
8559989
8560187
8560190
8560469
8560818
8561540
8561581
8561686
8561819
8562293
8562768
8562936
8563178
8563898
8564113
8564293
8564463
8565414
8565673
8565738
8565976
8566558
8566711
8567203
8728490
8728772
8728842
8730898
8730903
8732055
8732242
8732869
8733122
8734861
8735113
8735707
8736506
8736688
8737537
8738881
8739136
8739263
8740162
8740961
8742837
8743006
8744028
8778635
8779126
8781101
8781419
8782185
8782771
8782832
8783097
8783217
8784990
8785634
8786341
8786408
8787432
8788422
8788567
8789085
8789656
8790125
8790519
8791035
8791117
8791220
8791495
8791549
8792761
8793016
8793034
8793728
8794108
8794503
8794591
8810216
8810512
8811667
8811787
8811872
8811992
8812426
8812797
8813430
8813662
8813739
8814336
8814471
8815398
8815757
8816231
8816666
8816803
8816952
8817948
8818162
8818463
8818633
8818768
8819468
8820086
8820396
8820854
8821233
8821449
8821963
8822170
8822224
8822652
8823080
8823329
8855647
8855847
8856010
8857006
8857563
8858313
8858561
8858866
8858968
8859961
8860354
8860588
8860591
8861390
8861493
8861727
8861973
8862111
8862283
8862459
8862751
8862948
8863367
8863392
8863691
8864629
8865297
8866074
8866217
8866279
8866322
8866602
8866843
8866887
8867180
8867460
8867597
8868064
8868415
8868735
8869041
8869632
8869994
8870230
8870854
8870884
8870891
8871333
8871690
8871910
8872482
8872572
8872639
8873515
8873628
8873779
8873836
8873963
8873995
8874532
8951743
8952316
8952536
8952863
8952933
8952954
8953171
8954576
8955111
8955459
8956640
8957810
8958035
8958151
8958677
8958903
8959703
8960106
8960991
8961163
8961245
8961465
8962035
8962083
8962144
8962160
8962222
8962264
8962570
8962620
8962634
8963267
8963391
8963435
8963505
8964163
8964245
8964681
8964947
8965217
8965220
8965286
8965390
8966301
8967097
8967282
8967315
8967340
8967485
8967657
8968213
8969226
8969612
8969643
8969681
8969914
8971035
8971250
8971609
8971727
8971762
8972129
8972607
8973380
8973498
8973576
8974507
8974578
8975592
8975707
8976767
8976825
8976918
8976937
8977052
8977719
8977768
8978250
8978660
8978891
8979864
8980160
9035272
9035279
9035346
9035361
9035642
9036071
9036172
9036745
9036931
9037861
9041027
9042034
9042428
9042966
9043021
9043500
9043592
9043893
9045890
9047991
9052116
9053119
9053329
9053941
9055457
9055813
9055927
9055934
9056095
9056218
9056327
9056420
9056603
9056614
9056682
9057631
9058072
9058091
9058172
9058460
9058568
9059500
9059586
9059776
9060113
9060824
9061271
9061722
9062254
9062864
9062965
9063069
9063342
9063806
9063817
9067665
9071100
9075008
9122203
9122226
9122555
9123552
9124434
9124791
9125280
9125284
9125649
9125796
9125898
9126061
9126682
9126829
9127052
9127111
9127902
9128043
9128483
9129121
9129159
9129343
9129614
9129704
9130434
9130470
9130783
9131357
9131934
9132111
9132255
9132640
9132646
9132691
9132904
9133819
9134015
9134045
9134420
9134910
9134982
9135171
9135446
9135531
9135748
9136426
9136477
9136578
9136994
9137157
9137333
9137350
9137468
9137496
9137559
9137618
9138611
9138818
9139013
9139369
9139672
9139729
9140110
9140357
9140696
9140860
9140976
9141102
9141312
9141356
9141441
9141564
9141599
9141673
9141998
9142507
9142607
9142866
9143409
9143532
9143810
9143990
9144051
9144318
9144467
9144806
9144826
9144942
9144982
9145066
9145187
9145885
9146192
9146264
9146736
9146866
9146868
9147284
9147568
9147762
9148820
9148919
9149325
9149587
9149742
9149929
9150119
9150438
9150465
9150505
9171755
9179287
9198863
9202759
9204665
9252945
9253021
9253065
9253248
9253375
9253536
9253854
9254527
9255073
9255625
9256283
9256376
9256557
9257253
9257728
9257965
9258113
9258161
9258625
9258652
9258889
9259494
9259644
9259990
9260166
9260508
9260510
9260584
9260602
9261007
9261081
9261220
9261305
9261329
9261513
9261517
9261536
9261629
9262588
9262794
9262991
9264003
9264031
9264177
9264515
9264538
9264624
9264637
9264647
9264661
9264729
9264860
9265140
9265373
9265435
9265448
9265497
9265539
9265577
9266015
9266040
9266345
9266728
9267169
9267205
9267374
9267493
9267734
9267833
9267985
9268076
9268191
9268236
9268434
9268438
9268579
9269309
9269328
9269523
9269674
9269818
9270610
9270951
9271963
9272547
9272817
9272849
9272854
9275039
9275268
9275340
9277019
9277393
9277639
9277894
9278787
9312809
9315152
9320495
9321471
9323009
9323471
9324076
9324483
9325052
9325139
9325194
9325364
9325372
9325438
9325658
9325674
9325961
9326686
9326798
9326856
9327470
9327718
9327783
9328498
9328679
9330410
9330427
9330472
9330673
9330944
9330954
9331004
9331356
9331759
9331834
9331940
9331971
9332035
9332493
9332708
9332839
9333101
9333105
9333141
9333348
9333506
9333731
9334097
9334229
9334642
9334762
9335235
9335729
9335817
9336116
9336174
9336231
9336511
9336726
9337008
9337055
9337246
9337371
9337408
9337429
9337573
9338085
9338801
9338936
9339173
9339314
9339468
9339636
9339712
9340940
9340951
9341205
9341234
9341850
9354005
9354129
9354767
9354787
9355329
9355515
9355537
9355684
9355975
9356048
9356660
9357016
9357413
9357920
9357985
9358037
9358387
9358390
9358520
9358965
9359454
9359657
9359939
9360556
9360749
9360755
9361264
9361785
9361794
9361831
9362978
9363156
9363492
9364369
9364389
9364546
9364787
9365060
9365255
9365264
9365563
9365659
9367165
9367456
9367644
9368705
9369289
9369553
9370100
9370133
9370359
9370868
9371292
9372080
9372134
9372151
9380295
9403852
9443270
9443328
9443554
9443645
9443858
9444046
9444442
9444977
9445537
9445741
9446074
9446875
9447524
9447663
9447677
9447681
9447729
9447842
9448247
9448747
9449096
9449633
9449702
9450124
9450341
9450644
9450943
9451313
9451352
9451538
9451726
9451736
9451833
9452223
9452508
9453463
9453890
9453948
9454257
9454511
9454643
9454899
9454985
9455139
9455815
9455940
9456106
9456830
9457222
9457509
9457615
9457951
9457978
9458290
9458842
9458932
9459122
9459156
9459168
9459722
9459997
9460112
9460464
9460753
9460888
9461546
9461744
9463200
9463223
9463476
9463782
9464365
9464750
9464780
9464992
9465125
9465717
9465835
9465866
9465908
9465942
9465953
9466032
9466046
9466109
9466111
9466440
9466769
9466942
9467130
9467399
9468085
9468686
9468890
9469102
9469286
9469366
9469515
9469714
9469765
9470262
9470264
9470437
9470500
9470660
9470851
9471074
9471267
9471465
9472264
9472633
9473070
9473213
9473635
9473824
9473877
9474048
9474527
9474599
9474777
9475443
9475916
9476215
9477047
9477230
9477486
9477928
9478352
9478358
9478435
9478478
9478588
9478655
9478885
9478941
9479195
9479321
9479418
9479646
9480116
9480319
9480324
9480359
9480448
9480861
9481061
9481156
9481197
9481233
9481537
9481672
9481858
9481926
9482107
9482576
9482690
9482872
9482881
9483309
9483561
9483765
9483912
9483944
9484090
9484165
9484260
9484755
9485004
9485365
9485371
9485398
9486026
9487242
9487780
9487927
9488051
9488138
9488325
9489259
9489267
9489419
9489568
9489734
9490090
9490543
9491120
9491743
9491809
9492125
9496184
9501602
9503069
9509251
9510315
9519693
9548529
9549716
9572448
9576082
9576453
9576877
9576916
9577141
9577454
9577553
9577878
9578076
9578159
9578349
9578496
9578549
9578655
9579163
9579264
9579455
9579477
9579901
9580048
9580170
9580835
9580921
9581034
9581324
9581418
9581514
9581959
9582899
9582999
9583689
9583744
9583878
9584096
9584461
9584673
9584850
9584989
9584997
9585134
9585460
9586600
9586843
9587315
9587947
9588009
9588211
9588457
9588474
9588693
9588796
9589472
9589527
9591033
9591161
9591421
9591685
9591945
9592136
9592406
9592566
9592659
9593418
9593768
9593903
9594167
9633376
9633643
9634021
9634861
9635310
9635624
9635893
9635927
9635976
9636097
9636710
9636943
9637031
9637798
9637873
9638431
9638950
9639266
9639775
9640323
9640486
9640654
9640811
9640971
9641427
9641767
9642282
9642646
9643180
9643226
9643301
9644514
9644527
9644805
9645210
9645434
9645792
9645943
9646299
9646497
9646553
9646658
9646700
9647022
9647043
9647215
9647233
9647857
9648036
9648135
9648141
9649181
9649890
9650071
9650396
9650398
9650671
9650802
9650999
9651476
9651565
9652046
9652192
9652507
9652516
9652545
9652658
9652744
9653270
9653475
9653488
9654016
9654424
9654468
9654486
9654490
9654561
9654797
9655438
9655933
9656210
9656421
9656474
9656524
9656927
9658110
9658619
9658752
9658830
9659389
9659456
9659914
9659956
9660261
9660525
9660581
9660673
9660768
9660785
9661167
9661433
9703365
9703529
9703693
9703717
9703784
9703953
9704130
9704181
9704462
9704501
9704886
9705252
9705352
9705502
9705605
9705610
9705615
9705756
9706007
9706667
9707474
9707519
9707666
9707761
9708009
9708021
9708252
9708768
9709127
9709138
9709337
9709686
9709835
9710013
9710343
9710390
9710458
9710554
9710721
9710723
9711197
9711615
9711889
9712177
9712390
9712532
9712555
9712825
9712917
9713103
9713556
9713934
9713989
9714017
9714445
9714513
9714601
9714607
9714633
9714710
9714733
9715181
9715563
9716228
9716394
9716655
9717128
9717312
9717594
9717710
9718622
9755409
9756562
9760973
9765468
9765887
9767272
9768381
9772509
9774709
9774805
9779991
9780036
9781144
9782532
9785559
9790891
9791466
9817482
9817523
9817943
9818071
9818100
9818549
9818767
9818787
9818956
9819034
9819622
9820178
9820256
9820352
9820610
9820919
9820931
9821067
9821717
9821950
9822516
9822554
9822805
9822999
9823572
9824501
9825151
9825210
9825237
9825616
9825681
9826170
9826310
9826999
9827285
9827442
9828098
9828315
9828971
9829513
9829520
9829552
9830030
9830083
9830461
9830682
9830840
9831784
9832178
9832252
9832420
9832676
9833959
9834088
9834372
9834430
9834579
9834729
9835356
9835387
9835768
9836177
9836217
9836446
9836972
9837452
9837726
9838076
9838222
9838277
9838298
9838383
9838448
9838544
9838719
9839001
9839194
9839343
9839348
9839562
9839565
9839854
9840191
9840721
9840800
9841308
9841561
9841760
9841910
9842143
9842323
9843241
9843576
9844281
9845386
9845477
9845741
9846178
9846329
9847511
9848339
9848404
9849371
9849460
9850037
9850229
9850570
9850605
9850967
9851148
9851166
9851278
9852274
9852532
9852631
9853311
9853336
9853687
9853798
9855774
9857161
9857412
9857537
9857942
9858070
9858132
9858226
9858825
9858926
9859008
9859701
9860405
9860625
9861019
9861075
9861233
9861432
9861811
9861915
9862319
9862373
9862695
9862704
9863576
9962569
9962771
9962893
9963134
9963643
9963838
9964550
9964659
9964861
9964901
9965172
9965370
9965509
9965609
9966011
9966096
9966263
9966676
9966679
9967083
9967521
9967664
9967864
9967900
9968357
9968495
9969269
9969399
9969603
9971892
9990022
9990131
9990976
9990996
9991695
9991905
9992456
9992743
9993015
9993146
9993438
9993660
9993807
9994002
9994216
9994597
9994896
9995253
9995639
9995887
9997289
9999171
10000176
10000513
10000666
10000689
10001295
10003518
10003665
10005349
10005894
10006158
10007711
10008128
10008267
10008610
10008747
10008990
10009216
10009384
10011916
10014211
10014604
10021376
10021851
10022116
10023217
10025243
10025244
10025953
10026003
10026331
10026403
10026728
10027278
10027433
10027893
10027923
10028214
10028351
10028446
10028934
10029048
10029425
10029552
10030879
10030897
10032274
10032324
10032457
10032680
10032984
10033110
10034260
10034444
10035756
10035854
10035915
10035924
10036587
10036859
10038253
10038429
10039464
10039505
10039701
10039773
10040054
10040106
10040575
10040677
10040681
10041167
10102504
10123201
10123206
10123361
10123930
10123990
10124017
10124053
10124722
10124734
10124776
10124809
10124904
10124923
10124977
10125045
10125143
10125147
10125237
10125368
10125700
10125860
10125945
10125957
10126454
10127079
10127334
10127933
10128256
10128897
10128971
10129039
10129147
10129314
10129449
10129466
10129864
10130455
10130723
10131382
10131929
10132237
10132327
10132398
10132686
10132938
10133065
10133288
10134148
10134485
10134863
10135358
10135700
10135732
10136140
10136388
10136604
10136860
10137154
10137169
10137252
10138085
10138543
10171098
10171280
10171683
10171886
10172532
10173099
10173211
10173591
10174231
10174848
10175319
10176786
10178061
10178270
10179224
10180186
10180275
10181753
10183014
10183324
10184725
10197279
10197618
10198187
10198567
10199001
10199518
10200002
10200074
10200178
10200578
10203044
10203181
10203403
10203814
10207240
10207722
10207730
10208761
10209273
10209659
10210073
10210643
10210940
10213010
10213270
10213699
10213726
10213797
10214010
10214301
10214468
10214471
10214515
10215075
10215288
10215865
10216106
10216689
10217222
10217357
10217367
10217414
10217742
10218102
10218253
10218541
10218902
10219010
10219021
10219031
10219035
10219575
10219589
10220481
10221078
10221617
10221696
10221757
10222108
10222188
10222384
10222926
10223131
10223218
10223519
10223840
10223860
10223978
10224937
10225219
10225796
10226076
10226373
10246179
10246632
10247167
10247732
10247956
10248121
10248218
10248813
10249411
10249632
10250116
10250234
10250324
10251204
10251879
10253531
10253649
10254671
10254827
10255081
10255083
10255320
10255536
10255594
10256119
10256213
10256251
10256479
10256551
10257353
10257475
10257683
10258873
10259566
10259920
10260164
10260265
10260711
10260720
10260852
10260947
10261192
10315230
10318071
10325142
10356663
10356803
10357905
10358141
10358165
10358401
10358438
10358542
10358619
10359107
10359304
10359355
10359611
10359732
10359754
10359772
10359919
10360166
10360215
10360546
10360699
10361351
10361477
10361572
10362081
10362401
10362463
10363261
10363374
10363401
10363763
10363990
10364049
10364590
10365029
10365242
10365285
10365822
10365931
10366251
10366671
10367860
10367974
10368418
10368800
10368855
10369008
10369028
10369557
10370086
10370109
10370314
10370346
10370357
10370878
10371444
10372020
10372054
10372136
10372854
10372983
10374098
10468474
10468723
10468743
10469274
10470034
10472379
10474315
10475145
10476004
10476539
10476940
10477264
10477511
10477605
10478268
10478972
10479058
10479087
10480084
10480978
10480983
10481150
10481320
10481365
10481513
10481587
10481723
10481898
10482158
10482258
10482373
10483743
10483950
10484015
10484087
10484180
10485554
10485679
10485788
10485955
10486431
10486536
10486582
10486758
10486795
10486796
10486829
10487132
10487231
10488040
10488084
10488270
10488652
10488825
10489105
10489154
10489320
10489555
10489723
10489754
10489822
10490445
10490650
10490685
10490689
10490695
10490728
10490859
10490911
10491023
10491149
10491695
10491728
10492990
10493449
10494043
10494425
10494590
10494708
10495011
10495095
10495250
10514394
10514426
10516282
10519813
10522157
10522666
10536478
10536639
10537692
10537924
10538217
10538268
10538569
10538655
10539108
10539205
10539218
10539258
10539571
10539898
10540359
10540580
10540660
10540760
10541401
10541592
10541768
10541926
10542469
10542784
10543773
10544934
10545401
10545673
10546004
10546094
10546220
10546496
10547088
10547143
10547478
10548839
10548840
10548870
10548918
10548951
10548996
10549120
10549451
10549624
10549886
10550030
10550493
10551356
10551428
10551466
10551566
10568981
10569037
10622649
10624841
10626500
10632569
10633520
10633676
10634004
10681587
10682795
10684280
10684693
10685291
10685782
10685943
10686010
10686358
10687187
10687946
10688095
10688925
10688991
10689953
10690387
10690741
10690744
10690769
10690931
10691001
10691125
10691237
10709148
10709426
10709535
10709816
10709849
10710320
10710987
10711121
10711166
10711514
10711564
10711660
10711814
10712146
10712251
10712391
10712729
10713297
10713783
10714028
10714271
10714430
10714557
10714700
10714715
10715204
10715713
10715800
10716167
10716425
10716451
10716916
10717023
10717091
10717160
10717560
10717699
10718049
10718052
10718260
10718303
10718394
10718658
10718854
10719439
10719740
10719877
10719967
10720005
10720232
10720444
10721086
10721348
10721412
10721462
10721549
10721763
10748443
10748504
10748862
10748881
10749504
10749574
10749888
10749937
10751089
10752684
10752787
10753543
10754016
10754738
10755881
10755953
10756164
10758930
10759074
10759297
10759786
10760841
10761404
10762111
10762224
10762242
10762368
10762791
10763215
10763760
10764060
10764524
10764657
10766605
10766794
10766971
10767079
10768069
10768286
10769414
10769477
10769789
10770209
10770726
10772070
10772570
10773579
10774700
10776259
10776948
10779132
10797949
10797962
10798772
10798844
10799680
10799963
10800754
10801274
10802393
10806023
10806054
10806599
10806819
10807642
10809326
10809337
10811628
10812484
10812535
10839983
10842078
10842617
10843359
10843552
10843790
10844838
10844926
10845113
10845139
10845350
10845403
10846047
10846782
10847251
10847377
10847540
10847660
10848084
10848648
10848772
10848880
10848933
10849177
10849574
10849682
10849998
10850676
10851223
10851269
10851506
10852273
10852366
10852470
10852838
10852864
10852872
10853164
10853509
10853741
10853777
10854108
10855909
10856135
10856470
10856512
10857423
10878956
10883236
10883291
10886677
10887714
10888726
10890620
10893724
10893978
10894204
10895043
10895515
10895518
10895569
10896653
10897799
10898152
10898526
10899073
10899345
10900858
10901116
10901143
10902450
10903590
10904186
10904195
10904484
10904577
10905993
10953953
10954138
10954614
10955213
10955599
10956795
10957046
10957060
10957111
10957984
10958239
10958465
10958534
10958659
10958677
10958734
10958941
10959177
10959229
10959928
10960320
10960509
10960972
10961096
10961309
10961548
10961695
10962281
10962442
10962712
10962884
10963345
10963502
10963599
10963670
11005223
11005375
11005585
11005616
11005842
11005851
11006483
11006803
11007086
11007434
11007480
11007679
11007876
11008463
11008607
11008780
11009057
11009340
11009352
11009542
11010257
11010940
11011037
11011086
11011331
11011411
11011741
11012348
11013235
11013669
11014000
11014743
11014840
11014871
11014981
11015353
11015871
11016229
11016363
11016441
11039692
11040115
11040703
11041082
11041329
11042523
11043175
11044197
11044341
11045746
11046609
11047218
11047826
11049016
11050067
11050573
11051418
11052014
11052159
11053168
11053375
11054676
11054704
11054750
11054998
11072073
11072769
11073768
11075513
11076179
11079233
11082534
11083296
11087328
11087525
11088263
11089074
11090323
11090807
11092020
11096755
11096846
11098310
11099889
11100356
11100535
11101431
11102616
11102772
11103808
11105546
11105687
11107324
11107868
11108535
11108770
11109080
11110159
11110232
11110800
11111371
11111644
11111703
11112335
11113554
11114847
11115200
11115294
11115720
11115902
11116457
11116739
11116751
11116825
11116915
11117014
11117340
11117706
11117909
11118129
11118484
11118500
11118640
11120471
11121341
11121680
11121935
11122053
11122212
11122511
11122693
11124492
11125280
11125566
11125613
11126123
11126598
11126686
11126844
11126924
11127298
11127461
11127507
11127996
11128270
11129060
11129160
11130261
11130582
11130895
11130949
11131290
11131630
11131778
11131825
11131940
11132139
11132383
11132654
11180669
11191727
11202774
11204191
11204748
11208975
11209341
11213648
11215249
11215346
11215512
11215851
11216060
11216219
11216804
11216805
11217368
11217415
11218075
11218198
11218566
11218854
11218881
11218932
11218942
11218994
11219163
11219331
11219671
11219770
11219900
11220969
11221254
11221344
11221403
11221607
11221697
11222326
11222434
11222544
11222802
11222805
11222845
11222853
11223114
11223158
11223958
11223981
11224079
11224367
11224524
11224735
11224742
11224762
11225003
11225552
11226232
11226322
11226833
11226931
11226974
11227193
11227445
11227489
11227666
11227705
11228001
11228270
11228598
11228686
11229111
11229350
11229377
11229396
11229775
11229995
11230025
11230037
11230210
11230599
11230638
11230855
11230856
11230900
11230932
11231165
11231199
11231297
11231307
11231360
11231588
11231646
11231659
11232280
11232331
11232863
11232890
11233037
11241423
11248945
11249643
11363156
11363672
11363816
11364053
11365222
11366062
11366292
11366421
11366482
11366780
11367509
11367607
11367779
11367929
11367967
11368631
11368745
11368925
11368967
11369017
11369018
11369246
11369603
11370354
11370580
11371155
11372468
11372924
11373375
11373712
11373716
11374221
11374523
11397263
11397688
11398776
11400085
11400168
11400817
11402548
11402588
11406049
11406281
11454196
11459864
11460149
11464206
11464398
11465373
11465464
11465786
11465795
11465852
11466015
11466113
11466720
11466819
11467238
11467806
11468049
11468700
11468856
11469244
11469698
11469814
11471008
11471458
11472094
11473635
11473683
11473731
11474866
11474928
11476871
11477324
11477459
11478618
11479558
11481603
11500672
11500713
11500952
11500961
11501376
11501387
11501425
11501581
11501606
11501646
11501949
11502024
11502063
11502259
11502448
11502484
11502771
11502978
11503086
11503652
11503820
11504011
11504181
11504576
11506091
11506092
11506136
11506163
11506643
11506993
11507028
11507146
11507700
11507778
11508313
11508453
11508510
11508924
11508995
11509156
11509164
11509285
11509402
11510147
11510299
11510791
11510911
11510912
11512289
11512320
11512929
11513231
11513384
11513449
11513820
11514106
11514255
11514336
11514358
11514362
11514383
11514708
11514887
11515269
11515628
11516162
11516439
11516495
11517165
11517556
11518369
11518641
11518857
11519139
11519195
11519342
11519377
11521278
11522308
11522429
11524058
11524335
11533049
11533175
11534028
11535854
11536357
11536732
11537186
11537637
11538629
11538663
11539141
11541473
11541666
11542254
11542915
11542967
11542970
11543290
11543932
11544294
11544857
11565183
11569309
11572400
11574071
11574261
11574381
11574399
11574654
11575177
11575183
11575300
11575755
11575960
11576104
11576120
11576296
11576301
11576706
11576950
11577073
11577086
11577153
11577209
11577224
11577757
11577889
11578028
11578829
11578935
11579262
11579265
11579355
11579865
11580165
11580528
11580544
11580560
11580736
11580741
11581053
11581249
11581526
11581572
11581646
11582261
11582538
11582727
11582877
11582927
11583502
11583577
11584248
11584330
11584774
11584953
11584989
11585388
11585507
11585624
11585866
11585870
11586018
11586302
11586609
11586821
11586841
11587012
11587078
11587270
11587883
11588109
11588326
11588714
11588928
11589223
11589248
11589449
11590052
11590063
11590218
11590327
11590708
11590771
11591490
11591667
11591900
11592055
11592742
11593905
11594388
11594703
11595730
11595880
11596332
11596503
11596666
11596943
11597311
11597859
11597976
11598024
11600174
11601073
11601158
11602226
11602338
11602563
11602789
11603349
11603422
11603730
11603956
11604085
11604703
11605206
11605304
11605334
11605945
11607988
11608148
11608318
11610066
11613995
11633507
11635053
11635877
11636178
11637592
11638381
11639698
11641114
11642161
11644494
11647514
11686296
11686310
11686406
11686481
11686839
11686905
11686939
11687554
11688066
11688124
11688170
11688364
11689815
11690782
11690829
11691128
11692198
11692438
11692832
11693200
11693821
11694752
11694764
11695252
11696145
11696687
11696968
11697273
11697328
11697484
11698173
11698559
11698718
11700290
11700646
11701403
11701405
11701815
11704879
11733731
11734469
11734617
11735093
11735176
11735203
11735505
11735767
11736180
11736330
11736351
11736659
11737248
11737478
11737733
11737861
11737875
11737917
11737980
11738163
11738176
11738269
11738609
11738726
11738888
11739107
11739217
11739331
11739503
11739562
11739576
11740141
11740278
11740730
11741076
11741136
11741400
11741782
11742113
11742406
11742513
11742654
11742751
11743055
11743071
11743243
11743332
11743466
11743579
11743805
11744429
11745451
11745607
11745803
11745868
11746230
11746255
11746396
11746426
11747071
11747244
11747459
11747637
11748257
11748630
11749037
11749229
11749311
11749473
11749507
11749924
11750846
11751375
11752004
11768254
11771474
11772130
11772221
11792674
11799465
11799477
11800401
11800669
11801537
11801821
11802915
11803294
11804143
11804323
11804416
11804438
11804562
11805337
11806394
11807558
11808404
11808636
11809092
11809123
11809131
11809202
11809212
11809734
11810129
11810255
11810346
11810984
11811185
11811224
11811779
11811904
11812119
11812409
11812464
11812628
11812688
11813046
11813089
11813146
11813242
11813378
11813471
11813652
11813659
11813861
11814100
11814163
11814261
11815338
11815406
11815572
11815655
11815779
11816364
11816568
11817296
11817888
11817996
11819404
11821942
11848548
11848680
11848818
11848869
11848877
11849199
11849200
11849251
11849263
11849301
11849423
11849553
11849592
11849840
11850079
11850287
11850509
11850807
11850860
11851133
11851805
11852010
11852101
11852234
11852702
11853222
11853706
11853761
11853909
11853993
11854488
11854713
11855095
11855215
11855316
11855681
11855727
11855873
11856016
11856363
11856480
11856883
11857028
11857295
11858009
11858147
11858382
11858458
11858798
11858825
11859067
11859120
11859245
11859317
11859368
11859410
11859520
11859549
11859747
11859917
11860212
11860624
11860726
11860753
11860882
11861052
11861681
11861859
11862047
11862171
11862218
11862316
11863253
11863257
11863319
11863437
11863631
11863743
11864498
11864585
11865353
11866068
11866090
11866360
11866394
11870488
11870678
11903120
11904189
11904234
11904893
11905434
11905698
11905891
11905945
11906149
11906692
11906724
11906738
11906768
11907304
11908580
11909131
11910234
11910508
11910585
11910681
11910740
11910747
11910968
11911021
11911282
11911318
11911761
11912040
11913135
11913150
11913256
11913443
11913892
11914074
11914388
11914816
11915983
11916053
11917274
11917866
11948930
11972258
11972732
11972855
11973473
11974450
11974482
11974941
11974964
11975044
11975347
11977094
11978106
11979942
11979959
11981223
11981947
11982783
11983026
11983304
11983526
11984656
11984786
11985092
11985204
11985357
11986517
11987293
11990285
11993975
11999491
12007562
12007848
12009973
12010349
12047707
12047806
12048349
12048426
12048645
12049385
12049742
12049847
12050241
12050262
12050357
12052146
12052277
12052964
12053096
12053587
12053737
12054913
12055311
12055500
12055579
12055946
12055981
12056252
12056254
12056729
12056901
12057324
12057467
12057564
12057756
12057911
12058169
12058698
12058736
12058999
12059079
12059398
12059465
12059793
12059858
12059884
12060910
12061007
12061093
12061261
12062315
12063130
12063166
12063509
12063681
12064230
12065227
12073166
12083332
12112274
12112446
12112725
12113214
12113468
12113673
12113719
12113733
12114303
12115014
12115365
12115509
12116029
12116041
12116862
12118156
12118158
12118808
12119505
12120387
12120498
12121294
12122062
12122178
12122418
12122681
12122701
12123539
12124037
12124679
12124768
12124844
12125163
12126344
12127001
12129273
12129511
12129522
12129632
12129815
12131335
12131770
12131902
12132256
12133368
12133758
12133849
12134448
12134606
12134823
12136042
12136812
12136922
12138048
12138240
12138695
12139423
12140832
12140907
12141011
12141176
12141509
12142316
12143537
12144555
12144673
12144831
12145820
12152495
12163916
12164299
12164951
12165208
12165453
12166166
12166264
12166428
12166591
12166705
12166763
12167442
12167539
12167593
12167699
12168115
12168209
12168368
12168416
12168568
12168621
12168930
12169207
12169379
12169987
12170137
12170176
12170494
12170579
12170609
12170643
12171824
12171883
12171949
12171957
12172647
12172956
12173224
12173461
12173659
12174287
12174418
12174486
12174996
12175663
12175781
12175902
12176259
12176419
12176437
12176494
12177377
12177461
12177554
12177750
12177968
12177972
12178159
12178224
12178733
12179176
12179717
12179793
12179929
12180081
12180567
12180654
12180844
12181075
12181344
12181381
12181610
12181625
12181668
12181996
12182191
12182398
12182459
12182473
12184680
12184868
12227484
12227516
12227865
12227893
12228004
12228175
12228195
12228513
12229478
12230006
12230122
12230586
12230830
12231123
12231848
12231915
12232633
12232661
12232768
12233076
12233122
12233393
12233429
12233462
12234000
12234220
12234361
12234638
12235649
12235723
12236154
12236169
12236259
12236620
12236701
12236731
12236735
12236794
12236977
12237031
12237089
12237131
12237454
12237916
12238015
12238192
12239287
12239391
12240307
12240528
12240737
12241103
12241347
12241448
12241718
12241835
12241952
12242152
12243019
12365465
12366665
12366712
12366883
12366950
12367011
12367120
12367126
12367361
12367468
12367577
12367644
12367686
12367914
12368210
12368555
12368646
12369042
12369214
12369330
12369345
12370275
12370393
12370572
12370754
12370797
12371517
12371527
12371689
12372031
12372779
12373225
12373426
12373585
12374368
12374674
12374878
12374941
12375149
12375231
12375691
12375957
12376206
12376739
12376755
12377451
12378288
12378481
12378912
12378927
12379049
12379588
12379935
12380098
12380401
12380698
12380780
12381704
12386084
12391312
12403612
12407867
12409384
12416411
12416644
12416889
12417125
12417176
12417756
12417821
12418031
12418240
12418252
12418535
12418543
12418560
12418588
12419038
12419939
12420162
12420699
12420790
12420981
12420984
12421181
12421269
12421331
12421717
12422252
12422656
12422660
12423010
12423124
12423191
12423301
12423714
12423741
12424088
12424532
12424582
12424602
12425022
12425179
12425586
12426389
12427319
12427367
12427534
12427793
12427877
12428275
12428454
12428783
12428831
12429188
12429272
12429374
12430071
12430317
12430542
12431308
12433076
12434860
12444699
12450927
12489852
12489973
12489981
12490411
12490665
12491027
12491825
12491911
12492084
12492253
12492942
12493654
12493982
12494710
12494830
12494990
12495209
12495260
12495587
12495651
12496052
12496098
12496499
12496684
12496790
12496887
12496961
12497306
12497648
12498520
12498562
12499018
12499059
12499192
12499208
12499360
12500786
12500989
12500993
12501214
12501353
12501493
12502007
12502012
12502037
12502197
12502284
12502385
12502633
12502702
12503393
12503634
12503956
12504233
12504530
12504599
12504888
12504910
12505021
12506048
12510275
12522129
12537188
12537304
12537552
12537795
12538202
12538936
12538986
12539189
12539272
12539300
12539522
12540053
12540275
12540699
12541182
12541512
12541637
12541779
12542160
12542179
12542313
12542502
12543177
12543379
12543858
12543931
12544591
12545087
12545095
12545474
12545863
12546062
12546086
12547416
12547467
12547600
12547715
12547840
12547847
12547943
12548735
12549060
12549116
12549366
12549925
12550168
12550341
12550535
12552360
12552558
12552785
12552830
12553064
12553928
12553978
12554213
12555495
12556305
12556306
12556365
12557092
12557097
12557556
12557779
12558018
12558168
12559379
12559489
12561247
12561398
12561452
12561706
12562412
12562447
12563101
12563450
12563867
12567279
12573155
12576956
12577719
12578944
12580707
12663529
12684249
12691690
12691776
12691902
12692179
12692755
12692760
12693410
12693412
12693622
12694213
12694475
12694723
12694801
12695017
12695294
12695701
12695707
12696319
12696652
12696805
12696960
12696962
12696983
12697122
12697800
12697952
12698071
12698099
12698126
12698208
12698420
12698976
12699733
12699860
12700008
12700095
12700145
12700328
12700379
12700944
12701017
12701089
12701120
12701525
12701607
12701615
12701853
12701927
12702438
12702759
12702788
12703224
12703249
12703387
12703580
12703681
12703892
12704227
12704444
12704738
12704809
12705006
12705113
12705187
12705220
12705389
12712104
12745173
12745177
12745465
12746039
12746318
12746662
12747356
12747476
12748122
12748719
12749724
12750044
12750134
12750266
12750598
12750947
12751181
12752949
12753164
12753295
12754566
12754738
12755190
12755952
12757227
12757669
12757874
12759683
12760506
12763134
12810656
12810699
12810734
12810742
12812705
12813324
12813419
12813691
12813838
12814226
12814228
12814366
12815245
12815754
12815795
12816287
12816587
12816877
12816897
12817223
12817630
12817950
12818105
12818428
12818946
12819291
12820522
12829128
12940046
13030492
13035068
13043016
13044930
13130919
13131105
13134322
13134788
13137533
13138033
13138622
13139829
13139905
13140069
13140346
13140802
13141205
13141306
13141407
13142460
13142497
13142533
13142771
13142947
13143100
13143831
13144597
13144765
13145094
13145370
13145532
13145730
13145920
13146167
13147022
13147304
13147558
13148306
13148309
13148649
13149013
13149213
13149230
13149248
13149449
13149811
13149845
13150568
13150669
13151527
13155600
13174849
13175388
13175931
13176062
13178063
13180181
13180648
13180854
13180922
13181070
13181661
13183255
13183320
13184731
13184904
13184919
13185575
13185940
13185976
13186370
13186621
13186780
13186869
13187356
13187359
13187902
13188187
13188561
13188948
13188980
13189075
13189085
13189264
13189562
13190725
13190813
13191152
13191262
13191935
13192070
13192788
13192831
13193506
13193915
13194149
13194240
13194653
13194676
13194846
13195287
13195489
13195603
13195668
13199690
13200175
13231951
13245459
13267179
13267487
13267613
13268408
13268517
13268924
13269562
13269706
13270231
13270429
13271340
13271387
13271559
13271806
13271988
13272112
13272693
13272793
13273180
13273543
13274017
13274192
13274239
13274428
13275516
13275518
13275601
13276319
13276522
13276678
13277240
13277335
13278639
13279497
13280060
13280447
13280611
13281433
13284498
13284500
13284917
13336695
13338257
13338893
13338903
13338967
13339707
13339759
13340226
13340237
13340716
13340963
13341113
13341264
13341306
13341493
13341827
13341838
13342192
13342898
13343329
13343426
13344358
13344687
13345022
13345049
13345449
13346027
13346259
13346913
13364433
13365797
13365811
13370536
13370819
13372196
13373505
13373817
13373918
13375881
13376364
13376793
13377446
13377869
13384463
13390402
13391521
13391550
13391855
13392474
13393230
13393802
13394172
13394473
13397104
13397680
13397852
13398501
13399721
13400350
13400573
13402219
13402635
13403707
13404490
13405057
13405730
13406868
13408462
13414588
13433052
13433594
13435367
13435482
13438661
13456640
13457324
13457524
13457665
13457995
13458169
13458304
13458952
13459000
13459424
13459948
13460089
13460134
13460492
13460509
13461480
13461852
13461906
13462565
13462934
13463257
13463456
13463520
13463663
13463689
13463981
13464175
13464386
13464644
13464935
13465144
13465213
13465479
13465772
13466052
13466348
13466392
13467274
13467743
13467822
13469481
13471067
13471465
13472402
13473285
13473527
13475463
13480841
13483345
13492537
13492943
13493600
13493788
13495179
13495229
13495268
13496293
13496746
13497000
13497117
13497392
13498301
13498582
13499317
13499470
13499946
13500075
13500411
13500731
13501288
13501670
13501783
13501845
13502746
13503222
13504087
13504893
13505025
13505335
13505636
13506026
13506129
13506650
13507441
13508517
13509123
13510842
13522308
13523207
13523212
13523868
13524140
13524271
13524787
13525015
13525459
13525839
13526009
13526188
13526544
13526586
13526880
13526907
13527177
13527564
13527588
13527786
13528609
13528796
13529087
13529134
13529647
13529708
13529753
13530126
13530414
13530479
13530527
13530689
13530826
13530954
13531419
13531439
13531797
13532744
13532918
13533366
13533388
13533454
13533517
13533584
13539098
13540677
13548369
13548478
13548538
13548579
13548928
13548936
13549125
13549628
13549768
13550259
13550327
13550375
13550854
13551004
13551419
13552071
13552162
13553010
13553085
13553695
13553845
13554631
13554713
13555140
13555229
13555676
13555725
13555772
13555845
13556156
13556580
13557061
13557085
13557256
13557285
13557456
13557916
13558309
13558530
13559510
13559946
13559955
13560448
13560523
13562176
13562675
13562774
13563161
13563298
13563620
13563672
13563694
13563822
13564178
13564697
13564729
13564856
13565305
13565502
13565740
13566195
13566364
13566862
13567148
13567151
13567657
13567748
13567942
13568272
13568506
13568607
13568653
13568929
13569073
13569108
13570329
13570528
13570598
13570618
13571140
13571317
13571414
13572020
13572300
13572327
13572549
13572892
13573395
13573512
13573739
13573862
13574098
13574309
13574579
13574614
13575016
13575031
13575235
13575254
13575628
13575752
13576013
13576543
13576610
13576677
13576718
13577113
13577545
13577912
13578076
13578110
13578129
13578261
13578796
13578948
13579571
13580254
13580316
13580527
13581639
13581677
13581770
13581787
13582473
13583265
13584348
13590267
13590865
13591679
13595384
13596525
13600463
13601291
13626113
13626305
13626489
13626709
13627288
13627419
13627464
13627779
13628704
13629600
13630294
13630315
13630435
13630552
13630601
13630655
13630710
13630747
13630881
13631835
13632245
13632553
13632795
13632934
13633136
13633304
13633352
13633786
13633949
13633961
13634196
13634470
13634591
13635123
13635477
13636006
13636402
13637608
13792176
13795697
13799098
13901298
13901566
13901619
13902127
13902366
13902392
13902607
13902740
13902878
13903408
13903895
13903898
13903964
13903979
13904265
13904581
13904595
13904694
13904904
13905155
13905346
13905754
13906283
13906294
13906577
13906660
13906744
13908172
13908458
13908533
13908957
13909110
13910173
13910196
13910469
13910872
13910898
13911345
13911770
13912260
13912323
13912514
13912782
13912987
13913065
13913097
13913327
13913430
13913634
13914351
13914597
13915385
13915578
13915640
13915888
13916092
13916149
13920269
13920731
13922994
13923813
13923898
13934912
13982177
13982526
13982842
13983745
13984769
13984780
13984877
13985123
13985786
13985915
13986001
13987524
13987548
13987952
13987955
13987965
13988366
13988821
13989101
13989127
13989584
13989784
13990348
13990404
13990747
13990999
13991643
13991746
13991943
13992014
13994383
13994775
13995034
13995050
13995431
13995439
13995627
13997162
13998090
13998293
14103356
14108623
14109084
14109447
14109601
14109821
14109837
14110867
14111522
14112037
14112402
14112498
14112803
14113856
14114269
14114287
14114315
14114325
14114499
14114695
14115946
14115954
14116748
14116967
14116994
14117148
14117250
14117487
14117658
14117931
14118202
14118610
14119278
14119440
14119472
14119567
14120299
14120446
14120952
14121132
14121333
14121619
14122252
14122267
14124044
14124496
14124879
14124881
14128021
14130777
14134248
14142622
14142705
14143174
14143199
14143743
14144519
14144553
14145845
14146384
14147492
14147961
14147985
14148228
14148954
14149280
14149729
14150258
14150277
14150621
14150772
14151119
14151548
14152985
14153377
14153783
14154837
14155050
14155553
14155986
14161289
14161362
14225150
14225318
14225492
14225767
14225903
14226474
14227236
14227302
14228623
14228716
14229329
14229517
14230068
14230287
14230632
14230861
14231510
14232991
14233360
14233398
14233729
14234345
14234500
14234889
14235651
14236303
14236679
14237103
14237340
14237439
14237525
14238048
14238392
14238608
14238780
14239010
14239177
14239257
14239422
14239544
14239555
14240323
14240442
14240520
14240530
14240812
14241378
14242740
14243023
14243850
14244022
14245025
14245318
14245460
14245652
14246352
14246648
14247075
14247206
14247383
14248158
14249270
14249695
14250515
14250792
14250936
14251865
14252010
14252144
14252402
14252625
14252723
14252914
14253204
14253328
14253432
14256812
14263978
14264065
14270347
14271280
14271691
14272046
14272092
14272212
14272300
14272785
14273061
14273169
14273374
14273800
14273842
14274242
14274293
14274506
14275155
14275353
14275501
14276527
14276688
14277154
14277947
14278080
14279028
14279494
14279699
14279810
14280286
14280760
14281016
14281549
14281627
14281698
14281812
14281901
14281943
14282063
14284053
14284146
14284357
14318856
14381196
14381564
14381786
14382046
14382090
14383911
14384100
14384424
14384805
14384919
14385262
14385263
14386549
14386601
14387123
14387359
14388396
14389447
14389783
14390356
14391063
14391082
14394000
14394129
14394466
14395776
14396279
14396783
14397850
14398236
14399000
14399970
14401038
14401113
14401908
14402112
14402175
14402267
14405839
14406876
14407806
14408214
14408642
14408665
14408716
14409240
14409833
14410149
14410188
14410285
14411316
14411748
14411774
14412867
14413199
14415707
14517947
14524470
14524857
14525422
14525592
14531226
14531422
14533592
14533872
14534964
14534970
14535508
14537686
14540289
14541893
14542779
14585570
14585584
14586600
14587400
14587504
14588150
14588476
14588652
14590761
14591646
14592237
14592271
14597023
14597106
14611527
14616712
14620791
14622450
14627653
14634356
14634937
14687806
14688361
14688531
14688823
14689477
14689506
14689782
14689873
14690346
14690353
14690598
14690712
14691204
14691348
14691680
14691844
14691866
14691974
14692745
14693106
14693205
14693218
14693243
14693343
14693810
14693853
14694007
14694523
14694569
14694690
14695013
14695090
14695259
14695346
14695435
14695605
14696114
14696443
14697851
14698198
14698299
14698791
14698892
14699059
14699105
14699899
14700401
14700791
14700865
14700930
14701166
14701199
14701598
14701889
14702150
14702390
14702461
14702658
14703163
14704073
14706693
14709677
14716786
14717071
14717447
14718650
14719182
14722919
14723113
14724792
14725515
14725594
14727069
14727485
14727821
14729050
14731666
14737655
14759805
14759821
14760009
14760476
14760575
14760723
14761051
14761361
14761415
14761496
14761703
14762169
14762262
14762496
14762717
14763117
14763246
14763436
14763491
14763546
14763711
14763935
14763998
14764396
14765205
14765323
14765489
14766218
14766931
14767054
14767290
14767696
14768039
14768137
14768838
14769037
14807979
14835007
14836379
14837294
14837988
14843717
14845303
14846575
14847132
14847777
14849608
14852252
14888935
14926631
14926743
14927264
14927511
14928977
14928992
14930814
14932880
14933325
14935327
14935363
14938491
14942473
14945359
14969175
14969575
14974703
14974717
14975291
14975604
14976975
14977650
14978347
14983499
14985193
15017981
15024035
15026918
15027635
15029052
15031958
15033477
15086995
15087007
15087057
15087068
15087897
15088107
15088126
15088359
15088385
15088446
15088555
15088693
15089004
15089493
15089495
15089769
15090099
15090751
15091013
15091309
15091704
15091710
15091799
15091866
15092022
15092227
15092317
15092968
15092987
15093011
15093017
15093298
15093652
15093778
15094371
15094460
15094524
15094537
15094873
15095847
15095956
15095990
15096216
15097227
15097346
15097452
15097837
15097913
15098231
15098272
15098551
15104002
15136683
15136808
15136904
15137145
15138165
15138747
15139234
15139397
15139436
15140491
15140696
15140814
15141029
15141266
15141389
15141586
15141644
15141977
15142169
15142233
15142860
15142926
15142932
15143117
15143187
15143877
15144017
15144247
15144496
15144514
15145175
15145440
15145603
15145650
15145668
15145706
15146025
15146306
15146357
15146640
15146833
15147413
15149024
15151906
15167483
15167797
15167803
15168043
15168322
15168342
15169156
15169869
15170282
15170355
15170386
15170561
15170710
15170717
15170770
15170806
15171166
15171251
15171904
15172109
15172114
15172137
15172271
15172283
15172315
15172348
15172441
15172566
15172576
15172845
15172992
15173103
15173197
15173605
15173887
15173894
15174107
15174729
15175196
15176121
15176170
15176318
15176870
15177499
15177560
15177914
15177966
15178033
15178313
15178609
15178754
15178778
15179248
15179636
15179732
15179797
15180074
15180296
15180514
15181057
15181250
15181562
15181837
15181938
15182921
15183071
15183226
15183497
15183941
15184065
15184090
15184195
15184199
15184208
15184209
15184241
15184427
15184796
15184869
15185208
15185799
15185915
15185934
15186308
15186450
15186907
15188051
15188309
15254728
15255213
15257055
15301486
15302397
15303507
15305007
15305061
15306311
15309383
15310532
15310945
15314822
15315850
15323561
15377934
15379668
15380171
15382212
15383986
15389398
15393817
15410388
15410553
15414225
15414679
15420492
15421129
15427865
15428105
15430371
15434385
15434603
15439630
15440963
15521299
15572260
15576537
15580744
15582225
15595049
15595157
15595254
15596229
15597474
15598336
15598647
15599491
15600422
15601661
15601758
15601838
15603571
15604329
15604527
15604711
15604865
15605839
15607648
15608155
15608634
15609388
15610267
15610407
15611008
15624810
15625297
15625494
15641893
15641974
15642137
15643281
15645843
15646246
15647980
15648040
15650020
15650504
15651029
15654633
15657105
15657308
15657577
15661872
15755283
15759144
15766804
15767176
15767474
15768091
15768376
15768412
15768602
15768823
15768902
15769192
15769613
15770039
15770579
15770647
15770783
15770835
15771538
15771825
15772534
15772546
15772705
15772815
15772920
15773321
15773561
15773648
15774138
15774407
15774514
15774716
15774896
15775049
15775161
15775164
15775569
15776480
15776809
15777832
15778161
15801837
15811112
15820104
15825372
15825961
15828189
15828689
15829606
15832439
15834713
15835139
15836582
15837439
15839536
15881620
15882285
15882721
15883729
15884006
15884961
15885582
15885587
15887758
15888862
15889056
15889124
15889380
15889730
15889966
15890307
15890792
15891234
15891307
15891842
15892087
15892465
15893038
15894310
15894620
15895328
15895776
15896010
15897591
15897655
15897718
15897746
15897753
15898329
15899349
15899700
15900056
15900221
15900275
15900496
15900568
15900825
15900826
15901157
15901857
15902105
15902275
15902490
15902545
15902640
15902833
15902878
15903120
15903451
15903511
15903579
15903681
15904070
15904271
15904438
15905004
15905791
15906712
15907029
15907301
15907611
15908422
15908481
15908828
15908854
15909324
15909802
15910222
15910239
15910470
15910539
15910836
15911047
15911154
15911248
15912433
15912690
15915764
15916774
15917100
15946427
15946442
16016638
16017192
16017509
16018785
16020322
16020479
16020730
16021488
16022932
16023181
16024046
16026877
16028294
16030365
16045148
16127838
16129219
16130994
16132314
16132387
16133778
16135380
16136184
16137367
16138257
16139939
16140899
16141132
16142049
16142274
16145775
16151745
16154269
16164885
16168623
16173006
16174654
16186573
16409052
16409082
16409310
16409429
16409683
16409705
16409820
16410749
16411200
16411525
16411532
16411814
16412883
16412974
16413260
16413382
16413831
16415000
16417014
16417662
16417683
16417787
16417859
16418095
16418450
16419617
16422568
16422710
16429469
16432443
16432587
16451400
16451689
16452500
16454999
16455292
16456674
16457148
16457236
16458478
16459688
16459981
16460856
16464344
16482626
16505331
16511747
16514411
16514762
16520491
16693979
16695849
16695956
16696136
16696316
16696563
16696694
16697047
16697781
16699175
16699406
16699931
16700090
16700103
16700568
16700689
16700859
16702174
16702234
16702463
16702527
16703037
16703165
16703265
16703330
16703560
16703808
16704093
16704254
16704259
16705080
16705106
16705523
16705592
16705780
16706554
16706924
16707053
16707372
16707556
16707981
16708225
16708434
16708788
16709219
16709706
16709822
16709831
16709921
16710517
16712001
16714537
16780428
16784640
16785789
16787996
16797835
16816882
16817357
16818958
16819650
16819817
16819973
16820979
16822148
16822300
16823080
16826238
16827370
16827880
16829456
16832729
16833860
16851303
16949658
16950632
16952886
16953724
16954193
16958796
16959691
16960662
16961842
16961961
16962820
16964755
16966314
16966588
16968307
16969084
16969180
16969555
16970234
16970876
16971271
16972342
16975973
16977414
16979093
16980326
17049898
17050412
17051863
17052924
17053318
17054044
17054169
17054318
17055476
17055547
17057434
17058876
17059084
17060636
17060816
17063058
17066181
17384165
17384312
17384766
17384950
17386684
17387244
17388453
17388513
17388573
17389142
17390574
17391660
17391680
17391908
17392453
17392726
17392757
17392773
17399001
17399953
17454058
17506673
17506688
17508078
17508082
17508205
17508293
17508615
17509927
17510022
17510402
17510511
17511570
17512118
17512209
17513059
17513556
17513841
17514347
17514365
17514491
17514863
17515270
17515614
17516582
17516736
17517280
17535171
17535662
17536241
17539215
17539461
17539977
17540102
17540390
17540630
17540638
17540927
17542226
17543901
17545978
17546766
17549231
17559324
17561283
17563003
17599929
17600942
17602703
17603079
17603784
17605381
17605741
17606062
17608208
17608290
17608848
17609183
17610131
17612921
17617760
17663530
17687525
17687611
17695717
17696235
17705063
17711181
17727801
17737578
17910046
17910259
17958314
17959663
17959920
17962794
17962870
17963148
17963412
17971296
17971366
18042950
18043840
18044759
18045779
18046162
18046199
18047743
18048914
18049287
18049572
18050630
18050760
18051438
18051859
18052073
18052316
18052993
18053007
18053516
18053846
18053978
18054066
18055348
18055390
18056242
18057780
18058439
18058461
18058546
18060947
18063036
18064666
18064869
18067793
18070293
18070485
18070604
18070846
18073732
18073938
18084975
18090671
18092153
18092331
18092724
18093233
18093698
18093942
18094268
18094550
18095030
18095358
18095371
18095421
18095743
18095998
18096074
18096241
18096316
18096488
18096543
18096609
18096698
18096876
18096941
18097167
18097212
18097282
18097382
18097629
18097657
18098057
18098845
18098914
18099246
18099291
18099776
18099996
18100565
18100635
18100660
18101321
18101860
18102243
18102593
18102596
18102822
18103615
18103714
18103761
18103800
18103992
18104214
18105505
18106120
18111258
18124850
18125349
18125419
18125426
18125649
18125667
18126062
18126309
18126446
18126612
18127063
18127506
18127524
18127581
18127720
18127806
18127975
18128129
18128469
18128821
18128833
18129378
18129520
18129554
18129696
18129744
18129933
18130015
18130076
18130124
18130754
18130763
18130870
18131288
18131329
18131568
18131793
18132026
18132174
18132282
18132703
18132704
18133151
18134079
18134771
18135340
18135668
18135671
18136531
18138551
18141611
18141836
18162205
18171572
18207256
18218604
18274661
18332942
18333421
18334704
18335015
18335137
18335888
18337378
18337745
18338591
18338939
18339259
18339716
18339961
18340483
18341033
18341873
18342229
18343002
18343367
18343534
18343582
18343681
18344210
18344219
18344416
18344519
18344601
18345168
18345580
18348161
18348376
18348387
18348673
18349245
18349644
18349954
18350545
18350963
18351302
18351378
18352268
18354249
18355507
18370652
18386154
18386318
18387428
18389409
18389724
18390310
18391621
18391767
18392243
18392826
18393957
18394386
18394694
18395871
18395969
18466432
18466436
18466898
18467189
18468057
18469207
18469214
18469508
18470364
18470719
18470726
18471926
18474410
18474499
18474666
18475055
18475406
18476375
18476971
18477296
18480302
18480680
18481059
18511378
18534777
18537219
18537492
18537568
18537957
18538212
18540094
18540184
18541890
18544743
18545193
18545339
18545443
18547413
18548583
18548589
18548699
18550485
18553858
