46954
47033
47160
47192
47263
47513
47567
48457
48779
48902
48968
49191
49711
49743
49957
49992
50000
50547
50709
50816
51113
51668
52269
52316
52584
53054
53177
53588
53805
53984
54255
54348
54547
54772
55110
55704
55843
55910
56623
57010
57066
57547
57685
57774
57944
57963
58034
58065
58112
58203
58232
58312
58514
59029
59101
59444
59480
59922
83155
147870
150882
153241
153732
155052
155752
156348
160438
162668
259750
260116
260241
260298
260388
260889
260966
262015
262722
263109
264003
264676
264893
265334
265350
265387
265490
265543
265699
265921
266281
266323
266342
266544
266767
266972
267134
267164
267547
267646
268070
268792
269415
269606
269949
270263
270455
271154
271443
271967
272686
272731
272826
273370
273945
274089
274126
274166
274373
274510
274557
275056
275228
275255
275497
275939
276348
276433
276497
276600
276611
276632
276674
277004
277791
277908
277937
278592
349941
349999
351620
352286
354102
355358
359440
360567
360595
360736
362415
362950
364824
445944
447471
447512
448016
448418
449515
449555
449983
451764
453633
460670
460776
463032
464145
521438
527059
607223
608167
608873
609093
609900
610321
611604
612439
614545
615755
616533
616933
617517
619341
728807
731043
731382
732528
746986
747226
747245
747495
747529
748196
748692
748814
748911
748994
749209
749398
749535
749619
749798
749831
751131
751337
751810
751973
752236
752854
753160
753412
754529
754642
754861
754929
755156
755176
755385
755735
756091
756286
756425
756663
756703
756807
756963
757715
758122
758677
758704
758855
759041
759584
760322
760822
760982
761171
761774
762359
763008
763183
807286
808979
817513
817868
818174
818325
818468
819034
819210
820113
820173
820680
821217
822195
822472
822647
822667
823578
824513
826218
826833
826885
827092
827413
827700
828479
828682
828976
829208
829862
830066
830271
830775
830923
830983
831204
832638
833085
833778
833929
834008
836276
836364
836632
837243
866532
867083
867278
867725
868353
868884
868982
869386
869455
869484
869524
870015
870339
870581
870665
870689
871311
871636
871642
871876
872244
872325
872397
872579
872622
872713
872716
873112
873179
873196
873265
873523
873760
874264
874370
874380
874669
874873
875017
875143
875216
875584
875889
875990
876055
876618
877253
877290
877441
878669
880484
881064
881176
881313
881355
881521
882064
884036
884418
885806
886137
886266
886541
886754
887681
888093
891940
892047
893999
894182
895360
896703
896793
897198
931657
931662
932065
932150
934073
937576
938495
940719
943315
944135
945395
953635
959346
962719
1009584
1015299
1243180
1246467
1256097
1257575
1259187
1259839
1260060
1262829
1265903
1266250
1267710
1327350
1327461
1327511
1327757
1327820
1329107
1329449
1329506
1330801
1331347
1331654
1332420
1332903
1333016
1333028
1333084
1334221
1334323
1334467
1335194
1335461
1336230
1336270
1336322
1336330
1336463
1336830
1337013
1337050
1337079
1337336
1337405
1337632
1388257
1389436
1390353
1390362
1390461
1392072
1392222
1392795
1393169
1393461
1393951
1394187
1394480
1394870
1395121
1395825
1396230
1396390
1396738
1397299
1397824
1397934
1398159
1398628
1398732
1399205
1399269
1399551
1400826
1400926
1401203
1401206
1401529
1402272
1402509
1402523
1403008
1403120
1403134
1403162
1403638
1403727
1403978
1404224
1404335
1404924
1404953
1404963
1404994
1405344
1405912
1405961
1406064
1406205
1406252
1406651
1407023
1407842
1409261
1409996
1410159
1410721
1410872
1411077
1411088
1411263
1411729
1412182
1412234
1412248
1412830
1412861
1412908
1413330
1413405
1413424
1445945
1446325
1448336
1451212
1452636
1456986
1457061
1457324
1457725
1458488
1518940
1519078
1521931
1522605
1522770
1522976
1524671
1524708
1525192
1525232
1525719
1525806
1526579
1526987
1527936
1528730
1529178
1529528
1574279
1574297
1574362
1574524
1574691
1574776
1575013
1575095
1575275
1575462
1575701
1575737
1575915
1575990
1576367
1576413
1577790
1577799
1577872
1577920
1578132
1578185
1578887
1579326
1579462
1580083
1580176
1580662
1580669
1580724
1581154
1581334
1581458
1581484
1581558
1581575
1581612
1581776
1582621
1583199
1584168
1584372
1584837
1593597
1621031
1621121
1621201
1622224
1622775
1622864
1623593
1623981
1624801
1625458
1626065
1626932
1627219
1627554
1628395
1630328
1630647
1630943
1631336
1631778
1631865
1631869
1632110
1632186
1654731
1654993
1656888
1659961
1662961
1682263
1725324
1734937
1735537
1736595
1736694
1739183
1740214
1740255
1741231
1742188
1744007
1744589
1777728
1777736
1777846
1778152
1778440
1778793
1778876
1779068
1779162
1779490
1779504
1779841
1780242
1780625
1781375
1781815
1781990
1782339
1782415
1782478
1782542
1782716
1782800
1782871
1783182
1783468
1783788
1783803
1784026
1784126
1784152
1784468
1784803
1784989
1785478
1785492
1785977
1786192
1786482
1786696
1786827
1786864
1787081
1787595
1788087
1788518
1788549
1795004
1796007
1797434
1798908
1801999
1802440
1882239
1882956
1883045
1883481
1884918
1885014
1885114
1886370
1886457
1887847
1888276
1888471
1888840
1890282
1890323
1890442
1891225
1891522
1892395
1892426
1892568
1892887
1893369
1893635
1893645
1893706
1894002
1894064
1894247
1894300
1895626
1895859
1896898
1897026
1897317
1952920
1954099
1954790
1956341
1956879
1957698
1958690
1959936
1960173
1961716
1962680
1962748
1963447
1963532
1963849
1964940
1966015
1966254
1966989
1967026
1968056
1968978
2018486
2025987
2027234
2028055
2032037
2032988
2033069
2077675
2084149
2087681
2087728
2092020
2092307
2093217
2094588
2095262
2095318
2095788
2095971
2096522
2097059
2097118
2097994
2098395
2098396
2099989
2100273
2100513
2102077
2102315
2102626
2103203
2103666
2209715
2209737
2210261
2210540
2210753
2210834
2212251
2212434
2212635
2212725
2213240
2214517
2215705
2215811
2216037
2216169
2216419
2216459
2216595
2216713
2216736
2217219
2217318
2217457
2217510
2218551
2218645
2219170
2219252
2219292
2219345
2219640
2219884
2219994
2220307
2220372
2220473
2220934
2221032
2221536
2221716
2221721
2221791
2221854
2221951
2222520
2223336
2223908
2276428
2282438
2287179
2297975
2327635
2327752
2328823
2329559
2329942
2330876
2331109
2331348
2331848
2332183
2332353
2332718
2332792
2333336
2333502
2334258
2334608
2334659
2334706
2335079
2335247
2335751
2335948
2336272
2336684
2336786
2336935
2336970
2337100
2337144
2337323
2337587
2338584
2339380
2339421
2339726
2407712
2408715
2410228
2410236
2411615
2411691
2411708
2412075
2412211
2412267
2412295
2413175
2413438
2415048
2415127
2416028
2416128
2416269
2416357
2416440
2416442
2416873
2416985
2417985
2418339
2418466
2418804
2418891
2419383
2419545
2420050
2420971
2421775
2421885
2421961
2422099
2422188
2422297
2422325
2422570
2422612
2422803
2423011
2423072
2423433
2424229
2424756
2425208
2425469
2457008
2457026
2457057
2457162
2457542
2457858
2457967
2458091
2458113
2458324
2459087
2459237
2459344
2459703
2459859
2460315
2460366
2460445
2460518
2460605
2460736
2460994
2461006
2461162
2461195
2461211
2461687
2461895
2462254
2462289
2462474
2462552
2462661
2462711
2462783
2462880
2463150
2463286
2464134
2465122
2465539
2465804
2465965
2466116
2466362
2466408
2466546
2466699
2466789
2467226
2467765
2468116
2468486
2468494
2468841
2468870
2468983
2469690
2469750
2469880
2470172
2470514
2470764
2470969
2471047
2471112
2471350
2471892
2472121
2472186
2472337
2472460
2472488
2472736
2473331
2473361
2473384
2473948
2473955
2474151
2474301
2474322
2483648
2484517
2553564
2554346
2554689
2554959
2555558
2555630
2556625
2557276
2559317
2561922
2562087
2562177
2562305
2562416
2562567
2562789
2633425
2674695
2674758
2674766
2675051
2675575
2676469
2676728
2676881
2677176
2677188
2677260
2677369
2677561
2677578
2677589
2677656
2678173
2678364
2678802
2678847
2678891
2679609
2679707
2679763
2679959
2679967
2680837
2681024
2681319
2682010
2682160
2682258
2682520
2682720
2682769
2683151
2683845
2683847
2683961
2684543
2684548
2684583
2684681
2685116
2685456
2685773
2685791
2685795
2685910
2686123
2686339
2686367
2686398
2687550
2687624
2687682
2687817
2688075
2688143
2688933
2689328
2689396
2689483
2689562
2689778
2689889
2690164
2690748
2690783
2690958
2691150
2691288
2691324
2691331
2691521
2691752
2692230
2692260
2711299
2713675
2717123
2720624
2720714
2721006
2724162
2724472
2724554
2724846
2725027
2725652
2726884
2727781
2728729
2729230
2730324
2730420
2730606
2731341
2731499
2731782
2732091
2732391
2733286
2733942
2734048
2734183
2734270
2734334
2734514
2748307
2748538
2748554
2748989
2749625
2750285
2750286
2750455
2750753
2751031
2751795
2752186
2752232
2752786
2753307
2753308
2753455
2753647
2753741
2753814
2754509
2754812
2754837
2755075
2755486
2756857
2757196
2757853
2757999
2758603
2759038
2759634
2759906
2760760
2761360
2761494
2761760
2762322
2762657
2762728
2762802
2762840
2762934
2763826
2764078
2764104
2764252
2764365
2764396
2764655
2765211
2765292
2765321
2765793
2765815
2766083
2766214
2766261
2770976
2789496
2807461
2808896
2810586
2811878
2818052
2820792
2821471
2821501
2822028
2822193
2822230
2824420
2824801
2825038
2825187
2825264
2826047
2826773
2827818
2827848
2828570
2828863
2829227
2829569
2829582
2829786
2829996
2830259
2830480
2831659
2832711
2832742
2833381
2833499
2833621
2833751
2834276
2834377
2835193
2835384
2835620
2835784
2836261
2836343
2837486
2837988
2838092
2838454
2857139
2857330
2857341
2857419
2857467
2857563
2857658
2857685
2857899
2858516
2859218
2859297
2859617
2859696
2859944
2860216
2860400
2860494
2860756
2861169
2861588
2861664
2862449
2862797
2862920
2863422
2863654
2863923
2864435
2864837
2865304
2865389
2865659
2865800
2866238
2866269
2866438
2866767
2866790
2867367
2867580
2867730
2868198
2868367
2868791
2869219
2869288
2869608
2869752
2869855
2869928
2870008
2870156
2870216
2870301
2871283
2871298
2871309
2871536
2871992
2872404
2872935
2873354
2874004
2874216
2875057
2875481
2875630
2875824
2876249
2876312
2877293
2877526
2877690
2877826
2878081
2878874
2878886
2878905
2879235
2880021
2880565
2880597
2880717
2880742
2881125
2881202
2881248
2881433
2882405
2882493
2882595
2882931
2883004
2883349
2883370
2883392
2883806
2884306
2884386
2884848
2884891
2885435
2885862
2886042
2919582
2920062
2924208
2924249
2929554
2930200
3015127
3044354
3044923
3045451
3045691
3045776
3045931
3047042
3047228
3047406
3047487
3047530
3047607
3047908
3047915
3048040
3048821
3049267
3049628
3049978
3050084
3050239
3050591
3051468
3051560
3052658
3052680
3053220
3053261
3053791
3053792
3053964
3054129
3054327
3054606
3055022
3055372
3055545
3055571
3055841
3056500
3056826
3056854
3057252
3057367
3057523
3057661
3058108
3058158
3058172
3058291
3058527
3058588
3058761
3059209
3059268
3059269
3059749
3059859
3060128
3060304
3060350
3092758
3093038
3093316
3093323
3093880
3094224
3094337
3094612
3094712
3094761
3094998
3095727
3096853
3096943
3097107
3097438
3097672
3098134
3098302
3098577
3098609
3098884
3099059
3099356
3099702
3100117
3100656
3100921
3101089
3101720
3101844
3101850
3102351
3103701
3103701
3104127
3104191
3104400
3137126
3144924
3147747
3159950
3161483
3161571
3162414
3162604
3162866
3163325
3163375
3163637
3164157
3165372
3165884
3166549
3167034
3167060
3167160
3167397
3168042
3168715
3169053
3169245
3170689
3170690
3170853
3171128
3171402
3171557
3171930
3172421
3172504
3174663
3174838
3175264
3175611
3176691
3176697
3177018
3177787
3177997
3178065
3178248
3178762
3178799
3178998
3179086
3179303
3179331
3179377
3179670
3179975
3180004
3180166
3180200
3180260
3180292
3180406
3180539
3180746
3182130
3182153
3182496
3182969
3182986
3183305
3183440
3183614
3184104
3184583
3184587
3184895
3184918
3185097
3185203
3186084
3186339
3186934
3187074
3187729
3188474
3188531
3188676
3188731
3188771
3188789
3189306
3189310
3189369
3189373
3189538
3189769
3189931
3190354
3190402
3192414
3192503
3209638
3290322
3291777
3291797
3292235
3293385
3293591
3294580
3296977
3297893
3299468
3299614
3300268
3300306
3301297
3301411
3321218
3333714
3333808
3333908
3333945
3334076
3334113
3334162
3334394
3334887
3335322
3335434
3336031
3336424
3336708
3337836
3338580
3339135
3339224
3339578
3340209
3340297
3340468
3340526
3340876
3340950
3341061
3341068
3341431
3341980
3342207
3342275
3342329
3343996
3344349
3344781
3361319
3361459
3361569
3361735
3361815
3361928
3362017
3362235
3362662
3362892
3362948
3363256
3363401
3363513
3363779
3363825
3364129
3364283
3364405
3364478
3364524
3365002
3365024
3365286
3365678
3365755
3365873
3366026
3366163
3366517
3366587
3366841
3366884
3368214
3368474
3368734
3368851
3368915
3369301
3369642
3369731
3369776
3369973
3370452
3370479
3370513
3370734
3371218
3371282
3371424
3371567
3371663
3371764
3372058
3372097
3372161
3373156
3373176
3383760
3384046
3384499
3385585
3386881
3387079
3388390
3388836
3389739
3391399
3391421
3392810
3392853
3393805
3394758
3396597
3398039
3398373
3399865
3399997
3401090
3401506
3402220
3460701
3470253
3474309
3474788
3474801
3474827
3475038
3475267
3475331
3475764
3475869
3475962
3476017
3476403
3476776
3477514
3477799
3477881
3477887
3478222
3478563
3479473
3479699
3480927
3481606
3481666
3481904
3482890
3482978
3483660
3483813
3529828
3529916
3529967
3529986
3530211
3530562
3530702
3530761
3531574
3531921
3532065
3532375
3532805
3532840
3532913
3532928
3534292
3534610
3534715
3535106
3535896
3536072
3536610
3538220
3538332
3539236
3539619
3540103
3540609
3541078
3605892
3606260
3611986
3615406
3637103
3637149
3637611
3638213
3638331
3638427
3638469
3638511
3638642
3638704
3638939
3639042
3639062
3639285
3639400
3639672
3639968
3640052
3640149
3640233
3640459
3640597
3640724
3640992
3641220
3641567
3641841
3642468
3642766
3642972
3642997
3643141
3643547
3644908
3645470
3645508
3645675
3645994
3646030
3646188
3646801
3646924
3647655
3647938
3648035
3648151
3648344
3648477
3649766
3649934
3650694
3651308
3651586
3651820
3651852
3652415
3652537
3652548
3652616
3652653
3652758
3652890
3652936
3653040
3653082
3653309
3672225
3675483
3675688
3678019
3678150
3679089
3680843
3684290
3684926
3685184
3685514
3686379
3687374
3687817
3687887
3688238
3688326
3688341
3688393
3688442
3689115
3689196
3689475
3690807
3691550
3691997
3692252
3692426
3692590
3692882
3693322
3693470
3693561
3693767
3694048
3694588
3694798
3695288
3695407
3696018
3696238
3696663
3696689
3696767
3697411
3697583
3697751
3698301
3698881
3699027
3699149
3729309
3729635
3730388
3731112
3731202
3731249
3731502
3732023
3732634
3732726
3732857
3733427
3733433
3733545
3734471
3735025
3735111
3735481
3735503
3735986
3736854
3736882
3736938
3737008
3737834
3738255
3738684
3739589
3739715
3774939
3775372
3775587
3775822
3776138
3776237
3776654
3776930
3777090
3777144
3777451
3778131
3778575
3778743
3778879
3778915
3779277
3779592
3779678
3780090
3780094
3780200
3780361
3780650
3780799
3780980
3781005
3781082
3781085
3781376
3781976
3782049
3782181
3782213
3782523
3783254
3783616
3783935
3784825
3784847
3785035
3785043
3785579
3785873
3785992
3786170
3786833
3786908
3786924
3787157
3787185
3787963
3787999
3788471
3789100
3789331
3789428
3789548
3789677
3789850
3789983
3789994
3790269
3848266
3848798
3848879
3848890
3849001
3849148
3849814
3850046
3850238
3850253
3850717
3851472
3851725
3851812
3851911
3852006
3852398
3852603
3852720
3853052
3853062
3853123
3853336
3853756
3853825
3853990
3854103
3854344
3854538
3854598
3855072
3855542
3855665
3855772
3855957
3856179
3856246
3856514
3856867
3856929
3857138
3857320
3857951
3858236
3858940
3859395
3859554
3859598
3859747
3860506
3862005
3862035
3862116
3862275
3862337
3862758
3863385
3871558
3875614
3875681
3875758
3875877
3875914
3875945
3875981
3876990
3877178
3877392
3877781
3877966
3878670
3878903
3879114
3879484
3879815
3879920
3880420
3880647
3880758
3880831
3881214
3881587
3881811
3882067
3882170
3882653
3882787
3882834
3883032
3883315
3883506
3883866
3884135
3884548
3884729
3884926
3885042
3885694
3886567
3886712
3887251
3887572
3887675
3887944
3888747
3888955
3888970
3889114
3923569
3924160
3924230
3924468
3924683
3925048
3925506
3926157
3926622
3926682
3926684
3926871
3927144
3927312
3927416
3927588
3927840
3927939
3929075
3929126
3929229
3929369
3929878
3930124
3930394
3930483
3930514
3931144
3931152
3931282
3931336
3931855
3932598
3932685
3932715
3932793
3932857
3932876
3932911
3933523
3933818
3934029
3934119
3934439
3934629
3934779
3934939
3935197
3935254
3935751
3935999
3936254
3936276
3936312
3936345
3936449
3936713
3937559
3937645
3938440
3954848
4049527
4049671
4049752
4049809
4051398
4051647
4051918
4051949
4052069
4053607
4053628
4054158
4054305
4055066
4055203
4055641
4056450
4057498
4057949
4058124
4058446
4058497
4058800
4126625
4127462
4128950
4129250
4129610
4129794
4130089
4130394
4131336
4132400
4136545
4137096
4137465
4137674
4139255
4141106
4142559
4142912
4143382
4143827
4144501
4178842
4178985
4179129
4179159
4179244
4179563
4179663
4180171
4180423
4180522
4181429
4182005
4182158
4182210
4182671
4183284
4183613
4183786
4183813
4183844
4183864
4184407
4184521
4184661
4184716
4184789
4184979
4185147
4185307
4185766
4185939
4187266
4187573
4187790
4187835
4187908
4188141
4188604
4188608
4188739
4188937
4189008
4189255
4189271
4189303
4189410
4189635
4189814
4190136
4190165
4190569
4190603
4190758
4190828
4190946
4191328
4191491
4191653
4192473
4192987
4193340
4193727
4193749
4193853
4194128
4194578
4194619
4194785
4195147
4195609
4195712
4195899
4196419
4196657
4196663
4197204
4197755
4197857
4198288
4198670
4198682
4198923
4199591
4200166
4200385
4200541
4200594
4201245
4201375
4202601
4203006
4203386
4204392
4204988
4205017
4205793
4206260
4206377
4207287
4207806
4207825
4207852
4208030
4208386
4208518
4282554
4282647
4283264
4284742
4285436
4286747
4287730
4288654
4289809
4290193
4290409
4290912
4291370
4291493
4291649
4291901
4292015
4292101
4292695
4293603
4294036
4294547
4294764
4294936
4295332
4295476
4296245
4296334
4296466
4296538
4296609
4297228
4297323
4297323
4297465
4297879
4298393
4298494
4299352
4299418
4299615
4300055
4300302
4300330
4300876
4301447
4301546
4301922
4302089
4302134
4302254
4302601
4302737
4302833
4303209
4303231
4303300
4303559
4303581
4303903
4304651
4304948
4305121
4305237
4305587
4305683
4305737
4306180
4306376
4306635
4307255
4307499
4308077
4308549
4308616
4308987
4309123
4309283
4309348
4309415
4309943
4310044
4310704
4311297
4311440
4311568
4311578
4312433
4312607
4312826
4313087
4313093
4313279
4313883
4313904
4315078
4315520
4316563
4317221
4318653
4319948
4320377
4322283
4323077
4323227
4352596
4436526
4437422
4437583
4438235
4439415
4439588
4440565
4441643
4442706
4446983
4448009
4448125
4448880
4449588
4450319
4450853
4451096
4452353
4453001
4453502
4453956
4454715
4465721
4473279
4473752
4474948
4475867
4476606
4477358
4477521
4478041
4479557
4481046
4481523
4482086
4482431
4482549
4483305
4483360
4483472
4487030
4487056
4490034
4490157
4490881
4492446
4492684
4492713
4492876
4494347
4494410
4494468
4494548
4495491
4495634
4497384
4497769
4499524
4499920
4500095
4500689
4503041
4503181
4503533
4503671
4503872
4504161
4504822
4505080
4505406
4505797
4507477
4535267
4535552
4535617
4535902
4535930
4536215
4536534
4536572
4536579
4536756
4536920
4537218
4537577
4538092
4538400
4538458
4539915
4540000
4540418
4540454
4540533
4540690
4540809
4540899
4541414
4541680
4542007
4542117
4542129
4542493
4543333
4543404
4543472
4543548
4543560
4544240
4544389
4544494
4545209
4545444
4545574
4545629
4545637
4546237
4546556
4547111
4547155
4547543
4547796
4548045
4548195
4548486
4548510
4548973
4549223
4550056
4550194
4550340
4550445
4550491
4550938
4551216
4551506
4551809
4551865
4551899
4551973
4552516
4553112
4573109
4618206
4620719
4625918
4626267
4627338
4627439
4627658
4627820
4629110
4629890
4630556
4630766
4630852
4631125
4631129
4631554
4632614
4633092
4633448
4633563
4633576
4633576
4633672
4633966
4636296
4649917
4650108
4650960
4651965
4653129
4653386
4654841
4657482
4659525
4659842
4660301
4661809
4661914
4662038
4664005
4664079
4664185
4664692
4665182
4666457
4666961
4667162
4667199
4667382
4667949
4668055
4668376
4668553
4668701
4669045
4669074
4669420
4669502
4669736
4669956
4670093
4670234
4670394
4670521
4670549
4670698
4671045
4671075
4672161
4672966
4673276
4673546
4673849
4674689
4674749
4674852
4675032
4675270
4675412
4675462
4675719
4676119
4676414
4677058
4677097
4677249
4677521
4677856
4678282
4678301
4678714
4678732
4680180
4680793
4681131
4681208
4681448
4682069
4682412
4682557
4682681
4682996
4683079
4683271
4683367
4683417
4683972
4684609
4684727
4684733
4684853
4685222
4685308
4685375
4686316
4686450
4686455
4686509
4687512
4687907
4688039
4688217
4688773
4688918
4689241
4689471
4689516
4690424
4691197
4691331
4691791
4691962
4692130
4692151
4692173
4692181
4692281
4692662
4692710
4692874
4692959
4693119
4695188
4744695
4757030
4758704
4759257
4760617
4760719
4760857
4760878
4761417
4762041
4762253
4763133
4763142
4763610
4763825
4763874
4764222
4764376
4765209
4765289
4765296
4765503
4766089
4767854
4768209
4768781
4769143
4769602
4769784
4770254
4770362
4770744
4770908
4770965
4771028
4771308
4771326
4771449
4771909
4772009
4772081
4772431
4772741
4773180
4773293
4773460
4773646
4773986
4774176
4775283
4776601
4776822
4776826
4777807
4778067
4778420
4778521
4778532
4778883
4779048
4779081
4779564
4779773
4779880
4780129
4780276
4780727
4781077
4781101
4781200
4781361
4781745
4782082
4782236
4782382
4782496
4782680
4782813
4783745
4783750
4784005
4784059
4784441
4784603
4784865
4785189
4785223
4785438
4785510
4785606
4785753
4785945
4786130
4786184
4786456
4786551
4786640
4786849
4786913
4787136
4787330
4787502
4787769
4787857
4788657
4789485
4789617
4789878
4790111
4790171
4790190
4790649
4790887
4791438
4791668
4791808
4792453
4792689
4793556
4793573
4793713
4794002
4794079
4794435
4794442
4795813
4796291
4796908
4797409
4797717
4798400
4798477
4798734
4798863
4799423
4800064
4800088
4801041
4801155
4801417
4801430
4801482
4801639
4802340
4802708
4802865
4802887
4802996
4803067
4803246
4803466
4803854
4804074
4804784
4804814
4804839
4805446
4806046
4806063
4806203
4806556
4806904
4807215
4807745
4808093
4808100
4808303
4808603
4808758
4809349
4809563
4810013
4810461
4810626
4810722
4811270
4811581
4811780
4812668
4812700
4812736
4813344
4813924
4813938
4814552
4814574
4814671
4814677
4814688
4815006
4815377
4815438
4816086
4816298
4816462
4816713
4816782
4816886
4816920
4816951
4817200
4817241
4817356
4817463
4817867
4818181
4819531
4819856
4820123
4820246
4820302
4820347
4820418
4820810
4820914
4820926
4821008
4821269
4821643
4822381
4822790
4822922
4823284
4823620
4824667
4824887
4825169
4825591
4825750
4826084
4826595
4826799
4826829
4827516
4828173
4828555
4829869
4829899
4830096
4830441
4830802
4831077
4831120
4831208
4832873
4833291
4833733
4834629
4834963
4835339
4836007
4836649
4851931
4852099
4852115
4852214
4852546
4854127
4854184
4854883
4855384
4857966
4858426
4859984
4860094
4860223
4861631
4862042
4862775
4864258
4864484
4864508
4864804
4865219
4865260
4865494
4866276
4867340
4867378
4867430
4867462
4867708
4868083
4868197
4869415
4869885
4869917
4869949
4870279
4870418
4870624
4870688
4870859
4870884
4871345
4871480
4872484
4872866
4873123
4873516
4873640
4874530
4874637
4874701
4875441
4875500
4875604
4875647
4875651
4875792
4876558
4876728
4876791
4876805
4877067
4877068
4877474
4878028
4878038
4878052
4878168
4878332
4878485
4878905
4879464
4879720
4879926
4880066
4880221
4880511
4880553
4880691
4881023
4881161
4882005
4882024
4882423
4882951
4883028
4883116
4883271
4883332
4883381
4883799
4941976
4942321
4942977
4944003
4946334
4947178
4947270
4947489
4947659
4949070
4949582
4949671
4950215
4951947
4952106
4953359
4953704
4954291
4954633
4955285
4955633
4955869
4956802
4956842
4972255
4972748
4973501
4975348
4976647
4978500
4979160
4979263
4979619
4983545
4983807
4984869
4987135
4987511
4988132
4988174
5024497
5024540
5024716
5024908
5025313
5025629
5026005
5026274
5026529
5028388
5028927
5028953
5028983
5029155
5029508
5029555
5029601
5029607
5029864
5029904
5030285
5030431
5030500
5030511
5030785
5030803
5031114
5031726
5031923
5031935
5031948
5032032
5032182
5032967
5033084
5033560
5033755
5034724
5034817
5034885
5035063
5035381
5035431
5035493
5036195
5036352
5036539
5036809
5037387
5037568
5037820
5037920
5038037
5038048
5039035
5039197
5039325
5039328
5039666
5039714
5039955
5040066
5041152
5041238
5041440
5041588
5041646
5041689
5042011
5042809
5043221
5043420
5043572
5043593
5043603
5043629
5044148
5044607
5044608
5044648
5044853
5045197
5045432
5046062
5047474
5047477
5047682
5047862
5048125
5048894
5048994
5049433
5050056
5050940
5051278
5051587
5051619
5051966
5052041
5052075
5052389
5052848
5052851
5052926
5053321
5054014
5054107
5054557
5055485
5055631
5055720
5056242
5056313
5056476
5056873
5057357
5057464
5057845
5057988
5058034
5058489
5058781
5058789
5059609
5059683
5059726
5060110
5060307
5060703
5060946
5060975
5061639
5061769
5062044
5062370
5062533
5062912
5063048
5063338
5063698
5063828
5064213
5064262
5064322
5064513
5064700
5065229
5065235
5065396
5065718
5066351
5066415
5066829
5067418
5067841
5068194
5068959
5098419
5100180
5100197
5100294
5100452
5100793
5100814
5101043
5101056
5101301
5101587
5101596
5101734
5101928
5101955
5102007
5102155
5102484
5103796
5104000
5104039
5104462
5104534
5104634
5104873
5105412
5106007
5106557
5106635
5107028
5107236
5107875
5108098
5109143
5109716
5110012
5110233
5110396
5110455
5110742
5110974
5111317
5111707
5111858
5112125
5151391
5151933
5152651
5154289
5158382
5158639
5159711
5160770
5166767
5169029
5169123
5169337
5169547
5170660
5171173
5171940
5172141
5172421
5172608
5172734
5173273
5173522
5173638
5174200
5174229
5175107
5175493
5175674
5177001
5177012
5177266
5178883
5179242
5179392
5179671
5179785
5180455
5181357
5181774
5181938
5181981
5182087
5182272
5184709
5184865
5186064
5186372
5187532
5267603
5267899
5268437
5268597
5268934
5269374
5269509
5270277
5271466
5271784
5272372
5272401
5272479
5273314
5273751
5274165
5275049
5275186
5275403
5275578
5275673
5276048
5276294
5276400
5276981
5277279
5277677
5278005
5278398
5278652
5278915
5279021
5279493
5279686
5279800
5280325
5280473
5280964
5281105
5281365
5281684
5282366
5282405
5282417
5282445
5282470
5282890
5283269
5283618
5283854
5283907
5284203
5296411
5296533
5296632
5296770
5298526
5298783
5298941
5298978
5299138
5299754
5300021
5300243
5300409
5300560
5300673
5300791
5300858
5301171
5301240
5301272
5301379
5301545
5301877
5301955
5302126
5302184
5302565
5302696
5302891
5303777
5303999
5304632
5304682
5305051
5306110
5306127
5306553
5307020
5307092
5307224
5307526
5308135
5308443
5308886
5308985
5309202
5309337
5309459
5309569
5309975
5310332
5310829
5310987
5311023
5311991
5312183
5313278
5313289
5313404
5313968
5314028
5314042
5328693
5328782
5328950
5329126
5329354
5329474
5329591
5329760
5330372
5330575
5331056
5331564
5331713
5332223
5332290
5332412
5332725
5333571
5333624
5333836
5334443
5334506
5334765
5334778
5335200
5335447
5336087
5336659
5336936
5337881
5338059
5338100
5338131
5339449
5339522
5340218
5340975
5341967
5342274
5342383
5343324
5343849
5344049
5344695
5344698
5386888
5386950
5387321
5387998
5388726
5388778
5388874
5389822
5389853
5389936
5390178
5390218
5390443
5390455
5390662
5390766
5390808
5391572
5391837
5391838
5391945
5392212
5393026
5393311
5393349
5393482
5393563
5393821
5393872
5394421
5394566
5394634
5395343
5395628
5396070
5396881
5397406
5397738
5397781
5397903
5397948
5397970
5398135
5399036
5399332
5399500
5399603
5399618
5399638
5399825
5400034
5400118
5400424
5401470
5401506
5402018
5402278
5402782
5403006
5403015
5403432
5403828
5404073
5404500
5404735
5404767
5409349
5418810
5439206
5440293
5441313
5441400
5443072
5444313
5445891
5446308
5446424
5446488
5446553
5446717
5447063
5447980
5448367
5448749
5449301
5449366
5450911
5451206
5451270
5451581
5451902
5451950
5452252
5452560
5454361
5454952
5456477
5457200
5457274
5457721
5458239
5460578
5461088
5463712
5467763
5468349
5480846
5481651
5481973
5482740
5482777
5484359
5485557
5485705
5486310
5486668
5487144
5487429
5487452
5488621
5489006
5489225
5491276
5491473
5491701
5493109
5494059
5494192
5494456
5494770
5495070
5495482
5495706
5495950
5496216
5496452
5496486
5496750
5496965
5497324
5497535
5498291
5498714
5498822
5499288
5499338
5500344
5500439
5500443
5500620
5500724
5500801
5500863
5500935
5501978
5502238
5502727
5502846
5503143
5503404
5504221
5504496
5504536
5551380
5551432
5551568
5551713
5551910
5552355
5552598
5552723
5553381
5553516
5553932
5554072
5554309
5555220
5555241
5555279
5555393
5555595
5555807
5555927
5555960
5556996
5557509
5557532
5557787
5557796
5557825
5557864
5558178
5558293
5558403
5558440
5558776
5558937
5559242
5559608
5559690
5560028
5560658
5561302
5561457
5561461
5561668
5562149
5562374
5562378
5562780
5562853
5563118
5563248
5563652
5563686
5563918
5564680
5564862
5564911
5565313
5565450
5565464
5565728
5566020
5566076
5566279
5566618
5567005
5567135
5581692
5581917
5581980
5582114
5582628
5583332
5583374
5583858
5585161
5585522
5586719
5587015
5587178
5587753
5588063
5588124
5588504
5589660
5589713
5589862
5590005
5590806
5591971
5592253
5593524
5593775
5594299
5594473
5594780
5595685
5595704
5595724
5596118
5596351
5597000
5597664
5599101
5599426
5599686
5600105
5600196
5600661
5601017
5601867
5602673
5603778
5604628
5604850
5606001
5607563
5607655
5608156
5608400
5609050
5609092
5610004
5610730
5610825
5611632
5611970
5613110
5613304
5614118
5614526
5614608
5615769
5615861
5616970
5618880
5619267
5619466
5620206
5621304
5621339
5621575
5621650
5622952
5623054
5623297
5623382
5623930
5625148
5625257
5625303
5625626
5626136
5627166
5627320
5627481
5628908
5629222
5629453
5629598
5649940
5651503
5652328
5653028
5653929
5654808
5658226
5658489
5660151
5660551
5661273
5661341
5662975
5663150
5663678
5663839
5663942
5663953
5664668
5664911
5664942
5665363
5666862
5667014
5667368
5667738
5667813
5668337
5668724
5669058
5669699
5669806
5669811
5669894
5669911
5670146
5670492
5670502
5671075
5671223
5671420
5671594
5671735
5671838
5671988
5672010
5672416
5673670
5673689
5673761
5673994
5674512
5674804
5674808
5674934
5675183
5675316
5675484
5675664
5676578
5696488
5697724
5698748
5699001
5699169
5699428
5699656
5699663
5699892
5699962
5700363
5701126
5702667
5703052
5703253
5704159
5704204
5704587
5704627
5706054
5706071
5706736
5706988
5707377
5707476
5707596
5707697
5708163
5708261
5708465
5710057
5710291
5710755
5710866
5710915
5710921
5711134
5711557
5711568
5711812
5712347
5712412
5713193
5714219
5714295
5714414
5716413
5717046
5717236
5717380
5717442
5717509
5717543
5717874
5718291
5718316
5718655
5720087
5720846
5720849
5721067
5721192
5721299
5721661
5721743
5721796
5722104
5722369
5724936
5725015
5725035
5725320
5725506
5726410
5726441
5726675
5816369
5817259
5817769
5818493
5819577
5819611
5819629
5819748
5820576
5821230
5821660
5821745
5822077
5823212
5823732
5824336
5825542
5825705
5825813
5827630
5827916
5827932
5830505
5831059
5831088
5831259
5831756
5832539
5833346
5834389
5895878
5897030
5903335
5960687
5961729
5970257
5971644
6006408
6013883
6015422
6017435
6018379
6020878
6021183
6022387
6023028
6046914
6047025
6054442
6055050
6059216
6081114
6081115
6081573
6082392
6082520
6082535
6082926
6082973
6083191
6083402
6083653
6083879
6083897
6084059
6084207
6084971
6085525
6085979
6087033
6087599
6087726
6087756
6088189
6088252
6088542
6089074
6090058
6090415
6090771
6091076
6091499
6091827
6092910
6092960
6093071
6093417
6093505
6093621
6094955
6095373
6095605
6096677
6096843
6097598
6097800
6098252
6099234
6099382
6099473
6100132
6100357
6101538
6101726
6101785
6102146
6104018
6104100
6104138
6104269
6104491
6105011
6105436
6105517
6106076
6106193
6106912
6108504
6108738
6108957
6108971
6109228
6109514
6109732
6110100
6110386
6110416
6110837
6110937
6110980
6111102
6111220
6193760
6193778
6193847
6194772
6195070
6195174
6195265
6196042
6196901
6197871
6198066
6198827
6198895
6199530
6199562
6199763
6199946
6199978
6200170
6200839
6200849
6200999
6201410
6201541
6202335
6202740
6202910
6203053
6203500
6204835
6205192
6205318
6206193
6206249
6206900
6220556
6221892
6221932
6222095
6222307
6223047
6223088
6223338
6223495
6223872
6225480
6225579
6225735
6225755
6225940
6227333
6228436
6229415
6229674
6230421
6230818
6231845
6231933
6232130
6232334
6232558
6232578
6232808
6233854
6234135
6234514
6235032
6235137
6235176
6235367
6235821
6236577
6236687
6237097
6237100
6237198
6237342
6237351
6237651
6238353
6239200
6239352
6239433
6240061
6240172
6240604
6240645
6240789
6240830
6240895
6241134
6241443
6241454
6241868
6241988
6242380
6242682
6242874
6243053
6243582
6243987
6244081
6244564
6244609
6244687
6245839
6245854
6246083
6246753
6246855
6248245
6248419
6248565
6249132
6249350
6249432
6249843
6250161
6250235
6250505
6250593
6251296
6251791
6251925
6252091
6252138
6252217
6252263
6252509
6252969
6252993
6253151
6253211
6253515
6253655
6253663
6253985
6254595
6254783
6255091
6255138
6255734
6256262
6256285
6256571
6256676
6256708
6256813
6256958
6257633
6257941
6257970
6258144
6258678
6258756
6258780
6259185
6259461
6260045
6260731
6260805
6260995
6261280
6261951
6262251
6263311
6263501
6263596
6263708
6263732
6264019
6264486
6264568
6264760
6264801
6264889
6265396
6265770
6265894
6266521
6266663
6266896
6267742
6267815
6268124
6268914
6269197
6269379
6269729
6269761
6270213
6270847
6271246
6271600
6271856
6272429
6272734
6273070
6273432
6273760
6274193
6274218
6274628
6274685
6275015
6275318
6307262
6307406
6308358
6308855
6309179
6309228
6309269
6309303
6309862
6310006
6310319
6310833
6311199
6311342
6311934
6312033
6312210
6312317
6312475
6313262
6313752
6313764
6314026
6314308
6314389
6315511
6316312
6316367
6316982
6317056
6317137
6317290
6317687
6318569
6318642
6319366
6319611
6319722
6319827
6319874
6319879
6319886
6320599
6320917
6321113
6321266
6322063
6322127
6322651
6322829
6322943
6322969
6474717
6476432
6478612
6478891
6485965
6487079
6488442
6507165
6515341
6521857
6570498
6570702
6571414
6572042
6572332
6572374
6572612
6573167
6573421
6574162
6574404
6575066
6575216
6575508
6575595
6576251
6576345
6578084
6578703
6578855
6579027
6579151
6579369
6579888
6579890
6580045
6580268
6580353
6581537
6581714
6582383
6582656
6582896
6583137
6583218
6583588
6584004
6584417
6584537
6584891
6585867
6585900
6586044
6586637
6587606
6587985
6593324
6663128
6682766
6682976
6684124
6684191
6684336
6684462
6684993
6685026
6685524
6685839
6685844
6686392
6687261
6687509
6687613
6687942
6687983
6688112
6688292
6689297
6689592
6690272
6690303
6690315
6690458
6690533
6690740
6690872
6691198
6691271
6691693
6691697
6692288
6692685
6692745
6693021
6693323
6693890
6694202
6694497
6694876
6695620
6695682
6696179
6696770
6696792
6697163
6697787
6697976
6698499
6698809
6698931
6699263
6699362
6699676
6699769
6700472
6700878
6701127
6701695
6701839
6736959
6738994
6739159
6740035
6740907
6741424
6741471
6741979
6745068
6745834
6747395
6748600
6751535
6751596
6753000
6778629
6787757
6978085
6978595
6979127
6979469
6980948
6981153
6981790
6981862
6982107
6982824
6983736
6985579
6986842
6987703
6988889
6991702
6991883
6992680
6992972
6992994
6993288
7028351
7029525
7033562
7034912
7040513
7044495
7044649
7044773
7046350
7046400
7046611
7047003
7047642
7047728
7047922
7047957
7048327
7048440
7048746
7048881
7048913
7049048
7049051
7049163
7049472
7049885
7050281
7050399
7050534
7050879
7051102
7051292
7051344
7051467
7051547
7051921
7052047
7052463
7052570
7052581
7053385
7054150
7054251
7054727
7054881
7054938
7055075
7055909
7055924
7056585
7056737
7056781
7057099
7057198
7117292
7117973
7118145
7118796
7118903
7119384
7121706
7122265
7122768
7122818
7123040
7123772
7124346
7124584
7125150
7126538
7127418
7127545
7127678
7128305
7128597
7128623
7128962
7129017
7129107
7129747
7199752
7201628
7202005
7202227
7207723
7208358
7210134
7210767
7212110
7213915
7269146
7269473
7269542
7269773
7272547
7272990
7273145
7273766
7273841
7274196
7276904
7277025
7277430
7278349
7281211
7282911
7283728
7284134
7285796
7285823
7286206
7287723
7289053
7291912
7292172
7294442
7301107
7301557
7302947
7303878
7380133
7381296
7383299
7383383
7385992
7387646
7388576
7389011
7390359
7390360
7391023
7391601
7392370
7392859
7393811
7393939
7394598
7395336
7395501
7396068
7396140
7444678
7448233
7448516
7455163
7457825
7458264
7470024
7470185
7472804
7472845
7475074
7477317
7479724
7483701
7483768
7533060
7533629
7534543
7534923
7536771
7537487
7537997
7538039
7538234
7540202
7541238
7541608
7541851
7542008
7543079
7557041
7557507
7557510
7557740
7560245
7563729
7564043
7564161
7564929
7565604
7565891
7567323
7567752
7568219
7602822
7602877
7602909
7603403
7603555
7603654
7603682
7603812
7604464
7604842
7605291
7605653
7605830
7606237
7606324
7606435
7606942
7607799
7607857
7608373
7608465
7608511
7609143
7609201
7609717
7609833
7609915
7610119
7610276
7610278
7610419
7610753
7610922
7611162
7611979
7612014
7612183
7612235
7612602
7614489
7614520
7615183
7615717
7673090
7673192
7673290
7673636
7673921
7674224
7674398
7675272
7675332
7675365
7675585
7675743
7675761
7675800
7676959
7677183
7677270
7677704
7677829
7677958
7678494
7678827
7678945
7678989
7679623
7679761
7680010
7680198
7680270
7680401
7680512
7680586
7680657
7680665
7681318
7681413
7681665
7681711
7682146
7684125
7684562
7684770
7685266
7685874
7685921
7685989
7687186
7688069
7688206
7688220
7688371
7688420
7688467
7688523
7688601
7690016
7690558
7690634
7690650
7691553
7691634
7747342
7747419
7748065
7748458
7748920
7749017
7749091
7750179
7750689
7750790
7750857
7750870
7751352
7751670
7752206
7752247
7752847
7753153
7753339
7753419
7753747
7753846
7754244
7754490
7755019
7755136
7755539
7755662
7755777
7755991
7756195
7756424
7756560
7756673
7757016
7757804
7757806
7758119
7758260
7820924
7821409
7822086
7823355
7826145
7827633
7828259
7830005
7832222
7832808
7834831
7837114
7837212
7837613
7838173
7838694
7839060
7839068
7839209
7839338
7839339
7839634
7839690
7841712
7841739
7841808
7841878
7841925
7842517
7842590
7842639
7842804
7843162
7843225
7843285
7843363
7844413
7844488
7844605
7844784
7844878
7845226
7845708
7845871
7846389
7846438
7846667
7846885
7846914
7846941
7847259
7847510
7847687
7847902
7847957
7848843
7849069
7849794
7849890
7849965
7850258
7850591
7850618
7851390
7851653
7852061
7852805
7853025
7853135
7853311
7853336
7853571
7853847
7853858
7877683
7883651
7884309
7885277
7886356
7886904
7908378
7908757
7909214
7909492
7912278
7912514
7913799
7913964
7914390
7915806
7916254
7919680
7919991
7942736
7943125
7944385
7945138
7945177
7945438
7945675
7945987
7946450
7946901
7947154
7947307
7947396
7947581
7947933
7948110
7948152
7948377
7948439
7948862
7949301
7949540
7949682
7949687
7950047
7950573
7950726
7951078
7951329
7951958
7951976
7952040
7952537
7952647
7952709
7952946
7953053
7953075
7953083
7953105
7953279
7953574
7954098
7954145
7954506
7954519
7954691
7954842
7955167
7955714
7955803
7956290
7956673
7956747
7956748
7956913
7956948
7957028
7957484
7957807
7957886
7958153
7958489
7958544
7958739
7959233
7959317
7959462
7959800
7960076
7960432
7961181
7962663
7963471
7964096
7965275
7965342
7965598
7965617
7966245
7966691
7968921
7969113
7969272
7969539
7970581
7970644
7971275
7971645
7972558
7972709
7973346
7974327
7974787
7975061
7975407
7976211
7976722
7976800
7976866
7996051
7996087
7996150
7996585
7998489
7998960
7998963
7999831
8000486
8000529
8001031
8001304
8002911
8002921
8003378
8003521
8003921
8003974
8005404
8007260
8008088
8008766
8027925
8028415
8028676
8029023
8029160
8029929
8030950
8031421
8031440
8031868
8032015
8032062
8032065
8032142
8032509
8032826
8032844
8034187
8034826
8034870
8035183
8035196
8035382
8035554
8035636
8036046
8036171
8036360
8036541
8036541
8036906
8036912
8037325
8037363
8037459
8037867
8038232
8038405
8038876
8039170
8039638
8040028
8041223
8041660
8042165
8042344
8042650
8043004
8043915
8044100
8044204
8044404
8044536
8044821
8045280
8046327
8046385
8046727
8047016
8047106
8047204
8064405
8065093
8067093
8067225
8067284
8067675
8067843
8067908
8068180
8068209
8068838
8069003
8069163
8069744
8069913
8070433
8070458
8070750
8072496
8073083
8073579
8073744
8077605
8077675
8078094
8078140
8135244
8135407
8135508
8135610
8135646
8135869
8136055
8136100
8136311
8136430
8136560
8136845
8136905
8137012
8137064
8137321
8137392
8138205
8138499
8139154
8139158
8139175
8139370
8140039
8140078
8140432
8140449
8141293
8141591
8141650
8141719
8141874
8142044
8142050
8142087
8142353
8142621
8142751
8143241
8143634
8143857
8144006
8144578
8144712
8144761
8145187
8145212
8145414
8146475
8146647
8147008
8147192
8147385
8147478
8147558
8147953
8148126
8148337
8148396
8148481
8148512
8148824
8149117
8149365
8149599
8149699
8150558
8150903
8151166
8151267
8151277
8151448
8151541
8151708
8151735
8152228
8152256
8152272
8152411
8152437
8152477
8152684
8153098
8153161
8153223
8153777
8184898
8185240
8185436
8185788
8186070
8186424
8187216
8188042
8188990
8189697
8189768
8190593
8191059
8193159
8193725
8193854
8194257
8194554
8195591
8195622
8195909
8196018
8196222
8196895
8197265
8197267
8197342
8197836
8198772
8199437
8200280
8200296
8200918
8201037
8201109
8201901
8202041
8202107
8202136
8202164
8202547
8202803
8203393
8203417
8204251
8204486
8205266
8205430
8205556
8205581
8205814
8205837
8206042
8206220
8206878
8206882
8207004
8207055
8207112
8207582
8207594
8207772
8208401
8208460
8208533
8209118
8209335
8209505
8210350
8210587
8210668
8211128
8211217
8211425
8211466
8212039
8212142
8212944
8214943
8215162
8216471
8217669
8217982
8218797
8219420
8219663
8220247
8220467
8220937
8222193
8223063
8223951
8388176
8388887
8392316
8393070
8394859
8540253
8540468
8541909
8542599
8543251
8543343
8543703
8544786
8544800
8544959
8545477
8546097
8546149
8546474
8546595
8546724
8547018
8547087
8547910
8548039
8548291
8549061
8549423
8549475
8549728
8549892
8550451
8551354
8551977
8553151
8554574
8555238
8555677
8556218
8556601
8556803
8557222
8557745
8558570
8559136
8559306
8559474
8559514
8559826
8559834
8559968
8560359
8561185
8561264
8561851
8562735
8563799
8565092
8565406
8638080
8665685
8667944
8668115
8668662
8669285
8669854
8670324
8670424
8671854
8672007
8672284
8672458
8674260
8675219
8676286
8677209
8678465
8679824
8681252
8685374
8686868
8761238
8761550
8764286
8773085
8773189
8775903
8777463
8778624
8790069
8794225
8795894
8829076
8836935
8886815
8887327
8888134
8888180
8888857
8889168
8889168
8889188
8890310
8890507
8891215
8891571
8891629
8891822
8892103
8893918
8893963
8894187
8894559
8894941
8895022
8895111
8895293
8895333
8912889
8914330
8915021
8915793
8917258
8917282
8917991
8918101
8918546
8919788
8920103
8925257
8931949
8931964
8932319
8935403
8936918
8937389
8945401
8945857
8948065
8949036
8949581
8950239
8950589
9029896
9030216
9030580
9030784
9031045
9031217
9031268
9031315
9031323
9031763
9032456
9032696
9032869
9032889
9033140
9033216
9033369
9033825
9033982
9033988
9034158
9035558
9035584
9035786
9035915
9036069
9036125
9036649
9037086
9037163
9037435
9037567
9037853
9037874
9038009
9038623
9038632
9038727
9038871
9039533
9039663
9040673
9041333
9041420
9041475
9041744
9041969
9043088
9043658
9044224
9044245
9044328
9044553
9044560
9044667
9044684
9044749
9044891
9045310
9045525
9046062
9046235
9046885
9046906
9047034
9047274
9047558
9047579
9047692
9048077
9048481
9063974
9068251
9068288
9069628
9076124
9076567
9077685
9079300
9079460
9079559
9079654
9080003
9080153
9080513
9080717
9080806
9081055
9081401
9081968
9082360
9083521
9083757
9084011
9084385
9085107
9085365
9085567
9085581
9086038
9086302
9086354
9086692
9086908
9087259
9087364
9087956
9088052
9088086
9088316
9088423
9088988
9089152
9089546
9089967
9090003
9090709
9090933
9091097
9091324
9091341
9091580
9091868
9092058
9092073
9092311
9092447
9092634
9092657
9092985
9093340
9093367
9093568
9093976
9094115
9094916
9095302
9095724
9095880
9095921
9096039
9096146
9097119
9097307
9097483
9097676
9097760
9097922
9098399
9098652
9098753
9099652
9099688
9099746
9099839
9100045
9100181
9100195
9100781
9100849
9101170
9101496
9101585
9102224
9102713
9103414
9103674
9103814
9104455
9104505
9104798
9105320
9106141
9106360
9106418
9106687
9106886
9107066
9107299
9107436
9107496
9107807
9108074
9108430
9109148
9109274
9109325
9109736
9110138
9110631
9110682
9112456
9113116
9113575
9115919
9117010
9118263
9159022
9159192
9159287
9159510
9159693
9160667
9161126
9161128
9161140
9161339
9161582
9161869
9162370
9162436
9162469
9162511
9162624
9162827
9162980
9162985
9163023
9163676
9164144
9164594
9164626
9165028
9165450
9165753
9165924
9166247
9166796
9167068
9167269
9167975
9168734
9168771
9169111
9169538
9169851
9170032
9170274
9170441
9170719
9171188
9171267
9171831
9172042
9172212
9172567
9172907
9173467
9173637
9173995
9174259
9174495
9174648
9174869
9175031
9175130
9200874
9201408
9223047
9224286
9225147
9226500
9230000
9234653
9271947
9276044
9339046
9339898
9340899
9342662
9343504
9344123
9344692
9344893
9345699
9346510
9346848
9346850
9347166
9348006
9348689
9351102
9351235
9351481
9351937
9421680
9422149
9422841
9422972
9424485
9425594
9425687
9425970
9429132
9430003
9430900
9431199
9431644
9433095
9433564
9433651
9467460
9487679
9488271
9488340
9488357
9488496
9488587
9488608
9488695
9488769
9488918
9489515
9489633
9490270
9490379
9490420
9490869
9490962
9490981
9491137
9491920
9491966
9492025
9492750
9493016
9493352
9493607
9493694
9494739
9494768
9495007
9495160
9495358
9495577
9495676
9496061
9496164
9496799
9496925
9497011
9497164
9497334
9497429
9497555
9497585
9497972
9498168
9498584
9498620
9499036
9499415
9499704
9499969
9499999
9500067
9500531
9500755
9500892
9501019
9501118
9501232
9501294
9501956
9502050
9502256
9502259
9503172
9503267
9503275
9503339
9503449
9503631
9503682
9503922
9503974
9503997
9504147
9504184
9504551
9504688
9504808
9505008
9540486
9541224
9541311
9541554
9543129
9543256
9544201
9544212
9544394
9544521
9544810
9544952
9545840
9546085
9546161
9546770
9546821
9547002
9547380
9548726
9548928
9549169
9549378
9549637
9550292
9550544
9550557
9551177
9551733
9551971
9552432
9553048
9553083
9553131
9553159
9553724
9554018
9554152
9554375
9554442
9554558
9555329
9556188
9566280
9568076
9568286
9637119
9637998
9638437
9638663
9639122
9639685
9641097
9641276
9643528
9643596
9644114
9644269
9644545
9644622
9644642
9644929
9644987
9645268
9646179
9647015
9648057
9648650
9649476
9650255
9650858
9651259
9651808
9652116
9652319
9652346
9652931
9653773
9653943
9653982
9654761
9654969
9655156
9655364
9655376
9655434
9655817
9656021
9656036
9656249
9656617
9656763
9656900
9657069
9657203
9657722
9658056
9658531
9658746
9659056
9659064
9659080
9659085
9659107
9659439
9659452
9659537
9659718
9659767
9660219
9660495
9660992
9661083
9661087
9661302
9661597
9663366
9663415
9664033
9664281
9664774
9665151
9667084
9667098
9667332
9669939
9671103
9671131
9671186
9671231
9671242
9671309
9672470
9672525
9672697
9673049
9673152
9673171
9673331
9674885
9675097
9675265
9675327
9675763
9675795
9675957
9676121
9676523
9676547
9676701
9677028
9677117
9677133
9677506
9677569
9677680
9678227
9679317
9679354
9679682
9679913
9680082
9680202
9694380
9754725
9759061
9762533
9763973
9764165
9764425
9764810
9764907
9765015
9765111
9765155
9765370
9765747
9765771
9765929
9766448
9766650
9768659
9769116
9769193
9769347
9769653
9769863
9769958
9770176
9770193
9770952
9771523
9771960
9772051
9772590
9772740
9772743
9772871
9773149
9773231
9773388
9773600
9773619
9774176
9774639
9774979
9774987
9775196
9775589
9775685
9776158
9777006
9777189
9777336
9777397
9777454
9777770
9778002
9778220
9778405
9778710
9779295
9779589
9779938
9780630
9780734
9780837
9781580
9782178
9782234
9810179
9810609
9810756
9811560
9812139
9812167
9812312
9812691
9812851
9813061
9813663
9813811
9813812
9813880
9814103
9814265
9814383
9814739
9815077
9815599
9816696
9817072
9817659
9817993
9818899
9819012
9819582
9819975
9821422
9822646
9823330
9823913
9823952
9824755
9824831
9825332
9876089
9876176
9876486
9876770
9877056
9877458
9877804
9878338
9878410
9879282
9880050
9880323
9880328
9880357
9880419
9881251
9881364
9881492
9881749
9881881
9882445
9882508
9882630
9882815
9883895
9884020
9884223
9884819
9885124
9885210
9885225
9885598
9885714
9886022
9886181
9886232
9886265
9886715
9887224
9887763
9888028
9888105
9888376
9888802
9888907
9889082
9889667
9890038
9890178
9890861
9891207
9891441
9891666
9892108
9892173
9892403
9892440
9892913
9893206
9893394
9893727
10010227
10010503
10010669
10011355
10011834
10011847
10011891
10012705
10012843
10012932
10013033
10013147
10013265
10013408
10014088
10014245
10014580
10014964
10015341
10015344
10015951
10015966
10016064
10016082
10016295
10016484
10017095
10017146
10017226
10017804
10017876
10018003
10018208
10018467
10018518
10018568
10019014
10019172
10019528
10019756
10019957
10020578
10020918
10021453
10021793
10021831
10022309
10022436
10023187
10023482
10023703
10023755
10023767
10024102
10025004
10025151
10025180
10025205
10103813
10106642
10108280
10110731
10111363
10111420
10112943
10114511
10115419
10198619
10199891
10201394
10260395
10260452
10260655
10260717
10261042
10261252
10261347
10261734
10261881
10262025
10262505
10262536
10262645
10262719
10263691
10263816
10263906
10263947
10264354
10264462
10264746
10264792
10264857
10265080
10265211
10265220
10265749
10265933
10266232
10266251
10266567
10266624
10266927
10267038
10267261
10267502
10267707
10267756
10267952
10268133
10268136
10268453
10268614
10268654
10268927
10269043
10269213
10269328
10269336
10269392
10269441
10270110
10270160
10270515
10270575
10270586
10270594
10271655
10271664
10271900
10272267
10272749
10272982
10273443
10273612
10274567
10299343
10299530
10299883
10300056
10300685
10301186
10301209
10301259
10301548
10301686
10301888
10301924
10301989
10302378
10302652
10302993
10303173
10303387
10303490
10303513
10304758
10305123
10306141
10306787
10307434
10307599
10307620
10307967
10308112
10308144
10308202
10308439
10308738
10309308
10309462
10309648
10312061
10313928
10317297
10317503
10319093
10319367
10320586
10320596
10321590
10321925
10321942
10322259
10323029
10323746
10326145
10328082
10330707
10331180
10331593
10411505
10412511
10412698
10412866
10413483
10413889
10413914
10414103
10414959
10415701
10415706
10416207
10416310
10416405
10416635
10416659
10417336
10417634
10417870
10418378
10418589
10419067
10419443
10419938
10420267
10420480
10420502
10420518
10420743
10420917
10422529
10422801
10447160
10652738
10655671
10656343
10658674
10659756
10661693
10663991
10664111
10703055
10703277
10704462
10705298
10705379
10705883
10705960
10706075
10706103
10706344
10706483
10706520
10706573
10706620
10706923
10707147
10707380
10707745
10708121
10708282
10708730
10708935
10709313
10709776
10710040
10710185
10710358
10710598
10710803
10710879
10711000
10711234
10711319
10711509
10711579
10712068
10712228
10712522
10712781
10712945
10713006
10713423
10714158
10714623
10716485
10717021
10717883
10718103
10719309
10719832
10720256
10720288
10721416
10722672
10724960
10725950
10726154
10726612
10729587
10760196
10760587
10761527
10761661
10761934
10762075
10763277
10765663
10766005
10766076
10768778
10769400
10770889
10772507
10772585
10773234
10773270
10773347
10773640
10773684
10773926
10774725
10775335
10775347
10775731
10776760
10777798
10778791
10778817
10779069
10779139
10779313
10779592
10780593
10780617
10780904
10781145
10781261
10781395
10781436
10781636
10782099
10782624
10783125
10783196
10783315
10783511
10783690
10783992
10784074
10784173
10784244
10784253
10784838
10785220
10785729
10785842
10785908
10785909
10785957
10785991
10786639
10786844
10787050
10787066
10787314
10787536
10788109
10788361
10788860
10789193
10789201
10790292
10790985
10791211
10791233
10791741
10792524
10792674
10792677
10863911
10864095
10864317
10864452
10864864
10865004
10865068
10865419
10865465
10865782
10866211
10866388
10866607
10866719
10866895
10867669
10868006
10868388
10869550
10869601
10869865
10870797
10870798
10871125
10871402
10871568
10871871
10871989
10873100
10873767
10873894
10873922
10874422
10874926
10875733
10875785
10889296
10990479
10990814
10992141
10993606
10994612
10997986
10998112
10998309
11000107
11000769
11001369
11001519
11007970
11010025
11012210
11012913
11013780
11015509
11015585
11017173
11017312
11070090
11117696
11119508
11119514
11125496
11127388
11127777
11128111
11128580
11129768
11129838
11130682
11131984
11132160
11132213
11132642
11132753
11132918
11133503
11133593
11133616
11133732
11134377
11134517
11134631
11135559
11135919
11137309
11164892
11166435
11167345
11167354
11167502
11167544
11167997
11168396
11168595
11168664
11169291
11170316
11170323
11171696
11172354
11176348
11177683
11178432
11179007
11180136
11181098
11187708
11235438
11235499
11236115
11236132
11236423
11236610
11236880
11237406
11237414
11238745
11238764
11239219
11239225
11239378
11239537
11240259
11240544
11240935
11241106
11241379
11241393
11242210
11242243
11242421
11242425
11242426
11243480
11244506
11244779
11245801
11246060
11246853
11248397
11248473
11249263
11249358
11249423
11249875
11250081
11250634
11250669
11250670
11251046
11251055
11251071
11251198
11251216
11359417
11359939
11360013
11360242
11360282
11361400
11362081
11362352
11363795
11364478
11364590
11364932
11364970
11365036
11365066
11365631
11365810
11365894
11366229
11366503
11366554
11366586
11366615
11366912
11367088
11367467
11367668
11368047
11368209
11368324
11368499
11369366
11369567
11369620
11370391
11370990
11371269
11372220
11372487
11372743
11373242
11373517
11373546
11373817
11374007
11374519
11374965
11375292
11375356
11375504
11375694
11375835
11431471
11431559
11432331
11432529
11434152
11434309
11434784
11435360
11435472
11435503
11436187
11436530
11438155
11438722
11440131
11441960
11443345
11443448
11445248
11445524
11448695
11449688
11450527
11451813
11451839
11452162
11453689
11454069
11454138
11454452
11455060
11455139
11455371
11456466
11457146
11457440
11528915
11530810
11563809
11563855
11564061
11564867
11565113
11565230
11566463
11566643
11567254
11567670
11567940
11569046
11569118
11569561
11569577
11569610
11570216
11570756
11571012
11571411
11571733
11572147
11572298
11573238
11573451
11573814
11574023
11574933
11575298
11576858
11577372
11577380
11577883
11578054
11578087
11578614
11578884
11579565
11579585
11580428
11591761
11591843
11591882
11592305
11592311
11592572
11592580
11593621
11593668
11593682
11594004
11594016
11594201
11594686
11594929
11594961
11595003
11595616
11595645
11595747
11595845
11596082
11596160
11596306
11596897
11596997
11597154
11597167
11597256
11597647
11597879
11598777
11598904
11599576
11599846
11600204
11600255
11600516
11600940
11616082
11616087
11616203
11616624
11617443
11617691
11618125
11618236
11618301
11618420
11619072
11619169
11619441
11619500
11619526
11619534
11619718
11619869
11619944
11620577
11620586
11620684
11620962
11621201
11621210
11621223
11621462
11622155
11622259
11622513
11624235
11624290
11624460
11624519
11625184
11625529
11625631
11625649
11625754
11626127
11626204
11626330
11626465
11626532
11627320
11627340
11627450
11627490
11627679
11627721
11627908
11628354
11628486
11628611
11628848
11629156
11629350
11629923
11630024
11630102
11630250
11630663
11630671
11630674
11630939
11631102
11631204
11731291
11731718
11732881
11733202
11734742
11735927
11736643
11737243
11737691
11737865
11739130
11739229
11740846
11741318
11743915
11744098
11745220
11745378
11745824
11747567
11748031
11766770
11843926
11844023
11844501
11844967
11846139
11846384
11847365
11847492
11847622
11848275
11848428
11851148
11853633
11853934
11854210
11854459
11854495
11854608
11856539
11859441
11859772
11935230
11936445
11936494
11937683
11939478
11939550
11939604
11940385
11940881
11940976
11941241
11943025
11943408
11943821
11944012
11944865
11945781
11946417
11947295
11947356
11947835
11948118
11948201
11948333
11948416
11948480
11948747
11948950
11949082
11949636
11949969
11950629
11950758
11950994
11951032
11951179
11951492
11951731
11951833
11952102
11952122
11952460
11952530
11952558
11952604
11953467
11953507
11953544
11953739
11953908
11954181
11954302
11954308
11954410
11954424
11954428
11954543
11954614
11954656
11954761
11954985
11955102
11955232
11955383
11955554
11955764
11956481
11957668
12109193
12109268
12109595
12109690
12109944
12109981
12110028
12110484
12111051
12111343
12111567
12111584
12111666
12111725
12111957
12112091
12112127
12112388
12112688
12112779
12112984
12113383
12113731
12114032
12114683
12114818
12115185
12115527
12115617
12115667
12115730
12117048
12117103
12117144
12117180
12117187
12117504
12118168
12118209
12118355
12118509
12118630
12118662
12118822
12120056
12120083
12120327
12120875
12121162
12121220
12121408
12121476
12121689
12121813
12121988
12122676
12122903
12123327
12123647
12123878
12124177
12124333
12124362
12124372
12124443
12177871
12179403
12181924
12184173
12187277
12187642
12190527
12194695
12209422
12210539
12240556
12240601
12240661
12240669
12240787
12240856
12240905
12241244
12241591
12241766
12241827
12241838
12242075
12242334
12242587
12242737
12243171
12243205
12243259
12243640
12243688
12243840
12244265
12244531
12244910
12244972
12245070
12245442
12246104
12246243
12246474
12246779
12247559
12247794
12248255
12248944
12248960
12249547
12250305
12250364
12250597
12250945
12250984
12250988
12251036
12251692
12252017
12252660
12252918
12317774
12329462
12329475
12329867
12330045
12330208
12330560
12330996
12331111
12331205
12331339
12331976
12332353
12332480
12332877
12333220
12334790
12334945
12335351
12335523
12335670
12335854
12336243
12336371
12336488
12336966
12336978
12337118
12337650
12337814
12337818
12337884
12338021
12338039
12338040
12339455
12339536
12339839
12339870
12340284
12340296
12340472
12340863
12341278
12341321
12341752
12342319
12342602
12343052
12343732
12344112
12344231
12344275
12344534
12344566
12344798
12344854
12346448
12346793
12376200
12394403
12394474
12394581
12394656
12394747
12395213
12395411
12395777
12395953
12396072
12397182
12397659
12397971
12398202
12398392
12398830
12399012
12399067
12399529
12399852
12400202
12400431
12400560
12401091
12401187
12401205
12401630
12401772
12402520
12402667
12402677
12402781
12403019
12403854
12403961
12404011
12404083
12404141
12417824
12418132
12418218
12418583
12419026
12419853
12420322
12420753
12420788
12421192
12421216
12421239
12421348
12421503
12421809
12422427
12422471
12422765
12422854
12423085
12423258
12423369
12423402
12423924
12424223
12424335
12424583
12424873
12425480
12426025
12426276
12426814
12427437
12427447
12427636
12427722
12427964
12428572
12429109
12430128
12430221
12430894
12431205
12431424
12432028
12432658
12432962
12433811
12433833
12433930
12434416
12435887
12436429
12436536
12436610
12436624
12436693
12436758
12530685
12532264
12548240
12573166
12573342
12573345
12573867
12574127
12574925
12574969
12575087
12575234
12575477
12576325
12576431
12576577
12576965
12577311
12577398
12577811
12577860
12577942
12578935
12579236
12580013
12580214
12580761
12581382
12582095
12582259
12582477
12582488
12582728
12583145
12583157
12583338
12583413
12583439
12583451
12583642
12583947
12584228
12584427
12584493
12584928
12585632
12586204
12586473
12586745
12606110
12606614
12608399
12608420
12608579
12610425
12610474
12610723
12610942
12611738
12612577
12612646
12612815
12612960
12613552
12614275
12615517
12615620
12615797
12616957
12618539
12618788
12618938
12647745
12648235
12648373
12648625
12648658
12648848
12648980
12648981
12649540
12649658
12649769
12649812
12650056
12650085
12650155
12650352
12650353
12650858
12651571
12651836
12652324
12652388
12652449
12652675
12652682
12652716
12652745
12652940
12652971
12653182
12653216
12654404
12654623
12654722
12655256
12655494
12655598
12655621
12655989
12656252
12656326
12657007
12657209
12657391
12657466
12658046
12733972
12734704
12735257
12735676
12735689
12736009
12736777
12738139
12738159
12738647
12738652
12739514
12741036
12741295
12741455
12741837
12742041
12742060
12742342
12742396
12743974
12744089
12744142
12744659
12744671
12745026
12745183
12745206
12745971
12746169
12746699
12746710
12746951
12747300
12747330
12747401
12747836
12748034
12748092
12748486
12749319
12749575
12773414
12776143
12778254
12778336
12778568
12780275
12780651
12780683
12783727
12784397
12785860
12787232
12787347
12790879
12791147
12792313
12792361
12793582
12793603
12794191
12794874
12795002
12795629
12796530
12796541
12796599
12797222
12797244
12797731
12797829
12798341
12799232
12799764
12800163
12800780
12800946
12801730
12801985
12802480
12803960
12804148
12805284
12805924
12805992
12806669
12806759
12806945
12807258
12807314
12807474
12807668
12807678
12807765
12814295
12830920
12907990
12908435
12909027
12913167
12913629
12914119
12914267
12920249
12967695
12968346
12973229
12978619
12987459
12987650
12990358
12991399
12991468
12994730
12995654
12997681
13002175
13002657
13112587
13112661
13112706
13112710
13112771
13113194
13113287
13113413
13114247
13114371
13114585
13114604
13114618
13114796
13114966
13115119
13115840
13115885
13115958
13116553
13116599
13116856
13117031
13117201
13117549
13117579
13117814
13117987
13118267
13118873
13118984
13119072
13119153
13119413
13119922
13120534
13120994
13121367
13121375
13121377
13121556
13121942
13122362
13122402
13122660
13123157
13123536
13123650
13123748
13124136
13124730
13124873
13125140
13125176
13125254
13125327
13125430
13125664
13125697
13126009
13126134
13126184
13126285
13126352
13126472
13126549
13127318
13127902
13128082
13128299
13128470
13167858
13187241
13187533
13187871
13188274
13189545
13190413
13191344
13191955
13194508
13195224
13195634
13196136
13197045
13197817
13198089
13199441
13206831
13213969
13214049
13214213
13214417
13215401
13215775
13216743
13216777
13217045
13217425
13218066
13218402
13218734
13219282
13219421
13219748
13219905
13220289
13220516
13220765
13221061
13221226
13221647
13222263
13223188
13223205
13223370
13223429
13223444
13223953
13225433
13225540
13225667
13226154
13226641
13226705
13226953
13227282
13227437
13228054
13228152
13280985
13294657
13295320
13341156
13341163
13341809
13342822
13342946
13343045
13343057
13343231
13343798
13343915
13343937
13344211
13344295
13344630
13344650
13345173
13345518
13345916
13345963
13346166
13346720
13347226
13347452
13347681
13347703
13347747
13347880
13348580
13349107
13349319
13349504
13349624
13349669
13349820
13350434
13351445
13351522
13352188
13352608
13352631
13352874
13353016
13353039
13353090
13353108
13353152
13353312
13353557
13353828
13354116
13354242
13354370
13355153
13355156
13358158
13359374
13359457
13359648
13361810
13363391
13364426
13368291
13369259
13369467
13369683
13495141
13496745
13496776
13497474
13497747
13498052
13498065
13498232
13499120
13499132
13499423
13499941
13500164
13500607
13501674
13501715
13503899
13507697
13510059
13511429
13513439
13514729
13516042
13517028
13517839
13517866
13537328
13552202
13553943
13557292
13557935
13557943
13558069
13558435
13560271
13561297
13563234
13563973
13564393
13566793
13654397
13654604
13654608
13655047
13655212
13655475
13655676
13656800
13656993
13659082
13659385
13660009
13660370
13660463
13661150
13661617
13661785
13664020
13664133
13664721
13665302
13667128
13667960
13668656
13669191
13733203
13733792
13735814
13735915
13736050
13736056
13737679
13738013
13738621
13739846
13741535
13741828
13742045
13742689
13742884
13742890
13743971
13744525
13744666
13745167
13745912
13824441
13824510
13825385
13825773
13825825
13826018
13826222
13826256
13826543
13826771
13826978
13827241
13827251
13827410
13827575
13827679
13827864
13827903
13828470
13828719
13828788
13828817
13828822
13828822
13828932
13828986
13829444
13829592
13829705
13829759
13829850
13830120
13832881
13832933
13832950
13833200
13833341
13833429
13833873
13834315
13834374
13834452
13834746
13835158
13835457
13835665
13836412
13836451
13836882
13836993
13838876
13838991
13839354
13839657
13840432
13840643
13840672
13840738
13843096
13844124
13844303
13845161
13845928
13846395
13846824
13847799
13848525
13848852
13849170
13849826
13852291
13882369
13883023
13883736
13883963
13884509
13885782
13885896
13889628
13889860
13890117
13890575
13892332
13892540
13912264
13913132
13913482
13914701
13916250
13916456
13918035
13919175
13919815
13920558
13923084
13923774
13924142
13924738
13925187
13925439
13925752
13925856
13926858
13927232
13927482
13927694
13927779
13927794
13928294
13928429
13928470
13928524
13928623
13928880
13929006
13929025
13929104
13929152
13929178
13929354
13930207
13930230
13930261
13930345
13930393
13930424
13930868
13931001
13931514
13931881
13932631
13933044
13933371
13933415
13933602
13934029
13934242
13934695
13935000
13935138
13935297
13936022
13936584
13937049
13937377
13938153
13938353
13938609
13938679
13939468
13939634
13939724
13940179
13940429
13940450
13940887
13940964
13941179
13941416
13941639
13942104
13942316
13942947
13943046
13943193
13943273
13943414
13943473
13943896
13944190
13944444
13944901
13944935
13945329
13945436
13946064
13946117
13946182
13946543
13946549
13946660
13947029
13947605
13948071
13948977
13949281
13949851
13950801
13950965
13951150
13951180
13951819
14019462
14020351
14022750
14023904
14024510
14027370
14027494
14027561
14028801
14028952
14108259
14109064
14109081
14109486
14109974
14110297
14110771
14110914
14111401
14111642
14112095
14112148
14112456
14112753
14112875
14112946
14113543
14113719
14113934
14114073
14114132
14114235
14114522
14114936
14114939
14114953
14115010
14115404
14115819
14115837
14116026
14116099
14117157
14117247
14117922
14117973
14118246
14118631
14118736
14118816
14119203
14119219
14119905
14120261
14120320
14120780
14121108
14121375
14121691
14121768
14121825
14122217
14122599
14122804
14123082
14123474
14123630
14123689
14123919
14123929
14123946
14124948
14143754
14146945
14147288
14149873
14150118
14150536
14150829
14151818
14153228
14154131
14156615
14157374
14157408
14157869
14160954
14162762
14162773
14164250
14164285
14164439
14165030
14165255
14165680
14165723
14165748
14166035
14166391
14166642
14166691
14166744
14166746
14166786
14166993
14167820
14168415
14168438
14168577
14168953
14168963
14168968
14170077
14170334
14170340
14170496
14171395
14171601
14171626
14171985
14172029
14172388
14172707
14173377
14173389
14173417
14173450
14173458
14173643
14173799
14173895
14174358
14174364
14174797
14175044
14175583
14175931
14176105
14176276
14176393
14176409
14176562
14176923
14177767
14177803
14178465
14178638
14178657
14178821
14178945
14179646
14179700
14179860
14179880
14179882
14242998
14244005
14244843
14245011
14245090
14245177
14245198
14245816
14245954
14246300
14247857
14247990
14248198
14248449
14248495
14248831
14248945
14249155
14249312
14249767
14250681
14250915
14251304
14251756
14252278
14252584
14252781
14253110
14253493
14254534
14255153
14255519
14256082
14256118
14257532
14257554
14258080
14258369
14258512
14258515
14258616
14258691
14258776
14259715
14260261
14260288
14260860
14261189
14261316
14261600
14261603
14261748
14262220
14263588
14263795
14264384
14264469
14264932
14265066
14266114
14266213
14266812
14269965
14272768
14273313
14277956
14314540
14315526
14315970
14316227
14316664
14317212
14317644
14317674
14317714
14318294
14320421
14321017
14322432
14323234
14323450
14325589
14325729
14326958
14327533
14328044
14329016
14329237
14329304
14330967
14330994
14332699
14335034
14335154
14335228
14338043
14338159
14340073
14341230
14342061
14344192
14345550
14348977
14350627
14386433
14412948
14413059
14416531
14416691
14416748
14417347
14420758
14421245
14422160
14423072
14424086
14424257
14424423
14424475
14424882
14424978
14425355
14425891
14425939
14426114
14427096
14427232
14427423
14427755
14428015
14428214
14428632
14429290
14429623
14429899
14430311
14431344
14431374
14433061
14433120
14433238
14433405
14433768
14433853
14433964
14434530
14434784
14434887
14434916
14434919
14435054
14435347
14435607
14435672
14435840
14435870
14436278
14437224
14437675
14437760
14437889
14437988
14438147
14438297
14438311
14481167
14481698
14482550
14482729
14483444
14484480
14485639
14486570
14489319
14489886
14494275
14499894
14501775
14502025
14502799
14505236
14551458
14555701
14570218
14570800
14570954
14570967
14570999
14571054
14571106
14571233
14571548
14572130
14572130
14572336
14573655
14573929
14574074
14574229
14574441
14574528
14575204
14576220
14576420
14576573
14577130
14577446
14577653
14578432
14578497
14578734
14579012
14579046
14579065
14579481
14579484
14579762
14581083
14581376
14581704
14582067
14583165
14583284
14583735
14584367
14584370
14584537
14584572
14584717
14620118
14633933
14649367
14649458
14649579
14649837
14650018
14650150
14650299
14650337
14650585
14650629
14650740
14650945
14651144
14651228
14651840
14652209
14652908
14653243
14653519
14653619
14653703
14654209
14654491
14654916
14655068
14655131
14655987
14656008
14656085
14656172
14656305
14656385
14656529
14656566
14656930
14657381
14658219
14658635
14658753
14658771
14659029
14659312
14659795
14660209
14660433
14660536
14660782
14661035
14661178
14661452
14661698
14682225
14683410
14683513
14690847
14695743
14695937
14698223
14698869
14703536
14703828
14706424
14706779
14708539
14709775
14710204
14710317
14712260
14712322
14712608
14713437
14713446
14713448
14713840
14713997
14714060
14714070
14714511
14714902
14715394
14731026
14731027
14731079
14731685
14732157
14732552
14733286
14733846
14734655
14734780
14735218
14735363
14735718
14736389
14736410
14737028
14737261
14737432
14737793
14738189
14738412
14739342
14739453
14739569
14739693
14739907
14740350
14740724
14740940
14741536
14741608
14742375
14742613
14743436
14744421
14793729
14807945
14846677
14846769
14847906
14848001
14848126
14848809
14849113
14849267
14849908
14851482
14851901
14853946
14854097
14854436
14854692
14854851
14854917
14854995
14855323
14855932
14857624
14857693
14857961
14857964
14858099
14858236
14858256
14858301
14858616
14859264
14859282
14860418
14860546
14860677
14860845
14907454
14907634
14909372
14909377
14910891
14910930
14914602
14916617
14917608
14918033
14918600
14924215
14924905
14927217
14929596
14933904
14970273
14971812
15056234
15057332
15057933
15058320
15058468
15060660
15061685
15062294
15063358
15063547
15063815
15064755
15066216
15066353
15067434
15067855
15068045
15068050
15088092
15088542
15088560
15088821
15089275
15089417
15089427
15089505
15089651
15089712
15089940
15089987
15090069
15090183
15090227
15091247
15091333
15091419
15091481
15091607
15091758
15091846
15091874
15092091
15092982
15093370
15094003
15094071
15094576
15094629
15094655
15094818
15095107
15096008
15096173
15096434
15096687
15096867
15096882
15097130
15097152
15097732
15097940
15098477
15098479
15098610
15098636
15098677
15098734
15099278
15099383
15099599
15100100
15100207
15101123
15101128
15101566
15101930
15102879
15102991
15103269
15103437
15103747
15104160
15104682
15104823
15105027
15105141
15154135
15154940
15158638
15158639
15160316
15165673
15166081
15167479
15167676
15168107
15168396
15168613
15168952
15169104
15169404
15169469
15169584
15169807
15170000
15170120
15170148
15170185
15170562
15170723
15170797
15170842
15171224
15171350
15171589
15171790
15171871
15171926
15172236
15172301
15172305
15172414
15172462
15172490
15173259
15174300
15174429
15174435
15174820
15175028
15175127
15175613
15175738
15175777
15175952
15176027
15176202
15176444
15177187
15177222
15177544
15177546
15177558
15177580
15177789
15178064
15178117
15179783
15180336
15180405
15180683
15181066
15181663
15182214
15182445
15182527
15182554
15182916
15183116
15183117
15201469
15258725
15263494
15266536
15266660
15267169
15270881
15287840
15288215
15289573
15289814
15290777
15291891
15294745
15294861
15298545
15299574
15364524
15373755
15381566
15383683
15387401
15389277
15393292
15396609
15398690
15399344
15421650
15422036
15422070
15422428
15423858
15424368
15424459
15424571
15424862
15425068
15425263
15425775
15426285
15426340
15426903
15427382
15428542
15429116
15429833
15430119
15430988
15431763
15431783
15431785
15431830
15432454
15432500
15432783
15433432
15433603
15434647
15434676
15434926
15436882
15437065
15438645
15440469
15441461
15447623
15449250
15454290
15454407
15454415
15454623
15455113
15455244
15456041
15456205
15456306
15456352
15456364
15456515
15456737
15457048
15457121
15457280
15457597
15457733
15457772
15458212
15458278
15458305
15458355
15458438
15458504
15458516
15458557
15459380
15459401
15459454
15459532
15459582
15459633
15459818
15459922
15459933
15460676
15460700
15461028
15461077
15461778
15462039
15462617
15462886
15463207
15464032
15482419
15594686
15594867
15594921
15594951
15595077
15595177
15595229
15595245
15595672
15596402
15597736
15597780
15597805
15598642
15598680
15598726
15599144
15599873
15599895
15600250
15600772
15600801
15600856
15602387
15602492
15602632
15603010
15603656
15603874
15604189
15604268
15604748
15606984
15607547
15608898
15610257
15612592
15616831
15619994
15620700
15638068
15638249
15638662
15639171
15640127
15640612
15642285
15642352
15647570
15650643
15650760
15651675
15652874
15737971
15738680
15739454
15743196
15761575
15761623
15761759
15761808
15762079
15762650
15763611
15764334
15764439
15764513
15765016
15765426
15765798
15767218
15767315
15768270
15768979
15769005
15769267
15769298
15769326
15769888
15770018
15770353
15770516
15770677
15770948
15771318
15771350
15771523
15771596
15771818
15771987
15773133
15773630
15773768
15773777
15773931
15774058
15774228
15774594
15774769
15774788
15774899
15775077
15775394
15776039
15776318
15776457
15777037
15885543
15887017
15887901
15887942
15888394
15888522
15888644
15888751
15889038
15889521
15889783
15890665
15890741
15891945
15892985
15893586
15894076
15894509
15896617
15896627
15896812
15897258
15897560
15897841
15898396
15898736
15898967
15899521
15900081
15900873
15901377
15902250
15902348
15903038
15903471
15903886
15904310
15904637
15904928
15905156
15905191
15932839
15932968
15933119
15933498
15933683
15934133
15934158
15934245
15934273
15934336
15934372
15934826
15934905
15935138
15935259
15935578
15935647
15935779
15935814
15935834
15936522
15936866
15936901
15937269
15937300
15937908
15938016
15938066
15938538
15938759
15938978
15939162
15939183
15939377
15939485
15940623
15940659
15941302
15941337
15941578
15941586
15942135
15942232
15942311
15942367
15942510
15942538
15942578
15943436
15943564
15943616
15943879
15943987
15943994
15944064
15944172
15944242
15944738
15945101
15956205
15956537
15956846
15956907
15957050
15957669
15957814
15958173
15958561
15958635
15958984
15959013
15959094
15959102
15959929
15960160
15961974
15962350
15962428
15963275
15963375
15963420
15964216
15964670
15964843
15964947
15966116
15966903
15967530
15967813
15967951
16003307
16006412
16007308
16068566
16069503
16072886
16073642
16075735
16076084
16076207
16080435
16082971
16265397
16265567
16266382
16267393
16267725
16267980
16268315
16268741
16268765
16268857
16268973
16269104
16269365
16269703
16269961
16270521
16270675
16271149
16271472
16271870
16272529
16272759
16272871
16273067
16273993
16274135
16274311
16274495
16274690
16425580
16427468
16428325
16428566
16430353
16430866
16431103
16431326
16433535
16434073
16434266
16434562
16437451
16437536
16437842
16437925
16439153
16439246
16439384
16439859
16466990
16467343
16467507
16467790
16468126
16468385
16469165
16469930
16470363
16470416
16470567
16470738
16471729
16471834
16471926
16471974
16472056
16472104
16472568
16473000
16473280
16473628
16473971
16474095
16474293
16474452
16474735
16474807
16475133
16475167
16475510
16475569
16475754
16475831
16476636
16476962
16477899
16478010
16478014
16479296
16480040
16480051
16480688
16480881
16481483
16481521
16482037
16482993
16483025
16483045
16483085
16483340
16483384
16483587
16483680
16483956
16484193
16484232
16484448
16484474
16485360
16485420
16486022
16486108
16486164
16486878
16486912
16487721
16487959
16488404
16488495
16490923
16490983
16491030
16491631
16491644
16491938
16492361
16492411
16492719
16493097
16493924
16494895
16495022
16495068
16495411
16495738
16495860
16496212
16496331
16496913
16497014
16497219
16497762
16499129
16499264
16531040
16531217
16531799
16531818
16532195
16532732
16532831
16534246
16534434
16535422
16536196
16536325
16536626
16536749
16536837
16537294
16537719
16537721
16538910
16540343
16540497
16540642
16542153
16543017
16543077
16543498
16543566
16576956
16586982
16590473
16613296
16613339
16613511
16613697
16614422
16614544
16616207
16617043
16619061
16619199
16620048
16620667
16621528
16621840
16621846
16622636
16622775
16622879
16622922
16622994
16623300
16623319
16623723
16624277
16624652
16624787
16625229
16625522
16625696
16626851
16627265
16629178
16630330
16630452
16630475
16630987
16631007
16631174
16631370
16632238
16714781
16902226
16903849
16916080
16921914
16926578
16927132
16927294
16927549
16928072
16928279
16929439
16930353
16930604
16932495
16934052
16973063
16973475
16975551
16975989
16977891
16999817
16999865
17000122
17000511
17001060
17001410
17001494
17001601
17001765
17002028
17002641
17002882
17003383
17003567
17003828
17004144
17004166
17004291
17004352
17005093
17005338
17005535
17005597
17005716
17005792
17005902
17006070
17006208
17006266
17006438
17006544
17006624
17006718
17006929
17007042
17007277
17007319
17007459
17007880
17008397
17008958
17008979
17009972
17010082
17010263
17010695
17010728
17011565
17011816
17012393
17012876
17013488
17013531
17013999
17014221
17014260
17014390
17014787
17014885
17180108
17182394
17183979
17184298
17187936
17188920
17191696
17266994
17267363
17267806
17268532
17268614
17269262
17269573
17269646
17270576
17271018
17271758
17271821
17272413
17272422
17273088
17273745
17274491
17275198
17275914
17276951
17277223
17277263
17278005
17278753
17278792
17278807
17280093
17280995
17281108
17282536
17283366
17333392
17333523
17333782
17334521
17335290
17338166
17338399
17338953
17338997
17339618
17339787
17339813
17340012
17342576
17343188
17343244
17343896
17344126
17344149
17344947
17345539
17346398
17379899
17380519
17381357
17382882
17383948
17385632
17387465
17392485
17393637
17393637
17396306
17396696
17436177
17436741
17441156
17441222
17441497
17443127
17448754
17449468
17467945
17469700
17473596
17501133
17501212
17501738
17501792
17501848
17501915
17502636
17502685
17502819
17503046
17503222
17503275
17503365
17503893
17504158
17504243
17504421
17504430
17504857
17505478
17505647
17505882
17505965
17505993
17506267
17506283
17506481
17506596
17507490
17507699
17508030
17508648
17508829
17509025
17509060
17509308
17509499
17509516
17509607
17509613
17509767
17509787
17509867
17510114
17510188
17510889
17510989
17511381
17511617
17511631
17511681
17512050
17512749
17512830
17512856
17513061
17513140
17513227
17513408
17513484
17513498
17539748
17586224
17587207
17590316
17598303
17598575
17599449
17600682
17601230
17601464
17601737
17602293
17602580
17602888
17602987
17603002
17603132
17603433
17603549
17603830
17603866
17604022
17605136
17605178
17605318
17605809
17606713
17607044
17607372
17607742
17608072
17608084
17608105
17608167
17608267
17608462
17608518
17609021
17609502
17609653
17609733
17609821
17610744
17611876
17612927
17613029
17613376
17613707
17613779
17613875
17613917
17614003
17614297
17614661
17614837
17615465
17615986
17616021
17616072
17616493
17616562
17616900
17616943
17617761
17618283
17618313
17619657
17620232
17620280
17621348
17622115
17622126
17622148
17622283
17622941
17623246
17623304
17624326
17625027
17625462
17625638
17626040
17626516
17627342
17627941
17628408
17628533
17628573
17628730
17628946
17628991
17629219
17629482
17629500
17629628
17629687
17629739
17630494
17630852
17631120
17631542
17632665
17632684
17633206
17633746
17633946
17634384
17634822
17635419
17636418
17636438
17636661
17636789
17636855
17636890
17637072
17637216
17637238
17637293
17637414
17637635
17638066
17638070
17638100
17638242
17638295
17639245
17639463
17639621
17639760
17639811
17661032
17661145
17661226
17662307
17663558
17664298
17664603
17665264
17666235
17666339
17666424
17666589
17666693
17667222
17667982
17668090
17668591
17668762
17668883
17668895
17669710
17669816
17669884
17682788
17683173
17688907
17689722
17690558
17690979
17691082
17692909
17693094
17693117
17693826
17694584
17696002
17696461
17696502
17699621
17700115
17701253
17701968
17703388
17791071
17791198
17791351
17791883
17791903
17792721
17793278
17793724
17793987
17794328
17795078
17795096
17795212
17795679
17798235
17798298
17798317
17799098
17799622
17799811
17801499
17801615
17801881
17802174
17802981
17803254
17803368
17804676
17805516
17826055
17826358
17827492
17827759
17828630
17829425
17829480
17829606
17829754
17831775
17834852
17834935
17835229
17835749
17837681
17837799
17839296
17839567
17839620
17840188
17840496
17841490
17868829
17868903
17869008
17871414
17871548
17871595
17871606
17872287
17873640
17873656
17873710
17874129
17874602
17875188
17875800
17875817
17876226
17876772
17876858
17877604
17877614
17877657
17877839
17877939
17878080
17878208
17878627
17879020
17879145
17879194
17892710
17893040
17893201
17893246
17893652
17894386
17894508
17894524
17895177
17895211
17896656
17896662
17897287
17897294
17897716
17898427
17898576
17898916
17899102
17899192
17899361
17899551
17899577
17899952
17900498
17901320
17901546
17901593
17901791
17901996
17902286
17902571
17903250
17903464
17904056
17904939
17905122
17905492
17905502
17905611
17905985
17906453
17906790
17906979
17907045
17907338
17907667
17908176
17909321
17909448
17909485
17909530
17909695
17910096
17910236
17910913
17910994
17911289
17912959
17913173
17915618
17915660
17916839
17917384
17917440
17918663
17922174
17942637
17942804
17943042
17944353
17944397
17944761
17945063
17946804
17948476
17949918
17949966
17950336
17950844
17952176
17952999
17953068
17954145
17954627
18001266
18002594
18003377
18003496
18003830
18006976
18007148
18010004
18010545
18011064
18012500
18013288
18015934
18016540
18037600
18044083
18044214
18044297
18044805
18044853
18046095
18046129
18046192
18046412
18046855
18047440
18047530
18047533
18047566
18047600
18048260
18049376
18049775
18050289
18050688
18050943
18052051
18052197
18052399
18052575
18053012
18053077
18053847
18273030
18274527
18275866
18276403
18277361
18279371
18281286
18284256
18353937
18354873
18358740
18358945
18359709
18359949
18360201
18361436
18361493
18362159
18364007
18364437
18364460
18364496
18364739
18364844
18365258
18365549
18365668
18365783
18366411
18367065
18367145
18367263
18367325
18367467
18367581
18367803
18368063
18368370
18368481
18369399
18369428
18369803
18369884
18369954
18370095
18370120
18370625
18370715
18371140
18371259
18371743
18372383
18372385
18372904
18373098
18373137
18373466
18373658
18373699
18373858
18374125
18374796
18375530
18375709
18376005
18376089
18376189
18376346
18377181
18377414
18378318
18378365
18378488
18379121
18379152
18379273
18379497
18379826
18380580
18383644
18385741
18385794
18397152
18397798
18398375
18399016
18399448
18399454
18401696
18402040
18402758
18403093
18403451
18403629
18404631
18404991
18405312
18405383
18405469
18405803
18405968
18407421
18407498
18408454
18408952
18409145
18409558
18409901
18410053
18410158
18410199
18410513
18455144
18456907
18457730
18459136
18461066
18461527
18469649
18472547
18474696
18475999
18478456
18479182
18480183
18480315
18480475
18480910
18481176
18481478
18481561
18482642
18482984
18483267
18483294
18488632
18488848
18490838
18490901
18491241
