124
216
222
231
334
361
439
643
649
697
711
1092
1102
1156
1181
1189
1199
1529
1602
1654
1686
1756
1761
1808
1846
1863
2081
2105
2205
2205
2306
2425
2590
2848
2856
2978
3015
3117
3124
3368
3491
3694
3815
3885
3936
3975
4069
4109
4148
4270
4337
4368
4382
4427
4524
4667
4688
4936
5051
5167
5200
5276
5337
5375
5405
5431
5439
5755
6109
6367
6599
6700
6804
6862
6868
6895
6915
7113
7146
7184
7347
7443
7633
7665
7766
7796
7817
7848
7967
8003
8173
8178
8221
8375
8903
8907
8977
9002
9002
9053
9201
9222
9256
9357
9386
9443
9460
9538
9594
9603
9628
9708
9784
9785
9805
9824
10126
10366
10390
10402
10514
10568
10628
10965
10994
11030
11268
11352
11371
11491
11517
11539
12078
12110
12217
12464
12638
12759
12831
12881
12951
13043
13128
13259
13285
13409
13472
13537
13541
13583
13720
13740
13859
14002
14247
14269
14408
14533
14561
14674
14694
14798
14852
14927
14979
15015
15131
15213
15285
15380
15415
15682
15693
15728
15749
15869
15921
15934
