6
211
283
430
502
557
601
611
676
818
865
898
906
923
1028
1029
1098
1102
1122
1138
1186
1403
1413
1486
1512
1562
1604
1641
1698
1755
1758
1860
1951
2145
2376
2381
2441
2570
2645
3149
3202
3257
3545
3547
3558
3626
3693
3784
3854
3940
3960
4173
4259
4271
4318
4338
4340
4353
4373
4408
4410
4490
4551
4577
4585
4608
4649
4675
4804
4877
4918
5011
5077
5239
5260
5393
5488
5525
5571
5634
5706
5735
5739
5751
5797
5818
5832
5862
5874
5972
6149
6164
6196
6283
6313
6314
6332
6349
6403
6422
6492
6542
6632
6686
6740
6935
7040
7132
7143
7255
7328
7416
7440
7476
7513
7530
7610
7720
7808
8062
8198
8420
8558
8766
8809
8921
8958
9138
9144
9273
9316
9334
9411
9513
9615
9713
9762
9828
9833
9916
9928
9993
10006
10110
10173
10199
10615
10675
