15
60
191
258
328
346
850
854
1071
1173
1200
1255
1293
1414
1451
1463
1480
1604
1690
1719
1762
1901
1931
2192
2195
2218
2351
2370
2446
2624
2721
2826
2886
2917
3018
3119
3213
3223
3273
3325
3492
3759
3852
3937
3964
4154
4285
4347
4386
4544
4556
4739
4815
4823
4912
5172
5328
5613
5687
5759
5805
5977
6026
6033
6044
6132
6366
6542
6600
6614
6705
6863
6919
7050
7087
7230
7256
7288
7371
7387
7395
7523
7553
7586
7670
7747
7787
7802
7875
7884
7888
7983
8063
8079
8125
8190
8453
8912
8916
8973
9001
9024
9085
9163
9236
9368
9429
9570
9689
9761
9798
9943
9975
10013
10460
10690
10759
10926
11015
11035
11091
11117
11141
11175
11219
11350
11400
