80
138
238
268
303
315
318
391
454
589
595
736
909
1020
1023
1054
1125
1238
1240
1331
1351
1521
1528
1633
1772
1814
1834
1869
1871
1906
2000
2024
2113
2165
2203
2243
2247
2414
2470
2613
2684
2691
2710
2737
2824
2876
2895
2931
2952
2961
2965
3036
3062
3085
3105
3128
3165
3172
3195
3203
3221
3228
3379
3586
3587
3739
3807
3833
3898
3900
3905
3905
4146
4237
4393
4446
4907
4934
4972
5104
5148
5208
5236
5283
5442
5488
5533
5569
5708
5757
5768
5781
5826
5999
6140
6149
6228
6432
6473
6648
6734
6859
6889
6965
7117
7195
7294
7306
7374
7378
7381
7547
7599
7688
7719
7741
7771
7792
7894
7985
8024
8030
8041
8084
8262
8279
8334
8397
8417
9012
9156
9202
9289
9324
9388
9427
9648
9750
9804
9975
10009
10064
10169
10190
10219
10275
10400
10447
10531
10709
10961
11004
11149
11184
11195
11201
11263
11450
11451
11548
11566
11608
11622
11640
11738
11838
12019
12076
12078
12090
12138
12176
12243
12263
12312
12828
12852
12879
12957
13043
13096
13139
13241
13263
13283
13400
13415
13469
13478
13986
14080
14202
14276
14281
14327
14368
14466
14543
14565
14783
15020
15040
15065
15069
15098
15213
15218
15447
15597
15739
15792
15832
16336
16398
16426
16450
16517
16591
16610
16785
16909
17019
17086
17121
17261
17266
17307
17402
17441
17513
