181
229
375
564
593
644
780
859
1069
1090
1174
1208
1255
1485
1525
1630
2119
2307
2348
2424
2562
2662
2681
2997
3094
3364
3406
3660
3701
3927
4103
4213
4334
4377
4577
4583
4699
4825
4880
4965
5044
5129
5235
5341
5349
5454
6420
6576
6673
6780
7237
7309
7931
8063
8067
8165
8206
8243
8304
8305
8993
9184
9195
9288
9323
9472
9513
9792
9895
10117
10151
10251
10590
10594
10680
10689
10692
10784
10805
10978
11123
11191
11204
11400
11465
11481
11612
11771
11869
11871
12027
12049
12405
12567
12572
12579
12674
12803
12876
13049
13154
13320
13465
13499
13582
13781
14396
14605
14657
14975
15124
15233
15242
15356
15366
15469
15891
15998
16071
16087
16190
16272
16377
16706
16719
16734
16761
17179
17464
18005
18006
18167
18305
18353
18820
19052
19255
19393
19419
