101
451
775
1002
1111
1129
1160
1209
1212
1364
1449
1473
1519
1653
1706
1803
2106
2170
2409
2427
2434
2518
2710
3005
3033
3052
3199
3341
3453
3591
3665
3674
3809
3862
4067
4319
4783
4798
4831
4884
4972
5110
5335
5723
5732
5811
5954
5961
5993
6022
6489
6515
6612
6633
6646
6845
6910
6923
7244
7297
7378
7410
7573
7593
7689
7699
7706
7746
7894
7906
7983
8016
8024
8245
8424
8472
8625
8668
8977
9018
9172
9184
9364
9423
9606
9892
9918
10093
10105
10114
10267
10320
10540
10601
10666
10797
11009
11052
11099
11172
11352
11379
11503
12139
12211
12298
12351
12471
12514
12616
12655
12836
12887
