57
78
181
186
277
461
821
833
917
950
1075
1112
1197
1389
1454
1491
1554
1617
1631
1720
1753
1759
1775
1902
1909
2072
2093
2258
2370
2545
2704
2809
2834
2848
3075
3123
3255
3261
3289
3316
3380
3407
3509
3538
3591
3734
3738
3840
3890
4078
4140
4288
4304
4348
4398
4404
4422
4636
4636
4699
4771
4920
4935
5010
5037
5220
5256
5552
5635
5838
5976
6171
6199
6212
6309
6444
6463
6537
6696
7003
7029
7090
7195
7568
7637
7969
8134
8337
8405
8414
8522
8858
8959
9024
9148
9214
9396
9487
9983
10225
10294
10365
10366
10421
10486
10614
10636
10681
10782
10800
10910
10951
11163
11225
11384
11391
11628
11664
11986
12123
12200
12319
12494
12538
12552
12567
12609
12780
12899
13006
13056
13092
13150
13192
13224
13242
13316
13402
13563
13648
13652
13878
14154
14201
14486
14502
14510
14601
14814
14820
15233
15293
15330
15365
15399
15465
15665
15753
15758
15760
15839
15971
15977
16066
16162
16179
16195
16396
16410
16607
16685
16859
16896
16912
