71
480
604
612
672
702
729
819
838
884
932
1125
1372
1395
1407
1410
1530
1546
1576
1617
1627
1660
1820
1859
2022
2175
2193
2229
2395
2483
2514
2628
2744
2923
2948
2985
3202
3275
3313
3321
3346
3498
3510
3531
3546
3679
3720
3824
3838
3862
3898
3906
3921
4021
4088
4156
4200
4235
4252
4296
4534
4583
4694
4744
4845
4884
4919
4969
5021
5055
5088
5133
5150
5181
5380
5413
5432
5493
5498
5503
5557
5647
5659
5740
5780
5815
5843
6141
6228
6273
6327
6455
6483
6512
6516
6648
6668
6669
6680
6769
6823
6909
6981
7134
7413
7448
7463
7500
7510
7546
7619
7697
7936
8153
8341
8413
8644
8679
8971
8979
9033
9064
9099
9132
9155
9220
9397
9438
9600
9873
9954
9985
9994
10105
10187
10213
10254
10317
10407
10423
10561
10588
10609
10760
10872
10932
10960
11061
11067
11073
11143
11145
11248
11249
11338
11351
11373
11379
11398
11683
11748
11881
11927
12098
12257
12283
12294
12322
12326
12348
12366
12552
12945
12951
13008
13038
13058
13262
13331
13459
13515
13601
13780
13801
14070
14168
14178
14235
14235
14421
14445
14508
14515
14663
14709
14848
14907
14966
14993
15021
15049
15177
15383
15383
15436
15452
15524
15682
15699
15717
15792
15845
15943
15991
15997
16015
16081
16264
16356
16420
16741
16794
16826
16867
16878
16967
17016
17243
17336
17473
17517
17554
17582
17592
17716
17825
17850
17868
17895
17956
17973
18098
18100
18104
18188
18359
18417
18587
18732
18887
18899
18913
18923
19218
19306
