9
16
93
180
192
242
351
363
424
447
602
795
811
813
845
909
963
1050
1113
1149
1355
1423
1772
1799
2009
2232
2240
2272
2282
2292
2316
2426
2448
2453
2567
2582
2608
2822
2875
3019
3030
3038
3221
3252
3354
3400
3423
3469
3497
3542
3567
3661
3695
3750
3804
3827
3943
3985
4020
4193
4282
4424
4486
4549
4628
4662
4685
4729
4897
4992
5059
5072
5215
5325
5388
5690
5764
6045
6341
6369
6379
6403
6404
6408
6455
6652
6848
6905
6912
6926
6933
7016
7060
7118
7218
7306
7320
7478
7479
7698
7728
7763
7765
7922
7934
7945
7964
8005
8046
8369
8601
8667
8731
8763
8837
8907
8997
9064
9109
9133
9179
9187
9352
9354
9438
9459
9485
9572
9583
9684
9697
9698
9774
9839
9841
9863
9885
10030
10147
10159
10294
10323
10325
10382
10387
10389
10400
10467
10553
10598
10601
10681
10687
10706
10818
10869
10894
10979
11136
11321
11337
11468
11490
11511
11689
11709
11814
11982
12000
12040
12177
12195
12230
12598
13009
13097
13130
13143
13161
13242
13254
13357
