129
269
272
295
296
318
581
714
999
1048
1090
1147
1275
1331
1413
1423
1585
1710
1710
1794
1815
1875
2000
2005
2092
2100
2178
2253
2286
2287
2290
2400
2452
2513
2549
2580
2662
2749
2798
2909
2934
2988
3151
3196
3360
3472
3480
3515
3635
3702
3821
3903
3916
3928
3966
4076
4368
4421
4430
4490
4509
4519
4526
4650
4893
5030
5108
5196
5291
5340
5342
5450
5547
5638
5651
5685
5730
5832
5980
6107
6153
6212
6314
6352
6371
6444
6447
6605
6841
6944
6986
7098
7154
7205
7237
7278
7449
7520
7528
7538
7673
7740
7742
7767
7771
7795
7819
7863
7962
8006
8065
8073
8246
8525
8592
8595
8830
8868
8937
9055
9078
9225
9246
9267
9281
9337
9409
9506
9506
9540
9937
9949
9986
10022
10116
10134
10209
10214
10235
10264
10327
10400
10536
10571
10894
10895
11006
11238
11344
11405
11419
11433
11563
11841
11867
11951
11965
11978
12126
12181
12252
12285
12581
12654
12789
12805
13103
13133
13182
13365
13448
13684
13725
13759
13767
13805
13874
13911
13967
14191
14224
14293
14335
14403
14444
