11656
11799
12010
12021
12556
13161
14775
14932
14957
16137
16453
16816
17296
18263
20763
20798
21120
21475
21706
21724
22484
22539
23678
23710
24665
25865
26267
26371
26865
32449
37349
40659
68424
161084
163823
170819
170858
172194
172652
174179
174640
179507
179637
196799
197166
197322
197492
197603
197629
197727
198285
198339
198950
198958
199071
199382
199385
199439
199662
199755
201091
201182
201194
201368
201425
202118
202212
202324
203178
203359
203835
204073
204506
204892
205124
205180
205251
205326
205363
205419
205476
205878
205940
206637
206691
206695
206700
206753
207345
208206
208399
211676
211969
212139
213433
213517
214389
216768
217315
219341
219827
221103
221192
302333
302455
302837
302899
303621
303648
303998
304384
304506
304509
304627
305138
305484
306421
306604
307018
307324
307434
307751
308483
309155
309396
309656
309764
309812
310293
310633
310762
310956
311303
311855
311933
312265
312298
313788
313825
314763
315004
397750
400705
401436
401493
402590
403892
405653
407043
407954
408008
408644
410865
418080
422988
427732
431450
437666
520364
521843
523875
523978
525085
525390
525539
525836
526360
527333
527354
528331
565185
565770
567561
568202
569622
570536
571987
573560
606138
606782
608047
609142
609859
610144
613315
615926
616677
617054
617263
618232
618683
619560
621169
632937
634276
634383
634544
635060
635333
635380
635587
637577
638047
638219
638385
638569
638790
639111
639277
639651
640103
640420
640632
640912
641374
641444
641626
641692
642034
642701
642891
643063
643317
644006
644238
644323
644502
645227
645746
646625
646768
646789
647256
647434
647731
671335
675039
678376
707926
708214
708402
709886
710985
711274
711778
711782
712938
714220
714860
715426
715999
716264
716542
716626
717260
717956
1038770
1040803
1041430
1041457
1048948
1053797
1059388
1061384
1067114
1164315
1164552
1165809
1166967
1167495
1170936
1171223
1289619
1292096
1316987
1317139
1317349
1317380
1317606
1317615
1318247
1318567
1318850
1319198
1319244
1319443
1319640
1320227
1320371
1320544
1320821
1321104
1321116
1321306
1322021
1322704
1322801
1322850
1323095
1323175
1323505
1324112
1324999
1325433
1325764
1326507
1326604
1326635
1326745
1327117
1327635
1327993
1328127
1328205
1328535
1328750
1328815
1329036
1329514
1330130
1330279
1330784
1331658
1332103
1332130
1332408
1333377
1333747
1333932
1334338
1334508
1334523
1335355
1338021
1338107
1338308
1339295
1339455
1339465
1340564
1340676
1341782
1342140
1348355
1350451
1355956
1356212
1356739
1357730
1357865
1358795
1359094
1359604
1359729
1360767
1360967
1361869
1365209
1365324
1366185
1366702
1366780
1366870
1367789
1368265
1368591
1368725
1373662
1374082
1374805
1374869
1375346
1375487
1378111
1379547
1380783
1382149
1382355
1382920
1385155
1387926
1390702
1390849
1394130
1395625
1396914
1474462
1474589
1474918
1477944
1478709
1479620
1481152
1483004
1483370
1483395
1483720
1484550
1486178
1486285
1564347
1564467
1564598
1564670
1564871
1565266
1565865
1565889
1565980
1566475
1566574
1566860
1567912
1568600
1568881
1569276
1569408
1569776
1570545
1571027
1571479
1572062
1573405
1573426
1573719
1574168
1574349
1574781
1575198
1575464
1575822
1575888
1576131
1576209
1576687
1578729
1578985
1579193
1580116
1581497
1581713
1581950
1582155
1583562
1583766
1612638
1616041
1618324
1618851
1622236
1729946
1733025
1733330
1738113
1741328
1744087
1745392
1747130
1747846
1748305
1748716
1749114
1750934
1753112
1753875
1901701
1904069
1907748
1909194
1913186
1914331
1915108
1967658
1967997
1968566
1968946
1969380
1969897
1970381
1970453
1970557
1970957
1973423
1973560
1973782
1974193
1977619
1978101
1978109
1979140
1979652
1980038
1980452
1981022
1981319
2009315
2135228
2135390
2135463
2135572
2136007
2136219
2136697
2137366
2137443
2138228
2138336
2138827
2139183
2139237
2139318
2139880
2139921
2140155
2140501
2140732
2141001
2141370
2141606
2141639
2142183
2142286
2143037
2143101
2143441
2143483
2143840
2143987
2144423
2144840
2144974
2145441
2145487
2145544
2145629
2146065
2146128
2146420
2146596
2146644
2146822
2146883
2146963
2147116
2147397
2147410
2147420
2147621
2148000
2148517
2168505
2168611
2168930
2169749
2169765
2170247
2170712
2171709
2171867
2171900
2172081
2172605
2173498
2173640
2173645
2173689
2173922
2174116
2174136
2174518
2174624
2174722
2174801
2174986
2175122
2175169
2175985
2176059
2176170
2176222
2176576
2176783
2177540
2177813
2177978
2178737
2179207
2179425
2179457
2180042
2180103
2180428
2180455
2180508
2180936
2180944
2180968
2260480
2260956
2261352
2262013
2263183
2263548
2263641
2264515
2265184
2266338
2266493
2267926
2268066
2268091
2270231
2270338
2270542
2270624
2284876
2293768
2295600
2295685
2296699
2298028
2299047
2541784
2553552
2556711
2582458
2582489
2582657
2583051
2583144
2584271
2585049
2586401
2586441
2587021
2587127
2588578
2588642
2588827
2588949
2589289
2590599
2591727
2591897
2592088
2592612
2593505
2594300
2594308
2595357
2595366
2596043
2596607
2597583
2598066
2598169
2598479
2598978
2599112
2599126
2600243
2600512
2600902
2600950
2601237
2601280
2601337
2601796
2601962
2602008
2602031
2602251
2602866
2603232
2603466
2603658
2603672
2604032
2604850
2605131
2605132
2605856
2606275
2606285
2606533
2607219
2607311
2607719
2607754
2607873
2607963
2608204
2608280
2608592
2608761
2609165
2609339
2609776
2609882
2609982
2610088
2610184
2610385
2610498
2611561
2611965
2612253
2612996
2613018
2613228
2613270
2613419
2613722
2613737
2613973
2614071
2614282
2614317
2643365
2643618
2644127
2644149
2645380
2646293
2646437
2647170
2647357
2649383
2678123
2877556
2878476
2878697
2879119
2879464
2879474
2879521
2879729
2879844
2880305
2880509
2880788
2881165
2881196
2881261
2881429
2881479
2881664
2881862
2882223
2882737
2882877
2882898
2883057
2883102
2883104
2883522
2883952
2884353
2884957
2885438
2885661
2886007
2886247
2886386
2886605
2887216
2887625
2888096
2888485
2889747
2889763
2889946
2890269
2890537
2890665
2890714
2891053
2891245
2891338
2891452
2891619
2891810
2891870
2892077
2892172
2892460
2892496
2893548
2894112
2894261
2894304
2894321
2894509
2894690
2894963
2895554
2895592
2895792
2896359
2896692
2896905
2897165
2897279
2897626
2898222
2898307
2899181
2899504
2899778
2899970
2900365
2901226
2901312
2901858
2902271
2902799
2902858
2903187
2903370
2903838
2904090
2904328
2904507
2904630
2904775
2904814
2905312
2905347
2905618
2905699
2905978
2906049
2906094
2906477
2906485
2906508
2906596
2906736
2907457
2908176
2909055
2909064
2909499
2909735
2910197
2910342
2980892
2981149
2982640
2982873
2985908
2986257
2987624
2988232
2992461
2992470
2993729
2993829
2993872
2993936
2994769
2994877
2995258
2995297
2995818
2996280
2996335
2996515
2996767
2996996
2997233
2997423
2997769
2998173
2998182
3000324
3000664
3001271
3002411
3003527
3003597
3003649
3003988
3004551
3004568
3005012
3005068
3005722
3005854
3005878
3006842
3007245
3007433
3007632
3007645
3008467
3008896
3009288
3009431
3009766
3010453
3011066
3031096
3032012
3037618
3039403
3246894
3249592
3249708
3250385
3250401
3252093
3253086
3253836
3254044
3254767
3256154
3411665
3416533
3416909
3416992
3417149
3417457
3417521
3417936
3419902
3421938
3422029
3422328
3423056
3424202
3424403
3425540
3427605
3428267
3428667
3429119
3429526
3429798
3431003
3431905
3462376
3462417
3462577
3462876
3463250
3463461
3463583
3464564
3464663
3464985
3465091
3465529
3466509
3466599
3467600
3468186
3468893
3470672
3470690
3470790
3471569
3471886
3472728
3473755
3473925
3475097
3475926
3476417
3476621
3477157
3477412
3477416
3479009
3479633
3480026
3480065
3480447
3480961
3480998
3481165
3482302
3484061
3484618
3484824
3485120
3485437
3487687
3488473
3488667
3488811
3489087
3489102
3489605
3489772
3491565
3491658
3491714
3491989
3492150
3492773
3493842
3493857
3494572
3495196
3495411
3495656
3498754
3524387
3524556
3524713
3524720
3524871
3525227
3525356
3525391
3525436
3525979
3525993
3525996
3526355
3526535
3526537
3526998
3527040
3527096
3527160
3527203
3527869
3528025
3528272
3528314
3528466
3528524
3528654
3528732
3528864
3529030
3529192
3529226
3529668
3529777
3529838
3529912
3530559
3530902
3531158
3531164
3531289
3532289
3532425
3532477
3532500
3532598
3532800
3532814
3533119
3533138
3533139
3533608
3533933
3534408
3534567
3534695
3535026
3535348
3535529
3535689
3535905
3536053
3536133
3536366
3536659
3537086
3537095
3537195
3537269
3537777
3537924
3537949
3537958
3538027
3538096
3538135
3538179
3538390
3538587
3538911
3539175
3617962
3618205
3618360
3618508
3618694
3618912
3618975
3619143
3619146
3619361
3620150
3620166
3620390
3620393
3620400
3620535
3620692
3620906
3621033
3621180
3621336
3621449
3621455
3622133
3622312
3622471
3622867
3622966
3623059
3623423
3624113
3624234
3624911
3625325
3625753
3625817
3626562
3626731
3627283
3628295
3628424
3628549
3628824
3629000
3629229
3629374
3629397
3629542
3629658
3630001
3630088
3631105
3631412
3631491
3631841
3632059
3632528
3632689
3632714
3632718
3632969
3633373
3633788
3634222
3634230
3634345
3634355
3634784
3781178
3787772
3794578
3796146
3819798
3824125
3826127
3831082
3884202
3890695
3893801
3894246
3900608
3902184
3903922
3904729
3978824
3978977
3979374
3980121
3980758
3981036
3981826
3981859
3982138
3982301
3982306
3982969
3983289
3984115
3984220
3984301
3984541
3984595
3984686
3984775
3985953
3986937
3987130
3987554
3988185
3988291
3989240
3989336
3989346
3989516
3989932
3989981
3991081
3991460
3991495
4012923
4015838
4020967
4021910
4030309
4049616
4049848
4050149
4050311
4050960
4051073
4051391
4052087
4052919
4053097
4053171
4053556
4054473
4054687
4055200
4055381
4055567
4055740
4056482
4056716
4057300
4057318
4057411
4057417
4057646
4057877
4058829
4058937
4059648
4059778
4061145
4061267
4062056
4062269
4062395
4062792
4062835
4062863
4062942
4063316
4063569
4063734
4063887
4063939
4064603
4064631
4064671
4064904
4065010
4065181
4065586
4065941
4066674
4066935
4067502
4067537
4067555
4068371
4068373
4068636
4195772
4196115
4196222
4196436
4196694
4196788
4197280
4197819
4197839
4198643
4198846
4199067
4200136
4200571
4200602
4201103
4201208
4201600
4201672
4201816
4201834
4201917
4202183
4202282
4202757
4202814
4202908
4203128
4203518
4203964
4204085
4204554
4204734
4204972
4205727
4205965
4206192
4206352
4206568
4207362
4207470
4207842
4208273
4208455
4209563
4209788
4209893
4209894
4209927
4210124
4210474
4212554
4213076
4213281
4213507
4213815
4214817
4215168
4215273
4215469
4215498
4215930
4216482
4216616
4216983
4217151
4217268
4218033
4218055
4218264
4218462
4218495
4219790
4219859
4220001
4220689
4220759
4221370
4221926
4222457
4222744
4224212
4224383
4224519
4225095
4225628
4226025
4226654
4226788
4227420
4227448
4227498
4228405
4229130
4229664
4245726
4246045
4246387
4246638
4247010
4247537
4248344
4249320
4250258
4252108
4253073
4253224
4253463
4253680
4253851
4294621
4294705
4295047
4295055
4295088
4295364
4296372
4296540
4297040
4298648
4299365
4300169
4300401
4300490
4300738
4301639
4301973
4302096
4302271
4303268
4303279
4303344
4303415
4303443
4304008
4304062
4304076
4305079
4305161
4305348
4305617
4332954
4390869
4392492
4401744
4409594
4411061
4411168
4412145
4417124
4417682
4418122
4418955
4421955
4422235
4424000
4424014
4424084
4424250
4425607
4425614
4425833
4426722
4427256
4427709
4428252
4428935
4460526
4463006
4463908
4464941
4466193
4466635
4467298
4467643
4468764
4469651
4469825
4470659
4470967
4471262
4471943
4472527
4473069
4473288
4473501
4474860
4474983
4475458
4477092
4477110
4525057
4526495
4527020
4528127
4528371
4529225
4529648
4529824
4530562
4533826
4535077
4555350
4557302
4590175
4590236
4590594
4590613
4591236
4591306
4591620
4591669
4592821
4594416
4594519
4595275
4595748
4596470
4597613
4597685
4597896
4600662
4600806
4601029
4601518
4602573
4603136
4603843
4603956
4603974
4604100
4604523
4604947
4605492
4605792
4606256
4606389
4608337
4608526
4608703
4668229
4668405
4668781
4668913
4669124
4669739
4669902
4670199
4670387
4670770
4670806
4671281
4673102
4673107
4673808
4674275
4674284
4674545
4674668
4674877
4675012
4675319
4675378
4675405
4675674
4676439
4676462
4676833
4677158
4677332
4677422
4677925
4678078
4678162
4678555
4679079
4679451
4679736
4744589
4745951
4746091
4746139
4746488
4746701
4746730
4747044
4747208
4747209
4747501
4747593
4747864
4748244
4748324
4748434
4748488
4748884
4749777
4749790
4750459
4750753
4750907
4751299
4751459
4751627
4752113
4752165
4752649
4753418
4753615
4753814
4753985
4754070
4754171
4754415
4754848
4754856
4755155
4755284
4755499
4755942
4771742
4772080
4772445
4773985
4774106
4774517
4774602
4774698
4774883
4775146
4775255
4775455
4776324
4776808
4776942
4777630
4777994
4778061
4778293
4779378
4779675
4779783
4780552
4781209
4782496
4783176
4783317
4784744
4803702
4933244
4934177
4935128
4935330
4935463
4935704
4936237
4936365
4937724
4938000
4938200
4938244
4938392
4938416
4938530
4938550
4938822
4939044
4939267
4939412
4939487
4940349
4940675
4940755
4941029
4941253
4941993
4942085
4942306
4942415
4942597
4942824
4943855
4943943
4943944
4944759
4944780
4944883
4944913
4945007
4945701
4945705
4945813
4946014
4946123
4946471
4946551
4946672
4946927
4947041
4947117
4947432
4947551
4947878
4947937
4965221
4965247
4965916
4966351
4966856
4967828
4969696
4970655
4970885
4970993
4971280
4971918
4972149
4972806
4973014
4973230
4973238
4975151
4976785
4977345
4977790
4978027
4979963
4980610
4981342
4981807
4982737
4999914
5000456
5000878
5000948
5001006
5001239
5002047
5002650
5003048
5003195
5003701
5004065
5004455
5004700
5005050
5005706
5005828
5005881
5005974
5006242
5006430
5006622
5006967
5007281
5007384
5007487
5007522
5007530
5007649
5008086
5008159
5008413
5008428
5008504
5008656
5008688
5009335
5009350
5009825
5010040
5010671
5011214
5011568
5011770
5011861
5012499
5012593
5012960
5012993
5013033
5013207
5014233
5014392
5014963
5015364
5015463
5060448
5067645
5090906
5092937
5094610
5094616
5094922
5096402
5096720
5096978
5097477
5097492
5098015
5098391
5098614
5100274
5100886
5100969
5101927
5102217
5102451
5102612
5102661
5103788
5104495
5104773
5104878
5106088
5106110
5107199
5107251
5108247
5108786
5109098
5109336
5109498
5109502
5109522
5110027
5110117
5110280
5110688
5110692
5110778
5111245
5112267
5112488
5112617
5112720
5174689
5175147
5175519
5175975
5176465
5177073
5177587
5177809
5178286
5178375
5178460
5178788
5179094
5179658
5179768
5179861
5179862
5179929
5180059
5180616
5180746
5180747
5181258
5181416
5181562
5182163
5182175
5182225
5183095
5183768
5183806
5183823
5183867
5183895
5183920
5184128
5185183
5194794
5205683
5212827
5252883
5253616
5253741
5253862
5254015
5254130
5254139
5254159
5254265
5254446
5254496
5254707
5255024
5255398
5255431
5255488
5255603
5255687
5255772
5255849
5255939
5255949
5256305
5256369
5256447
5256829
5256846
5256938
5257140
5258299
5258460
5258895
5259044
5259442
5259771
5259946
5260561
5260946
5261034
5261044
5261956
5262357
5262425
5263164
5263276
5263452
5263545
5263609
5263629
5263941
5264290
5264307
5264361
5264502
5265211
5265663
5265674
5265689
5265753
5266174
5266510
5266550
5267530
5267712
5268187
5268685
5268825
5269394
5269497
5269816
5269852
5269944
5270312
5270439
5270517
5270608
5270615
5270674
5270967
5271113
5271394
5271695
5271801
5272665
5272949
5273868
5273877
5274119
5274518
5274800
5274986
5275027
5275443
5275737
5276091
5276110
5277070
5277073
5277278
5277566
5277822
5278052
5278599
5278869
5279103
5279324
5279465
5279613
5279771
5279894
5279922
5280489
5280709
5280789
5281148
5281291
5281742
5281999
5282446
5282673
5283334
5283582
5283631
5283936
5284322
5284359
5284389
5284668
5284760
5285039
5285095
5285403
5285821
5286048
5286154
5286732
5286909
5287251
5287887
5288052
5288222
5288763
5288838
5289431
5290089
5290362
5292768
5298875
5306086
5323953
5324253
5324356
5324372
5324638
5325058
5325237
5325242
5325296
5325333
5325483
5325757
5325989
5326032
5326470
5326865
5327592
5328183
5328511
5328658
5328936
5329301
5330120
5330213
5330355
5330840
5330979
5331320
5331381
5331395
5331509
5331540
5331566
5331708
5331871
5332280
5332818
5332906
5333190
5334106
5334145
5334175
5334523
5334606
5334742
5334862
5334975
5335475
5335477
5335750
5335881
5336078
5336555
5336644
5337125
5337271
5337586
5337595
5337624
5337737
5337823
5338349
5338554
5338567
5339095
5339503
5339547
5339565
5339569
5339640
5339876
5340517
5341012
5341289
5341500
5341553
5341603
5342006
5343189
5343698
5343831
5343909
5344468
5344535
5344993
5345035
5345340
5345604
5345660
5345752
5345847
5345864
5346246
5346512
5465100
5465392
5465558
5465837
5465925
5466189
5466367
5467250
5467589
5467899
5467920
5468585
5468924
5469545
5469581
5469701
5469772
5469937
5470140
5470926
5471259
5472468
5473004
5473047
5473135
5473306
5473684
5474035
5474417
5474645
5475235
5475406
5476586
5477203
5477462
5478305
5479202
5479450
5479539
5479566
5479738
5480204
5480528
5481221
5481466
5481770
5483197
5483361
5483888
5484329
5484867
5485819
5485845
5486510
5486548
5486635
5486768
5487004
5487596
5487631
5487839
5488745
5488759
5488949
5489452
5489829
5490157
5490162
5490228
5490258
5490484
5490701
5490759
5491146
5491355
5491485
5491593
5491750
5492016
5492195
5492232
5493424
5493517
5493708
5493735
5493867
5494071
5494551
5494739
5494771
5494788
5495483
5495629
5496017
5496106
5691598
5722984
5724057
5763197
5763259
5763950
5764530
5765054
5765080
5765170
5765692
5765739
5765761
5765938
5767707
5768357
5768720
5769050
5769329
5769836
5770233
5770308
5771236
5773315
5773388
5773503
5773758
5773834
5774275
5774487
5774901
5775099
5775278
5775352
5775370
5775862
5775899
5776122
5776226
5776516
5776710
5776793
5777045
5777143
5777335
5778538
5778630
5778845
5778971
5779484
5794318
5794656
5800999
5801027
5801159
5801485
5801489
5802025
5802288
5802610
5802625
5802778
5803219
5803233
5803335
5803420
5803442
5804006
5804081
5804233
5804580
5804612
5804613
5804856
5804955
5805889
5805893
5806167
5806197
5806272
5806460
5806722
5806767
5807009
5807232
5807432
5807558
5807948
5808263
5808350
5808393
5808795
5808830
5809257
5809827
5809992
5810314
5810539
5837180
5856104
5856136
5856228
5856669
5857390
5858141
5858661
5858814
5859261
5859980
5860202
5861591
5861715
5862624
5864292
5865501
5865637
5866600
5867633
5867666
5868195
5869011
5869477
5906155
5907427
5907518
5907894
5909201
5909315
5910374
5911100
5911664
5912232
5913104
5913736
5915157
5915971
5916903
5917502
5918039
5920414
5921112
5921782
5921940
5922809
6043840
6044728
6044788
6045064
6045755
6047331
6047719
6048416
6048592
6049580
6050342
6050442
6050711
6051146
6051412
6052513
6052801
6053222
6072976
6074221
6074472
6075588
6075595
6076854
6077130
6077309
6078123
6082255
6083615
6084294
6085647
6085740
6086163
6086165
6086452
6087709
6091642
6092662
6094004
6097545
6098026
6099059
6100227
6118896
6120414
6120714
6121902
6124110
6124577
6124593
6127236
6127417
6127551
6132565
6132886
6133985
6165561
6165627
6166337
6166359
6166417
6166508
6166516
6167062
6167505
6168443
6169333
6170165
6170463
6170850
6171183
6171482
6171572
6171660
6173425
6173639
6174334
6174668
6174881
6175230
6175329
6176922
6177566
6178361
6178441
6178586
6178959
6179266
6179598
6180111
6181128
6181302
6181433
6181827
6182388
6182667
6183086
6183264
6183454
6183723
6183766
6184314
6184374
6184383
6184447
6184485
6184603
6186418
6186623
6186975
6187646
6188028
6188415
6189027
6191574
6192062
6192708
6193057
6193208
6194093
6194772
6195467
6195638
6195859
6195892
6195967
6196602
6197253
6198519
6199462
6200668
6201961
6202051
6202261
6202320
6202486
6202775
6202899
6203098
6203374
6206825
6235666
6235741
6235900
6236292
6236684
6236699
6237145
6237712
6237931
6238022
6239052
6239196
6239199
6239696
6240157
6240297
6240541
6240600
6240607
6240627
6240722
6240784
6241062
6241154
6241248
6242146
6242312
6242802
6242838
6242977
6243025
6243040
6243359
6243667
6243896
6244804
6244931
6245401
6245646
6245988
6246052
6246740
6246881
6247101
6247316
6247412
6247587
6247598
6247792
6248413
6248793
6248965
6249104
6249149
6249216
6249729
6249840
6249930
6250426
6251044
6251047
6251236
6251284
6251323
6251813
6251868
6266354
6266386
6267656
6267665
6267702
6268102
6268139
6268533
6268606
6268667
6268875
6268901
6269035
6269600
6269794
6270043
6270058
6270161
6270268
6270480
6270594
6271340
6271742
6271763
6271815
6272202
6272223
6272658
6273027
6273089
6273469
6273484
6273876
6274266
6274615
6274792
6275174
6275794
6276896
6277054
6277300
6277543
6277590
6277755
6277812
6278004
6278578
6279538
6279653
6279707
6280415
6280645
6281169
6281353
6282051
6282079
6282800
6283454
6283814
6283832
6283899
6284521
6285081
6285839
6286507
6287133
6287560
6287739
6287779
6288017
6288101
6288214
6288493
6288769
6289536
6289751
6290660
6290785
6290901
6291983
6292048
6310245
6310354
6311700
6312186
6312376
6312731
6312767
6314043
6314368
6314712
6316077
6316176
6317730
6318385
6318517
6319332
6319395
6319473
6320065
6321674
6322524
6324996
6325465
6325992
6327003
6327018
6327121
6327615
6329002
6329920
6330590
6332658
6332945
6333483
6333693
6334498
6337424
6376661
6377033
6377588
6377717
6378377
6379158
6379317
6379527
6381232
6381454
6381557
6382270
6383302
6383347
6383502
6383845
6385718
6386099
6386858
6387338
6388286
6388848
6389624
6390303
6391666
6391857
6391887
6392128
6392297
6392363
6392742
6392956
6393560
6394175
6394411
6394430
6395623
6395686
6396013
6396051
6396119
6396830
6396917
6397040
6397374
6397751
6398000
6398338
6398383
6398738
6398741
6398746
6399326
6399440
6399536
6399844
6400185
6400373
6400554
6400715
6400767
6401276
6401448
6401478
6402251
6402576
6402833
6402848
6402875
6402962
6402973
6403148
6403921
6404167
6404437
6404710
6405008
6405333
6405366
6405509
6405577
6405704
6406091
6406559
6407031
6407210
6407571
6407650
6408141
6408336
6408666
6408809
6410422
6413343
6414607
6414612
6416513
6419686
6421766
6421899
6423703
6424328
6461982
6489736
6490323
6490792
6491360
6494113
6494576
6495290
6495720
6495944
6496697
6497363
6497607
6498155
6498587
6498891
6499345
6499383
6499672
6499934
6500363
6500518
6500533
6501449
6502071
6502642
6503008
6503177
6503196
6514418
6514809
6514932
6515000
6515131
6515193
6515672
6515864
6516501
6516660
6516687
6516734
6516838
6517064
6517262
6517343
6517532
6517611
6517691
6517707
6519017
6519184
6519651
6519850
6519876
6520033
6520082
6520666
6521348
6521596
6521727
6521743
6522903
6522994
6523037
6523102
6523671
6523779
6524216
6524418
6524453
6524774
6524908
6524972
6524985
6525052
6525067
6525074
6525371
6525767
6525937
6525991
6526025
6526040
6526178
6526625
6526899
6527766
6527848
6528067
6528223
6528383
6528430
6528457
6529183
6530115
6531741
6532562
6532716
6532894
6533859
6534782
6535735
6535801
6536401
6536591
6536820
6537545
6538098
6538251
6538435
6538451
6538650
6539654
6539877
6540663
6542231
6543237
6545175
6547728
6547834
6548390
6548749
6548813
6552270
6552913
6552925
6553930
6555344
6555354
6555475
6556951
6558044
6646822
6708084
6732304
6757624
6757631
6757698
6757713
6757994
6758423
6758524
6759097
6759283
6760213
6763379
6764386
6764780
6765318
6765373
6765852
6765944
6766245
6768242
6770343
6774468
6775471
6775681
6776293
6809776
6810734
6810758
6811498
6811745
6811865
6811882
6811928
6812159
6812332
6812634
6812752
6813130
6813166
6813211
6813588
6813745
6813817
6814269
6815448
6815590
6816015
6816036
6817059
6817114
6817258
6817281
6818523
6819119
6819349
6819461
6820161
6820522
6820866
6820928
6821457
6821775
6821951
6821961
6822610
6822789
6822881
6823316
6823469
6823475
6823604
6823611
6824338
6824884
6824922
6825376
6825767
6825853
6825874
6825937
6826509
6826762
6827616
6827810
6973622
6979788
6985298
6985416
6989085
7073053
7073102
7073859
7074899
7075430
7075775
7076144
7076294
7076338
7077625
7077830
7077845
7078031
7078397
7078414
7078620
7078804
7079102
7079249
7079391
7079726
7079845
7080153
7080229
7080383
7080457
7080754
7081389
7081414
7081770
7081965
7081989
7082112
7082220
7082508
7082757
7083175
7083211
7083328
7083552
7083755
7083913
7085258
7085362
7085679
7087509
7087523
7087532
7122876
7129287
7130976
7152034
7154112
7154128
7154768
7155963
7158983
7159417
7173745
7175318
7175794
7175967
7176255
7176385
7177983
7178940
7179192
7181556
7183793
7184268
7232681
7232925
7233809
7234526
7234680
7234816
7234952
7235536
7235884
7236062
7236236
7236475
7237513
7237627
7237673
7238623
7239335
7240723
7240817
7241076
7242608
7243026
7243387
7243629
7244480
7244964
7245022
7245843
7246238
7246453
7247071
7247306
7247437
7248483
7248492
7270859
7271127
7271473
7271498
7271792
7272232
7272850
7273523
7273692
7273711
7273907
7274020
7274690
7274765
7274810
7274912
7275185
7275238
7275908
7275965
7275978
7276034
7276115
7276250
7276319
7276694
7276783
7277071
7277280
7278004
7278051
7278080
7278272
7278810
7279061
7279555
7279632
7279654
7279711
7279782
7280016
7280191
7280925
7281035
7281555
7281587
7281632
7281888
7282227
7282239
7283023
7283147
7283384
7283513
7283561
7283778
7284275
7284332
7284514
7284612
7284643
7284780
7284783
7285038
7297721
7298029
7298164
7298524
7298701
7299197
7299213
7299518
7299796
7299898
7299921
7300268
7301271
7301537
7301736
7302018
7302189
7302279
7303014
7303549
7304141
7304454
7305543
7306224
7306782
7306807
7307356
7307894
7308531
7309009
7309341
7310048
7310121
7311517
7311523
7312284
7312662
7312813
7313789
7314274
7314382
7314503
7336037
7336062
7336506
7336618
7336742
7337069
7337188
7337820
7338706
7339023
7339333
7339760
7340158
7340476
7340555
7340891
7341704
7342989
7343440
7343877
7344357
7344667
7345027
7345634
7346186
7348521
7348582
7350928
7350973
7351145
7351424
7351828
7352573
7352980
7353229
7353456
7353908
7353961
7402556
7402887
7403111
7403138
7404535
7404715
7405872
7405940
7405961
7406433
7406510
7406767
7407377
7407662
7407923
7407932
7408050
7408362
7408444
7408543
7408880
7408930
7409212
7409334
7409388
7409969
7410368
7410465
7410725
7411277
7411457
7411628
7411888
7412077
7412105
7412671
7412846
7413074
7413114
7413550
7413679
7413761
7414240
7414318
7414511
7414812
7415159
7415398
7415596
7415722
7415852
7416226
7416314
7416397
7416495
7417929
7417991
7418513
7418554
7418796
7419299
7419477
7419622
7420246
7420536
7420643
7421129
7421328
7421339
7421409
7421413
7422271
7422363
7422662
7422751
7422965
7423249
7423348
7423462
7423535
7423595
7424083
7425120
7425418
7426331
7426467
7426540
7427012
7427051
7427815
7427953
7429191
7429392
7429505
7429578
7430347
7430617
7430642
7430695
7430715
7431031
7431748
7432279
7432431
7432440
7432442
7432450
7432656
7432790
7432867
7433016
7433103
7433322
7433455
7433657
7433961
7434311
7434401
7435273
7435474
7435755
7436426
7436482
7437465
7437887
7438007
7438131
7438207
7438951
7439325
7439882
7439979
7440096
7440922
7441406
7441603
7442001
7442031
7442137
7442251
7442382
7442404
7443101
7443374
7443402
7443753
7443913
7444311
7444363
7444372
7444577
7444771
7444811
7445117
7445413
7445491
7445563
7445643
7445646
7446092
7446093
7446212
7446237
7446547
7446659
7446698
7446726
7447009
7447097
7447743
7447779
7447840
7448221
7448826
7449135
7449392
7449451
7449505
7449838
7450347
7450432
7451530
7451713
7452141
7452160
7452207
7452450
7452510
7452986
7452990
7453198
7453654
7453840
7453850
7453854
7453972
7454037
7454046
7454074
7454125
7455550
7456037
7456275
7456381
7456505
7456699
7456710
7456785
7492500
7492652
7496942
7497400
7499825
7499891
7502270
7502859
7503343
7503787
7504509
7505340
7506627
7506699
7537216
7547445
7549131
7549289
7549426
7549528
7549762
7549914
7550747
7550836
7553133
7553402
7554363
7555724
7555827
7556313
7556628
7556907
7556952
7557825
7557877
7558003
7558929
7559544
7560289
7560391
7560457
7562359
7562987
7563680
7563790
7564509
7564831
7564946
7565229
7565476
7565514
7565554
7565693
7566914
7567286
7567496
7568068
7568228
7569172
7569822
7570086
7570789
7570791
7571096
7572113
7573129
7573467
7574139
7574168
7574269
7574332
7574398
7576027
7576045
7576457
7576661
7576680
7577385
7577656
7578418
7578885
7579209
7579270
7579405
7589632
7591322
7643708
7644717
7644915
7644994
7645453
7645613
7645783
7645870
7645903
7646265
7646335
7646773
7647603
7647623
7648895
7649264
7650038
7650263
7650709
7650718
7650821
7651026
7651861
7651914
7652153
7652858
7653036
7653230
7653380
7654307
7654392
7655215
7655523
7656165
7656338
7656505
7657075
7657338
7657426
7657435
7657873
7658314
7658897
7659004
7659900
7660407
7660476
7660781
7661684
7661759
7661909
7662308
7662713
7662741
7664356
7664590
7664688
7664935
7665034
7665160
7665928
7666853
7666998
7667152
7667180
7667665
7668213
7668223
7668312
7668595
7669160
7669430
7669438
7669700
7669848
7669859
7669921
7670464
7670977
7671325
7671379
7673180
7673603
7674393
7674565
7674568
7674572
7674621
7674829
7675011
7675039
7675133
7675342
7675433
7675813
7675922
7676185
7676666
7677023
7677447
7677658
7677682
7678036
7678101
7678390
7678905
7678990
7679030
7679839
7680193
7681244
7683047
7684152
7685584
7686252
7687304
7687360
7687885
7688042
7689413
7689445
7690015
7690330
7690889
7691080
7691913
7692971
7693311
7694735
7694927
7696088
7696183
7696357
7696379
7697051
7697114
7697263
7697281
7697353
7697435
7697551
7697570
7697625
7697714
7697754
7698013
7698578
7698912
7699304
7699537
7699782
7699851
7699932
7699981
7699993
7700124
7700422
7700833
7701049
7701356
7701367
7701404
7701426
7701639
7702809
7702997
7703368
7703833
7705213
7705292
7706382
7706940
7707149
7745775
7745780
7746534
7747296
7747355
7747416
7747686
7748358
7748645
7748691
7749476
7749836
7749897
7750019
7750356
7751737
7753102
7753567
7754267
7755614
7755893
7756134
7756344
7756639
7756710
7757282
7757473
7757913
7758609
7758653
7759448
7759495
7759538
7759652
7759868
7760147
7760257
7760463
7761133
7761135
7761368
7761389
7761902
7762466
7762660
7763543
7764002
7764835
7765062
7765168
7765843
7766117
7766146
7766165
7766676
7766679
7766774
7766975
7767362
7768207
7768453
7768586
7768810
7769182
7769906
7770676
7771075
7771219
7771767
7771984
7772200
7772624
7772716
7772832
7773349
7773952
7774664
7774845
7775522
7775725
7776139
7776954
7777610
7778265
7778282
7780288
7781042
7781638
7781861
7781957
7782045
7782152
7782255
7782342
7782838
7783106
7783297
7783347
7783800
7784443
7786310
7786794
7786958
7787383
7800981
7801386
7802191
7802432
7802545
7802547
7802567
7802715
7803037
7803078
7803443
7803459
7803536
7803544
7803873
7804105
7804430
7805114
7805243
7805531
7805577
7805792
7805978
7806718
7806726
7807001
7807042
7807502
7807790
7808227
7808650
7808824
7808897
7808912
7809177
7809348
7809703
7810966
7811281
7811517
7811681
7811902
7812453
7812773
7813032
7813196
7813642
7813668
7814807
7815140
7815156
7815246
7815835
7815926
7816152
7816238
7816240
7816833
7817265
7817696
7817709
7818272
7885488
7886296
7890010
7892519
7893446
7894670
7894813
7894924
7895584
7895623
7895658
7895949
7896216
7896302
7897234
7898603
7898897
7899100
7899102
7899639
7899670
7899903
7899944
7899950
7900100
7900124
7900282
7900702
7901393
7901528
7901762
7901835
7901881
7902183
7902305
7902323
7902327
7902730
7902853
7902927
7902996
7903447
7903464
7903816
7903981
7904697
7904820
7905137
7905625
7905657
7906016
7906510
7906581
7906873
7906965
7907129
7907190
7907585
7908120
7908123
7908295
7908631
7908750
7908797
7910279
7910547
7910947
7911005
7912174
7913500
7913593
7914437
7915026
7915591
7915706
7916409
7916417
7916431
7916546
7917528
7917645
7917864
7918613
7919049
7919603
7919936
7921872
7922923
7922944
7923080
7923786
7924427
7924584
7938046
7940522
7941220
7942501
7944316
7945482
7946894
7948964
7949125
7949421
7949983
7950177
7951254
7952330
7952696
7952893
7953116
7953122
7954721
7955686
7955867
7956591
7956752
7956763
7958505
7959793
7960446
7960492
7960866
7961269
7977038
7977906
7978254
7978650
7979009
7979296
7980265
7980918
7981203
7981225
7981386
7982847
7983024
7983976
7984896
7986215
7987130
7987434
7987526
7987887
7987932
7988692
7988712
7988963
7989941
7990462
7990596
7991249
7991832
7992268
7992323
7992821
7993172
7993320
7993433
7993461
7993606
7994011
7994182
7994572
7994698
7994700
7994753
7994881
7995021
7995169
7995494
7995941
7996138
7996182
7996388
7997069
7997092
7997286
7997330
7997482
7997660
7998082
7998182
7998193
7998713
7998806
7998915
7999220
7999331
7999363
7999378
7999472
8000211
8000420
8001082
8001112
8001294
8001432
8001518
8001697
8001698
8001755
8001805
8002001
8002488
8002728
8002764
8003105
8003155
8003232
8003390
8004198
8004517
8060448
8062178
8064961
8066140
8067695
8075608
8076221
8076784
8076824
8078008
8148322
8148455
8148553
8148628
8148636
8149029
8149291
8149636
8149712
8149950
8149978
8150013
8150273
8150471
8150843
8151119
8151354
8151542
8152217
8152248
8152434
8152486
8152513
8153923
8154288
8154340
8154775
8154782
8154905
8154939
8154991
8155392
8155575
8155710
8155804
8155832
8156454
8156804
8156809
8157553
8157790
8157977
8158428
8158831
8158940
8159143
8159495
8159752
8160601
8160629
8160842
8161020
8161298
8161333
8161675
8161877
8161897
8161931
8162003
8162179
8162212
8162703
8163023
8163276
8163348
8163698
8164653
8164905
8164915
8164976
8166062
8238354
8252203
8252540
8252976
8253420
8253572
8254496
8254780
8254815
8254827
8255103
8255123
8255391
8255718
8256682
8256749
8256998
8257414
8258662
8259310
8260450
8260519
8261223
8261440
8261860
8263239
8263462
8263683
8263695
8264335
8264341
8294634
8295349
8295473
8295556
8297267
8297645
8298193
8300102
8300851
8302173
8302263
8302793
8303467
8304654
8306143
8306926
8306961
8307225
8308195
8308347
8361589
8362230
8363628
8366282
8367297
8368240
8370153
8371795
8374454
8376780
8377625
8384658
8388211
8388778
8389907
8406120
8406293
8406707
8406951
8407022
8407099
8407483
8407570
8407594
8407635
8407756
8407908
8408056
8408642
8408874
8409347
8409721
8409890
8410133
8410134
8410266
8410671
8410963
8411158
8411782
8411889
8412291
8412375
8412504
8412820
8413505
8414039
8414190
8414644
8414908
8415390
8415593
8416124
8416370
8416392
8416396
8416594
8416639
8416898
8417150
8417375
8417455
8417650
8417692
8417737
8418209
8418239
8418533
8419204
8419346
8419512
8420447
8420978
8421475
8421496
8422332
8422421
8422638
8423494
8423887
8424113
8424267
8424491
8424771
8463032
8464510
8466983
8468317
8468535
8470890
8472910
8508384
8508754
8508775
8509366
8509728
8509747
8510131
8510179
8510275
8510301
8510449
8510922
8511199
8512841
8513124
8513160
8514347
8515158
8515186
8515809
8516112
8516296
8516917
8516924
8517074
8517185
8517374
8517435
8517813
8518215
8518312
8518341
8518350
8518857
8518981
8519028
8519052
8519381
8520405
8520573
8520635
8521101
8521721
8521995
8522227
8522374
8522441
8522552
8522781
8522848
8522936
8523559
8524169
8524395
8525830
8525898
8531973
8541690
8554920
8554957
8554979
8555001
8556156
8557025
8557045
8557087
8557221
8558045
8558300
8558310
8558536
8558602
8558692
8558766
8558964
8558967
8559246
8559595
8560317
8560358
8560463
8560596
8561070
8561545
8561713
8561955
8562675
8562890
8563070
8563240
8564191
8564450
8564515
8564753
8565335
8565488
8565980
8779367
8779858
8781833
8782151
8782917
8783503
8783564
8783829
8783949
8785722
8786366
8787073
8787140
8788164
8789154
8789299
8789817
8790388
8790857
8791251
8791767
8791849
8791952
8792227
8792281
8793493
8793748
8793766
8794460
8794840
8795235
8795323
8810948
8811244
8812399
8812519
8812604
8812724
8813158
8813529
8814162
8814394
8814471
8815068
8815203
8816130
8816489
8816963
8817398
8817535
8817684
8818680
8818894
8819195
8819365
8819500
8820200
8820818
8821128
8821586
8821965
8822181
8822695
8822902
8822956
8823384
8823812
8824061
8857455
8857655
8857818
8858814
8859371
8860121
8860369
8860674
8860776
8861769
8862162
8862396
8862399
8863198
8863301
8863535
8863781
8863919
8864091
8864267
8864559
8864756
8865175
8865200
8865499
8866437
8867105
8867882
8868025
8868087
8868130
8868410
8868651
8868695
8868988
8869268
8869405
8869872
8870223
8870543
8870849
8871440
8871802
8872038
8872662
8872692
8872699
8873141
8873498
8873718
8874290
8874380
8874447
8875323
8875436
8875587
8875644
8875771
8875803
8876340
8970472
8971383
8972179
8972364
8972397
8972422
8972567
8972739
8973295
8974308
8974694
8974725
8974763
8974996
8976117
8976332
8976691
8976809
8976844
8977211
8977689
8978462
8978580
8978658
8979589
8979660
8980674
8980789
8981849
8981907
8982000
8982019
8982134
8982801
8982850
8983332
8983742
8983973
8984946
8985242
9011368
9015264
9017170
9022600
9022867
9023245
9024085
9024534
9024848
9025117
9025151
9025200
9025321
9025934
9026167
9026255
9027022
9027097
9027655
9028174
9028490
9028999
9029547
9029710
9029878
9030035
9030195
9030651
9030991
9031506
9031870
9032404
9032450
9032525
9033738
9033751
9034029
9034434
9034658
9035016
9035167
9035523
9035721
9035777
9035882
9035924
9036246
9036267
9036439
9036457
9037081
9037260
9037359
9037365
9038405
9039114
9039295
9039840
9042183
9047526
9048502
9050040
9050502
9058897
9153668
9153744
9153788
9153971
9154098
9154259
9154577
9155250
9155796
9156348
9157006
9157099
9157280
9157976
9158451
9158688
9158836
9158884
9159348
9159375
9159612
9160217
9160367
9160713
9160889
9161231
9161233
9161307
9161325
9161730
9161804
9161943
9162028
9162052
9162236
9162240
9162259
9162352
9163311
9163517
9163714
9164726
9164754
9164900
9165238
9165261
9165347
9165360
9165370
9165384
9165452
9165583
9165863
9166096
9166158
9166171
9166220
9166262
9166300
9166738
9166763
9167068
9167451
9167892
9167928
9168097
9168216
9168457
9168556
9168708
9168799
9168914
9168959
9169157
9169161
9169302
9169741
9170112
9170536
9170575
9170800
9171113
9171212
9171537
9171735
9171818
9172008
9172155
9172208
9172314
9172822
9172923
9173114
9173136
9173560
9173707
9173829
9174494
9174580
9174693
9174983
9175077
9175173
9175618
9176558
9176658
9177348
9177403
9177537
9177755
9178120
9178332
9178509
9178648
9178656
9178793
9179119
9180259
9180502
9180974
9181606
9181668
9181870
9182116
9182133
9182352
9182455
9183131
9183186
9184692
9184820
9185080
9185344
9185604
9185795
9186065
9186225
9186318
9187077
9187427
9187562
9187826
9188814
9188872
9189098
9189189
9189402
9189590
9189986
9190521
9191081
9191285
9191618
9192419
9193068
9193207
9193221
9193225
9193273
9193386
9193791
9194291
9194640
9195177
9195246
9195668
9195885
9196188
9196487
9196857
9196896
9197082
9197270
9197280
9197377
9197767
9198052
9199007
9199434
9199492
9199801
9200055
9200187
9200443
9200529
9200683
9201359
9201484
9201650
9202374
9202766
9203053
9203159
9203495
9203522
9203834
9204386
9204476
9204666
9204700
9204712
9205266
9205541
9205656
9206008
9206297
9206432
9207090
9210323
9213758
9217666
9293895
9293914
9294109
9294260
9294404
9295196
9295537
9296549
9297133
9297403
9297435
9297440
9299625
9299854
9299926
9301605
9301979
9302225
9302480
9303373
9315360
9317504
9318960
9318983
9319236
9319542
9320125
9320510
9320540
9320752
9320885
9321477
9321595
9321626
9321668
9321702
9321713
9321792
9321806
9321869
9321871
9322200
9322529
9322702
9322890
9323159
9323845
9324446
9324650
9324862
9325046
9325126
9325275
9325474
9325525
9326022
9326024
9326197
9326260
9326420
9326611
9326834
9327027
9327225
9328024
9328393
9328830
9328973
9329395
9329584
9329637
9329808
9330287
9330359
9330537
9331203
9331676
9331975
9332807
9332990
9333246
9333688
9334112
9334118
9334195
9334238
9334348
9334415
9334645
9334701
9334955
9335081
9335178
9335406
9335876
9336079
9336084
9336119
9336208
9336621
9336821
9336916
9336957
9336993
9337297
9337432
9337618
9337686
9337867
9338336
9338450
9338632
9338641
9339069
9339321
9339525
9339672
9339704
9339850
9339925
9340020
9340515
9340764
9341125
9341131
9341158
9341786
9343002
9343540
9343687
9343811
9343898
9344085
9345019
9345027
9345179
9345328
9345494
9345850
9346303
9346880
9347503
9347569
9347885
9348254
9354436
9355500
9364878
9367189
9367545
9367659
9367666
9367827
9367950
9368059
9368152
9368335
9368346
9368414
9369363
9369804
9369823
9369904
9370192
9370300
9371232
9371318
9371508
9371845
9372556
9373003
9373454
9373986
9374596
9374697
9374801
9375074
9375538
9375549
9417094
9417501
9418070
9418157
9418212
9418382
9418390
9418456
9418676
9418692
9418979
9419704
9419816
9419874
9420488
9420736
9420801
9421516
9421697
9423428
9423445
9423490
9423691
9423962
9423972
9424022
9424374
9424777
9424852
9424958
9424989
9425053
9425511
9425726
9425857
9426119
9426123
9426159
9426366
9426524
9426749
9427115
9427247
9427660
9427780
9428253
9428747
9428835
9429134
9429192
9429249
9429529
9429744
9430026
9430073
9430264
9430389
9430426
9430447
9430591
9431103
9431819
9431954
9432191
9432332
9432486
9432654
9432730
9433958
9433969
9434223
9434252
9434868
9454371
9454377
9454422
9454635
9455550
9455746
9455776
9456151
9456641
9456713
9456902
9457177
9457262
9457479
9458157
9458208
9458309
9458725
9458888
9459064
9459081
9459199
9459227
9459290
9459349
9460342
9460549
9460744
9461100
9461403
9461460
9461841
9462088
9462427
9462591
9462707
9462833
9463043
9463087
9463172
9463295
9463330
9463404
9463729
9464238
9464338
9464597
9465140
9465263
9465541
9465721
9465782
9466049
9466198
9466537
9466557
9466673
9466713
9466797
9466918
9467616
9467923
9467995
9468467
9468597
9468599
9469015
9469299
9469493
9470551
9470650
9471056
9471318
9471473
9471660
9471850
9472169
9472196
9472236
9490748
9490771
9491100
9492097
9492979
9493336
9493825
9493829
9494194
9494341
9494443
9494606
9495227
9495374
9495597
9495656
9496447
9496588
9497028
9497666
9497704
9497888
9498159
9498249
9498979
9499015
9499328
9499902
9500479
9500656
9500800
9507691
9508878
9600199
9600363
9600527
9600551
9600618
9600787
9600964
9601015
9601296
9601335
9601720
9602086
9602186
9602336
9602439
9602444
9602449
9602590
9602841
9603501
9604308
9604353
9604500
9604595
9604843
9604855
9605086
9605602
9605961
9605972
9606171
9606520
9606669
9606847
9607177
9607224
9607292
9607388
9607555
9607557
9608031
9608449
9608723
9609011
9609224
9609366
9609389
9609659
9609751
9609937
9610390
9610768
9610823
9610851
9611279
9611347
9611435
9611441
9611467
9611544
9611567
9612015
9612397
9613062
9613228
9613489
9613962
9614146
9614428
9614544
9615456
9618924
9620060
9621076
9624120
9625982
9626577
9626586
9631338
9631399
9632364
9657523
9682700
9688118
9689419
9689543
9690181
9690201
9690743
9690929
9690951
9691098
9691389
9691462
9692074
9692430
9692827
9693334
9693399
9693451
9693801
9693804
9693934
9694379
9694868
9695071
9695353
9695970
9696163
9696169
9696678
9697199
9697208
9697245
9698392
9698570
9698906
9699783
9699803
9699960
9700201
9700474
9700669
9700678
9700977
9701073
9702579
9702870
9703058
9704119
9704703
9704967
9705514
9705547
9705773
9706282
9706706
9707494
9707548
9707565
9759838
9760991
9765402
9769897
9770316
9771701
9772810
9776938
9779138
9779234
9784420
9784465
9785573
9786961
9789988
9795320
9795895
9821911
9821952
9822372
9822500
9822529
9822978
9823196
9823216
9823385
9823463
9824051
9824607
9824685
9824781
9825039
9825348
9825360
9825496
9826146
9826379
9826945
9826983
9827234
9827428
9828001
9828930
9829580
9829639
9829666
9830045
9830110
9830599
9830739
9831428
9831714
9831871
9832527
9832744
9833400
9833942
9833949
9833981
9834459
9834512
9834890
9835111
9835269
9836213
9836607
9836681
9836849
9837105
9838388
9838517
9838801
9838859
9839008
9839158
9839785
9839816
9840197
9840606
9853250
9853508
9853607
9854287
9854312
9854663
9854774
9856750
9858137
9858388
9858513
9858918
9859046
9859108
9859202
9859801
9859902
9859984
9860677
9861381
9861601
9861995
9862051
9862209
9862408
9862787
9862891
9863295
9863349
9863671
9863680
9864552
9963545
9963747
9963869
9964110
9964619
9964814
9965526
9965635
9965837
9965877
9966148
9966346
9966485
9966585
9966987
9967072
9967239
9967652
9967655
9968059
9968497
9968640
9968840
9968876
9969333
9969471
9970245
9970375
9970579
9972868
9990998
9991107
9991952
9991972
9992671
9992881
9993432
9993719
9993991
9994122
9994414
9994636
9994783
9994978
9995192
9995573
9995872
9996229
9996615
9996863
9998265
10000147
10001152
10001489
10001642
10001665
10002271
10004494
10004641
10006325
10006870
10007134
10008687
10009104
10009243
10009586
10009723
10009966
10010192
10010360
10012892
10015187
10015580
10022352
10022827
10023092
10024193
10026219
10026220
10026929
10026979
10027307
10027379
10027704
10028254
10028409
10028869
10028899
10029190
10029327
10029422
10029910
10030024
10030401
10030528
10031855
10031873
10033250
10033300
10033433
10033656
10033960
10034086
10035236
10035420
10036732
10036830
10036891
10036900
10037563
10037835
10039229
10039405
10040440
10040481
10040677
10040749
10041030
10041082
10041551
10041653
10041657
10042143
10103480
10124177
10124182
10124337
10124906
10124966
10124993
10125029
10125698
10125710
10125752
10125785
10125880
10125899
10125953
10126021
10126119
10126123
10126213
10126344
10126676
10126836
10126921
10126933
10127430
10128055
10128310
10128909
10129232
10129873
10129947
10130015
10130123
10130290
10130425
10130442
10130840
10131431
10131699
10132358
10132905
10133213
10133303
10133374
10133662
10133914
10134041
10134264
10135124
10135461
10135839
10136334
10136676
10136708
10137116
10137364
10137580
10137836
10138130
10138145
10138228
10139061
10139519
10145362
10156420
10200432
10201453
10201792
10202847
10207807
10212272
10212817
10213032
10213743
10215109
10216049
10217041
10217301
10217730
10217757
10217828
10218041
10218332
10218499
10218502
10218546
10219106
10219319
10219896
10220137
10220720
10221253
10221388
10221398
10221445
10221773
10222133
10222284
10222572
10222933
10223041
10223052
10223062
10223066
10223606
10223620
10224512
10225109
10225648
10225727
10225788
10226139
10226219
10226415
10226957
10227162
10227249
10227550
10227871
10227891
10228009
10228968
10229250
10229827
10230107
10230404
10250210
10250663
10251198
10251763
10251987
10252152
10252249
10252844
10253442
10253663
10254147
10254265
10254355
10255235
10255910
10257562
10257680
10258702
10258858
10259112
10259114
10259351
10259567
10259625
10260150
10260244
10260282
10260510
10260582
10261384
10261506
10261714
10262904
10263597
10263951
10264195
10264296
10264742
10264751
10264883
10264978
10265223
10319184
10322025
10329096
10354652
10354792
10355894
10356130
10356154
10356390
10356427
10356531
10356608
10357096
10357293
10357344
10357600
10357721
10357743
10357761
10357908
10358155
10358204
10358535
10358688
10359340
10359466
10359561
10360070
10360390
10360452
10361250
10361363
10361390
10361752
10361979
10362038
10362579
10363018
10363231
10363274
10363811
10363920
10364240
10364660
10365849
10365963
10366407
10366789
10366844
10366997
10367017
10367546
10368075
10368098
10368303
10368335
10368346
10368867
10369433
10370009
10370043
10370125
10370843
10370972
10372087
10465387
10465636
10465656
10466187
10466947
10469292
10471228
10472058
10472917
10473452
10473853
10474177
10474424
10474518
10475181
10475885
10475971
10476000
10476997
10490100
10494380
10494435
10497821
10498858
10499870
10501764
10519950
10551322
10558854
10578569
10588783
10588839
10599223
10600213
10600430
10601558
10601621
10601933
10602353
10602870
10604214
10604714
10605723
10606844
10608403
10609092
10611276
10683685
10691207
10691905
10703920
10703952
10705808
10709339
10711683
10712192
10715821
10715826
10715993
10716163
10716208
10716356
10716430
10716566
10716741
10717001
10717101
10717216
10718586
10718793
10718858
10718930
10719023
10720397
10720522
10720631
10720798
10721274
10721379
10721425
10721601
10721638
10721639
10721672
10721975
10722074
10722883
10722927
10723113
10723495
10723668
10723948
10723997
10724163
10724398
10724566
10724597
10724665
10725288
10725493
10725528
10725532
10725538
10725571
10725702
10725754
10725866
10725992
10726538
10726571
10727833
10728292
10728886
10729268
10729433
10729551
10729854
10729938
10730093
10743684
10745876
10747535
10753604
10754555
10754711
10755039
10768374
10849169
10849423
10849649
10850488
10850960
10850963
10851014
10852098
10853244
10853597
10853971
10854518
10854790
10856303
10856561
10856588
10857895
10859035
10859631
10859640
10859929
10860022
10879482
10880899
10881456
10885683
10886049
10890356
10891957
10893568
10893581
10894391
10894463
10895299
10895582
10896373
10896893
10898012
10901642
10901673
10902218
10902438
10903261
10904945
10904956
10907247
10908103
10908154
10937475
10938683
10940168
10940581
10941179
10941670
10941831
10941898
10942246
10943075
10943834
10943983
10944813
10944879
10945841
10946275
10946629
10946632
10946657
10946819
10946889
10947013
10947125
10991639
10992064
10993152
10994461
10994544
10995193
10996924
10996964
11000425
11000657
11020141
11020326
11020802
11021401
11021787
11022983
11023234
11023248
11023299
11024172
11024427
11024653
11024722
11024847
11024865
11024922
11025129
11025365
11025417
11026116
11026508
11026697
11027160
11027284
11027497
11027736
11027883
11028469
11028630
11028900
11029072
11029533
11029690
11029787
11029858
11030130
11030669
11031411
11031604
11031842
11032890
11032978
11033165
11033191
11033402
11033455
11034099
11034834
11035303
11035429
11035592
11035712
11036136
11036700
11036824
11036932
11036985
11037229
11037626
11037734
11038050
11038728
11039275
11039321
11039558
11040325
11040418
11040522
11040890
11040916
11040924
11041216
11041561
11041793
11041829
11042160
11043961
11044187
11044522
11044564
11045475
11046758
11048007
11048491
11049704
11054439
11054530
11055994
11085908
11086069
11087122
11087354
11087647
11087698
11087999
11088085
11088538
11088635
11088648
11088688
11089001
11089328
11089789
11090010
11090090
11090190
11090831
11091022
11091198
11091356
11091899
11092214
11093203
11094364
11094831
11095103
11095434
11095524
11095650
11095926
11096518
11096573
11096908
11098269
11098270
11098300
11098348
11098381
11098426
11098550
11098881
11099054
11099316
11099460
11099923
11100786
11100858
11100896
11100996
11197944
11198110
11198449
11198658
11198817
11199402
11199403
11199966
11200013
11200673
11200796
11201164
11201452
11201479
11201530
11201540
11201592
11201761
11201929
11202269
11202368
11202498
11203567
11203852
11203942
11204001
11204205
11204295
11204924
11205032
11205142
11205400
11205403
11205443
11205451
11205712
11205756
11206556
11206579
11206677
11206965
11207122
11207333
11207340
11207360
11207601
11208150
11208830
11208920
11209431
11209529
11209572
11209791
11210043
11210087
11210264
11210303
11210599
11210868
11211196
11211284
11211709
11211948
11211975
11211994
11212373
11212593
11212623
11212635
11212808
11213197
11213236
11213453
11213454
11213498
11213530
11213763
11213797
11213895
11213905
11213958
11214186
11214244
11214257
11214878
11214929
11215461
11215488
11215635
11254526
11260194
11260479
11366773
11367196
11367784
11368163
11368410
11369604
11370256
11371278
11371422
11372827
11373690
11374299
11374907
11376097
11377148
11377654
11378499
11379095
11379240
11380249
11380456
11381757
11381785
11381831
11382079
11382820
11383012
11383987
11384078
11384400
11384409
11384466
11384629
11384727
11385334
11385433
11385852
11386420
11386663
11387314
11387470
11387858
11388312
11388428
11389622
11390072
11390708
11392249
11392297
11392345
11393480
11393542
11395485
11395938
11396073
11397232
11398172
11400217
11401211
11401393
11401948
11402230
11402242
11402316
11402406
11402505
11402831
11403197
11403400
11403620
11403975
11403991
11404131
11405962
11406832
11407171
11407426
11407544
11407703
11408002
11408184
11409983
11410771
11411057
11411104
11411614
11412089
11412177
11412335
11412415
11412789
11412952
11412998
11413487
11413761
11414551
11414651
11415752
11416073
11416386
11416440
11416781
11417121
11417269
11417316
11417431
11417630
11417874
11418145
11418420
11418446
11418460
11418556
11418631
11418989
11419055
11419559
11420039
11420216
11420274
11420320
11421076
11422798
11422932
11422979
11423278
11424348
11424830
11424982
11425350
11425971
11426902
11426914
11427473
11428295
11428837
11429118
11429423
11429478
11429634
11430393
11430709
11432368
11432440
11432796
11433553
11433555
11433965
11467735
11468251
11468395
11468632
11469801
11470641
11470871
11471000
11471061
11471359
11472088
11472186
11472358
11472508
11472546
11473210
11473324
11473504
11473546
11473596
11473597
11473825
11474182
11474933
11475159
11475734
11477047
11477503
11477954
11478291
11478295
11478800
11479102
11479730
11479856
11480709
11482535
11483038
11483413
11483867
11484318
11485310
11485344
11485822
11488154
11488347
11488935
11489596
11489648
11489651
11489971
11490613
11490975
11491538
11492112
11492181
11492434
11492606
11493374
11493377
11493628
11493833
11493879
11494463
11494467
11495174
11495669
11495822
11496189
11496201
11497022
11498316
11498318
11498968
11499665
11500547
11500658
11501454
11502222
11502338
11502578
11502841
11502861
11503699
11504197
11504839
11504928
11505004
11506504
11507877
11508209
11509433
11509671
11509682
11509975
11510551
11511495
11544111
11544578
11544757
11545653
11546838
11546994
11548030
11549768
11549909
11551546
11552090
11552757
11552992
11553302
11554381
11554454
11555022
11555593
11555866
11555925
11556557
11557776
11559069
11559422
11559516
11598503
11598664
11599402
11599662
11600026
11600109
11600136
11600438
11600700
11601113
11601263
11601431
11601592
11602181
11602411
11602666
11602794
11602808
11602850
11602913
11603096
11603109
11603202
11603542
11603659
11603963
11604040
11604150
11604264
11604436
11604495
11604817
11605099
11605211
11605937
11606009
11606069
11606360
11606715
11607046
11607339
11607446
11607682
11607736
11607988
11608004
11608176
11608265
11608399
11608512
11608738
11609362
11610384
11610540
11610736
11610801
11611186
11611188
11611329
11611359
11612004
11612177
11612392
11612570
11613190
11613563
11613970
11614162
11614244
11614406
11614440
11615212
11615779
11616308
11659891
11660587
11661238
11661358
11661376
11661631
11662154
11662160
11662277
11662732
11662937
11663081
11663097
11663273
11663278
11663683
11663927
11664050
11664063
11664130
11664186
11664201
11664734
11664866
11665005
11665806
11665912
11666239
11666242
11666332
11666842
11667142
11667505
11667521
11667537
11667713
11667718
11668030
11668226
11668503
11668549
11668623
11669238
11669515
11669704
11669854
11669904
11670479
11670554
11671225
11671307
11671751
11671930
11671966
11672365
11672484
11672601
11672843
11672847
11672995
11673279
11673586
11673798
11673818
11673989
11674055
11674247
11674860
11675086
11675303
11675691
11675905
11676200
11676225
11676426
11677029
11677040
11677195
11677304
11677685
11677748
11678467
11678644
11678877
11679032
11679997
11696027
11718674
11724750
11726421
11727697
11745885
11749105
11749761
11749852
11756560
11758106
11758930
11759231
11760645
11761434
11762751
11764167
11765214
11767547
11769211
11787996
11788887
11792301
11795602
11796085
11796944
11800593
11800896
11805100
11825846
11826085
11826094
11826509
11826520
11826558
11826714
11826739
11826779
11827082
11827157
11827196
11827392
11827581
11827617
11827904
11828111
11828112
11828785
11828953
11829144
11829314
11829468
11831224
11831225
11831269
11831296
11831776
11832126
11832161
11832279
11832833
11832911
11833004
11833586
11833643
11834057
11834128
11834289
11834297
11834418
11834535
11835280
11835432
11835924
11835990
11836045
11837422
11837453
11837700
11838364
11838517
11838582
11838953
11839239
11839388
11839469
11839491
11839495
11839516
11839841
11840020
11840402
11840761
11841295
11841572
11841628
11841816
11842689
11843502
11843774
11843990
11844272
11844328
11844475
11844510
11847000
11891003
11891486
11891801
11892828
11892978
11893430
11893601
11893764
11894041
11894409
11894957
11895074
11895122
11897272
11898171
11898256
11899324
11899436
11899661
11899887
11900447
11900520
11900828
11901054
11901183
11901801
11902304
11902402
11902432
11903043
11905086
11905246
11905416
11907164
11908972
11935741
11936296
11936770
11936893
11937511
11938488
11938520
11938979
11939002
11939082
11939385
11941982
11942144
11943980
11944911
11945261
11945985
11946882
11947064
11947342
11947615
11948694
11948824
11949130
11949242
11950479
11950555
11952650
11955215
11955261
11955393
11955531
11955582
11955590
11955912
11955913
11955964
11955976
11956014
11956136
11956266
11956305
11956553
11956792
11957000
11957222
11957520
11957573
11957846
11958518
11958734
11958814
11959085
11959415
11960027
11960419
11960474
11960622
11960706
11961267
11961426
11961808
11961928
11962029
11962394
11962440
11962586
11962729
11963183
11963193
11963596
11963741
11964544
11964732
11964860
11965095
11965171
11965511
11965538
11965780
11965955
11965958
11966030
11966081
11966123
11966233
11966262
11966460
11966630
11967252
11967337
11967439
11967466
11967595
11967765
11968408
11968758
11968821
11968884
11968931
11969618
11969966
11969970
11970032
11970150
11970344
11971064
11971211
11972054
11972066
11972781
11972803
11973073
11973107
11973941
11986664
11993455
11993467
11994391
11994659
11995527
11995811
11996905
11997284
11998133
11998313
11998406
11998428
11998552
11999327
12000384
12001548
12005771
12009346
12014349
12019682
12019968
12022093
12056099
12090627
12091529
12091628
12092171
12092248
12092467
12093525
12093659
12093669
12094063
12094084
12094882
12095968
12096660
12096786
12097213
12097409
12097559
12098735
12099133
12099322
12099401
12099768
12099803
12100074
12100076
12100551
12100723
12101146
12101289
12101386
12101578
12101733
12101991
12102520
12102558
12102821
12102901
12103220
12103287
12103615
12103680
12103706
12104732
12104829
12104915
12105083
12106137
12106952
12106988
12107331
12107503
12108052
12109355
12109417
12109623
12110021
12110658
12110915
12111416
12111873
12111971
12112135
12112328
12112412
12112470
12113149
12113246
12113300
12113406
12113822
12113916
12114075
12114123
12114275
12114328
12114656
12114914
12115086
12115694
12115844
12116068
12116201
12116286
12116316
12116350
12117546
12117590
12117656
12117664
12118354
12118663
12118931
12119168
12119366
12119994
12120125
12120246
12120703
12121370
12121488
12121753
12121966
12122126
12122144
12122201
12123084
12123168
12123261
12123457
12123675
12123722
12123866
12123931
12124667
12124883
12125424
12125500
12125636
12125788
12126274
12126361
12126551
12127044
12127051
12127088
12127317
12127332
12127686
12127703
12127898
12128105
12128166
12128180
12131192
12269745
12270198
12270293
12270657
12270820
12270900
12271307
12272041
12272294
12272309
12272377
12272627
12273061
12273158
12273380
12273804
12274287
12274742
12274744
12274884
12275265
12275284
12275607
12275726
12276282
12276484
12277036
12277666
12277696
12278192
12278200
12278579
12278968
12279167
12279191
12280521
12280572
12280705
12280820
12280945
12280952
12281048
12281652
12281881
12282407
12282887
12283161
12283511
12283657
12283712
12283733
12283818
12283880
12283979
12284154
12284436
12284629
12284778
12284783
12284997
12285000
12285289
12285626
12286156
12286235
12286537
12286996
12287195
12287345
12287436
12287604
12288676
12289011
12289716
12290821
12290849
12291176
12291613
12291764
12292946
12293124
12293839
12294806
12294895
12295157
12295664
12296005
12296040
12296402
12296583
12296601
12296657
12297901
12337409
12352677
12352983
12353053
12353542
12353785
12353958
12354152
12356175
12356323
12356402
12356852
12357529
12357545
12357830
12358645
12359112
12359922
12359923
12359982
12360709
12360714
12361173
12361396
12361785
12361807
12362996
12364864
12364999
12365015
12365069
12365323
12366029
12366064
12366718
12367067
12367484
12370896
12376772
12380573
12381336
12385314
12388095
12392024
12399589
12399674
12399700
12399821
12399829
12400259
12400513
12400875
12401673
12401759
12401932
12402790
12403406
12403502
12403830
12404558
12404678
12404838
12405057
12405108
12405435
12405499
12405900
12405946
12406532
12406552
12406638
12406735
12407154
12407391
12407496
12408368
12408410
12408866
12408907
12409040
12409056
12409208
12410634
12410837
12410841
12411062
12411201
12411341
12411855
12411860
12412045
12412063
12412132
12412481
12412539
12412550
12413241
12413482
12413804
12414081
12414378
12414447
12414736
12414758
12415063
12415280
12415545
12416139
12416372
12416617
12416853
12416904
12417484
12417549
12417759
12417968
12417980
12418263
12418271
12418288
12418316
12418766
12419667
12419890
12420427
12420518
12420709
12420712
12420909
12420997
12421059
12421445
12421980
12422388
12422657
12422738
12422852
12422919
12423029
12423442
12423816
12424051
12424260
12424310
12424330
12424750
12424907
12425314
12426117
12427047
12427095
12427262
12427521
12427605
12428003
12428182
12428511
12428559
12428916
12429000
12429102
12429799
12430045
12430270
12434900
12449736
12450951
12450987
12451034
12451205
12451272
12451333
12451442
12451448
12451683
12451804
12451899
12451966
12452008
12452236
12452532
12452877
12452968
12453364
12453536
12453652
12453667
12454597
12454715
12454894
12455076
12455119
12455839
12455849
12456011
12456353
12457504
12457547
12457748
12458593
12458690
12458996
12459200
12459263
12459471
12459553
12460209
12460279
12460528
12461061
12461449
12461773
12462610
12462803
12463234
12463249
12463371
12463910
12464257
12464420
12464723
12465020
12465102
12466026
12470987
12655610
12686150
12686990
12687006
12687092
12687264
12687586
12688071
12688076
12688726
12688728
12688938
12689709
12689791
12690039
12690117
12690333
12690610
12691017
12691023
12691635
12691968
12692121
12692276
12692278
12692299
12692438
12693116
12693268
12693387
12693415
12693442
12693524
12694016
12694292
12695049
12695176
12695324
12695411
12695461
12695654
12695742
12696260
12696333
12696405
12696436
12696841
12696923
12696931
12697169
12697680
12697754
12698075
12698104
12698540
12698694
12698703
12698994
12698997
12699364
12699543
12699760
12700054
12700143
12700322
12700429
12700503
12700536
12702478
12751766
12751851
12751897
12752419
12752717
12752996
12753512
12754034
12754698
12754800
12755851
12756402
12756722
12756812
12756944
12757276
12757625
12759134
12759627
12759842
12760734
12761244
12761416
12761868
12762630
12763905
12764347
12764552
12766361
12767184
12787789
12910462
12910577
12910750
12910765
12911421
12911786
12911990
12912216
12912467
12912626
12912715
12913202
12913205
12913748
12914033
12914407
12914794
12914826
12914921
12914931
12915380
12915408
12916571
12916659
12916998
12917108
12917781
12918496
12918634
12918677
12919352
12919761
12919995
12920086
12920499
12920522
12920969
12921133
12921335
12921449
12921514
12925150
12939220
12939809
12941016
12941092
12941256
12941533
12941989
12942392
12942493
12942594
12943647
12943684
12943875
12943958
12944134
12944287
12945018
12945784
12945952
12946281
12946557
12946719
12946917
12947107
12947354
12948209
12948491
12948745
12949493
12949496
12949836
12950200
12950400
12950417
12950435
12950895
12950998
12951032
12951755
12951856
12952922
12990024
12990135
12990178
12990213
12992019
12992184
12992803
12992898
12993170
12993317
12993705
12993707
12994535
12994976
12995233
12995274
12995766
12996066
12996356
12996376
12996702
12997109
12997429
12997584
12997907
12998695
12998770
13001039
13159008
13165363
13165902
13166445
13166576
13168709
13170695
13171162
13171368
13171436
13171677
13172175
13173162
13192908
13197141
13205557
13215534
13291050
13294133
13326133
13326407
13327969
13328605
13328615
13328679
13329419
13329471
13329938
13330157
13330428
13330675
13330825
13330976
13331018
13331205
13331539
13331550
13331904
13333025
13333041
13333138
13334360
13334399
13334734
13334761
13335161
13335739
13338939
13374493
13375096
13376460
13376474
13381199
13382065
13382859
13384168
13384480
13384581
13386544
13387027
13387456
13388109
13396209
13432672
13432943
13434552
13435258
13438157
13456372
13456531
13457215
13457415
13457556
13457992
13458060
13458195
13458843
13458891
13459315
13459839
13459980
13460025
13460383
13461185
13461371
13461743
13461797
13462759
13462825
13463148
13463347
13463411
13463554
13463580
13463872
13464227
13464277
13464535
13464826
13465035
13465104
13465370
13465663
13465943
13466239
13466283
13467931
13468477
13492277
13492872
13493606
13493935
13495367
13495514
13495564
13495603
13496628
13497081
13497335
13497452
13497727
13498636
13498917
13499652
13499805
13500281
13500410
13500746
13501066
13501623
13502005
13502118
13502180
13503081
13503557
13504422
13505228
13505360
13505670
13505971
13506361
13506833
13506985
13507776
13508852
13509458
13522638
13522643
13523542
13523547
13524203
13524546
13524606
13525122
13525350
13525794
13526174
13526344
13526523
13526879
13526921
13527215
13527242
13527512
13527899
13527923
13528121
13528944
13529131
13529422
13529469
13529982
13530043
13530088
13530461
13530749
13530814
13530862
13531024
13531161
13531289
13531754
13531774
13532132
13533079
13533253
13533701
13533723
13533789
13533852
13533919
13539433
13548586
13548704
13548813
13548873
13548914
13549263
13549385
13549460
13550025
13550103
13550594
13550662
13550710
13551189
13551339
13551999
13552406
13553333
13553345
13553640
13554168
13554601
13554966
13555048
13555475
13555564
13556011
13556060
13556107
13556180
13556491
13556915
13557396
13557420
13557591
13557620
13557791
13558251
13558644
13558865
13559845
13560281
13560290
13560783
13562254
13562511
13563010
13563109
13563496
13563633
13563955
13564007
13564029
13564157
13564513
13565032
13565064
13565191
13565640
13566074
13566075
13566530
13567110
13567197
13567483
13567486
13567992
13568083
13568277
13568607
13568841
13568942
13568988
13569264
13569408
13570613
13570779
13570863
13570933
13571381
13571475
13571652
13571749
13572355
13572635
13572662
13572884
13573227
13573730
13573847
13574074
13574197
13574433
13574644
13574914
13574949
13575351
13575366
13575570
13575768
13575963
13576138
13576348
13576878
13576945
13577012
13577273
13577448
13578070
13578400
13578411
13578445
13578464
13578596
13579131
13579452
13579906
13580589
13580651
13580862
13581974
13582012
13582105
13582122
13582808
13583600
13590515
13590602
13591493
13592014
13596018
13600458
13600798
13626066
13626482
13626640
13626824
13627447
13627623
13627754
13627799
13628114
13629068
13629935
13630629
13630650
13630770
13630887
13630936
13630990
13631045
13631082
13631890
13632444
13632580
13632924
13633130
13633434
13633471
13633639
13633687
13634121
13634284
13634296
13634531
13634805
13634926
13635566
13635812
13636341
13636737
13792453
13792511
13799088
13901685
13901902
13902170
13902374
13902731
13902970
13903117
13903211
13903344
13903482
13904012
13904499
13904502
13904568
13904583
13905163
13905185
13905271
13905298
13905508
13905759
13905950
13906358
13906887
13906898
13907181
13907264
13908257
13908776
13909062
13909137
13909561
13910203
13910777
13910800
13911073
13911476
13911821
13911949
13912374
13912864
13912927
13913118
13913386
13913591
13913669
13913860
13914025
13914034
13914238
13914955
13915201
13915989
13916182
13916244
13916492
13916696
13917304
13920873
13921335
13924276
13924417
13934145
14166537
14166655
14167535
14167725
14168136
14168491
14168537
14168657
14168745
14169230
14169506
14169614
14169819
14170245
14170287
14170687
14170738
14171489
14171600
14171798
14172249
14172972
14173133
14173599
14174392
14174525
14175473
14175939
14176144
14176255
14176731
14177212
14177461
14177994
14178072
14178143
14178257
14178385
14178388
14178508
14179570
14179761
14180304
14180699
14181067
14181289
14181549
14183293
14183414
14183603
14183927
14184308
14184514
14184765
14184766
14186052
14186104
14186626
14187827
14187899
14188950
14189286
14189859
14190566
14192921
14193503
14193660
14193969
14195279
14195798
14196286
14197353
14198759
14215060
14216553
14216715
14216841
14217636
14217745
14218152
14218790
14218934
14219459
14219657
14220568
14220615
14220787
14221034
14221216
14221340
14221921
14222021
14222408
14222771
14223245
14223420
14223467
14224452
14224744
14224746
14224829
14225547
14225750
14225906
14226517
14226563
14227867
14228725
14229288
14229675
14229839
14230661
14231144
14231908
14232091
14232878
14233946
14234021
14234948
14235020
14235145
14238038
14239133
14239784
14240714
14241122
14241550
14241573
14241624
14242148
14242741
14243057
14243096
14243193
14244224
14244656
14244922
14247974
14248026
14263451
14263483
14263832
14263860
14263971
14264142
14264162
14264480
14265445
14265973
14266089
14266553
14266797
14267090
14267815
14267882
14268600
14268628
14268735
14269043
14269089
14269360
14269396
14269429
14269967
14270187
14270328
14270605
14271616
14271690
14272121
14272136
14272226
14272587
14272668
14272698
14272702
14272761
14272944
14272998
14273056
14273098
14273421
14273883
14273982
14274159
14275254
14275358
14276274
14276495
14276704
14277070
14277314
14277415
14277685
14277802
14277919
14278952
14279664
14301183
14305454
14337461
14337474
14340655
14340877
14354310
14354617
14354841
14355074
14355535
14355898
14356052
14356272
14356288
14357318
14357973
14358488
14358853
14358949
14359911
14360433
14360720
14360738
14360766
14360776
14360950
14361835
14362397
14362598
14363199
14363418
14363445
14363599
14363724
14363938
14364109
14364382
14364653
14365397
14365729
14365891
14365923
14366018
14366750
14366897
14367403
14367760
14367784
14368070
14368703
14369111
14370495
14370947
14371330
14371332
14374194
14376529
14382720
14383096
14383520
14383757
14383856
14383942
14384465
14384809
14385025
14385197
14385427
14385594
14385674
14385905
14385961
14385972
14386740
14386859
14386937
14386947
14387430
14388158
14389208
14389440
14390267
14390439
14391442
14391735
14391877
14392069
14392769
14393065
14393617
14393623
14393800
14395198
14395687
14396542
14396932
14397253
14397660
14398282
14398466
14398561
14398819
14399042
14399140
14399331
14399621
14399745
14399849
14402388
14405507
14447651
14523300
14531366
14532027
14532414
14533130
14538682
14538783
14539660
14541149
14541429
14542521
14542527
14544613
14547465
14547846
14549707
14593126
14593127
14593141
14594397
14595034
14595061
14595707
14596033
14597468
14598810
14599734
14599794
14599828
14603057
14603444
14603725
14603758
14604229
14604896
14604917
14605030
14605423
14605473
14605569
14605723
14606055
14606160
14606300
14606638
14607206
14607692
14607937
14608180
14608339
14608466
14608609
14608624
14609113
14609622
14609709
14610076
14610250
14610334
14610825
14610932
14611000
14611069
14611469
14611608
14611958
14611961
14612169
14612212
14612303
14612391
14612493
14613348
14613649
14613786
14613876
14613914
14614141
14614353
14614995
14615227
14615257
14615371
14615458
14615672
14616430
14617364
14618037
14620979
14625867
14628239
14630624
14634363
14641066
14694500
14694516
14695071
14695495
14695533
14696187
14696216
14696575
14697024
14697056
14697063
14697308
14697422
14697914
14698058
14698390
14698554
14698576
14699296
14699747
14699816
14699915
14699928
14699953
14700059
14700520
14700563
14700717
14701233
14701279
14701400
14701723
14701800
14701969
14702056
14702145
14702315
14702824
14703153
14704561
14704908
14705165
14705501
14705602
14705810
14705815
14706609
14707218
14707501
14707575
14707753
14707876
14707909
14708308
14708599
14708860
14709100
14709171
14709368
14709873
14710783
14715282
14723300
14723539
14723781
14725201
14725455
14728779
14729629
14730988
14732196
14732225
14733440
14733779
14734195
14735194
14735760
14742983
14766304
14766515
14766531
14766719
14767186
14767285
14767433
14767827
14768071
14768161
14768206
14768413
14768879
14768972
14769206
14769764
14769827
14769956
14770146
14770201
14770256
14770421
14770645
14770708
14771106
14771915
14772033
14772199
14773148
14773641
14773764
14774000
14774406
14774749
14775030
14775548
14814405
14841608
14842931
14843089
14844004
14848950
14851263
14852863
14853285
14853842
14854487
14856318
14894164
14895300
14895976
14895988
14896038
14896049
14896878
14897088
14897324
14897340
14897366
14897427
14897536
14897674
14897985
14898474
14898476
14898750
14899080
14899732
14899994
14900290
14900685
14900691
14900780
14900847
14901003
14901208
14901298
14901949
14901968
14901992
14901998
14902279
14902633
14902759
14903352
14903441
14903505
14903518
14903854
14904828
14904937
14904971
14906136
14906208
14906327
14906817
14906818
14907191
14907212
14907420
14910412
14941815
14941918
14942232
14942238
14942478
14942757
14943552
14944236
14944304
14944717
14944790
14944821
14944996
14945145
14945152
14945205
14945550
14945601
14945686
14946467
14946544
14946549
14946572
14946706
14946718
14946750
14946783
14946876
14947001
14947011
14947280
14947427
14947538
14947753
14948040
14948322
14948373
14948542
14949333
14949631
14950556
14950605
14951181
14951305
14951934
14951995
14952349
14952401
14952534
14952748
14953044
14953189
14953226
14953683
14954084
14954167
14954232
14954509
14954731
14954949
14955492
14955685
14955997
14956272
14957346
14957356
14957506
14957661
14957932
14958396
14958500
14958525
14958630
14958634
14958643
14958644
14958676
14958862
14959231
14959468
14959760
14960234
14960350
14960432
14960743
14960885
14963301
14964329
14999007
14999075
15000732
15001613
15001643
15001751
15002706
15003454
15004068
15004930
15005456
15006085
15008216
15008255
15008352
15008851
15010870
15010923
15011121
15011305
15012200
15013354
15014242
15014749
15015228
15016367
15016861
15017001
15017602
15020424
15021637
15090299
15090426
15098668
15098910
15102099
15103697
15105142
15107050
15107933
15112535
15206988
15208882
15210497
15210931
15213862
15219697
15222269
15241911
15244069
15244309
15250116
15250589
15251299
15251596
15324012
15324217
15324382
15328315
15329893
15333727
15419905
15420090
15420309
15420311
15420552
15421572
15422154
15422658
15422804
15422843
15423898
15424103
15424221
15424436
15424673
15424796
15424993
15425051
15425384
15425576
15426224
15426267
15426333
15426339
15426565
15426956
15427284
15427424
15427654
15427903
15427921
15428582
15428847
15429010
15429057
15429075
15429113
15429432
15429713
15429764
15430047
15430335
15430820
15436535
15448565
15449379
15450286
15452052
15452896
15453976
15454577
15457272
15458421
15460018
15460579
15461064
15461123
15461465
15461901
15462017
15462042
15462586
15463362
15463396
15464688
15465270
15466335
15466804
15466828
15467071
15467797
15468123
15468572
15469101
15469244
15469464
15469615
15469962
15471704
15472174
15472368
15472626
15473680
15473893
15474396
15474932
15476336
15476530
15476921
15477770
15478005
15478337
15478829
15479469
15479895
15480086
15480557
15482024
15482585
15484462
15485424
15485513
15485932
15486991
15487852
15488847
15489963
15492643
15541109
15562894
15563125
15563660
15563812
15564005
15565471
15566752
15567998
15569374
15569819
15571821
15574667
15577434
15585091
15629422
15654853
15655041
15655122
15656361
15658815
15659001
15660719
15661128
15661188
15663330
15663652
15665958
15669426
15670253
15670456
15670725
15683440
15683655
15684052
15684059
15684073
15685695
15686230
15686578
15687759
15688929
15689154
15689270
15689796
15690022
15690822
15691225
15691332
15691395
15692364
15692584
15693154
15693202
15693263
15693279
15693341
15693383
15693689
15693739
15693753
15693841
15694386
15694554
15694624
15695282
15695354
15695364
15695800
15696336
15696339
15696405
15696910
15697293
15699929
15700184
15705440
15705613
15705627
15706201
15706514
15707885
15708560
15709958
15713559
15763668
15764332
15775776
15775853
15776225
15776523
15777157
15777425
15777461
15777651
15777872
15777951
15778241
15778662
15779088
15779628
15779696
15779832
15779884
15780587
15780937
15781583
15781595
15781754
15781864
15781969
15782370
15782610
15782697
15783187
15783456
15783609
15783765
15783945
15784098
15784210
15784213
15784618
15785529
15785858
15786881
15808205
15819782
15828535
15834304
15834421
15835010
15837285
15837738
15839038
15843502
15843762
15845279
15845967
15846477
15847260
15848329
15848374
15849033
15849574
15849838
15850031
15850085
15850289
15850832
15850864
15850878
15850908
15851444
15852720
15853271
15854374
15854648
15854725
15854821
15854880
15854887
15855108
15855161
15855422
15855458
15855901
15856180
15857275
15857290
15857396
15857583
15858032
15858214
15858528
15858956
15860123
15860193
15861624
15866157
15893234
15893341
15894006
15894442
15895450
15895727
15896682
15897303
15897584
15900518
15900583
15900777
15900845
15901189
15901451
15901687
15902028
15902513
15902955
15903028
15903563
15903808
15904186
15904759
15906031
15906479
15907049
15907497
15908473
15909312
15909376
15909439
15909467
15909873
15910929
15911248
15911421
15911777
15911942
15912058
15912217
15912496
15912546
15912547
15912878
15913764
15913826
15914152
15914211
15914266
15914361
15914554
15914599
15914841
15915172
15915232
15915300
15915402
15915791
15915992
15916701
15917362
15917512
15918433
15918750
15919022
15919427
15920143
15920312
15920549
15920575
15921045
15921863
15921943
15922043
15922191
15922260
15922557
15922768
15922875
15923060
15924154
15924411
15927485
15928495
15956016
15958148
16027074
16028359
16028913
16029230
16030506
16032043
16032200
16032451
16034437
16034653
16034902
16035767
16038598
16040771
16051551
16139213
16139559
16141262
16143263
16144035
16145448
16145499
16147101
16147905
16149088
16151629
16151660
16152620
16153701
16153770
16154107
16157496
16163466
16176498
16179762
16183893
16184727
16197153
16324975
16325153
16325462
16325470
16325541
16325551
16326069
16326468
16326594
16326685
16327323
16327524
16327563
16328118
16328243
16328458
16328748
16328803
16328967
16329027
16329385
16329428
16329485
16329581
16329717
16329810
16329991
16329998
16330200
16330290
16330502
16330600
16331677
16331745
16331911
16331994
16332046
16332703
16332907
16333635
16334227
16334335
16336820
16337850
16337971
16338021
16338364
16339600
16341724
16342192
16408906
16408936
16409164
16409283
16409537
16409559
16409674
16410603
16411054
16411379
16411386
16411668
16412737
16412828
16413114
16413236
16413685
16414854
16416868
16417516
16417537
16417641
16417713
16417949
16418304
16419471
16422422
16422564
16429323
16432297
16432441
16451254
16451543
16452354
16454853
16455146
16456528
16457002
16457090
16458332
16459542
16459835
16460710
16464198
16482480
16505185
16511601
16514265
16514616
16520345
16693833
16695703
16695810
16695990
16696170
16696417
16696548
16696901
16697635
16699029
16699260
16699785
16699944
16699957
16700422
16700543
16700713
16702028
16702088
16702317
16702381
16702891
16703019
16703119
16703184
16703414
16703662
16703947
16704108
16704113
16704934
16704960
16705377
16705446
16705634
16706408
16706778
16706907
16707226
16707410
16707835
16708079
16708288
16708642
16709073
16709560
16709676
16709685
16709775
16710371
16711855
16714391
16780282
16784494
16785643
16787850
16797689
16816736
16817211
16818812
16819504
16819671
16819827
16820833
16822002
16822154
16822934
16826092
16827224
16827734
16829310
16832583
16833714
16851157
16919482
16920456
16922710
16923548
16924017
16928620
16929515
16930486
16931666
16931785
16932644
16934579
16936138
16936412
16938131
16938908
16939004
16939379
16940058
16940700
16941095
16942166
16945797
16947238
16948395
16951151
17049312
17049826
17051277
17052338
17052732
17053458
17053583
17053732
17054890
17054961
17056848
17058290
17058498
17060050
17060230
17060583
17061410
17062453
17062621
17062795
17063070
17063206
17063777
17064539
17064605
17065926
17066019
17066632
17066820
17067371
17067590
17067935
17068164
17068813
17070294
17070663
17070701
17071032
17071648
17071803
17072192
17072727
17092401
17148730
17156767
17213095
17219377
17220635
17239552
17240671
17240700
17241005
17241624
17242380
17242952
17243322
17243623
17246254
17246830
17247002
17247651
17248871
17249500
17249723
17251369
17251785
17252857
17253640
17254207
17254880
17256018
17257897
17257966
17259418
17260256
17260374
17261531
17261718
17262598
17263877
17264337
17264589
17265561
17265982
17266164
17267957
17268357
17268612
17269638
17270437
17270735
17270961
17272313
17273520
17276730
17280193
17293113
17293503
17293594
17294193
17294351
17294568
17295787
17296288
17296667
17297681
17297985
17298440
17299168
17300256
17300652
17300756
17300921
17301254
17302061
17303282
17304300
17304418
17304576
17305168
17310352
17311472
17357614
17501979
17502470
17503049
17506023
17506269
17506785
17506910
17507198
17507438
17507446
17507735
17509034
17510709
17512786
17513574
17521134
17553278
17553364
17561210
17567731
17596165
17596312
17596766
17596950
17598684
17599244
17600453
17600513
17600573
17601142
17602574
17603660
17603680
17603908
17604453
17604726
17604757
17604773
17610822
17610935
17643859
17643972
17644001
17644003
17644698
17644827
17645541
17645981
17646203
17646581
17646615
17646960
17647135
17647150
17647261
17647502
17647822
17648229
17648260
17648624
17648654
17648824
17649523
17649766
17650850
17650867
17650902
17651192
17651256
17651494
17651673
17651694
17651999
17652430
17652608
17652801
17652856
17652935
17653174
17653386
17653661
17653732
17654028
17654095
17654446
17654678
17654738
17655067
17655144
17655262
17655492
17655504
17655738
17655995
17656042
17656075
17656165
17656290
17656643
17657105
17657221
17657319
17657457
17657507
17657803
17658340
17658396
17658957
17659189
17659216
17659478
17660050
17660509
17660657
17660684
17660980
17661111
17665521
17667203
17667845
17676778
17676793
17678183
17678187
17678310
17678398
17678720
17680032
17680127
17680507
17680616
17681675
17682223
17682314
17683164
17683661
17683946
17684452
17684470
17684596
17684968
17685375
17685719
17691740
17695940
17697805
17705541
17743555
17751412
17776828
17777841
17779602
17779978
17780683
17782280
17782640
17782961
17785107
17785189
17785747
17786082
17787030
17789481
17790951
17914916
17915129
17963184
17964533
17964790
17967664
17967740
17968018
17968282
17976166
17976236
18013038
18013387
18013703
18014606
18015630
18015641
18015738
18015984
18016647
18016776
18016862
18018385
18018409
18018813
18018816
18018826
18019227
18019682
18019962
18019988
18020445
18020645
18021209
18021265
18021608
18021860
18022504
18022607
18022804
18022875
18025244
18025636
18025895
18025911
18026292
18026300
18026488
18028125
18029231
18029761
18042950
18043840
18044759
18045779
18046162
18046199
18047743
18048914
18049287
18049572
18050630
18050760
18051438
18051859
18052073
18052316
18052993
18053007
18053516
18053846
18053978
18054066
18055348
18055390
18056242
18057780
18058439
18058461
18058546
18060947
18063036
18064666
18064869
18067793
18070293
18070485
18070604
18070846
18073732
18073938
18084975
18090671
18092153
18092331
18092724
18093233
18093698
18093942
18094268
18094550
18095030
18095358
18095371
18095421
18095743
18095998
18096074
18096241
18096316
18096488
18096543
18096609
18096698
18096876
18096941
18097167
18097212
18097282
18097382
18097629
18097657
18098057
18098845
18098914
18099246
18099291
18099776
18099996
18100565
18100635
18100660
18101321
18101860
18102243
18102593
18102596
18102822
18103615
18103714
18103761
18103800
18103992
18104214
18105505
18106120
18111258
18145656
18155023
18188086
18188585
18188655
18188662
18188885
18188903
18189298
18189545
18189682
18189848
18190299
18190742
18190760
18190817
18190956
18191042
18191211
18191365
18191705
18192057
18192069
18192614
18192756
18192790
18192932
18192980
18193169
18193251
18193312
18193360
18193990
18193999
18194106
18194524
18194565
18194804
18195029
18195262
18195410
18195518
18195939
18195940
18196387
18197315
18198007
18198576
18198904
18198907
18199767
18200638
18204934
18206598
18207256
18218604
18274661
18332942
18333421
18334704
18335015
18335137
18335888
18337378
18337745
18338591
18338939
18339259
18339716
18339961
18340483
18341033
18341873
18342229
18343002
18343367
18343534
18343582
18343681
18344210
18344219
18344416
18344519
18344601
18345168
18345580
18348161
18348376
18348387
18348673
18349245
18349644
18349954
18350545
18350963
18351302
18351378
18352268
18354249
18355507
18370652
18386154
18386318
18387428
18389409
18389724
18390310
18391621
18391767
18392243
18392826
18393957
18394386
18394694
18395871
18395969
18466432
18466436
18466898
18467189
18468057
18469207
18469214
18469508
18470364
18470719
18470726
18471926
18474410
18474499
18474666
18475055
18475406
18476375
18476971
18477296
18480302
18480680
18481059
18511378
18534777
18537219
18537492
18537568
18537957
18538212
18540094
18540184
18541890
18544743
18545193
18545339
18545443
18547413
18548583
18548589
18548699
18550485
18553858
