19027
19107
19271
19475
20459
20833
21801
21835
22103
22483
23124
23460
23792
24340
24479
24806
24963
25347
25574
25823
26119
26284
26705
27321
28246
28263
28428
28487
28502
29011
30491
30598
30725
31212
31699
31763
32011
32340
32495
33112
33210
68294
69473
70164
71715
72253
73072
74064
75310
75547
77090
78054
78122
78821
78906
79223
80314
81389
81628
82363
82400
83430
124558
124762
125474
126102
126392
126434
126672
127227
127481
128222
128464
129126
129276
129568
129655
130311
130405
132144
132763
132915
133087
133211
133429
133948
133950
134105
134328
134413
135597
135774
136443
136716
136956
137197
137278
137648
138064
138477
138597
138951
139927
139960
140104
140697
141666
141999
142468
143160
143291
144804
145913
146006
146289
149451
150322
151219
151518
151963
153414
153883
153970
169389
169801
170332
170751
171401
171613
172454
172878
173027
173221
173646
173709
174690
174923
175087
175223
175478
176271
176283
176302
176632
177418
177962
177994
178114
178139
178522
178599
178645
178830
179802
179890
179992
180328
180401
180746
180767
180789
181203
181703
181783
182245
182288
182832
183259
183439
247716
247856
247966
248132
248212
248325
248414
248632
249059
249289
249345
249653
249798
249910
250176
250222
250526
250680
250802
250875
250921
251399
251421
251683
252075
252152
252270
252423
252560
252914
252984
253238
253281
254611
254871
255131
255248
255312
255698
256039
256128
256173
256370
256849
256876
256910
257131
257615
257679
257821
257964
258060
258161
258455
258494
258558
259553
259573
304293
306181
307038
307279
309066
309579
309816
310039
312248
312786
312979
313275
316164
316249
316555
316638
317866
317959
318097
318572
333815
365231
431114
443206
492194
492520
493273
493997
494087
494134
494387
494908
495519
495611
495742
496312
496318
496430
497356
497910
497996
498366
498388
498871
499739
499767
499823
499893
500719
501140
501569
502474
502600
503292
503564
503899
504325
504344
504757
504775
506223
506836
507174
507251
507491
508112
508455
508600
508724
509039
509122
509314
509410
509460
510015
510652
510770
510776
510896
511265
511351
511418
512359
512493
512498
512552
513555
513950
514082
514260
514816
514961
515284
515514
515559
516467
517240
517374
517834
518005
518173
518194
518216
518224
518324
518705
518753
518917
519002
519162
519476
519859
520900
521519
521885
522448
522484
523898
523920
524446
524735
524878
524881
524982
525057
525142
526081
526627
526654
527226
527555
527682
527966
527969
528114
528586
529954
530161
530750
530835
531298
531432
532480
532579
533178
564361
565297
569164
569369
570133
570373
570625
571860
571917
572583
593348
593911
595262
596621
598956
603195
606358
607064
607570
607701
607784
608292
608340
609582
609616
609679
609899
610342
610927
611017
611020
611053
611087
611747
612863
613262
613776
614175
614430
615538
615684
615886
616062
616499
616564
617334
630208
637683
639222
641235
642179
644678
644983
646187
646828
653260
662721
683262
683866
683887
685061
685503
686546
687204
688636
689931
690360
692266
693060
693210
699062
699492
699639
700443
701022
701050
701195
701574
701734
701944
702546
702694
702695
702763
702986
703148
703266
703622
703960
704482
705579
705955
706542
706876
707782
707895
708465
708858
710305
711529
712213
712796
712835
713638
713714
714215
735318
745403
758681
759008
759077
759308
762082
762525
762680
763301
763376
763731
766439
766560
766965
767884
783767
784478
787907
788661
790450
793463
793975
794782
794828
795505
795816
795816
795836
796958
797155
797863
798219
798277
798470
798751
800566
800611
800835
801207
801589
801670
801759
801941
801981
864367
866067
866884
867290
868952
868979
869362
870879
872209
875068
875328
888432
888602
889417
890428
890760
891015
891350
891776
891800
891892
892008
892139
892400
892738
892996
893556
893710
894184
894507
894905
895564
895794
895906
896102
897028
897170
897346
897530
897725
898127
899214
900234
900321
901993
903234
904812
905229
905345
905409
905474
905638
905984
906901
907288
907670
908222
908287
909832
910127
910191
910502
910823
910871
911173
911481
913282
913873
915398
916121
916195
916642
918308
918694
918728
919086
920516
921026
921117
921229
921520
921726
921921
922433
922943
922998
923561
924040
925200
925774
926491
926777
927646
928421
928441
928443
928488
929112
929158
929441
930090
930261
931305
931334
931584
933540
933723
942243
947954
951327
970289
970871
971025
971038
971070
971125
971177
971304
971619
972201
972201
972407
973726
974000
974145
974300
974512
974599
975275
976291
976491
976644
977201
977517
977724
978503
978568
978805
979083
979117
979136
979552
979555
979833
981154
981447
981775
982138
983236
983355
983806
984438
984441
984608
984643
984788
1045064
1045289
1045352
1045486
1046000
1046704
1046746
1047230
1048533
1048894
1050091
1050387
1050550
1051125
1051435
1051496
1051876
1053032
1053085
1053234
1053377
1054178
1055343
1055625
1056896
1057147
1057671
1057845
1058152
1059057
1059076
1059096
1059490
1059723
1060372
1061036
1086145
1086315
1086410
1086633
1086816
1087790
1088249
1088251
1088263
1088462
1088705
1088992
1089493
1089559
1089592
1089634
1089747
1089950
1090103
1090108
1090146
1090799
1091267
1091717
1091749
1092151
1092573
1092876
1093047
1093370
1093919
1094191
1094392
1095098
1095857
1095894
1096234
1096661
1096974
1097155
1097397
1097564
1097842
1098311
1098390
1098954
1099165
1099335
1099690
1100030
1100590
1100760
1101118
1101382
1101618
1101771
1101992
1102154
1102253
1102424
1102773
1103844
1103945
1104164
1104326
1105616
1106396
1107062
1107272
1107358
1107631
1107635
1108060
1109120
1109598
1109954
1110069
1110082
1110082
1110178
1110472
1112802
1113843
1114115
1114989
1116222
1116770
1117004
1117277
1117833
1118120
1118428
1118527
1118542
1118672
1118973
1119089
1119370
1119406
1119562
1120676
1120718
1120858
1121349
1122253
1122584
1122912
1123282
1123612
1123624
1123645
1123707
1123807
1124002
1124058
1171865
1223053
1227949
1228143
1230429
1231075
1235742
1236034
1239387
1241211
1242203
1248365
1249992
1259521
1298462
1415757
1416137
1418148
1421024
1422448
1426798
1426873
1427136
1427537
1428300
1495376
1495422
1495628
1496434
1496680
1496797
1498030
1498210
1498821
1499237
1499507
1500613
1500685
1501128
1501144
1501177
1501783
1502323
1502579
1502978
1503300
1503714
1503865
1504805
1505018
1505381
1505590
1506500
1506865
1508425
1508939
1508947
1509450
1509621
1509654
1510181
1510451
1511132
1511152
1511995
1543282
1543399
1544470
1545206
1545589
1546523
1546756
1546995
1547495
1547830
1548000
1548365
1548439
1548983
1549149
1549905
1550255
1550306
1550353
1550726
1550894
1551398
1551595
1551919
1552331
1552433
1552582
1552617
1552747
1552791
1552970
1553234
1554231
1555027
1555068
1555373
1589516
1589677
1592296
1592337
1594566
1596809
1599216
1603193
1603260
1604050
1604902
1605903
1607666
1608508
1609127
1609696
1609897
1610703
1611514
1611852
1611854
1612170
1613010
1613693
1616106
1616239
1616485
1616941
1680068
1830617
1830761
1831713
1832210
1832534
1832583
1832624
1832658
1833217
1833361
1833674
1834188
1834554
1834697
1835289
1835388
1835565
1835672
1835830
1836617
1837107
1837119
1837381
1837663
1837744
1838866
1839667
1839722
1840337
1840411
1840492
1840645
1841042
1841924
1841997
1842721
1842966
1843077
1843182
1843229
1843234
1843241
1843954
1844272
1844468
1844621
1845418
1845482
1846006
1846184
1846298
1846324
1856797
1868180
1870277
1870330
1881688
1881978
1882320
1882516
1882868
1883150
1883504
1884296
1885122
1886070
1886777
1886848
1887673
1888139
1890239
1890805
1890934
1891337
1891634
1892671
1892702
1927957
1937509
1975730
2132738
2176718
2178392
2178945
2180305
2180407
2180545
2180566
2181105
2181729
2181941
2182821
2182830
2183298
2183513
2183562
2183910
2184064
2184897
2184977
2184984
2185191
2185777
2187542
2187897
2188469
2188831
2189290
2189472
2189942
2190050
2190432
2190596
2190653
2190716
2190996
2191014
2191137
2191597
2191697
2191769
2192119
2192429
2192868
2192981
2193148
2193334
2193674
2193864
2194713
2194806
2195423
2196901
2197595
2198906
2199889
2200813
2201968
2202352
2202568
2203071
2203529
2203652
2203808
2204060
2204174
2204260
2204854
2205762
2206195
2206706
2206923
2207095
2207491
2207635
2208404
2208493
2208625
2208697
2208768
2209387
2209482
2209482
2209624
2210038
2210552
2210653
2211511
2211577
2211774
2212214
2247902
2248412
2248944
2249286
2250765
2250970
2251607
2251679
2251924
2252641
2253553
2255396
2256659
2257520
2258706
2261519
2261700
2262497
2262789
2262811
2263105
2279550
2279688
2282541
2283215
2283380
2283586
2285281
2285318
2285802
2285842
2286329
2286416
2287189
2287597
2288546
2289340
2289788
2290138
2323288
2323479
2323490
2323568
2323616
2323712
2323807
2323834
2324048
2324665
2325367
2325446
2325766
2325845
2326093
2326365
2326549
2326643
2326905
2327318
2327737
2327813
2328598
2328946
2329069
2329571
2329803
2330072
2330584
2330986
2331453
2331538
2331808
2331949
2332387
2332418
2332587
2332916
2332939
2333516
2333729
2333879
2334347
2334516
2334940
2335368
2335437
2335757
2335901
2336004
2336077
2336157
2336305
2336365
2336450
2337432
2337447
2337458
2337685
2338564
2338919
2340679
2341915
2342344
2342457
2344400
2344462
2344748
2345577
2345586
2345588
2345980
2346137
2346200
2346210
2346651
2347042
2347534
2515568
2515760
2516020
2516405
2516502
2516610
2516706
2516750
2516965
2517342
2517366
2517524
2518043
2518245
2520254
2520711
2520788
2520942
2521248
2521458
2521553
2521771
2521788
2522547
2523118
2523555
2523646
2524185
2524335
2524338
2524466
2524744
2524826
2524983
2525195
2525214
2525771
2526234
2526574
2526582
2526791
2527184
2527280
2527753
2528601
2528784
2528931
2528992
2529049
2529365
2529597
2529815
2530000
2530305
2530890
2531184
2531533
2532225
2532329
2532432
2533175
2533773
2533829
2695860
2696070
2697218
2697285
2697430
2697556
2698087
2698120
2698618
2698933
2698938
2699486
2700355
2700603
2700707
2701036
2701077
2701206
2701386
2702391
2702686
2703366
2703397
2703409
2703552
2703627
2703834
2703966
2704292
2704365
2704787
2704791
2705382
2705779
2705839
2706115
2706417
2706984
2707296
2707591
2707970
2708714
2708776
2709273
2709864
2709886
2710257
2710881
2711070
2711593
2711903
2712025
2712357
2712456
2712770
2712863
2713566
2713972
2714221
2714789
2714933
2728427
2736600
2741055
2742490
2744180
2745472
2751646
2754386
2787316
2788219
2788842
2790016
2791439
2792103
2792542
2793083
2793466
2793668
2794087
2794610
2795435
2796001
2796171
2796339
2796379
2796691
2796699
2796833
2797224
2798050
2798129
2798716
2799600
2800664
2801957
2802271
2804750
2807036
2808621
2808940
2812578
2813562
2826770
2829283
2920323
2920668
3024977
3027236
3027407
3027954
3028577
3029146
3029616
3029716
3031146
3031299
3031576
3031750
3033552
3034511
3035578
3036901
3041178
3041215
3042555
3049051
3049494
3050612
3129089
3134428
3153380
3153914
3190864
3200496
3200948
3201930
3202078
3202169
3202828
3203053
3204234
3204422
3204481
3204842
3206714
3206796
3206834
3206965
3207187
3207707
3208132
3208213
3208772
3208889
3209608
3211200
3211434
3211653
3211667
3211924
3212210
3212428
3212796
3213082
3213112
3213533
3213633
3213676
3213798
3213916
3231843
3232065
3233250
3234086
3234167
3234671
3234748
3234863
3234891
3235132
3235271
3235308
3235361
3235408
3235711
3235935
3236168
3236533
3236909
3237070
3237518
3237723
3238101
3238564
3238828
3238973
3239146
3239386
3239591
3239667
3239788
3240022
3240107
3240297
3240367
3240856
3241016
3241310
3241569
3241733
3241794
3242211
3285980
3286163
3286730
3286836
3287157
3287334
3287482
3287826
3287855
3288201
3288283
3288517
3288737
3288874
3289015
3289175
3289302
3289330
3289479
3289826
3289856
3290942
3291747
3292057
3292327
3292630
3293470
3293530
3293633
3293813
3294051
3294193
3294243
3294500
3294900
3295195
3295839
3295878
3317394
3320681
3330311
3331789
3333401
3446256
3447071
3447907
3448328
3448431
3450258
3450443
3450466
3451175
3451933
3453351
3453810
3453851
3456970
3457464
3458602
3459317
3460737
3463718
3464756
3465749
3465775
3466027
3466097
3466271
3466550
3467551
3467575
3467862
3468103
3468219
3468353
3468394
3468594
3469057
3469582
3470083
3470154
3470273
3470469
3470648
3470950
3471032
3471131
3471202
3471211
3471796
3472178
3472687
3472800
3472866
3472867
3472915
3472949
3473597
3473802
3474008
3474024
3474272
3474494
3475067
3475319
3475818
3476151
3476159
3477250
3477943
3478169
3478191
3478699
3479482
3479632
3479635
3560151
3560274
3560998
3562563
3562801
3562830
3562993
3564464
3564527
3564585
3564665
3565608
3565751
3567501
3567886
3569641
3570037
3570212
3570806
3573158
3573298
3573650
3573788
3573989
3574278
3574939
3575197
3575523
3575914
3577594
3676685
3677059
3677309
3677521
3677606
3677621
3678121
3678256
3678297
3678351
3678450
3678707
3678833
3678852
3678931
3678979
3679005
3679181
3680034
3680057
3680088
3680172
3680220
3680251
3680695
3680828
3681341
3681708
3682458
3682871
3683198
3683242
3683429
3683856
3684069
3684522
3684827
3684965
3685124
3685849
3686411
3686876
3687204
3687980
3688180
3688436
3688506
3689295
3689461
3689551
3764936
3768194
3768399
3770730
3770861
3771800
3773554
3777001
3855554
3855939
3897307
3897396
3897564
3897740
3897968
3898088
3898205
3898374
3898986
3899189
3899670
3900178
3900327
3900837
3900904
3901026
3901339
3902185
3902238
3902450
3903057
3903120
3903379
3903392
3903814
3904061
3904701
3905273
3905550
3906495
3906673
3906714
3906745
3908063
3908136
3908832
3909589
3910581
3910888
3910997
3911938
3912463
3912663
3913309
3913312
3914544
3914657
3914738
3915819
3917070
3917810
3918115
3918776
3919747
3919851
3919936
3920101
3920205
3920734
3921494
3921602
3922103
3922274
3922395
3922407
3923222
3923328
3923396
4035780
4049996
4083400
4083879
4083892
4083918
4084129
4084358
4084422
4084855
4084960
4085053
4085108
4085494
4085867
4086605
4086890
4086972
4086978
4087313
4087654
4088564
4088790
4090018
4090697
4090757
4090995
4091981
4092069
4092751
4092904
4094433
4094918
4095595
4096864
4099654
4101142
4101768
4103514
4105731
4106317
4108340
4111616
4111727
4111777
4112023
4112086
4113373
4113715
4113772
4115067
4115613
4115920
4116686
4117169
4117282
4117294
4117350
4118487
4118589
4118733
4119460
4119727
4120496
4120536
4120588
4120596
4120729
4121096
4121279
4121316
4121345
4121602
4121671
4121898
4151074
4153803
4155914
4155996
4156228
4157935
4158311
4158343
4161387
4162057
4163520
4164892
4165007
4168539
4168807
4169973
4170021
4171242
4171263
4171851
4172534
4172662
4173289
4174190
4174201
4174259
4174882
4174904
4175391
4175489
4176001
4176892
4177424
4177823
4178440
4178606
4179390
4179645
4180140
4181620
4181808
4182944
4183584
4183652
4184329
4184419
4184605
4184918
4184974
4185134
4185328
4185338
4185425
4185944
4187180
4188204
4188457
4188625
4188884
4189112
4189119
4189348
4189418
4189819
4190582
4192123
4192508
4192709
4193615
4193660
4194043
4194083
4195510
4195527
4196192
4196444
4196833
4196932
4197052
4197153
4197619
4197717
4197921
4199513
4199747
4258079
4258134
4258166
4258660
4258812
4258911
4258939
4259069
4259721
4260099
4260548
4260910
4261087
4261494
4261581
4261692
4262199
4263056
4263114
4263630
4263722
4263768
4264400
4264458
4264974
4265090
4265172
4265376
4265533
4265535
4265676
4266010
4266179
4266419
4267236
4267271
4267440
4267492
4267859
4269746
4269777
4270440
4270974
4350491
4350860
4351303
4352029
4352111
4352759
4353070
4353143
4354073
4354515
4355255
4355318
4355910
4355919
4356585
4357242
4357988
4358695
4359411
4360448
4360720
4360760
4361502
4362250
4362289
4362304
4363590
4364492
4364605
4366033
4366863
4369407
4373205
4375567
4376937
4378947
4380237
4381550
4382536
4383347
4383374
4461070
4461449
4461906
4462184
4464970
4465206
4466491
4466656
4467082
4468498
4468946
4472372
4472683
4583003
4584166
4586169
4586253
4588862
4590516
4591446
4591881
4593229
4593230
4593893
4594471
4595240
4595729
4596681
4596809
4597468
4598206
4598371
4598938
4599010
4625952
4626027
4626354
4626449
4626703
4626740
4626787
4627243
4627810
4628102
4628326
4628343
4628425
4628484
4628716
4628850
4628886
4629147
4629447
4629538
4629743
4630142
4630490
4630791
4631442
4631577
4631944
4632286
4632376
4632426
4632489
4633807
4633862
4633903
4633939
4633946
4634263
4634927
4634968
4635114
4635268
4635389
4635421
4635581
4636815
4636842
4637086
4637634
4637921
4637979
4638167
4638235
4638448
4638572
4638747
4639435
4639662
4640086
4640406
4640637
4640936
4641092
4641121
4641131
4641202
4678129
4678562
4678777
4679012
4679328
4679427
4679844
4680120
4680280
4680334
4680641
4681321
4681765
4681933
4682069
4682105
4682467
4682782
4682868
4683280
4683284
4683390
4683551
4683840
4683989
4684170
4684195
4684272
4684275
4684566
4685166
4685239
4685371
4685403
4685713
4686444
4686806
4687125
4688015
4688037
4688225
4688233
4688769
4689063
4689182
4689360
4690023
4690098
4690114
4690347
4690375
4691153
4691189
4691661
4692290
4692521
4692618
4692738
4692867
4693040
4693173
4693184
4693459
4708500
4708631
4708890
4709629
4710398
4713274
4713507
4714061
4714105
4714726
4714895
4714921
4715120
4717684
4718296
4718352
4719004
4719234
4719257
4720055
4720647
4721506
4781399
4781686
4782596
4783967
4784641
4784697
4785167
4785350
4785901
4786438
4786497
4787373
4787774
4787775
4789368
4789652
4789892
4791456
4791694
4792005
4792582
4793045
4808612
4808895
4808978
4809110
4809193
4809257
4809524
4809727
4809859
4810413
4810746
4811406
4811535
4811771
4811809
4811956
4812269
4812508
4812610
4812879
4812899
4813237
4813307
4813335
4813381
4814244
4814284
4814321
4814516
4814685
4814958
4815079
4815085
4815187
4815201
4815205
4815320
4815391
4815433
4815538
4815762
4815879
4816009
4816160
4816331
4816541
4817258
4818445
4820420
4825161
4835957
4840145
4840234
4857369
4859145
4865113
4865771
4866739
4867818
4868366
4918802
4928033
4935844
4951096
4951747
4956630
4962020
4982155
4982393
4982399
4982940
4983491
4983593
4984024
4984406
4984418
4984659
4985327
4985902
4986121
4986277
4986330
4986981
4987111
4988337
4988742
4989122
4990128
4990724
4990753
4991529
4991996
4992113
4993023
4993542
4993561
4993588
4993766
4994122
4994254
5011659
5012027
5017753
5021173
5040990
5041302
5044038
5100596
5100962
5101087
5101144
5101234
5101735
5101812
5102861
5103568
5103955
5104849
5105522
5105739
5106180
5106196
5106233
5106336
5106389
5106545
5106767
5107127
5107169
5107188
5107390
5107613
5107818
5107980
5108010
5108393
5108492
5108916
5109638
5110261
5110452
5110795
5111109
5111301
5112000
5112289
5112813
5113532
5113577
5113672
5114216
5114791
5114935
5114972
5115012
5115219
5115356
5115403
5115902
5116074
5116101
5116343
5116785
5117194
5117279
5117343
5117446
5117457
5117478
5117520
5117850
5118637
5118754
5118783
5119438
5119756
5120032
5120388
5121137
5122619
5123427
5124052
5125231
5125298
5125554
5125573
5126201
5126647
5128877
5129069
5129228
5129495
5130537
5130600
5131231
5131601
5132514
5132665
5133302
5134283
5134743
5135017
5135363
5136167
5136678
5136756
5136822
5155579
5155914
5157241
5158706
5159712
5163086
5163212
5163409
5165207
5165869
5166469
5166619
5170015
5170481
5170484
5170714
5173219
5176703
5177017
5177135
5177903
5178578
5178865
5180297
5180726
5181193
5196860
5198601
5201950
5202593
5202601
5202727
5203093
5204929
5205955
5207892
5208631
5209051
5211451
5258704
5258798
5258898
5258935
5259066
5259103
5259152
5259384
5259877
5260312
5260424
5261021
5261414
5261698
5262826
5263570
5264125
5264214
5264568
5265199
5265287
5265458
5265516
5265866
5265940
5266051
5266058
5266421
5266970
5267197
5267265
5267319
5268986
5269339
5269771
5316377
5316456
5316982
5317036
5317092
5317159
5317880
5317929
5318063
5318290
5318466
5318519
5318609
5319137
5319402
5319487
5319665
5319674
5320101
5320722
5320891
5321126
5321209
5321237
5321511
5321527
5321725
5321840
5322734
5322943
5323274
5323892
5324073
5324269
5324304
5324552
5324743
5324760
5324851
5324857
5325011
5325031
5325111
5325358
5325432
5326133
5326233
5326625
5326861
5326875
5326925
5327294
5327993
5328074
5328100
5328305
5328384
5328471
5328652
5328728
5328742
5445170
5446703
5446791
5447634
5447824
5448086
5448545
5448595
5448857
5449377
5450592
5451104
5451769
5452254
5452280
5452380
5452617
5453262
5453935
5454273
5454465
5455909
5455910
5456073
5456348
5456622
5456777
5457150
5457641
5457724
5472328
5473507
5474424
5474433
5474532
5476143
5476293
5476866
5477240
5477532
5478022
5478258
5478551
5478941
5479192
5479896
5480301
5480461
5480809
5481370
5481895
5482005
5482230
5482699
5482803
5483276
5483340
5483622
5521177
5529380
5529571
5532279
5533320
5533389
5536651
5537575
5539602
5544096
5544578
5563195
5563295
5563572
5563575
5563898
5564641
5564878
5564892
5565377
5565489
5565503
5565531
5566007
5566096
5566347
5566593
5566704
5567293
5567322
5567332
5567363
5567713
5568281
5568330
5568433
5568574
5568621
5569020
5569392
5570211
5571630
5572365
5572528
5573090
5573241
5573446
5573457
5573632
5574098
5574551
5574603
5574617
5575199
5575230
5575277
5575699
5575774
5575793
5589977
5594220
5661793
5662598
5666296
5666297
5667974
5673331
5673739
5850496
5852100
5852131
5852829
5853102
5853407
5853420
5853587
5854475
5854487
5854778
5855296
5855519
5855962
5857029
5857070
5873313
5874569
5875928
5877356
5881478
5882972
5901362
5901369
5902015
5903028
5903152
5903251
5903263
5903437
5904004
5904121
5904143
5904417
5904501
5904836
5904856
5905379
5905724
5906122
5906169
5906372
5906926
5907432
5907658
5907887
5907909
5907953
5908086
5908786
5909313
5909525
5909710
5909830
5909875
5910026
5910640
5911651
5911728
5912394
5912814
5912837
5913080
5913222
5913245
5913296
5913314
5913358
5913518
5913763
5914034
5914322
5914448
5914576
5915359
5915362
5932821
5933286
5935148
5935684
5936546
5936766
5937972
5938495
5938919
5938951
5940079
5941335
5943623
5944613
5944817
5945275
5948250
5953829
5955392
5956217
5956917
5957818
5958697
5962115
5962378
5982051
5982153
5982251
5982597
5982882
5983185
5983359
5984233
5984293
5984326
5984546
5984704
5984722
5984761
5985920
5986144
5986231
5986665
5986790
5986919
5987455
5987788
5987906
5987950
5988584
5988722
5988971
5989159
5989231
5989362
5989473
5989547
5989618
5989626
5990279
5990374
5990626
5990672
5991107
5993086
5993523
5993731
5994227
5994835
5994882
5994950
5996147
5997030
5997167
5997181
5997332
5997381
5997428
5997484
5997562
5998977
5999519
5999595
5999611
6000514
6000595
6001303
6002631
6003414
6003533
6003867
6007013
6007185
6010041
6010582
6011101
6012537
6013325
6015971
6016577
6048503
6103156
6104198
6112726
6114113
6116374
6116534
6116633
6116728
6117077
6117227
6117587
6117791
6117880
6118129
6118475
6119042
6119434
6120595
6120831
6121085
6121459
6122181
6122439
6122641
6122655
6123112
6123376
6123428
6123766
6123982
6124333
6124438
6125030
6125126
6125160
6125390
6125497
6126062
6126226
6126620
6127041
6127077
6127783
6128007
6128171
6128398
6128415
6128654
6128942
6129132
6129147
6129385
6129521
6129708
6129731
6130059
6130414
6130441
6130642
6131050
6131189
6131990
6132376
6132798
6132954
6132995
6133113
6133220
6166644
6166718
6166763
6166767
6166828
6167251
6167344
6167470
6168304
6168428
6168642
6168661
6168675
6168853
6169023
6169176
6169897
6169942
6170015
6170610
6170656
6170913
6171088
6171258
6171606
6171636
6171871
6172044
6172324
6172930
6173041
6173129
6173210
6173470
6173979
6174591
6175051
6175424
6175432
6175434
6175613
6175999
6176419
6176459
6176717
6177214
6177593
6177707
6177805
6178193
6178787
6178930
6179197
6179233
6179311
6179384
6179487
6179721
6179754
6180066
6180191
6180241
6180342
6180409
6180529
6180606
6181375
6181959
6182139
6182356
6182527
6183255
6184241
6184685
6184942
6185379
6185927
6186359
6186389
6186429
6187009
6189136
6189732
6191147
6191949
6192165
6194304
6194444
6195673
6196248
6196759
6197731
6197952
6198019
6199682
6199709
6201414
6273265
6273408
6273552
6273582
6273667
6273986
6274086
6274594
6274846
6274945
6275852
6276428
6276581
6276633
6277094
6277707
6278036
6278209
6278236
6278267
6278287
6278830
6278944
6279084
6279139
6279212
6279402
6279570
6279730
6280189
6280362
6281689
6281996
6282213
6282258
6282331
6282564
6283027
6283031
6283162
6283360
6283431
6283678
6283694
6283726
6283833
6284058
6284237
6284559
6284588
6284992
6285026
6285181
6285251
6285369
6285751
6285914
6286076
6286896
6287410
6287763
6288150
6288172
6288276
6288551
6289001
6289042
6289208
6289570
6290032
6290135
6290322
6290662
6290938
6291104
6291790
6292269
6292282
6292326
6293140
6293278
6293367
6293468
6293582
6293700
6293843
6294523
6294680
6295015
6295399
6295776
6295779
6296386
6296401
6296499
6296517
6296730
6296919
6297530
6297581
6297661
6298239
6298311
6298438
6298643
6298902
6298953
6299003
6299449
6299607
6299963
6300191
6300392
6301013
6301353
6301888
6302228
6302266
6302744
6302871
6303622
6303917
6304138
6304190
6304202
6304537
6305439
6305586
6305615
6305640
6321084
6321142
6322763
6323429
6325245
6326501
6330583
6331710
6331738
6331879
6333558
6334093
6335967
6477596
6477614
6477683
6478608
6478906
6479010
6479101
6479878
6480737
6481707
6481902
6482663
6482731
6483366
6483398
6483599
6483782
6483814
6484006
6484675
6484685
6484835
6485246
6485377
6486171
6486576
6486746
6486889
6487336
6488671
6489028
6489154
6490029
6490085
6490736
6556325
6557780
6557800
6558238
6559388
6559594
6560583
6562980
6563896
6565471
6565617
6566271
6566309
6567300
6567414
6568256
6568706
6568724
6568985
6569439
6569581
6569591
6569669
6569815
6569876
6570104
6570151
6570233
6570347
6570391
6571411
6571497
6571583
6571645
6571771
6571922
6572010
6572038
6572255
6573146
6573534
6574167
6574235
6574740
6574793
6574819
6574982
6575271
6576172
6576337
6576598
6576851
6577031
6577046
6577294
6577316
6577896
6578104
6578641
6578643
6578774
6578800
6578841
6578898
6579442
6579547
6579763
6580264
6580371
6581287
6581292
6581730
6582094
6583043
6583155
6583433
6583601
6583911
6584324
6584846
6584987
6585191
6585305
6586525
6587435
6587444
6587592
6587634
6588087
6588486
6588685
6588754
6589381
6590406
6590413
6591786
6592444
6596438
6597773
6598522
6599097
6600226
6601188
6602093
6602898
6603220
6603987
6604024
6605606
6606804
6606952
6607557
6607915
6608391
6608676
6608699
6609868
6610253
6610472
6636969
6636982
6637374
6637552
6637715
6638067
6638503
6638618
6638712
6638846
6639483
6639860
6639987
6640384
6640727
6642297
6642452
6642858
6643030
6643177
6643361
6643750
6643878
6643995
6644473
6644485
6644625
6645157
6645321
6645325
6645391
6645528
6645546
6645547
6646962
6647043
6647346
6647377
6647791
6647803
6647979
6648370
6648785
6648828
6649259
6649826
6650109
6650559
6651239
6651619
6651738
6651782
6652041
6652073
6652305
6652361
6656179
6657451
6658954
6695437
6695489
6695625
6695770
6695967
6696412
6696655
6696780
6697438
6697573
6697989
6698129
6698366
6699277
6699298
6699336
6699450
6699652
6699864
6699984
6700017
6701053
6701566
6701589
6701844
6701853
6701882
6701921
6702235
6702350
6702460
6702497
6702833
6702994
6703299
6703665
6703747
6704085
6704715
6705359
6705514
6705518
6705725
6706206
6706431
6706435
6706837
6706910
6707175
6707305
6707709
6707743
6707975
6708737
6708919
6708968
6709370
6709507
6709521
6709785
6710077
6710133
6710336
6710675
6711062
6711192
6712375
6713549
6717586
6718936
6724537
6803753
6804059
6804210
6804353
6804919
6805095
6805998
6806058
6806565
6807102
6808080
6808357
6808532
6808552
6809463
6810398
6812103
6812718
6812770
6812977
6813298
6813585
6814364
6814567
6814861
6815093
6815747
6815951
6816156
6816660
6816808
6816868
6817089
6818523
6818970
6819663
6819814
6819893
6822161
6822249
6822517
6823674
6825673
6825892
6827201
6828399
6828712
6829527
6830150
6830393
6830977
6831197
6831667
6832923
6833793
6834681
6835035
6835092
6835295
6835357
6835682
6835892
6835987
6836374
6836521
6836665
6837145
6837176
6837285
6837359
6838331
6838456
6838546
6838587
6838994
6839102
6839386
6839432
6839497
6839720
6839851
6839860
6840389
6840573
6840872
6840891
6841207
6841264
6841567
6841678
6841901
6842142
6842347
6842396
6842592
6842773
6842776
6843093
6843254
6843294
6843567
6843683
6843853
6843968
6843976
6844032
6844081
6844750
6844800
6845155
6845215
6845226
6845234
6846295
6846304
6846540
6846907
6847389
6847622
6848083
6848252
6849207
6926505
6926894
6927228
6927697
6928885
6928955
6929799
6931101
6931277
6931330
6931759
6931870
6932035
6932620
6932710
6932733
6932849
6933494
6933634
6933748
6934676
6935036
6936426
7025891
7026141
7026162
7026599
7026676
7026891
7027128
7027351
7027816
7028028
7028659
7028758
7028905
7028985
7029126
7029185
7029608
7029902
7030156
7030613
7030647
7031041
7031148
7031776
7031829
7031894
7032255
7032261
7032372
7032741
7033317
7033783
7034689
7034993
7035563
7036513
7036677
7036862
7036892
7037531
7054083
7054652
7055566
7055946
7057794
7058510
7059020
7059062
7059257
7061225
7062261
7062631
7062874
7063031
7064102
7132977
7133269
7133607
7134010
7135281
7136149
7137080
7137691
7140244
7140960
7141370
7141872
7142781
7143553
7143825
7145177
7147759
7151314
7151597
7158244
7160906
7161345
7173763
7210664
7219792
7277923
7277953
7278480
7278645
7278682
7280872
7281253
7281490
7281639
7281716
7282499
7283225
7284270
7284300
7285022
7285315
7285679
7286021
7286034
7286238
7286448
7286711
7286932
7288111
7289163
7289194
7289833
7289951
7290073
7290203
7290728
7290829
7291645
7291836
7292072
7292236
7292713
7292795
7293938
7294440
7294544
7294906
7295876
7295964
7296736
7296934
7298557
7298714
7299189
7299765
7299877
7299908
7300592
7300935
7302560
7303127
7304536
7306365
7307750
7307853
7309653
7309929
7313100
7334154
7339775
7414456
7468008
7468128
7468202
7471017
7471133
7473047
7474204
7475035
7477166
7478524
7481951
7483601
7528182
7529945
7530768
7532174
7534104
7534565
7542687
7545585
7547870
7547878
7547988
7548294
7548582
7548935
7549018
7549210
7549304
7549632
7549646
7549983
7550384
7550767
7551517
7551957
7552132
7552481
7552557
7552620
7552684
7552858
7552942
7553013
7553324
7553610
7553930
7553945
7554168
7554268
7554294
7554610
7554945
7555131
7555620
7555634
7556119
7556334
7556624
7556838
7556969
7557006
7557223
7557737
7558229
7558660
7558691
7564818
7612062
7613179
7691242
7691426
7691648
7691783
7692195
7692335
7692399
7692750
7692796
7693113
7693542
7693719
7693938
7694050
7694226
7695000
7695337
7695719
7696881
7696932
7697196
7698128
7698129
7698456
7698733
7698899
7699202
7699320
7700431
7701098
7701225
7701253
7701753
7702257
7703064
7703116
7703405
7703805
7704527
7704595
7706229
7706404
7706932
7707093
7707196
7707207
7707922
7708165
7708196
7708617
7710116
7710268
7710622
7710992
7711067
7711591
7711978
7712312
7712953
7713060
7713065
7713148
7713165
7713400
7713746
7713756
7714329
7714477
7714674
7714848
7714989
7715092
7715242
7715264
7715670
7716924
7716943
7717015
7717248
7717766
7718058
7718062
7718188
7718437
7718570
7718738
7718918
7719832
7774770
7775639
7839670
7841546
7841923
7842145
7847641
7848276
7850052
7850685
7852028
7853833
7935129
7935163
7935972
7936210
7936655
7936746
7939174
7939234
7939281
7939882
7939895
7940189
7940612
7940662
7940970
7941348
7942175
7943146
7943273
7943319
7943662
7943989
7944111
7944463
7944582
7945164
7945265
7945470
7946013
7947380
7947515
7974747
8062689
8063626
8067009
8067765
8069858
8070207
8070330
8074558
8077094
8081406
8085124
8087000
8091015
8094332
8096413
8097067
8177539
8180730
8181073
8183658
8183903
8184321
8184614
8185603
8187013
8187916
8190400
8191159
8191193
8191654
8194739
8196547
8196558
8266963
8268656
8277190
8290534
8290721
8291074
8291247
8291876
8292377
8292400
8292450
8292739
8292877
8293079
8293115
8293180
8293569
8293843
8294184
8294364
8294578
8294681
8294704
8295949
8296314
8297332
8297978
8298625
8298790
8298811
8299158
8299303
8299335
8299393
8299630
8299929
8300499
8300653
8300839
8303252
8304356
8304425
8305300
8305688
8305740
8305933
8306137
8306171
8306458
8306686
8306893
8307156
8307166
8307325
8307490
8307594
8307779
8307818
8308385
8308634
8308703
8308732
8308737
8308737
8308847
8308901
8309359
8309507
8309620
8309674
8309765
8310035
8312796
8312848
8312865
8313115
8313256
8313344
8313788
8314230
8314289
8314367
8314661
8315073
8315372
8315580
8316327
8316366
8316797
8350270
8352305
8352470
8353346
8354218
8354735
8354782
8355290
8358379
8359145
8360706
8361911
8364846
8364907
8366311
8398051
8398239
8398415
8398608
8398692
8398854
8399331
8399584
8399685
8400584
8400620
8400678
8400771
8400977
8401113
8401127
8401713
8401781
8402102
8402428
8402517
8403156
8403645
8404346
8404606
8404746
8405387
8405437
8405730
8406252
8407073
8407292
8407350
8407619
8407818
8407998
8408231
8408368
8408428
8408739
8530649
8534805
8536474
8586037
8670285
8670565
8670843
8670850
8671407
8671751
8671864
8672139
8672239
8672288
8672525
8673254
8674380
8674470
8674634
8674965
8675199
8675661
8675829
8676104
8676136
8676411
8676586
8676883
8677229
8677644
8678183
8678448
8678616
8679247
8679371
8679377
8679878
8681228
8681228
8681654
8681718
8681927
8700848
8700922
8701027
8703433
8703567
8703614
8703625
8704306
8705659
8705675
8705729
8706148
8706621
8707207
8707819
8707836
8708245
8708791
8708877
8709623
8709633
8709676
8709858
8709958
8710099
8710227
8710646
8711039
8711164
8711213
8715030
8717085
8719270
8719973
8720840
8722569
8722645
8724233
8724372
8726360
8726535
8726961
8727308
8728388
8728394
8728715
8729484
8729694
8729762
8729945
8730459
8730496
8730695
8730783
8731000
8731028
8731074
8731367
8731672
8731701
8731863
8731897
8731957
8731989
8732103
8732236
8732443
8733827
8733850
8734193
8734666
8734683
8735002
8735137
8735311
8735801
8736280
8736284
8736592
8736615
8736794
8736900
8737781
8738036
8738631
8738771
8739426
8740171
8740228
8740373
8740428
8740468
8740486
8741003
8741007
8741066
8741070
8741235
8741466
8741628
8742051
8742099
8756742
8756760
8756825
8756987
8757154
8757239
8757476
8757558
8757738
8757925
8758164
8758200
8758378
8758453
8758830
8758876
8760253
8760262
8760335
8760383
8760595
8760648
8761350
8761789
8761925
8762546
8762639
8763125
8763132
8763187
8763617
8763797
8763921
8763947
8764021
8764038
8764075
8764239
8765084
8765662
8766631
8766835
8767300
8769322
8769899
8770540
8770972
8770978
8773220
8773564
8774282
8774617
8774975
8775153
8776155
8776515
8776836
8776907
8776993
8777327
8777492
8778945
8779022
8779978
8780476
8780669
8781082
8781425
8781577
8781682
8781723
8782037
8841091
8841178
8841488
8841772
8842058
8842460
8842806
8843340
8843412
8844284
8845052
8845325
8845330
8845359
8845421
8846253
8846366
8846494
8846751
8846883
8847447
8847510
8847632
8847817
8848897
8849022
8849225
8849821
8850126
8850212
8850227
8850600
8850716
8851024
8851183
8851234
8851267
8851717
8852226
8852765
8853030
8853107
8853378
8853804
8853909
8854084
8854669
8855040
8855180
8855863
8856209
8856443
8856668
8857110
8857175
8857405
8857442
8857915
8858208
8858396
8858729
8860097
8860751
8861464
8861691
8862237
8863510
8863624
8867356
8867588
8867845
8868303
8870060
8870268
8893223
8902715
8903497
8903840
8904110
8904709
8904781
8905776
8906427
8908468
8911073
8911238
8911328
8911456
8911567
8911718
8911940
8956809
8957429
8958267
8959792
8960858
8962542
8964375
8969395
8970547
8970547
8973216
8973606
9044209
9044278
9044295
9044434
9044525
9044546
9044633
9044707
9044856
9045453
9045571
9046208
9046317
9046358
9046807
9046900
9046919
9047075
9047858
9047904
9047963
9048688
9048954
9049290
9049545
9049632
9050677
9050706
9050945
9051098
9051296
9051515
9051614
9051999
9052102
9052737
9052863
9052949
9053102
9053272
9053367
9053493
9053523
9053910
9054106
9054522
9054558
9054974
9055353
9055642
9055907
9055937
9056005
9056469
9056693
9056830
9056957
9057056
9057170
9057232
9057894
9057988
9058194
9058197
9059110
9059205
9059213
9059277
9059387
9059569
9059620
9059860
9059912
9059935
9060085
9060122
9060489
9060626
9060746
9060946
9061405
9061503
9061904
9062464
9062985
9063351
9063359
9063500
9063629
9063630
9063925
9063981
9066003
9066030
9066099
9066169
9066216
9066808
9066881
9066930
9067095
9067453
9067516
9067576
9067654
9068704
9068779
9068896
9069075
9069169
9069517
9069999
9070162
9070680
9070729
9070958
9071176
9071205
9071232
9071550
9071801
9071978
9072193
9072248
9073134
9073360
9074085
9074181
9074256
9074549
9074882
9074909
9075681
9075944
9076352
9077096
9077316
9077426
9077602
9077627
9077862
9078138
9078149
9143606
9146435
9148073
9150524
9151156
9151213
9152736
9154304
9155212
9209458
9209783
9210043
9210462
9210553
9211018
9211374
9212224
9213030
9214135
9214985
9215207
9216358
9217920
9218012
9218513
9218757
9219407
9219449
9220361
9221087
9221182
9221989
9222327
9223467
9223661
9224475
9224883
9224965
9226126
9226218
9227327
9238049
9239845
9240055
9309455
9309498
9309674
9309866
9310271
9310587
9310963
9311232
9311487
9313346
9313885
9313911
9313941
9314113
9314466
9314513
9314559
9314565
9314822
9314862
9315243
9315389
9315458
9315469
9315743
9315761
9316072
9316684
9316881
9316893
9316906
9316990
9317140
9317925
9318042
9318518
9318713
9319682
9319775
9319843
9320021
9320339
9320389
9320451
9321153
9321310
9321497
9321767
9322345
9322526
9322778
9322878
9322995
9323006
9323993
9324155
9392431
9392548
9392556
9392764
9393254
9393385
9394182
9394346
9394447
9394493
9394505
9394656
9394878
9395189
9395262
9395421
9395738
9395874
9395913
9396353
9396419
9396446
9396496
9396579
9396645
9396657
9396698
9397521
9397542
9397595
9397673
9397723
9397774
9397959
9398063
9398074
9398817
9398841
9399169
9399218
9399919
9400180
9400758
9401027
9401348
9402173
9429584
9429601
9429741
9430094
9430442
9430753
9431283
9431631
9431638
9431841
9432141
9432296
9432887
9433101
9433551
9433999
9434164
9434260
9434808
9435119
9435318
9436206
9436238
9436274
9436882
9437462
9437476
9438090
9438112
9438209
9438215
9438226
9438544
9438915
9438976
9439624
9439836
9440000
9440251
9440320
9440424
9440458
9440489
9440738
9440779
9440894
9441001
9441405
9441719
9443069
9443394
9443661
9443784
9443840
9443885
9443956
9444348
9444452
9444464
9444546
9444807
9463148
9464484
9464829
9465485
9466511
9468842
9469686
9469778
9469997
9470167
9471578
9472090
9472179
9472723
9474455
9474614
9475867
9476212
9476799
9477141
9477793
9478141
9478377
9479310
9479350
9480643
9481147
9482932
9482953
9483112
9484958
9485007
9485256
9485475
9486271
9487110
9487179
9487348
9487493
9488085
9488808
9490050
9490153
9490330
9491490
9493072
9493321
9493471
9534485
9534486
9534944
9535763
9535891
9535906
9536297
9536344
9536562
9536773
9537024
9537250
9537268
9537430
9537578
9538342
9538896
9539350
9540404
9540970
9541097
9541127
9541560
9541623
9541913
9542445
9543429
9543786
9544142
9544447
9544870
9545198
9546281
9546331
9546442
9546788
9546876
9546992
9548326
9548744
9548976
9550048
9550214
9550969
9551683
9551810
9551963
9552495
9552515
9553333
9553890
9554336
9554599
9554940
9555690
9555708
9555824
9556291
9558847
9558910
9558929
9559710
9560234
9560423
9562111
9562227
9562493
9562786
9563593
9563866
9563980
9565288
9566128
9567224
9568542
9568763
9568767
9569748
9570008
9570361
9570462
9570473
9570824
9570989
9571022
9571505
9571714
9571821
9572070
9572217
9572668
9573018
9573042
9573141
9573302
9573686
9574023
9574177
9574323
9574437
9574621
9574754
9575686
9575691
9575946
9576000
9576382
9576544
9576806
9577130
9577164
9577379
9577451
9577547
9577694
9577886
9578071
9578125
9578397
9578492
9578581
9578790
9578854
9579077
9579271
9579443
9579710
9579798
9636814
9637531
9637620
9638056
9639493
9639589
9639689
9640945
9641032
9642422
9642851
9643046
9643415
9644857
9644898
9645017
9645800
9646097
9646970
9647001
9647143
9647462
9647944
9648210
9648220
9648281
9648577
9648639
9648822
9648875
9650201
9650434
9651473
9651601
9651892
9652432
9653959
9654000
9654504
9654906
9656003
9656043
9656471
9658252
9660121
9667158
9667264
9669520
9670633
9681323
9681653
9681814
9681859
9682265
9682999
9683121
9683137
9683790
9683824
9685269
9685275
9685900
9685907
9686329
9687040
9687189
9687529
9687715
9687805
9687974
9688164
9688190
9688565
9689111
9689933
9690159
9690206
9690404
9690609
9690899
9691184
9691863
9692077
9692669
9693552
9693735
9694105
9694115
9694224
9694598
9695066
9695403
9695592
9695658
9695951
9696280
9696789
9697934
9698061
9698098
9698143
9698308
9698709
9698849
9699526
9699607
9699902
9700469
9701038
9701566
9701806
9701891
9702046
9703157
9703343
9703521
9703602
9703645
9703722
9704023
9704030
9704155
9704936
9705382
9705743
9706093
9706199
9706354
9706706
9707583
9707675
9708773
9708795
9709335
9709376
9709906
9709907
9710079
9710244
9710442
9710721
9711137
9711487
9711660
9711686
9711956
9712615
9712941
9712969
9713367
9713482
9713638
9713776
9714223
9714273
9714287
9714406
9714642
9714703
9714876
9715324
9715383
9715384
9715864
9715974
9716243
9716419
9716465
9738007
9738221
9740666
9740708
9741887
9742432
9742488
9743711
9747222
9794606
9800123
9801013
9801523
9802247
9803331
9803365
9803383
9803502
9804330
9804984
9805414
9805499
9805831
9806966
9807486
9808090
9809296
9809459
9809567
9811384
9811670
9811686
9814259
9814813
9814842
9815013
9815510
9816293
9817100
9818143
9869710
9870261
9870456
9870903
9871531
9872062
9872160
9872564
9872633
9872662
9872702
9873193
9873517
9873759
9873843
9873867
9874489
9874814
9874820
9875054
9875422
9875503
9875575
9875757
9875800
9875891
9875894
9876290
9876357
9876374
9876443
9876701
9876938
9877442
9877548
9877558
9877847
9878051
9878195
9878321
9878394
9878762
9879067
9879168
9879233
9879796
9880431
9880468
9880619
9881847
9883662
9884242
9884354
9884491
9884533
9884699
9885365
9886244
9886683
9886909
9887368
9887931
9889343
9889522
9891774
9891842
9892360
9892515
9892791
9892868
9892888
9893175
9893233
9893514
9894425
9895261
9896303
9896896
9897722
9898501
9899104
9899505
9900054
9900362
9900565
9900592
9901177
9917758
9920863
9921759
9945425
9945606
9945660
9945690
9945816
9945916
9945968
9945984
9946411
9947141
9948475
9948519
9948544
9949381
9949419
9949465
9949883
9950612
9950634
9950989
9951511
9951540
9951595
9953126
9953231
9953371
9953749
9954395
9954613
9954928
9955007
9955487
9955815
9958154
9958664
9961288
9965339
9965925
9985184
10000529
10000622
10001072
10002000
10002146
10002235
10002757
10002828
10002991
10003388
10003872
10003979
10004360
10004503
10004549
10005004
10005296
10005304
10006124
10006198
10006241
10006625
10006822
10007218
10007461
10007490
10008154
10008284
10008559
10008885
10009048
10009427
10009563
10009853
10010213
10010343
10010728
10010777
10010837
10011028
10011215
10011744
10011750
10011911
10012233
10012866
10012930
10013344
10013933
10014356
10014709
10015474
10096759
10150718
10150847
10150998
10151377
10151562
10152012
10152037
10152124
10152152
10152215
10152251
10152705
10152784
10153017
10153138
10153457
10153526
10153658
10153693
10153713
10154401
10154745
10154780
10155148
10155179
10155787
10155895
10155945
10156417
10156638
10156857
10157041
10157062
10157256
10157364
10158502
10158538
10159181
10159216
10159457
10159465
10160014
10160111
10160190
10160246
10160389
10160417
10160457
10161315
10161443
10161495
10161758
10161866
10161873
10161943
10162051
10162121
10162617
10162980
10163166
10163596
10163619
10163655
10163898
10164003
10164417
10164708
10164827
10164942
10165570
10166224
10166304
10166422
10166484
10166626
10166740
10166962
10167222
10167529
10167640
10168558
10168587
10168962
10169043
10169113
10169254
10169279
10169784
10169874
10170299
10170418
10170902
10171542
10171544
10172063
10172257
10172296
10172625
10172817
10172858
10173017
10173284
10173955
10174689
10174868
10175164
10175248
10175348
10175505
10176340
10176573
10177477
10177524
10177647
10178280
10178311
10178432
10178656
10178985
10179739
10212237
10214049
10214055
10220037
10253792
10254272
10258418
10258459
10263764
10264410
10265760
10265930
10265969
10266748
10266956
10267143
10267351
10267363
10267421
10267804
10268008
10268023
10268236
10268604
10268750
10268887
10269056
10269190
10269709
10270043
10270518
10270733
10271043
10271051
10271067
10271072
10271094
10271426
10271439
10271524
10271705
10271754
10272206
10272482
10272979
10273070
10273074
10273289
10273584
10275353
10275402
10276020
10276268
10276761
10277138
10324483
10324791
10324877
10325242
10325685
10326512
10326981
10327412
10327447
10327851
10327875
10327898
10328007
10328162
10328468
10329086
10329130
10329424
10329513
10329744
10329917
10330028
10330061
10330583
10330882
10330994
10331242
10331532
10332139
10332684
10332935
10333473
10334096
10334106
10334295
10334381
10334623
10335231
10335768
10336787
10336880
10337553
10337864
10338083
10338687
10339317
10339621
10340470
10340492
10340589
10341075
10342546
10343088
10343195
10343269
10343283
10343352
10343417
10377370
10377524
10377648
10379225
10379275
10379486
10379878
10380517
10380603
10380797
10380832
10381202
10381315
10381621
10381756
10381788
10381923
10381926
10382038
10382347
10382760
10383156
10383274
10383409
10383754
10383977
10384167
10384219
10384342
10384422
10384796
10384922
10385338
10385445
10385456
10386260
10387025
10387126
10387602
10387756
10387813
10387950
10388784
10388799
10389460
10389612
10389656
10389974
10390073
10441422
10442110
10444110
10444242
10444301
10444692
10444860
10444925
10445197
10445226
10445855
10446020
10446180
10446761
10446930
10447450
10447475
10447767
10449513
10450100
10450596
10450761
10454622
10454692
10455111
10455157
10511461
10512444
10515553
10534810
10534973
10535074
10535176
10535212
10535435
10535621
10535666
10535877
10535996
10536126
10536411
10536471
10536578
10536630
10536887
10536958
10537771
10538065
10538720
10538724
10538741
10538936
10539605
10539644
10539998
10540015
10540859
10541157
10541216
10541285
10541440
10541610
10541616
10541653
10541919
10542187
10542317
10542807
10543200
10543423
10543572
10544144
10544278
10544327
10544753
10544778
10544980
10546041
10546213
10546574
10546758
10546951
10547044
10547124
10547519
10547692
10547903
10547962
10548047
10548078
10548390
10548683
10548931
10549165
10549265
10550124
10550469
10550732
10550833
10550843
10551014
10551107
10551274
10551301
10551794
10551822
10551838
10551977
10552003
10552043
10552250
10552664
10552727
10552789
10553343
10554050
10554336
10554789
10555875
10557171
10557369
10558680
10559126
10560029
10561689
10561711
10563100
10563143
10564095
10565048
10566887
10568329
10568663
10570155
10570287
10571380
10571796
10572510
10573612
10574618
10574805
10574973
10575590
10575996
10576021
10576210
10577066
10577808
10577813
10578314
10578417
10578512
10578742
10578766
10579443
10579741
10579977
10580485
10580696
10581174
10581550
10582045
10582374
10582587
10582609
10582625
10582850
10583024
10584636
10584908
10595137
10628101
10628281
10630019
10630024
10631538
10631577
10635249
10637264
10638255
10638680
10639247
10684056
10691557
10692804
10693625
10697607
10698558
10698639
10827237
10827328
10827449
10827707
10827888
10828020
10828169
10828207
10828455
10828499
10828610
10828815
10829014
10829098
10829710
10830079
10830778
10831113
10831389
10831489
10831573
10832079
10832361
10832786
10832938
10833001
10833857
10833878
10833955
10834042
10834175
10834255
10834399
10834436
10834800
10835251
10836089
10836505
10836623
10836641
10836899
10837182
10837665
10838079
10838303
10838406
10838652
10838905
10839048
10839322
10839568
10854645
10855001
10855719
10855845
10855896
10856307
10856709
10857202
10857253
10859027
10859687
10860146
10862490
10863581
10864834
10865356
10865553
10865781
10867189
10868139
10868272
10868536
10868850
10869150
10869562
10869786
10870030
10870296
10870532
10870566
10870830
10871045
10871404
10871615
10872371
10872794
10872902
10873368
10873418
10874424
10874519
10874523
10874700
10874804
10874881
10874943
10875015
10876058
10876318
10876807
10876926
10877223
10877484
10878301
10878576
10878616
10949557
10965965
10967027
10967028
10967080
10967686
10968158
10968553
10969287
10969847
10970656
10970781
10971219
10971364
10971719
10972390
10972411
10973029
10973262
10973433
10973794
10974190
10974413
10975343
10975454
10975570
10975694
10975908
10976351
10976725
10976941
10977537
10977609
10978376
10978614
10979437
10980422
11066484
11069568
11071083
11071554
11079566
11080022
11082230
11083201
11083746
11084404
11084754
11116651
11117341
11119653
11122032
11126340
11129481
11129662
11130075
11130584
11131540
11132025
11133698
11133765
11138983
11142056
11142173
11143088
11144287
11160883
11160901
11160932
11161037
11161417
11161733
11161842
11161966
11161988
11162199
11162962
11163112
11163219
11163578
11163734
11164190
11164241
11164320
11164393
11164480
11164611
11164869
11164881
11165037
11165070
11165086
11165562
11165770
11166129
11166164
11166349
11166427
11166536
11166586
11166658
11166755
11167025
11167161
11168009
11168997
11169414
11169679
11169840
11169991
11170237
11170283
11170421
11170574
11170664
11171101
11171640
11171991
11172361
11172369
11172716
11172745
11172858
11173565
11173625
11173755
11174047
11174389
11174639
11174844
11174922
11174987
11175225
11175767
11175996
11176061
11176212
11176335
11176363
11176611
11177206
11177236
11177259
11177823
11177830
11178026
11178176
11178197
11379934
11381408
11382292
11382333
11382785
11382913
11383035
11383142
11383429
11383912
11384174
11385056
11385132
11386336
11387376
11387977
11388467
11388900
11391008
11391018
11391203
11391649
11391951
11392232
11392787
11393127
11393358
11393912
11394472
11395264
11395768
11396641
11396739
11397429
11397862
11398277
11398701
11399028
11399319
11399547
11399582
11410181
11410712
11411564
11411743
11412458
11413494
11414653
11415584
11418333
11418900
11521156
11523532
11526980
11580447
11581252
11581269
11581674
11582162
11582485
11582959
11583102
11583589
11583830
11584283
11584336
11584644
11584941
11585063
11585134
11585731
11585907
11586122
11586261
11586320
11586423
11586710
11587124
11587127
11587141
11587198
11587592
11588007
11588025
11588214
11588287
11589345
11589435
11590110
11590161
11590434
11590819
11590924
11591004
11591391
11591407
11592093
11592449
11592508
11592968
11593296
11593563
11593879
11593956
11594013
11594405
11594787
11594992
11595270
11595662
11595818
11595877
11596107
11596117
11596134
11597136
11677591
11681571
11682460
11684859
11686013
11686619
11689479
11689603
11689670
11690910
11691061
11692678
11700537
11723626
11724307
11724479
11725130
11725237
11725718
11728040
11728599
11729102
11729152
11729374
11730106
11730680
11730918
11731484
11732872
11733752
11733879
11734012
11734639
11734931
11734957
11735296
11735351
11735441
11736081
11736253
11736743
11736881
11737133
11737166
11737356
11737488
11737489
11738048
11738166
11738277
11738320
11738564
11738593
11738663
11738860
11738861
11739366
11740079
11740344
11740832
11740896
11740957
11741183
11741190
11741224
11741253
11741448
11741479
11741690
11741724
11742912
11743131
11743230
11743764
11744002
11744106
11744129
11744497
11744760
11744834
11745515
11745717
11745899
11745974
11746554
11747089
11747570
11747721
11747801
11747889
11748812
11749944
11750995
11751097
11751444
11751775
11751847
11751943
11751985
11752071
11752365
11752729
11752905
11753533
11754054
11754089
11754140
11754561
11754630
11754968
11755011
11755829
11756351
11756381
11757725
11758300
11758348
11759416
11760183
11760194
11760216
11760351
11761009
11761314
11761372
11762394
11763095
11763530
11763706
11764108
11791571
11791638
11791715
11791834
11791871
11791902
11791938
11792947
11793135
11793349
11793738
11793923
11794627
11794860
11795071
11795441
11795772
11795877
11796377
11796604
11796715
11796788
11797171
11797544
11797768
11798024
11798127
11798610
11798744
11798791
11798989
11799272
11799463
11799823
11800092
11800505
11800686
11800883
11800999
11801651
11802524
11802669
11803208
11803529
11803632
11803901
11804704
11804912
11804927
11805071
11909323
11909499
11909502
11910024
11910284
11911082
11911126
11911244
11911391
11911634
11912482
11912588
11912734
11913122
11913468
11913555
11913968
11914017
11914099
11915092
11915393
11916170
11916371
11916918
11917539
11918252
11918416
11918634
11918645
11918885
11919302
11919314
11919495
11919570
11919596
11919608
11919799
11920104
11920385
11920584
11920650
11921085
11921789
11922361
11922630
11922902
11961996
11962118
11962217
11962355
11964111
11964368
11964526
11964563
11964723
11965339
11965606
11965828
11965994
11966145
11966258
11966376
11966443
11966756
11966825
11966857
11966964
11967130
11967462
11967540
11967711
11967769
11968150
11968281
11968476
11969362
11969584
11970217
11970267
11970636
11971695
11971712
11972138
11972605
11972677
11972809
11973111
11973720
11974028
11974471
11974570
11974787
11974922
11975044
11975154
11975560
11975917
11976414
11976572
11976608
11977576
11977768
11978863
11978874
11978989
11979553
11979613
11979627
11981433
11981447
11981681
11984288
11985452
11985480
11985535
11985580
11985591
11985658
11986819
11986874
11987046
11987398
11987501
11987520
11987680
11989234
11989446
11989614
11989676
11990112
11990144
11990306
11990470
11990872
11990896
11991050
11991377
11991466
11991482
11991855
11991918
11992029
11992576
11993666
11993703
11994031
11994262
11994431
11994551
12007090
12007632
12008350
12009988
12014081
12014338
12015410
12016469
12022466
12024598
12024883
12024948
12025233
12025261
12025546
12025865
12025903
12025910
12026087
12026251
12026549
12026908
12027423
12027731
12027789
12029246
12029331
12029749
12029785
12029864
12030021
12030140
12030230
12030745
12031011
12031338
12031448
12031460
12031824
12032664
12032735
12032803
12032879
12032891
12033571
12033720
12033825
12034540
12034775
12034905
12034960
12034968
12035568
12035887
12036442
12036486
12036874
12037127
12037376
12037526
12037817
12037841
12038304
12038554
12039387
12039525
12039671
12039776
12039822
12040269
12040547
12040837
12041140
12041196
12041230
12041304
12041847
12042443
12082028
12082107
12082234
12082266
12082337
12082587
12082641
12083531
12083853
12083976
12084042
12084265
12084785
12084817
12085031
12085066
12085074
12085621
12085783
12085890
12086187
12086742
12087343
12087390
12087658
12088128
12088251
12088662
12088879
12089058
12089329
12089422
12089621
12089846
12090184
12090778
12090917
12090984
12091697
12092084
12092140
12092621
12092759
12092848
12093018
12093037
12093108
12093139
12093186
12093277
12093306
12093386
12093588
12094103
12094175
12094518
12094554
12094996
12095809
12096331
12096405
12096634
12096674
12097792
12098473
12098744
12100187
12100870
12100982
12101324
12101362
12101428
12101458
12102023
12102202
12102286
12102621
12102895
12102946
12102978
12103007
12103304
12103480
12103859
12104060
12104439
12104601
12104716
12104891
12105758
12105959
12106012
12106783
12107382
12107661
12108612
12108879
12109135
12109634
12109909
12109938
12110209
12110399
12110911
12111357
12111684
12111748
12111896
12112086
12112227
12174508
12174570
12174941
12175618
12176346
12176398
12176494
12177442
12177473
12177556
12177798
12177838
12178063
12178075
12178282
12178386
12178428
12179192
12179457
12179458
12179565
12179832
12180646
12180931
12180969
12181102
12181183
12181441
12181492
12182041
12182186
12182254
12182963
12183248
12183690
12184501
12185026
12185358
12185401
12185523
12185568
12185590
12185755
12186656
12186952
12187120
12187223
12187238
12187258
12187445
12187654
12187738
12188044
12189090
12189126
12189638
12189898
12190402
12190626
12190635
12191052
12191448
12191693
12192120
12192355
12192387
12234853
12234997
12235078
12235135
12236724
12236973
12237244
12237275
12237395
12238933
12238954
12239484
12239631
12240392
12240529
12240967
12241776
12242824
12243275
12243450
12243772
12243823
12244126
12244924
12245227
12246361
12246628
12247499
12248294
12248349
12248475
12248623
12250644
12253721
12253804
12254098
12254618
12256550
12256668
12258165
12258436
12258489
12259057
12259365
12260359
12266546
12268782
12269121
12270267
12271706
12271711
12272114
12272199
12274122
12277625
12278544
12280768
12283364
12284184
12285444
12300088
12306562
12310094
12310141
12336517
12354033
12354104
12354211
12354286
12354377
12354843
12355041
12355407
12355583
12355702
12356812
12357289
12357601
12357832
12358022
12358460
12358642
12358697
12359159
12359482
12359832
12360061
12360190
12360721
12360817
12360835
12361260
12361402
12362150
12362297
12362307
12362411
12362649
12363484
12363591
12363641
12363713
12363771
12383790
12385006
12385089
12385280
12387442
12389023
12390058
12393923
12394891
12395099
12395315
12447693
12448425
12448978
12449397
12449410
12449730
12450498
12451860
12451880
12452368
12452373
12453235
12454757
12455016
12455176
12455558
12455762
12455781
12456063
12456117
12457695
12457810
12457863
12458380
12458392
12458747
12458904
12458927
12459692
12459890
12460420
12460431
12460672
12461021
12461051
12461122
12461557
12461755
12461813
12462207
12463040
12463296
12471948
12476045
12478619
12481631
12483990
12484481
12485801
12486501
12487097
12491187
12493417
12507331
12507392
12508008
12508025
12508316
12508503
12508773
12509299
12509307
12510638
12510657
12511112
12511118
12511271
12511430
12512152
12512437
12512828
12512999
12513272
12513286
12514103
12514136
12514314
12514318
12514319
12515373
12516399
12516672
12517694
12517953
12518746
12520290
12520366
12521156
12521251
12521316
12521768
12521974
12522527
12522562
12522563
12522939
12522948
12522964
12523091
12523109
12563190
12590632
12592347
12594527
12594806
12601880
12602994
12604357
12606482
12607310
12607442
12607703
12607936
12607996
12608015
12608474
12608712
12609263
12609493
12609633
12610278
12610514
12611381
12611398
12611538
12611827
12611904
12612260
12612267
12613638
12614116
12614733
12615234
12615542
12616225
12616302
12616559
12616688
12617248
12617889
12617913
12618866
12618980
12619242
12619255
12619307
12619464
12620165
12620533
12620690
12620712
12620821
12620892
12621071
12621291
12621679
12621899
12622609
12622639
12622664
12623271
12671789
12672279
12672540
12672887
12673024
12673793
12674814
12675285
12675304
12675732
12675879
12675926
12675929
12676006
12676373
12676690
12676708
12678051
12678690
12678734
12679047
12679060
12679246
12679418
12679500
12679910
12680035
12680224
12680405
12680405
12680770
12680776
12681189
12681227
12681323
12681731
12682096
12682269
12682740
12683034
12683502
12683892
12685087
12685524
12686029
12686208
12686514
12686868
12687779
12687964
12688068
12688268
12688400
12688685
12689144
12690191
12690249
12690591
12690880
12690970
12691068
12723700
12723921
12726690
12729764
12730111
12731571
12876752
12882371
12884252
12884502
12885276
12887713
12910242
12910413
12910579
12910631
12911038
12911134
12911511
12912047
12912095
12912270
12913252
12913388
12913579
12913911
12914171
12914370
12914788
12915446
12915779
12916055
12916467
12917500
12917530
12919217
12919276
12919394
12919561
12919924
12920009
12920120
12920686
12920940
12921043
12921072
12921075
12921210
12921503
12921763
12921828
12921996
12922026
12922434
12923380
12923831
12923916
12924045
12924144
12924303
12924453
12924467
12943821
12943869
12944005
12944054
12944325
12944896
12945857
12946580
12946685
12946759
12947262
12947672
12948044
12949464
12949561
12950516
12951225
12951251
12951513
12951544
12951572
12952134
12952264
12952599
12952762
12952923
12953194
12953564
12953596
12953769
12953842
12954064
12954233
12955379
12955876
12956014
12956023
12956177
12956304
12956474
12956840
12957015
12957034
12957145
12957323
12957640
12958285
12958564
12958703
12959283
12959545
12959803
12960133
12960998
12961993
12962436
12962506
12962857
12962945
12962960
12963012
12963061
12963734
12963815
12964094
12965426
12966169
12966616
12966871
12967045
12967209
12967501
12967941
12968089
12968180
12968386
12968667
12969207
12969417
12969907
12970026
12970637
12970857
12971282
12971308
12971386
12972030
12972202
12972370
12972920
12973500
12973646
12973768
13006692
13007012
13007376
13007580
13007841
13008013
13008064
13008111
13008119
13008559
13009252
13009492
13009665
13009685
13009936
13010012
13010165
13010621
13010778
13010784
13010954
13012354
13012380
13012582
13012711
13012865
13012921
13013445
13013882
13013959
13014231
13014363
13014649
13014670
13014805
13015419
13015428
13015523
13015667
13016329
13016459
13017469
13018129
13018216
13018271
13018540
13018765
13019884
13020454
13021020
13021041
13021124
13021349
13021356
13021463
13021480
13021545
13021687
13022106
13022321
13022858
13023031
13023681
13023702
13023830
13024070
13024354
13024375
13024488
13024873
13025277
13072017
13073778
13073795
13073892
13074050
13074391
13074412
13074641
13074654
13074899
13075185
13075194
13075332
13075526
13075553
13075605
13075753
13076082
13077394
13077598
13077637
13078060
13078132
13078232
13078471
13079010
13079605
13080155
13080233
13080626
13080834
13081473
13081696
13082741
13083314
13083610
13083831
13083994
13084053
13084340
13084572
13084915
13085305
13085456
13085723
13085821
13085898
13086544
13086937
13087399
13087496
13087570
13088658
13089168
13089269
13089336
13089349
13089831
13090149
13090685
13090726
13091326
13091632
13091818
13091898
13092226
13092325
13092723
13092969
13093498
13093615
13094018
13094141
13094256
13094470
13094674
13094903
13095039
13095152
13095495
13096283
13096285
13096598
13096739
13108824
13108870
13109332
13109934
13110052
13110148
13110190
13110232
13110363
13110425
13110660
13110763
13110783
13111006
13111121
13111393
13111689
13111773
13111870
13111954
13112180
13112318
13112445
13112713
13112941
13113288
13113562
13114189
13114487
13114693
13114718
13114862
13115268
13116629
13117191
13117229
13117396
13117715
13117751
13117909
13118522
13118645
13119376
13119659
13119756
13119872
13120065
13120198
13121487
13121655
13122415
13123029
13123307
13123541
13123573
13124136
13124258
13124269
13124337
13124374
13124479
13124611
13124657
13124761
13124803
13125030
13190472
13191368
13191529
13192181
13193361
13193534
13194511
13195589
13196652
13200929
13201955
13202071
13202826
13203534
13204265
13204799
13205042
13206299
13206947
13207448
13207902
13208661
13228589
13228885
13229423
13229583
13229920
13230360
13230495
13231263
13232452
13232770
13233358
13233387
13233465
13234300
13234737
13235151
13236035
13236172
13236389
13236564
13236659
13237034
13237280
13237386
13237967
13238265
13238663
13238991
13239384
13239638
13239901
13240007
13240479
13240672
13240786
13241311
13241459
13241950
13242091
13242351
13242670
13243352
13243391
13243403
13243431
13243456
13243876
13244255
13244604
13244840
13244893
13245189
13290652
13295421
13298463
13298587
13299096
13302808
13306145
13306342
13306773
13307062
13307279
13307618
13307770
13308070
13308135
13308250
13308473
13308666
13308786
13308814
13308851
13309228
13309389
13309463
13309508
13309890
13310016
13310255
13310456
13310537
13310592
13310902
13310967
13310971
13311080
13311128
13311156
13311925
13312966
13313095
13313101
13313486
13313694
13313793
13314279
13314404
13314443
13314618
13314693
13314868
13315110
13315853
13315888
13316210
13316212
13316224
13316246
13316455
13316730
13316783
13318449
13319002
13319071
13319349
13319732
13320329
13320880
13321111
13321193
13321220
13321582
13321782
13321783
13381039
13382042
13383555
13383563
13384942
13385018
13385035
13385402
13385538
13385594
13385622
13386502
13386765
13388375
13388454
13389355
13389455
13389596
13389684
13389767
13389769
13390200
13390312
13391312
13391666
13391793
13392131
13392218
13392710
13392872
13393377
13394298
13395102
13395212
13395288
13395426
13395515
13395624
13395652
13395897
13395939
13396130
13396338
13396399
13396760
13397556
13398083
13398535
13398796
13400199
13404863
13405417
13405579
13405834
13406357
13406564
13407724
13408638
13408889
13410780
13412337
13429157
13434872
13458065
13458454
13459714
13460467
13460506
13460767
13461004
13461316
13461779
13462230
13462483
13462636
13462725
13462910
13463262
13463439
13463481
13463706
13463768
13464191
13464630
13464869
13465011
13465016
13465376
13465902
13466055
13466407
13466658
13467287
13467305
13467369
13467866
13467976
13468038
13468275
13468382
13468404
13468412
13468434
13468608
13468903
13469427
13469474
13469835
13469848
13470020
13470171
13470496
13471043
13471132
13471619
13472002
13472076
13472077
13472242
13472277
13472357
13472813
13473136
13473215
13473482
13473818
13473873
13474068
13474562
13474646
13474791
13557107
13558639
13561160
13563409
13566513
13566878
13569763
13573931
13660346
13664682
13668154
13669151
13669262
13669311
13669317
13669530
13669953
13669964
13670208
13670743
13670808
13671589
13672615
13672691
13672810
13674809
13675442
13675632
13675776
13675838
13675905
13675939
13676270
13676687
13676712
13677051
13678483
13679242
13679245
13679463
13679588
13679695
13680057
13680139
13680192
13680500
13680765
13683332
13683411
13683431
13683716
13683902
13684806
13684837
13685071
13739344
13740883
13922699
13924671
13925053
13926441
13926772
13926901
13927176
13927389
13928316
13928728
13932575
13932682
13934634
13934817
13935995
13937338
13937428
13937833
13959706
13959800
13960014
13960224
13961337
13961850
13962617
13962818
13963098
13963285
13963411
13963950
13964199
13964315
13964877
13964906
13965784
13966170
13966351
13967678
13967689
13967943
13969560
13969919
13970069
13970348
13970462
13971132
13972034
13972451
13972615
13972658
13972764
13972949
13975386
13975542
13976741
13977049
13978209
13978977
13979074
13979552
13980018
13981190
13981435
13982416
13982543
13982673
13983326
13983479
13986199
13988684
13988985
13989261
13989510
13989546
13989659
13991590
13994492
13994823
13995261
13995428
13995666
13996977
13997021
13997385
13997687
13999428
14001100
14002542
14002590
14002960
14003468
14004800
14005623
14005692
14006769
14007251
14024961
14028330
14028536
14030126
14030400
14031619
14031629
14032623
14032958
14032975
14033292
14034062
14034779
14037178
14039115
14041740
14042213
14042626
14087311
14087333
14087857
14088136
14088349
14088430
14089847
14090030
14090231
14090321
14090836
14092113
14093301
14093407
14093633
14093765
14094015
14094055
14094191
14094309
14094332
14094815
14094914
14095053
14095106
14096147
14096241
14096766
14096848
14096888
14096941
14097236
14097480
14097590
14097903
14097968
14098069
14098530
14098628
14099132
14099312
14099317
14099387
14099450
14099547
14100116
14100932
14101504
14145052
14166260
14167499
14168360
14169713
14173213
14177866
14190083
14190510
14191673
14191994
14193534
14194719
14195435
14196035
14196483
14196657
14197922
14198021
14199638
14200110
14202707
14202890
14204012
14204170
14204616
14206359
14206823
14268089
14270892
14271437
14276080
14297391
14318265
14318328
14318336
14318621
14319145
14320039
14320298
14320451
14320746
14320758
14320830
14320939
14321131
14321148
14321159
14321226
14321743
14321934
14322372
14322417
14322461
14323179
14323277
14323333
14323529
14323537
14324407
14324594
14324889
14325580
14325730
14325828
14326090
14326290
14326339
14326721
14327415
14327417
14327531
14328113
14328118
14328153
14328251
14328686
14329026
14329343
14329361
14329365
14329480
14329693
14329909
14329937
14329968
14331120
14331194
14331252
14331387
14331645
14331713
14332503
14332898
14332966
14333053
14333132
14333348
14333459
14333734
14334318
14334353
14334528
14334720
14334858
14334894
14334901
14335091
14335322
14335800
14335830
14371006
14511240
14525055
14557819
14557909
14558201
14561357
14561667
14561749
14562041
14562222
14562847
14564079
14564976
14565924
14566425
14567519
14567615
14567801
14568536
14568694
14568977
14569286
14569586
14570481
14571137
14571243
14571378
14571465
14571529
14571709
14587846
14588555
14589329
14593071
14599803
14600629
14601228
14601695
14601820
14601860
14602017
14602233
14602278
14602506
14602769
14602787
14602915
14602974
14603026
14603781
14604139
14604407
14604829
14605952
14605971
14606493
14607033
14607233
14607671
14608109
14608706
14609705
14609725
14609948
14610076
14610142
14610177
14610359
14610503
14610525
14610580
14610701
14610922
14611353
14611357
14611387
14611529
14611582
14612532
14612750
14612908
14613047
14613098
14625931
14627814
14627929
14628292
14628595
14629370
14629581
14629610
14629676
14632034
14633062
14633241
14634099
14634866
14635333
14635762
14636737
14637463
14637790
14638108
14638764
14641229
14641850
14641940
14642020
14643043
14643594
14643683
14644412
14644800
14645620
14646277
14646884
14647751
14648038
14648373
14649214
14651147
14651466
14651762
14652155
14652597
14652684
14652688
14652929
14653005
14773484
14773652
14773668
14773767
14774099
14775680
14775737
14776436
14776937
14779519
14779979
14781537
14781647
14781776
14783184
14783595
14784328
14789366
14789811
14790403
14794543
14795005
14795495
14795643
14801625
14810779
14822987
14823213
14823237
14823533
14823948
14823989
14824223
14825005
14826069
14826107
14826159
14826191
14826437
14826812
14826926
14828144
14828614
14828646
14828678
14829008
14829147
14829353
14829417
14829588
14829613
14830074
14830209
14831213
14831595
14831852
14832245
14832369
14833259
14833366
14833430
14834170
14834229
14834333
14834376
14834380
14834521
14835287
14835457
14835520
14835534
14835796
14835797
14836203
14836757
14836767
14836781
14836897
14837061
14837214
14837634
14838193
14838449
14838655
14838795
14838950
14839240
14839282
14839420
14839752
14839890
14840734
14840753
14841152
14841680
14841757
14841845
14842000
14842061
14842110
14842528
14845436
14853234
14856057
14950936
14951409
14952605
14953524
14954263
14955015
14955178
14955698
14957214
14958703
14959180
14959743
14960088
14960206
14960962
14961017
14961129
14964687
14964713
15029419
15030998
15286639
15286687
15286944
15287333
15287882
15288232
15288316
15288423
15288587
15288850
15289463
15289704
15290205
15290389
15290650
15290966
15290988
15291113
15291174
15291915
15292160
15292357
15292419
15292538
15292614
15292724
15292892
15293030
15293088
15293260
15293366
15293446
15293540
15293751
15293864
15294099
15294141
15294281
15294702
15295219
15295780
15295801
15296794
15296904
15297085
15297517
15297550
15298387
15298638
15299215
15299698
15300310
15300353
15300821
15301043
15301082
15301212
15301609
15301707
15327237
15328240
15329667
15331141
15334232
15334673
15338975
15345640
15346090
15347480
15348411
15449853
15450068
15451509
15452199
15452851
15452943
15453303
15454386
15454400
15454559
15455077
15455697
15455749
15456074
15456195
15456324
15456618
15456687
15457510
15457639
15457891
15458661
15459023
15459075
15459328
15459492
15460926
15461490
15465905
15465971
15466246
15467876
15473503
15474217
15475645
15476383
15476792
15476924
15477286
15477622
15478669
15478889
15479171
15479593
15479752
15480086
15480597
15480801
15480831
15481518
15482175
15482557
15483871
15483901
15484098
15484443
15484804
15485079
15485122
15485210
15486875
15487293
15487735
15488631
15488965
15489341
15490009
15490651
15525316
15530339
15537031
15537046
15557565
15603040
15630000
15708511
15709249
15709336
15709579
15711154
15711281
15712226
15712237
15712419
15712546
15712835
15712977
15713865
15714110
15714186
15714795
15714846
15715027
15715405
15716751
15716953
15717194
15717403
15717662
15718317
15718569
15718582
15719202
15719758
15719996
15720457
15721073
15721108
15721156
15721184
15721749
15722043
15722177
15722400
15722467
15722583
15723354
15724213
15787549
15787726
15788308
15788327
15788704
15789241
15789340
15790755
15790943
15791931
15792705
15792834
15793135
15793258
15793346
15793803
15794228
15794230
15795419
15796852
15797006
15797151
15798662
15799526
15799586
15800007
15800075
15819292
15820915
15825368
15826207
15827493
15827519
15827842
15829369
15829749
15829818
15830132
15830740
15830819
15831051
15832146
15832826
15833120
15897888
15897891
15898229
15898277
15898518
15898629
15899715
15899801
15900003
15900151
15900209
15900252
15900574
15901372
15901784
15901983
15902135
15902156
15902166
15902192
15902711
15903170
15903171
15903211
15903416
15903760
15903995
15904625
15906037
15906040
15906245
15906425
15906688
15907457
15907557
15907996
15908619
15909503
15909841
15910150
15910182
15910529
15910604
15910638
15910952
15911411
15911414
15911489
15911884
15927413
15927945
15928026
15928037
15928148
15928295
15928961
15929193
15929385
15929400
15929864
15930619
15930872
15930959
15931058
15931153
15931545
15931750
15931867
15932199
15932209
15932270
15932483
15932903
15932972
15933137
15933250
15933491
15933685
15933745
15934219
15934689
15934812
15934919
15935104
15935326
15935393
15935661
15936014
15936076
15936285
15936467
15937098
15937383
15938087
15938542
15938701
15938745
15938894
15939653
15941152
15941182
15941263
15941422
15941484
15941905
15942198
15943501
15945958
15946684
15947685
15947817
15947977
15948412
15948678
15948980
15949063
15950144
15950486
15950769
15950796
15956134
15956350
15958340
15958403
15958743
15965415
16045317
16045579
16047474
16050547
16053547
16181370
16181474
16184188
16185748
16186909
16222201
16223956
16227852
16257255
16258591
16258631
16258794
16259006
16259746
16259787
16260037
16260194
16260571
16262179
16262278
16262434
16262454
16262639
16264032
16265135
16266114
16266373
16267120
16267517
16268544
16268632
16268829
16269033
16269257
16269277
16269507
16270553
16270834
16271213
16271731
16271836
16271875
16272066
16272520
16273276
16273386
16273796
16273799
16273897
16274041
16274050
16274350
16275052
16329271
16330456
16330559
16478238
16478613
16479971
16480212
16481175
16482289
16485143
16485259
16488943
16489972
16513053
16513205
16513286
16513914
16514025
16514457
16514498
16514642
16514683
16514748
16514987
16515296
16515307
16515721
16515841
16516233
16516535
16516727
16516906
16517435
16517840
16517934
16518417
16518462
16518540
16519692
16519707
16519936
16520606
16520708
16522098
16522272
16522418
16522985
16523203
16523285
16523696
16524014
16524088
16524358
16524446
16525149
16525644
16525778
16525944
16525991
16526070
16526116
16526362
16526822
16526846
16527004
16527064
16527368
16527508
16527516
16527838
16528448
16528636
16528944
16528991
16529587
16530115
16530138
16530424
16530529
16530561
16530666
16530811
16531486
16531794
16531823
16531997
16582963
16583074
16590491
16591099
16639434
16640875
16641566
16642338
16643803
16643827
16644536
16644646
16645091
16646333
16646648
16808606
16808642
16808705
16809140
16811044
16811515
16811518
16812386
16813041
16813084
16813586
16813859
16815466
16815476
16815933
16816076
16816476
16816529
16817959
16819815
16820643
16821321
16834943
16912193
16912271
16912295
16912700
16912976
16913560
16914246
16914320
16914510
16914795
16915466
16915766
16916826
16917016
16917111
16917223
16917247
16917534
16918001
16918083
16918275
16918316
16918404
16918911
16919285
16919409
16920036
16920178
16920411
16921257
16921330
16921639
16922429
16922712
16922894
16923244
16923276
16923728
16924362
16924761
16925115
16925371
16925944
16926249
16926585
16926947
16927275
16927708
16927733
16928143
16928200
16928530
16928833
16960921
16961030
16961234
16961907
16962277
16962279
16962354
16962848
16963784
16964449
16965292
16965308
16965930
16966049
16966121
16966913
16967053
16967119
16967148
16967176
16967559
16967815
16968405
16968429
16969263
16969498
16970278
16970442
16970568
16970593
16970826
16970849
16971054
16971232
16971890
16971894
16972016
16972067
16972124
16972594
16972606
16972784
16973413
16973472
16973545
16974130
16974347
16974517
16975362
16975599
16975680
16976140
16976229
16976437
16976478
16977051
16977154
17002046
17002253
17002257
17002696
17002861
17003124
17003325
17004449
17004642
17006731
17007034
17007658
17008019
17008112
17008799
17009266
17009434
17011669
17011782
17012370
17012951
17014777
17015609
17016305
17016840
17031158
17032026
17032376
17033595
17035144
17035350
17036929
17038069
17038709
17039452
17041978
17042668
17043036
17043632
17044081
17044333
17044646
17044750
17073752
17074245
17074998
17076845
17078144
17079997
17080657
17080760
17081116
17085042
17085304
17086366
17088632
17089008
17089629
17089671
17123914
17124002
17124053
17124072
17124297
17124648
17124788
17124847
17125660
17126007
17126151
17126461
17126891
17126926
17126999
17127014
17128378
17128696
17128801
17129192
17129982
17130158
17130696
17132306
17132418
17133322
17133705
17134189
17134695
17135164
17149627
17150779
17157084
17232882
17232974
17234111
17234206
17234331
17235014
17235318
17235472
17236113
17237687
17238106
17240151
17240302
17240641
17240897
17241056
17241122
17241200
17241528
17242137
17243829
17243898
17244166
17244169
17244304
17244441
17244461
17244506
17244821
17245469
17245487
17246623
17246751
17246882
17247050
17260093
17260480
17260679
17261419
17262517
17262552
17262788
17262863
17264165
17264267
17264510
17264595
17265143
17266361
17266470
17266516
17266839
17267349
17268379
17268533
17268694
17270121
17270435
17270666
17270811
17296568
17296573
17296689
17297110
17297929
17298177
17298611
17298722
17298787
17298906
17299558
17299655
17299927
17299986
17300012
17300020
17300204
17300355
17300430
17301063
17301072
17301170
17301448
17301687
17301696
17301709
17301948
17302641
17302745
17302999
17304721
17304776
17304946
17305005
17305670
17306015
17306117
17306135
17306240
17306613
17306690
17306816
17306951
17307018
17307806
17307826
17307936
17307976
17308165
17308207
17308394
17308840
17308972
17309097
17309334
17309642
17309836
17310409
17310510
17310588
17310736
17311149
17311157
17311160
17311425
17311588
17311690
17378842
17392514
17393177
17479959
17480150
17481002
17482007
17483171
17483428
17484883
17487524
17489567
17489884
17490343
17491851
17491956
17492080
17494047
17494121
17494227
17494734
17495224
17496499
17497003
17497204
17548198
17587821
17589716
17643035
17644042
17644880
17645048
17645127
17645214
17645235
17645853
17645991
17646337
17647894
17648027
17648235
17648486
17648532
17648868
17648982
17649192
17649349
17649804
17650718
17650952
17651341
17651793
17652315
17652621
17652818
17652920
17653160
17653179
17653429
17653463
17654130
17654626
17654748
17654845
17654928
17655143
17655332
17655469
17655553
17655732
17655765
17657065
17657271
17657744
17657907
17658170
17658788
17659094
17659346
17660463
17660576
17660795
17660863
17661090
17661110
17661319
17661669
17662025
17662220
17662359
17662597
17662637
17662741
17662897
17663649
17664056
17664611
17664638
17664789
17664975
17665518
17666256
17666756
17666916
17667105
17667708
17668293
17668942
17669117
17683666
17685163
17686502
17687039
17687997
17690007
17691922
17694892
17778896
17779007
17782479
17782639
17782696
17783295
17786706
17787193
17788108
17789020
17790315
17790397
17790436
17790859
17790865
17791126
17791134
17792175
17792222
17792236
17792558
17792570
17792755
17793240
17793483
17793515
17793557
17794170
17794199
17794301
17794399
17794636
17794714
17794860
17795451
17795551
17795708
17795721
17795810
17796201
17796433
17797331
17797458
17798130
17798400
17798758
17798809
17799070
17799494
17801816
17809992
17816508
17843482
17843527
17843587
17843595
17843713
17843782
17843831
17844170
17844517
17844692
17844753
17844764
17845001
17845260
17845513
17845663
17846097
17846131
17846185
17846566
17846614
17846766
17847191
17847457
17847836
17847898
17847996
17848368
17849030
17849169
17849400
17849705
17850485
17850720
17851181
17851870
17851886
17852473
17853231
17853290
17853523
17853871
17853910
17853914
17853962
17854618
17854943
17855586
17855844
17874731
17891374
17899788
17909814
17913305
17923960
17928525
17929740
17929789
17930978
17932773
17932845
17932899
17933680
17934176
17934271
17934536
17936320
17936703
17937116
17937307
17938160
17939076
17939712
17940590
17940651
17942097
17942509
17944585
17945023
17946925
17954725
17954768
17954940
17955126
17955851
17955973
17957636
17958472
17960490
17960628
17961477
17962096
17962957
17963269
17963275
17964065
17964204
17964308
17964351
17964423
17964729
17964748
17965152
17965706
17966081
17966216
17966658
17966951
17967125
17968280
17968694
17970607
17971759
17971881
17971904
17972416
17972436
17972603
17972799
17973667
17974538
17975138
17976196
17976295
17978784
17979815
17979856
17980832
17981789
17983608
17984190
17984878
17985822
17986528
17986748
17987555
17987976
17989259
17990094
17992200
17993410
17994188
17994588
17995172
17996996
18011290
18011622
18011931
18011992
18012135
18012754
18012899
18013258
18013646
18013720
18014069
18014098
18014179
18014187
18015014
18015245
18017059
18017435
18017513
18018360
18018460
18018505
18019301
18019755
18019928
18020032
18021201
18021988
18022615
18022898
18023036
18023660
18024497
18025985
18026285
18026645
18026829
18027124
18027429
18028371
18029435
18033580
18034131
18034500
18034709
18036290
18038141
18039594
18039947
18040417
18040862
18041536
18168540
18169638
18170239
18170626
18170774
18172966
18173991
18174600
18175664
18175853
18176121
18177061
18178522
18178659
18179740
18180161
18180351
18180356
18182103
18182138
18182292
18182883
18183108
18183533
18183576
18183601
18183888
18184244
18184495
18184544
18184597
18184599
18184639
18184846
18185673
18186268
18186291
18186430
18186806
18186816
18186821
18187930
18188187
18188193
18188349
18189248
18189454
18189479
18189838
18189882
18190241
18190560
18191230
18191242
18191270
18191303
18191311
18191496
18191652
18191748
18192211
18192217
18192650
18192897
18193436
18193784
18193958
18194129
18194246
18194262
18194415
18194776
18195620
18195656
18196318
18196491
18196510
18196674
18196798
18197499
18197553
18197713
18197733
18197735
18277630
18278221
18278291
18278529
18278744
18279109
18279567
18280218
18280683
18280743
18280745
18280932
18281205
18281373
18281477
18281649
18281901
18282000
18283136
18283187
18283290
18283430
18283939
18284185
18284455
18284544
18284575
18285205
18285213
18285343
18285397
18285916
18286659
18286746
18286776
18286854
18286918
18286937
18286972
18287584
18287879
18288090
18288180
18288500
18288690
18288840
18289000
18289258
18289315
18289812
18290060
18290315
18290337
18290373
18290406
18290510
18290774
18291620
18291706
18331045
18331073
18331619
18332190
18332289
18332665
18332832
18332877
18332997
18333344
18333480
18333576
18333952
18333974
18334043
18334302
18334324
18334646
18335394
18335691
18335864
18335980
18336330
18336426
18336480
18336923
18337119
18337378
18337998
18338242
18338820
18339292
18339359
18339730
18339866
18340026
18340091
18340158
18340686
18340787
18341447
18342040
18342183
18342311
18342321
18343176
18343350
18343569
18343830
18343836
18389525
18389756
18389772
18390207
18390843
18391503
18391504
18391673
18391971
18392249
18393013
18393404
18393450
18394004
18394525
18394526
18394673
18394865
18394959
18395032
18395727
18396030
18396055
18396293
18396704
18398075
18398414
18399071
18399217
18399821
18400256
18400852
18401124
18401978
18402578
18402712
18402978
18403540
18403875
18403946
18404020
18404058
18404152
18405044
18405296
18405322
18405470
18405583
18405614
18405873
18406429
18406510
18406539
18407011
18407033
18407301
18407432
18407479
18454761
18455350
18457372
18457473
18457608
18457614
18459237
18459571
18460179
18461404
18463093
18463386
18463603
18464247
18464442
18464448
18465529
18466083
18466224
18466725
18467470
18472273
18496567
18496958
18497898
18498032
18498305
18498446
18499648
18502034
18502376
18502447
18505149
18505771
18507260
18508878
18508956
18509605
18509641
18509718
18510011
18510055
18510297
18511096
18511706
18511718
18512102
18524674
18525027
18525191
18525474
18525810
18526069
18526849
18527614
18528047
18528100
18528251
18528422
18529413
18529518
18529610
18529658
18529740
18529788
18530252
18530684
18530964
18531312
18531655
18531779
18531977
18532136
18532419
18532491
18532817
18532851
18533194
18533253
18533438
18533515
18534320
18534646
18535583
18535694
18535698
18536980
18537724
18537735
18538372
18538565
18539167
18539205
18539721
18540677
18540709
18540729
18540769
18541024
18541068
18541271
18541364
18541640
18541877
18541916
18542132
18542158
18543044
18543104
18543706
18543792
18543848
18547741
18550674
18551346
18553677
18554759
18556696
18558994
18559114
