454
581
736
761
769
834
895
897
1080
1507
1538
1562
1593
1644
1804
1971
1980
2185
2269
2290
2291
2418
2460
2486
2496
2547
2571
2583
2599
2627
2879
3059
3102
3275
3362
3573
3595
3694
3806
3840
3869
3874
3882
4114
4124
4407
4428
4444
4449
4458
4480
4537
4708
4825
4949
5020
5064
5125
5190
5204
5390
5464
5518
5554
5811
5811
5821
5835
5841
5877
5882
5952
6119
6159
6205
6320
6322
6343
6515
6615
6672
6858
6982
6997
7014
7026
7102
7144
7170
7184
7188
7191
7218
7461
7476
7522
7690
7731
7784
7893
7954
7968
8236
8376
8424
8533
8660
9045
9268
9418
9645
9666
9728
9833
9947
10107
10262
10297
10311
10362
10681
10688
10778
10986
11203
11254
11300
11350
11403
11443
11504
11514
11584
11901
11977
12169
12405
12409
12630
12651
12660
12770
12814
13003
13136
13499
13573
13668
13692
13869
13920
13991
14077
14206
14488
14609
14692
14802
14822
14900
15028
15074
15425
15524
15730
15746
15967
15997
16238
16256
16398
16437
16457
16638
16714
16807
16858
16914
17019
17039
17059
17090
17093
17110
17346
17491
17688
17718
17775
17807
17814
17943
17949
18107
18217
18292
