115
161
182
185
249
440
452
682
694
775
814
822
822
855
895
962
1055
1056
1133
1157
1213
1224
1341
1397
1407
1420
1455
1584
1628
1640
1729
1908
1909
2080
2090
2282
2426
2451
2548
2725
2772
2804
2859
2904
2934
2981
3145
3207
3255
3328
3372
3487
3539
3546
3784
3854
3856
4200
4387
4504
4539
4760
4877
4932
5013
5069
5102
5181
5291
5494
5527
5542
5726
5800
5881
5943
6136
6198
6267
6275
6361
6376
6458
6504
6626
6740
6964
7006
7041
7262
7302
7392
7412
7452
7793
7874
8009
8020
8111
8116
8159
8453
8560
8599
8715
8740
8803
8919
9096
9315
9332
9502
9523
9560
9591
9657
9719
9898
9961
10014
10074
10112
10121
10233
10343
10345
10521
10564
10813
10829
10834
10858
10892
10927
11167
11194
11300
11353
11374
11375
11456
11460
11484
11499
11536
11538
11557
11560
11617
11692
11696
11746
11897
12217
12247
12403
12576
12605
12606
12808
12810
12842
13317
13380
13542
13596
13614
13639
13648
13768
13785
13881
14045
14049
14113
14214
14256
14299
14412
14492
14698
14726
14857
14878
14894
15009
15079
15234
15289
15318
15328
15460
15783
15856
15883
15890
15947
15994
16006
16027
16210
16212
16219
16271
16297
16356
16434
16558
16612
16760
16816
16861
16896
16951
16974
16994
17033
17034
17096
17172
17198
17242
17308
17351
17397
17402
17545
17617
17685
17696
17730
17752
17765
17784
17871
17966
18012
18029
18173
18265
18373
18390
18416
18491
18663
18675
18717
