15
107
173
204
284
389
456
592
665
742
955
1001
1005
1091
1386
1398
1444
1595
1846
1910
2073
2241
2275
2410
2463
2588
2610
2641
2824
2945
3010
3033
3239
3250
3261
3365
3409
3422
3465
3497
3614
3629
3664
3770
3791
3838
3919
4009
4045
4072
4228
4323
4341
4369
4377
4394
4513
4587
4714
5161
5186
5309
5404
5447
5578
5975
5988
6014
6218
6279
6366
6369
6411
6532
6989
7000
7005
7156
7202
7203
7344
7370
7407
7488
7567
7723
7828
7909
7915
7924
8022
8208
8436
8592
8809
8818
8824
8829
8833
8983
9002
9065
9077
9169
9183
9211
9361
9370
9459
9509
9538
9751
9767
9844
9893
9948
9968
10007
10040
10059
10103
10143
10160
10161
10334
10426
10593
10678
10766
10927
10930
11020
11046
11163
11293
11468
11526
11555
11671
11696
11749
11855
11988
11990
12008
12014
12178
12295
12325
12520
12567
12587
12783
12835
12847
12982
13026
13072
13097
13129
13283
13360
13433
13458
13535
13616
13706
13716
13806
13823
13908
14169
14415
14479
14482
14492
14571
14923
14924
14929
15292
15473
15552
15574
15584
15612
16145
16157
