20
207
488
533
543
593
698
698
724
754
1065
1082
1268
1296
1336
1377
1439
1494
1544
1600
1686
1691
2040
2099
2101
2138
2231
2274
2324
2384
2456
2509
2525
2544
2554
2581
2687
2707
2731
2794
2905
2907
2913
3020
3163
3241
3339
3406
3632
3649
3692
3856
3857
3929
4161
4295
4339
4371
4395
4614
4630
4683
4694
4774
4852
5047
5354
5438
5456
5584
5630
5720
5765
5885
5919
5926
5942
6018
6052
6265
6308
6363
6447
6508
6596
6605
6703
6720
6874
6944
7193
7210
7264
7397
7451
7493
7606
7650
7693
7723
7886
8012
8019
8053
8069
8127
8335
8692
8820
8829
8938
9007
9016
9049
9066
9093
9101
9194
9216
9249
9299
9310
9315
9361
9463
9526
9570
9590
9706
9773
10100
10144
10152
10198
10237
10324
10347
10516
10639
10655
10724
10740
10781
11039
11063
11117
11145
11230
11234
11318
11331
11421
11537
11742
11752
11763
11777
11828
11830
11928
12193
12195
12221
12271
12332
12502
12525
12591
12629
12732
12772
13039
13388
13396
13421
13432
13528
13624
13705
13755
13790
13843
13882
13917
13976
14017
14084
14090
14101
14247
14281
14388
14419
14436
14456
14474
14587
14684
14741
14830
14837
14956
14961
14977
15020
15038
15055
15319
15340
15434
15554
15570
15680
15749
15811
15838
15885
15996
16125
16212
16338
16384
16495
16534
16611
16623
16661
16724
16731
16927
17027
17086
17087
17090
17130
17141
17172
17214
17235
17337
17400
