17
38
90
114
128
405
415
420
427
504
615
717
1023
1062
1250
1268
1299
1308
1363
1454
1549
1612
1679
1686
1766
1888
1905
1989
2004
2023
2062
2174
2266
2444
2695
2757
2828
2836
2840
2966
3064
3189
3282
3322
3432
3695
3759
3967
4003
4113
4121
4226
4238
4287
4386
4419
4441
4479
4525
4534
4604
4631
4642
4708
4755
4886
5034
5095
5099
5169
5478
5509
5713
5728
5762
5790
5817
5906
5939
5973
6014
6021
6082
6108
6298
6389
6470
6635
6637
6682
6772
6821
6876
6891
6950
6973
7092
7137
7168
7216
7320
7443
7444
7447
7458
7526
7548
7574
7594
7684
7693
7754
7902
7947
8198
8198
8279
8523
8602
8609
8662
8674
8774
8982
9092
9169
9184
9334
9411
9425
9507
9544
9564
9573
9656
9726
9858
9866
9929
9992
10270
10415
10509
10562
10750
11016
11075
11188
11279
11299
11364
11396
11547
11604
11782
11810
11831
11839
11901
11921
12047
12159
12428
12461
12486
12511
12569
12573
12646
12711
12808
12846
12968
13001
13085
13107
13108
13151
13331
13386
13451
13532
13588
13735
13830
13870
13897
14000
14064
14208
14217
14335
14383
14398
14468
14472
14604
14776
14785
14787
14923
14944
15050
15119
15172
15194
15264
15336
15438
15571
15653
15655
15735
15961
16010
16134
16150
16173
16211
16335
16494
16550
16565
16578
16641
16734
16869
16872
16879
16993
17155
17171
17239
17298
17322
17496
17535
17565
17586
17640
17646
17733
17742
17816
17820
17859
17890
17904
17946
18041
18049
18070
18153
18208
18217
18299
18300
18460
18560
18641
18719
18723
18779
18821
18974
19006
