63
298
445
482
516
671
695
713
803
824
1068
1088
1088
1096
1168
1176
1181
1328
1338
1479
1521
1536
1557
1774
2146
2156
2250
2366
2564
2592
2603
2627
2639
2870
2884
2920
3049
3076
3101
3110
3126
3181
3199
3202
3278
3512
3555
3621
3633
3913
3922
3929
4042
4057
4207
4218
4251
4279
4433
4586
4602
4659
4669
4760
4767
4860
4879
4948
4972
5114
5222
5494
5547
5612
5667
5731
5769
6056
6373
6432
6440
6456
6491
6564
6575
6682
6714
6768
6793
6845
6881
6911
7087
7720
7813
7956
7990
8051
8100
8149
8200
8211
8244
8285
8581
8687
8967
9059
9157
9240
9268
9313
9344
9409
9495
9544
9607
9741
9790
9793
9837
9853
9886
9988
10081
10126
10186
10431
10457
10472
10478
10491
10619
10712
10736
10774
10919
10994
11506
11630
11646
11806
11852
11949
11973
12016
12059
12123
