60
61
143
276
311
318
379
403
455
504
513
528
647
717
841
1046
1152
1335
1336
1847
1915
1973
2060
2119
2173
2327
2434
2438
2693
2707
2720
2722
2758
2801
2909
2973
3108
3130
3349
3367
3476
3516
3537
3676
3698
3773
3967
4102
4323
4340
4361
4515
4556
4560
4649
4770
4784
4861
4996
5028
5145
5185
5187
5212
5226
5428
5531
5540
5555
5561
5805
5819
5843
5909
5930
5947
6101
6179
6342
6471
6608
6618
6655
6668
6990
6999
7248
7359
7440
7449
7451
7486
7502
7503
7525
7562
7680
7695
7753
7774
7796
7957
8043
8123
8185
8214
8220
8286
8317
8321
8340
8484
8561
8589
8627
8855
8935
8994
9036
9151
9189
9212
9278
9281
9445
9449
9560
9606
9656
9714
9810
9912
9964
9999
10200
10317
10407
10417
10685
10717
10881
10887
10980
11063
11145
11218
11441
11556
11574
11599
11621
11813
11816
11909
11944
11952
12314
12492
12533
12768
12775
12850
13136
13247
13303
13343
13363
13528
13531
13555
13599
13685
13709
13763
13773
13810
13855
14056
14115
14205
14299
14302
14357
14447
14501
14538
14668
14765
14889
15044
15062
15088
15106
15311
15315
15396
15468
15923
16190
16271
16272
16286
16378
16452
16536
16582
16653
16710
16737
16813
16813
16884
17173
17226
17491
17532
17549
17712
17806
18058
18103
