11
106
177
298
399
511
657
791
900
1008
1429
1524
1576
2023
2322
2345
2444
2551
3156
3225
3707
3856
3896
3938
4359
4366
4518
4613
4620
4643
5034
5264
5393
5426
5857
6005
6292
6296
6601
6643
6697
6762
6968
7290
7482
7540
7565
7711
7894
8002
8025
8165
8240
8492
8515
8694
8728
8730
8768
8796
8810
8815
8816
8951
9145
9194
9265
9379
9485
9514
9668
9911
9965
10096
10282
10411
10445
10944
10966
11225
11293
11396
11470
12085
12224
12310
13109
13233
13504
13741
14101
14678
14701
14835
15191
15210
15298
15356
15705
15721
15805
16227
