17
25
177
406
407
410
433
516
567
598
745
758
934
944
978
1004
1026
1093
1199
1236
1296
1356
1385
1444
1445
1514
1548
1727
1727
1799
1845
2068
2133
2219
2249
2252
2270
2674
2740
2841
2877
2888
2977
3005
3028
3036
3062
3077
3129
3175
3417
3550
3616
3654
3982
4046
4179
4323
4351
4402
4674
4882
4897
5062
5130
5344
5388
5429
5476
5565
5619
5683
5686
5942
5972
6000
6111
6180
6234
6394
6502
6532
6571
6634
6817
6965
7039
7119
7142
7239
7296
7359
7364
7413
7441
7504
7652
7746
7779
7790
7886
8047
8120
8159
8167
8257
8375
8391
8442
8568
8585
8822
8916
8968
9004
9109
9205
9249
9251
9370
9431
9462
9597
9739
10064
10238
10269
10275
10277
10278
10352
10353
10372
10383
10577
10703
10762
10826
10932
10939
11050
11094
11127
11169
11197
11242
11252
11256
11257
11499
11500
11513
11681
11771
11813
12263
12296
12372
12574
12582
12671
12731
12852
13038
