93
169
364
963
1016
1068
1358
1411
1824
1837
2135
2680
2795
2805
2853
2925
3374
3415
3867
3884
3987
4005
4460
4595
4782
4834
4860
4924
4974
4976
5010
5010
5274
5571
5656
5815
5904
6239
6368
6436
6451
6567
6662
6736
6785
6810
6856
6979
7391
7627
7837
7937
8049
8140
8173
8207
8224
8355
8998
9040
9128
9304
9393
9470
9831
9861
9955
9980
10087
10199
10378
10556
10580
10596
10631
10841
10860
11081
11254
11279
11440
11456
11813
11872
11912
12019
12046
12200
12580
12906
13040
13455
13486
13609
13634
13713
14118
14301
14549
14573
14775
14843
15004
15081
15283
15504
15633
15914
16201
16231
16470
16671
16688
16693
16742
16779
16941
17292
17362
17528
17729
