82
133
155
172
332
416
468
579
777
796
1110
1427
1449
1489
1620
1635
1696
1847
1956
2006
2009
2049
2119
2120
2259
2266
2356
2392
2532
2585
2622
2714
2763
2795
2881
2931
3014
3031
3308
3404
3447
3568
3649
3708
3905
3953
3996
4013
4029
4054
4057
4097
4243
4348
4392
4519
4588
4702
4704
4797
4856
4960
4982
4984
5039
5092
5265
5271
5315
5395
5558
5629
5945
5956
5988
6133
6139
6245
6264
6307
6354
6454
6500
6526
6576
6620
6654
6660
6825
6844
7007
7206
7221
7283
7347
7521
7585
7617
7692
7829
7968
8026
8028
8053
8127
8288
8310
8385
8489
8800
8934
8960
9012
9229
9366
9394
9459
9477
9571
9711
9812
9891
9898
10079
10095
10128
10136
10282
10350
10433
10550
10768
10793
10908
10914
10929
10996
11004
11025
11151
11166
11255
11261
11327
11477
11538
11585
11689
11841
11853
12057
12066
12215
12273
12310
12326
12432
12457
12511
12547
12637
12761
12882
13023
13124
13157
13161
13173
13219
13219
13221
13271
13347
13359
13420
13425
13449
13485
13555
13690
13808
13853
14068
14093
14096
14211
14327
14341
14341
14396
14464
14480
14509
14617
14624
14647
14671
14703
14791
14901
15039
15190
15238
15259
15262
15337
15472
15519
15637
15894
15925
15936
16002
16008
16086
16106
16112
16147
16213
16224
16249
16439
16520
16560
16586
16684
16752
16784
16873
16876
16906
16985
17348
17516
17546
17615
17619
17646
17833
17837
17843
17868
17977
18020
18037
18166
18184
18212
18229
18424
18460
18499
18507
18507
18581
18758
18834
18836
19112
19437
19448
19455
19458
19459
19489
19508
19608
19647
19659
19728
