2
64
308
339
480
509
686
757
1013
1053
1151
1287
1332
1374
1411
1438
1488
1695
1753
1853
1914
1937
1987
2028
2100
2199
2217
2379
2459
2564
2664
2681
2776
3031
3058
3154
3192
3264
3409
3425
3468
3589
3606
3610
3612
3619
3630
3659
3832
4052
4136
4164
4176
4177
4185
4222
4274
4431
4509
4742
4757
4759
4778
4822
4939
4971
5022
5103
5197
5213
5558
5840
5848
5892
5909
5939
5956
5996
6067
6112
6115
6253
6272
6366
6409
6494
6613
6744
6768
6773
6959
6976
7129
7199
7212
7220
7273
7317
7344
7455
7467
7477
7511
7524
7631
7665
7679
7682
7698
7713
7723
7738
7753
7763
8044
8048
8054
8089
8235
8235
8336
8472
8542
8544
8670
8704
8721
8745
8839
9236
9244
9297
9355
9398
9534
9555
9615
9834
9868
9990
10075
10098
10300
10416
10489
10581
10615
10674
10751
10799
10843
11006
11215
11522
11665
11738
11791
11865
12020
12023
12065
12120
12147
12323
12345
12429
12438
12498
12696
12830
12851
13072
13226
13499
13551
13624
13724
13756
13858
13909
14064
14166
14306
14425
14622
14626
14988
15053
15060
15060
15151
15197
15251
15357
15378
15461
15574
15586
15589
15761
15955
16003
16125
16249
16278
16312
16489
16520
16522
16570
16572
16644
16678
16736
16760
16768
16789
16827
16905
16933
17033
17087
17249
17381
17391
17478
17556
17655
17698
17902
18008
18078
18100
18234
18362
