194
311
411
487
616
665
672
693
715
730
736
769
936
1147
1358
1417
1522
1633
1783
1921
2009
2100
2118
2265
2290
2316
2390
2441
2515
2527
2544
2568
2653
2746
2752
2872
3064
3075
3106
3138
3161
3202
3275
3322
3378
3379
3432
3454
3465
3555
3591
3669
3678
3684
3828
3876
3898
4057
4082
4101
4127
4175
4297
4300
4305
4358
4387
4392
4396
4579
4669
4695
4700
4717
4805
4845
4885
5031
5087
5094
5100
5140
5150
5192
5240
5291
5378
5396
5410
5452
5501
5551
5589
5736
5768
5836
5849
5900
6015
6085
6088
6213
6254
6259
6354
6361
6391
6408
6441
6478
6500
6604
6672
6689
6905
7048
7090
7304
7466
7497
7552
7568
7575
7601
7607
7628
7743
7820
7987
8148
8173
8378
8474
8609
8916
9107
9211
9241
9446
9461
9461
9518
9672
9774
9834
9863
9995
9998
10300
10335
10451
10456
10572
10677
10726
10776
10792
10864
10871
10917
10927
11003
11071
11125
11168
11242
11570
11614
11824
11878
11928
11986
11991
12051
12051
12075
12145
12161
12167
12260
12283
12307
12389
12494
12522
12532
12589
12643
12767
12769
12790
12861
12920
13144
13146
13189
13265
13322
13344
13379
13444
13460
13480
13599
13637
13644
13650
13689
13759
13779
13839
13849
13935
13977
