21396
28897
30144
30965
34947
35898
35979
36611
36891
37169
37176
37733
38077
38190
38465
38565
38614
38851
39580
40706
40796
40960
41291
41525
41987
42155
42430
42462
42737
42912
43209
43555
43970
44509
44774
44942
45573
45697
45703
46204
47554
47554
47980
48044
48253
49117
49686
50214
50454
50539
50694
51805
51991
52169
52250
52293
52370
52671
52678
52803
53584
54030
54391
54741
54847
55002
55354
56231
56323
57421
57443
57983
58024
58554
58555
58727
58892
59090
59369
59785
60135
60308
60334
60604
61263
61589
61617
62015
62130
62286
62424
62871
62921
62935
63054
63290
63351
63524
63972
64031
64032
64512
64622
64891
65067
65113
82325
97283
97301
97366
97528
97695
97780
98017
98099
98279
98466
98705
98741
98919
98994
99371
99417
100794
100803
100876
100924
101136
101189
101891
102330
102466
103087
103180
103666
103673
103728
104158
104338
104462
104488
104562
104579
104616
104780
105625
106203
107172
107376
107841
109579
109800
112569
115643
115990
117450
127931
128465
155730
161441
164814
197291
220041
220281
220300
220550
220584
221251
221747
221869
221966
222049
222264
222453
222590
222674
222853
222886
224186
224392
224865
225028
225291
225909
226215
226467
227584
227697
227916
227984
228211
228231
228440
228790
229146
229341
229480
229718
229758
229862
230018
230770
231177
231732
231759
231910
232096
232639
233377
233877
234037
234226
234829
235414
236063
236238
236845
236935
237227
240383
240693
240775
241067
241248
241873
243105
244002
244950
245451
246545
246641
246827
247562
247720
248003
248312
248612
249507
250163
250269
250404
250491
250555
250735
251187
253159
253541
254929
255260
255389
255664
255877
256804
257216
261063
261170
263122
263305
264483
265826
265916
266321
283023
283031
283141
283447
283735
284088
284171
284363
284457
284785
284799
285136
285537
285920
286670
287110
287285
287634
287710
287773
287837
288011
288095
288166
288477
288763
289083
289098
289321
289421
289447
289763
290098
290284
290773
290787
291272
291487
291777
291991
292122
292159
292376
292890
293382
293813
293844
304249
314779
315782
317209
318683
321774
322215
386013
473063
473163
473440
473443
473766
474509
474746
474760
475245
475357
475371
475399
475875
475964
476215
476461
476572
477161
477190
477200
477231
477581
478149
478198
478301
478442
478489
478888
479260
480079
481498
482233
482396
482958
483109
483314
483325
483500
483966
484419
484471
484485
485067
485098
485145
485567
485642
485661
492885
523914
562907
565143
565482
566628
581273
581363
581443
582466
583017
583106
583835
584223
585043
585700
586307
587174
587461
587796
588637
590570
590889
591185
591578
592020
592107
592111
592352
592428
683310
688931
722456
722687
722703
723138
723774
724434
724435
724604
724902
725180
725944
726335
726381
726935
727456
727457
727604
727796
727890
727963
728658
728961
728986
729224
729635
731006
731345
732002
732148
732752
733187
733783
734055
734909
735509
735643
735909
736471
736806
736877
736951
736989
737083
737975
738227
738253
738401
738514
738545
738804
739360
739441
739470
739942
739964
740232
740363
740410
745125
828301
828359
829980
830646
832462
833718
837800
838927
838955
839096
840775
841310
843184
917609
917697
917748
917767
917992
918343
918483
918542
919355
919702
919846
920156
920586
920621
920694
920709
922073
922391
922496
922887
923677
923853
924391
926001
926113
927017
927400
927884
928390
928859
957504
960516
962875
963366
964686
965386
965982
970072
972302
989001
989112
989162
989408
989471
990758
991100
991157
992452
992998
993305
994071
994554
994667
994679
994735
995872
995974
996118
996845
997112
997881
997921
997973
997981
998114
998481
998664
998701
998730
998987
999056
999283
999547
999610
999618
999903
1000427
1001321
1001580
1001733
1002028
1002040
1002112
1002221
1002413
1002430
1002441
1002508
1003025
1003216
1003654
1003699
1003743
1004461
1004559
1004615
1004811
1004819
1005689
1005876
1006171
1006862
1007012
1007110
1007372
1007572
1007621
1008003
1008697
1008699
1008813
1009395
1009400
1009435
1009533
1009968
1010308
1010625
1010643
1010647
1010762
1010975
1011191
1011219
1011250
1012402
1012476
1012534
1012669
1012927
1012995
1013785
1014180
1014248
1014335
1014414
1014630
1014741
1015016
1015600
1015635
1015810
1016002
1016140
1016176
1016183
1016373
1016604
1017082
1017112
1155299
1155665
1155790
1155847
1155937
1156438
1156515
1157564
1158271
1158658
1159552
1160225
1160442
1160883
1160899
1160936
1161039
1161092
1161248
1161470
1161830
1161872
1161891
1162093
1162316
1162521
1162683
1162713
1163096
1163195
1163619
1164341
1164964
1165155
1165498
1165812
1166004
1166703
1166992
1167516
1168235
1168280
1168375
1168919
1169494
1169638
1169675
1169715
1169922
1170059
1170106
1170605
1170777
1170804
1171046
1171488
1171897
1171982
1172046
1172149
1172160
1172181
1172223
1172553
1173340
1173457
1173486
1174141
1174539
1185444
1187137
1195671
1214943
1215946
1217459
1217467
1218846
1218922
1218939
1219306
1219442
1219498
1219526
1220406
1220669
1222279
1222358
1223259
1223359
1223500
1223588
1223671
1223673
1224104
1224216
1225216
1225570
1225697
1226035
1226122
1226614
1226776
1227281
1228202
1229006
1229116
1229192
1229330
1229419
1229528
1229556
1229801
1229843
1230034
1230242
1230303
1230664
1231460
1231987
1232439
1232700
1247990
1257542
1261754
1262354
1263412
1263511
1266000
1267031
1267072
1268048
1269005
1270824
1271406
1272094
1273038
1273744
1273964
1274771
1275192
1276475
1277310
1279416
1280626
1281404
1281804
1282388
1284212
1294829
1295115
1295568
1296654
1297950
1298148
1299459
1299905
1300808
1302468
1302490
1303879
1303922
1304874
1305827
1307666
1309108
1309442
1310934
1311066
1312159
1312575
1313289
1343964
1344139
1344565
1344912
1345992
1345998
1346319
1347088
1347298
1347366
1347549
1348063
1348100
1348299
1348387
1348604
1348632
1348678
1348971
1349276
1349305
1349467
1349501
1349561
1349593
1349707
1349840
1350047
1351431
1351454
1351797
1352270
1352287
1352606
1352741
1352915
1353405
1353884
1353888
1354196
1354219
1354398
1354504
1355385
1355640
1356235
1356375
1357030
1357775
1357832
1357977
1358032
1358072
1358090
1358607
1358611
1358670
1358674
1358839
1359070
1359232
1359655
1359703
1410622
1415595
1416312
1416401
1416837
1418274
1418370
1418470
1419726
1419813
1421203
1421632
1421827
1422196
1423638
1423679
1423798
1424581
1424878
1425751
1425782
1425924
1426243
1426725
1426991
1427001
1427062
1427358
1427420
1427603
1427656
1428982
1429215
1430254
1430382
1430673
1457375
1457397
1457921
1458200
1458413
1458494
1459911
1460094
1460295
1460385
1460900
1462177
1463365
1463471
1463697
1463829
1464079
1464119
1464255
1464373
1464396
1464879
1464978
1465117
1465170
1466211
1466305
1466830
1466912
1466952
1467005
1467300
1467544
1467654
1467967
1468032
1468133
1468594
1468692
1469196
1469376
1469381
1469451
1469514
1469611
1470180
1470996
1471568
1535361
1538648
1548278
1549756
1551368
1604258
1604276
1604307
1604412
1604792
1605108
1605217
1605341
1605363
1605574
1606337
1606487
1606594
1606953
1607109
1607565
1607616
1607695
1607768
1607855
1607986
1608244
1608256
1608412
1608445
1608461
1608937
1609145
1609504
1609539
1609724
1609802
1609911
1609961
1610033
1610130
1610400
1610536
1611384
1612372
1612789
1613054
1613215
1613366
1613612
1613658
1613796
1613949
1614039
1614476
1615015
1615366
1615736
1615744
1616091
1616120
1616233
1616940
1617000
1617130
1617422
1617764
1618014
1618219
1618297
1618362
1618600
1619142
1619371
1619436
1619587
1619710
1619738
1619986
1620581
1620611
1620634
1621198
1621205
1621401
1621551
1621572
1676494
1730969
1731109
1731219
1731385
1731465
1731578
1731667
1731885
1732312
1732542
1732598
1732906
1733051
1733163
1733429
1733475
1733779
1733933
1734055
1734128
1734174
1734652
1734674
1734936
1735328
1735405
1735523
1735676
1735813
1736167
1736237
1736491
1736534
1737864
1738124
1738384
1738501
1738565
1738951
1739292
1739381
1739426
1739623
1740102
1740129
1740163
1740384
1740868
1740932
1741074
1741217
1741313
1741414
1741708
1741747
1741811
1742806
1742826
1782130
1891436
1891723
1892633
1894004
1894678
1894734
1895204
1895387
1895938
1896475
1896534
1897410
1897811
1897812
1899405
1899689
1899929
1901493
1901731
1902042
1902619
1903082
1935254
1941728
1945260
1945307
2011325
2011355
2011882
2012047
2012084
2014274
2014655
2014892
2015041
2015118
2015901
2016627
2017672
2017702
2018424
2018717
2019081
2019423
2019436
2019640
2019850
2020113
2020334
2021513
2022565
2022596
2023235
2023353
2023475
2023605
2024130
2024231
2025047
2025238
2025474
2025638
2026115
2026197
2027340
2027842
2027946
2028308
2053807
2053812
2054215
2054300
2056223
2059726
2060645
2062869
2065465
2066285
2067545
2211810
2219608
2222431
2255591
2257046
2257066
2257504
2258654
2258860
2259849
2262246
2263162
2264737
2264883
2265537
2265575
2266566
2266680
2316957
2317369
2317900
2318319
2318969
2319181
2320022
2320446
2320595
2320789
2321214
2321277
2322258
2322491
2322655
2322791
2323046
2323839
2323851
2323870
2324200
2324986
2325530
2325562
2325682
2325707
2326090
2326167
2326213
2326398
2327370
2327458
2327560
2327896
2327969
2328314
2328335
2328357
2328771
2329271
2329351
2329813
2329856
2330400
2330827
2331007
2334453
2336829
2340277
2448651
2449202
2449397
2449844
2450472
2451003
2451101
2451505
2451574
2451603
2451643
2452134
2452458
2452700
2452784
2452808
2453430
2453755
2453761
2453995
2454363
2454444
2454516
2454698
2454741
2454832
2454835
2455231
2455298
2455315
2455384
2455642
2455879
2456383
2456489
2456499
2456788
2456992
2457136
2457262
2457335
2457703
2458008
2458109
2458174
2458737
2459372
2459409
2459560
2460788
2462603
2463183
2463295
2463432
2463474
2463640
2493804
2493942
2496795
2497469
2497634
2497840
2499535
2499572
2500056
2500096
2500583
2500670
2501443
2501851
2502800
2503594
2504042
2504392
2519602
2520082
2524228
2524269
2529574
2530220
2563039
2563419
2565430
2568306
2569730
2574080
2574155
2574418
2574819
2575582
2650243
2651025
2651368
2651638
2652237
2652309
2653304
2653955
2655996
2658601
2658766
2658856
2658984
2659095
2659246
2659468
2663130
2663392
2665287
2668360
2671360
2717497
2719030
2719118
2719961
2720151
2720413
2720872
2720922
2721184
2721704
2722919
2723431
2724096
2724581
2724607
2724707
2724944
2725589
2726262
2726600
2726792
2728236
2728237
2728400
2728675
2728949
2729104
2729477
2729968
2730051
2803462
2803653
2803664
2803742
2803790
2803886
2803981
2804008
2804222
2804839
2805541
2805620
2805940
2806019
2806267
2806539
2806723
2806817
2807079
2807492
2807911
2807987
2808772
2809120
2809243
2809745
2809977
2810246
2810758
2811160
2811627
2811712
2811982
2812123
2812561
2812592
2812761
2813090
2813113
2813690
2813903
2814053
2814521
2814690
2815114
2815542
2815611
2815931
2816075
2816178
2816251
2816331
2816479
2816539
2816624
2817606
2817621
2817632
2817859
2833546
2833625
2833752
2833784
2833855
2834105
2834159
2835049
2835371
2835494
2835560
2835783
2836303
2836335
2836549
2836584
2836592
2837139
2837301
2837408
2837705
2838260
2838861
2838908
2839176
2839646
2839769
2840180
2840397
2840576
2840847
2840940
2841139
2841364
2841702
2842296
2842435
2842502
2843215
2843602
2843658
2844139
2844277
2844366
2844536
2844555
2844626
2844657
2844704
2844795
2844824
2844904
2845106
2845621
2845693
2846036
2846072
2846514
2885038
2885132
2885232
2885269
2885400
2885437
2885486
2885718
2886211
2886646
2886758
2887355
2887748
2888032
2889160
2889904
2890459
2890548
2890902
2891533
2891621
2891792
2891850
2892200
2892274
2892385
2892392
2892755
2893304
2893531
2893599
2893653
2895320
2895673
2896105
2906670
2908105
2909795
2911087
2917261
2920001
2920517
2921108
2921178
2921416
2921631
2921996
2922454
2923105
2923570
2923630
2923632
2923819
2924092
2924260
2924364
2924536
2924788
2924887
2926023
2926074
2926177
2926317
2926826
2927072
2927342
2927431
2927462
2928092
2928100
2928230
2928284
2928803
2929546
2929633
2929663
2929741
2929805
2929824
2929859
2930471
2930766
2930977
2931067
2931387
2931577
2931727
2931887
2932145
2932202
2932699
2932947
2933202
2933224
2933260
2933293
2933397
2933661
2934507
2934593
2936070
2936438
2942164
2945584
3010932
3014190
3014395
3016726
3016857
3017796
3019550
3022997
3218530
3219399
3340165
3340292
3340445
3340977
3340997
3341815
3342372
3342818
3343081
3343422
3344172
3344190
3344306
3344773
3347329
3347392
3347411
3348192
3348716
3348905
3350593
3350709
3350975
3351268
3352075
3352348
3352462
3353770
3354610
3357289
3357378
3374513
3477682
3478861
3479778
3479787
3479886
3481497
3481647
3482220
3482594
3482886
3483376
3483612
3483905
3484295
3484546
3485250
3485655
3485815
3486163
3486724
3487249
3487359
3487584
3488053
3488157
3488630
3488694
3488976
3506909
3512624
3519611
3519917
3520068
3520211
3520777
3520953
3521856
3521916
3522423
3522960
3523938
3524215
3524390
3524410
3525321
3526256
3527961
3528576
3528628
3528835
3529156
3529443
3530222
3530425
3530719
3530951
3531605
3531809
3532014
3532518
3532666
3532726
3532947
3534381
3534828
3535521
3535672
3535751
3538019
3538107
3538375
3552546
3553725
3554416
3555967
3556505
3557324
3558316
3559562
3559799
3561342
3562306
3562374
3563073
3563158
3563475
3564566
3565641
3565880
3566615
3566652
3567682
3568670
3568787
3569858
3570594
3570977
3571911
3572144
3572383
3572883
3573218
3573388
3573753
3573827
3574371
3574537
3575293
3575643
3575694
3575741
3576114
3576282
3576786
3576983
3577307
3577719
3577821
3577970
3578005
3578135
3578179
3578358
3578622
3579619
3580415
3580456
3580761
3582602
3583081
3583094
3583120
3583331
3583560
3583624
3584057
3584162
3584255
3584310
3584696
3585069
3585807
3586092
3586174
3586180
3586515
3586856
3587766
3587992
3589220
3589899
3589959
3590197
3591183
3591271
3591953
3592106
3612257
3612684
3613847
3614168
3615708
3616893
3617609
3618209
3618657
3618831
3620096
3620195
3621812
3622284
3624881
3625064
3626186
3626344
3626790
3628533
3628997
3653687
3670840
3672367
3672408
3672912
3673314
3674411
3674451
3674879
3676660
3678529
3685566
3685672
3687928
3689041
3737256
3737582
3738335
3739059
3739149
3739196
3739449
3739970
3740581
3740673
3740804
3741374
3741380
3741492
3742418
3742972
3743058
3743428
3743450
3743933
3744801
3744829
3744885
3744955
3745781
3746202
3746631
3747536
3747662
3782886
3783319
3783534
3783769
3784085
3784184
3784601
3784877
3785037
3785091
3785398
3786078
3786522
3786690
3786826
3786862
3787224
3787539
3787625
3788037
3788041
3788147
3788308
3788597
3788746
3788927
3788952
3789029
3789032
3789323
3789923
3789996
3790128
3790160
3790470
3791201
3791563
3791882
3792772
3792794
3792982
3792990
3793526
3793820
3793939
3794117
3794780
3794855
3794871
3795104
3795132
3795910
3795946
3796418
3797047
3797278
3797375
3797495
3797624
3797797
3797930
3797941
3798216
3856213
3856745
3856826
3856837
3856948
3857095
3857761
3857993
3858185
3858200
3858664
3859419
3859672
3859759
3859858
3859953
3860345
3860550
3860667
3860999
3861009
3861070
3861283
3861703
3861772
3861937
3862050
3862291
3862485
3862545
3863019
3863489
3863612
3863719
3863904
3864126
3864193
3864461
3864814
3864876
3865085
3865267
3865898
3866183
3866887
3867342
3867501
3867545
3867694
3868453
3869952
3869982
3870063
3870222
3870284
3870705
3871332
3879505
3883561
3883628
3883705
3883824
3883861
3883892
3883928
3884937
3885125
3885339
3885728
3885913
3886617
3886850
3887061
3887431
3887762
3887867
3888367
3888594
3888705
3888778
3889161
3889534
3889758
3890014
3890117
3890600
3890734
3890781
3890979
3891262
3891453
3891813
3892082
3892495
3892676
3892873
3892989
3893641
3894514
3894659
3895198
3895519
3895622
3895891
3896694
3896902
3896917
3897061
3942397
3958805
4053484
4053628
4053709
4053766
4055355
4055604
4055875
4055906
4056026
4057564
4057585
4058115
4058262
4059023
4059160
4059598
4060407
4061455
4061906
4062081
4062403
4062454
4062757
4130582
4131419
4132907
4133207
4133567
4133751
4134046
4134351
4135293
4136357
4140502
4141053
4141422
4141631
4143212
4145063
4146516
4146869
4147339
4147784
4148458
4182799
4182942
4183086
4183116
4183201
4183520
4183620
4184128
4184380
4184479
4185386
4185962
4186115
4186167
4186628
4187241
4187570
4187743
4187770
4187801
4187821
4188364
4188478
4188618
4188673
4188746
4188936
4189104
4189264
4189723
4189896
4191223
4191530
4191747
4191792
4191865
4192098
4192561
4192565
4192696
4192894
4192965
4193212
4193228
4193260
4193367
4193592
4193771
4194093
4194122
4194526
4194560
4194715
4194785
4194903
4195285
4195448
4195610
4196430
4196944
4197297
4197684
4197706
4197810
4198085
4198535
4198576
4198742
4199104
4199566
4199669
4199856
4200376
4200614
4200620
4201161
4201712
4201814
4202245
4202627
4202639
4202880
4203548
4204123
4204342
4204498
4204551
4205202
4205332
4206558
4206963
4207343
4208349
4208945
4208974
4209750
4210217
4210334
4211244
4211763
4211782
4211809
4211987
4212343
4212475
4286511
4286604
4287221
4288699
4289393
4290704
4291687
4292611
4293766
4294150
4294366
4294869
4295327
4295450
4295606
4295858
4295972
4296058
4296652
4297560
4297993
4298504
4298721
4298893
4299289
4299433
4300202
4300291
4300423
4300495
4300566
4301185
4301280
4301280
4301422
4301836
4302350
4302451
4303309
4303375
4303572
4304012
4304259
4304287
4304833
4305404
4305503
4305879
4306046
4306091
4306211
4306558
4306694
4306790
4307166
4307188
4307257
4307516
4307538
4307860
4308608
4308905
4309078
4309194
4309544
4309640
4309694
4310137
4310333
4310592
4311212
4311456
4312034
4312506
4312573
4312944
4313080
4313240
4313305
4313372
4313900
4314001
4314661
4315254
4315397
4315525
4315535
4316390
4316564
4316783
4317044
4317050
4317236
4317840
4317861
4319035
4319477
4320520
4321178
4322610
4323905
4324334
4326240
4327034
4327184
4356553
4440483
4441379
4441540
4442192
4443372
4443545
4444522
4445600
4446663
4450940
4451966
4452082
4452837
4453545
4454276
4454810
4455053
4456310
4456958
4457459
4457913
4458672
4469678
4477236
4477709
4478905
4479824
4480563
4481315
4481478
4481998
4483514
4485003
4485480
4486043
4486388
4486506
4487262
4487317
4487429
4490987
4491013
4493991
4494114
4494838
4496403
4496641
4496670
4496833
4498304
4498367
4498425
4498505
4499448
4499591
4501341
4501726
4503481
4503877
4504052
4504646
4506998
4507138
4507490
4507628
4507829
4508118
4508779
4509037
4509363
4509754
4511434
4539224
4539509
4539574
4539859
4539887
4540172
4540491
4540529
4540536
4540713
4540877
4541175
4541534
4542049
4542357
4542415
4543872
4543957
4544375
4544411
4544490
4544647
4544766
4544856
4545371
4545637
4545964
4546074
4546086
4546450
4547290
4547361
4547429
4547505
4547517
4548197
4548346
4548451
4549166
4549401
4549531
4549586
4549594
4550194
4550513
4551068
4551112
4551500
4551753
4552002
4552152
4552443
4552467
4552930
4553180
4554013
4554151
4554297
4554402
4554448
4554895
4555173
4555463
4555766
4555822
4555856
4555930
4556473
4557069
4577066
4622163
4624676
4629875
4630224
4631295
4631396
4631615
4631777
4633067
4633847
4634513
4634723
4634809
4635082
4635086
4635511
4636571
4637049
4637405
4637520
4637533
4637533
4637629
4637923
4640253
4653874
4654065
4654917
4655922
4657086
4657343
4658798
4661439
4663482
4663799
4664258
4665766
4665871
4665995
4667962
4668036
4668142
4668649
4669139
4670414
4670918
4671119
4671156
4671339
4671906
4672012
4672333
4672510
4672658
4673002
4673031
4673377
4673459
4673693
4673913
4674050
4674191
4674351
4674478
4674506
4674655
4675002
4675032
4676118
4676923
4677233
4677503
4677806
4678646
4678706
4678809
4678989
4679227
4679369
4679419
4679676
4680076
4680371
4681015
4681054
4696442
4745949
4758284
4759958
4760511
4761871
4761973
4762111
4762132
4762671
4763295
4763507
4764387
4764396
4764864
4765079
4765128
4765476
4765630
4766463
4766543
4766550
4766757
4767343
4769108
4769463
4770035
4770397
4770856
4771038
4771508
4771616
4771998
4772162
4772219
4772282
4772562
4772580
4772703
4773163
4773263
4773335
4773685
4773995
4774434
4774547
4774714
4774900
4775240
4775430
4776537
4777855
4778076
4778080
4779061
4779321
4779674
4779775
4779786
4780137
4780302
4780335
4780818
4781027
4781134
4781383
4781530
4781981
4782331
4782355
4782454
4782615
4782999
4783336
4783490
4783636
4783750
4783934
4784067
4784999
4785004
4785259
4785313
4785695
4785857
4786119
4786443
4786477
4786692
4786764
4786860
4787007
4787199
4787384
4787438
4787710
4787805
4787894
4788103
4788167
4788390
4788584
4788756
4789023
4789111
4789911
4790739
4790871
4791132
4791365
4791425
4791444
4791903
4792141
4792692
4792922
4793062
4793707
4793943
4794810
4794827
4794967
4795256
4795333
4795689
4795696
4797067
4797545
4798162
4798663
4798971
4799654
4799731
4799988
4800117
4800677
4801318
4801342
4802295
4802409
4802671
4802684
4802736
4802893
4803594
4803962
4804119
4804141
4804250
4804321
4804500
4804720
4805108
4805328
4806038
4806068
4806093
4806700
4807300
4807317
4807457
4807810
4808158
4808469
4808999
4809347
4809354
4809557
4809857
4810012
4810603
4810817
4811267
4811715
4811880
4811976
4812524
4812835
4813034
4813922
4813954
4813990
4814598
4815178
4815192
4815806
4815828
4815925
4815931
4815942
4816260
4816631
4816692
4817340
4817552
4817716
4817967
4818036
4818140
4818174
4818205
4818454
4818495
4818610
4818717
4819121
4819435
4820785
4821110
4821377
4821500
4821556
4821601
4821672
4822064
4822168
4822180
4822262
4822523
4822897
4823635
4824044
4824176
4824538
4824874
4825921
4826141
4826423
4826845
4827004
4827338
4827849
4828053
4828083
4828770
4829427
4829809
4831123
4831153
4831350
4831695
4832056
4832331
4832374
4832462
4834127
4834545
4834987
4835883
4836217
4836593
4837261
4837903
4853185
4853353
4853369
4853468
4853800
4855381
4855438
4856137
4856638
4859220
4859680
4861238
4861348
4861477
4862885
4863296
4864029
4865512
4865738
4865762
4866058
4866473
4866514
4866748
4867530
4868594
4868632
4868684
4868716
4868962
4869337
4869451
4870669
4871139
4871171
4871203
4871533
4871672
4871878
4871942
4872113
4872138
4872599
4872734
4873738
4874120
4874377
4874770
4874894
4875784
4875891
4875955
4876695
4876754
4876858
4876901
4876905
4877046
4877812
4877982
4878045
4878059
4878321
4878322
4878728
4879282
4879292
4879306
4879422
4879586
4879739
4880159
4880718
4880974
4881180
4881320
4881475
4881765
4881807
4881945
4882277
4882415
4883259
4883278
4883677
4884205
4884282
4884370
4884525
4884586
4884635
4885053
4944721
4945066
4945722
4946748
4949079
4949923
4950015
4950234
4950404
4951815
4952327
4952416
4952960
4954692
4954851
4956104
4956449
4957036
4957378
4958030
4958378
4958614
4959547
4959587
4975000
4975493
4976246
4978093
4979392
4981245
4981905
4982008
4982364
4986290
4986552
4987614
4989880
4990256
4990877
4990919
5027242
5027285
5027461
5027653
5028058
5028374
5028750
5029019
5029274
5031133
5031672
5031698
5031728
5031900
5032253
5032300
5032346
5032352
5032609
5032649
5033030
5033176
5033245
5033256
5033530
5033548
5033859
5034471
5034668
5034680
5034693
5034777
5034927
5035712
5035829
5036305
5036500
5037469
5037562
5037630
5037808
5038126
5038176
5038238
5038940
5039097
5039284
5039554
5040132
5040313
5040565
5040665
5040782
5040793
5041780
5041942
5042070
5042073
5042411
5042459
5042700
5042811
5043897
5043983
5044185
5044333
5044391
5044434
5044756
5045554
5045966
5046165
5046317
5046338
5046348
5046374
5046893
5047352
5047353
5047393
5047598
5047942
5048177
5048807
5050219
5050222
5050427
5050607
5050870
5051639
5051739
5052178
5052801
5053685
5054023
5054332
5054364
5054711
5054786
5054820
5055134
5055593
5055596
5055671
5056066
5056759
5056852
5057302
5058230
5058376
5058465
5058987
5059058
5059221
5059618
5060102
5060209
5060590
5060733
5060779
5061234
5061526
5061534
5062354
5062428
5062471
5062855
5063052
5063448
5063691
5063720
5064384
5064514
5064789
5065115
5065278
5065657
5065793
5066083
5066443
5066573
5066958
5067007
5067067
5067258
5067445
5067974
5067980
5068141
5068463
5069096
5069160
5069574
5070163
5070586
5070939
5071704
5101164
5102925
5102942
5103039
5103197
5103538
5103559
5103788
5103801
5104046
5104332
5104341
5104479
5104673
5104700
5104752
5104900
5105229
5106541
5106745
5106784
5107207
5107279
5107379
5107618
5108157
5108752
5109302
5109380
5109773
5109981
5110620
5110843
5111888
5112461
5112757
5112978
5113141
5113200
5113487
5113719
5114062
5114452
5114603
5114870
5154136
5154678
5155396
5157034
5161127
5161384
5162456
5163515
5169512
5171774
5171868
5172082
5172292
5173405
5173918
5174685
5174886
5175166
5175353
5175479
5176018
5176267
5176383
5176945
5176974
5177852
5178238
5178419
5179746
5179757
5180011
5181628
5181987
5182137
5182416
5182530
5183200
5184102
5184519
5184683
5184726
5184832
5185017
5187454
5187610
5188809
5189117
5190277
5270348
5270644
5271182
5271342
5271679
5272119
5272254
5273022
5274211
5274529
5275117
5275146
5275224
5276059
5276496
5276910
5277794
5277931
5278148
5278323
5278418
5278793
5279039
5279145
5279726
5280024
5280422
5280750
5281143
5281397
5281660
5281766
5282238
5282431
5282545
5283070
5283218
5283709
5283850
5284110
5284429
5285111
5285150
5285162
5285190
5285215
5285635
5286014
5286363
5286599
5286652
5286948
5299156
5299278
5299377
5299515
5301271
5301528
5301686
5301723
5301883
5302499
5302766
5302988
5303154
5303305
5303418
5303536
5303603
5303916
5303985
5304017
5304124
5304290
5304622
5304700
5304871
5304929
5305310
5305441
5305636
5306522
5306744
5307377
5307427
5307796
5308855
5308872
5309298
5309765
5309837
5309969
5310271
5310880
5311188
5311631
5311730
5311947
5312082
5312204
5312314
5312720
5313077
5313574
5313732
5313768
5314736
5314928
5316023
5316034
5316149
5316713
5316773
5316787
5331438
5331527
5331695
5331871
5332099
5332219
5332336
5332505
5333117
5333320
5333801
5334309
5334458
5334968
5335035
5335157
5335470
5336316
5336369
5336581
5337188
5337251
5337510
5337523
5337945
5338192
5338832
5339404
5339681
5340626
5340804
5340845
5340876
5342194
5342267
5342963
5343720
5344712
5345019
5345128
5346069
5346594
5346794
5347440
5347443
5389633
5389695
5390066
5390743
5391471
5391523
5391619
5392567
5392598
5392681
5392923
5392963
5393188
5393200
5393407
5393511
5393553
5394317
5394582
5394583
5394690
5394957
5395771
5396056
5396094
5396227
5396308
5396566
5396617
5397166
5397311
5397379
5398088
5398373
5398815
5399626
5400151
5400483
5400526
5400648
5400693
5400715
5400880
5401781
5402077
5402245
5402348
5402363
5402383
5402570
5402779
5402863
5403169
5404215
5404251
5404763
5405023
5405527
5405751
5405760
5406177
5406573
5406818
5407245
5407480
5407512
5412094
5421555
5441951
5443038
5444058
5444145
5445817
5447058
5448636
5449053
5449169
5449233
5449298
5449462
5449808
5450725
5451112
5451494
5452046
5452111
5453656
5453951
5454015
5454326
5454647
5454695
5454997
5455305
5457106
5457697
5459222
5459945
5460019
5460466
5488771
5489576
5489898
5490665
5490702
5492284
5493482
5493630
5494235
5494593
5495069
5495354
5495377
5496546
5496931
5497150
5559093
5559145
5559281
5559426
5559623
5560068
5560311
5560436
5561094
5561229
5561645
5561785
5562022
5562933
5562954
5562992
5563106
5563308
5563520
5563640
5563673
5564709
5565222
5565245
5565500
5565509
5565538
5565577
5565891
5566006
5566116
5566153
5566489
5566650
5566955
5567321
5567403
5567741
5568371
5569015
5569170
5569174
5569381
5569862
5570087
5570091
5570493
5570566
5570831
5570961
5571365
5571399
5571631
5572393
5572575
5572624
5573026
5573163
5573177
5573441
5573733
5573789
5573992
5574331
5574718
5574848
5594598
5594823
5594886
5595020
5595534
5596238
5596280
5596764
5598067
5598428
5599625
5599921
5600084
5600659
5600969
5601030
5601410
5602566
5602619
5602768
5602911
5603712
5604877
5605159
5606430
5606681
5607205
5607379
5607686
5608591
5608610
5608630
5609024
5609257
5609906
5610570
5612007
5612332
5612592
5613011
5613102
5613567
5613923
5614773
5615579
5616684
5617534
5617756
5618907
5620469
5620561
5621062
5621306
5621956
5621998
5622910
5623636
5623731
5624538
5624876
5626016
5626210
5627024
5627432
5627514
5628675
5628767
5629876
5631786
5632173
5632372
5633112
5634210
5634245
5634481
5634556
5635858
5635960
5636203
5636288
5636836
5638054
5638163
5638209
5638532
5639042
5640072
5640226
5640387
5641814
5642128
5642359
5642504
5662846
5664409
5665234
5665934
5666835
5667714
5671132
5671395
5673057
5673457
5674179
5674247
5675881
5676056
5676584
5676745
5676848
5676859
5677574
5677817
5677848
5678269
5679768
5679920
5680274
5680644
5680719
5681243
5681630
5681964
5682605
5682712
5682717
5682800
5682817
5683052
5683398
5683408
5683981
5684129
5684326
5684500
5684641
5684744
5684894
5684916
5685322
5686576
5686595
5686667
5686900
5687418
5687710
5687714
5687840
5688089
5688222
5688390
5688570
5689484
5709394
5710630
5711654
5711907
5712075
5712334
5712562
5712569
5712798
5712868
5713269
5714032
5715573
5715958
5716159
5717065
5717110
5717493
5717533
5718960
5718977
5719642
5719894
5720283
5720382
5720502
5720603
5721069
5721167
5721371
5722963
5723197
5769713
5777188
5778727
5780740
5781684
5784183
5784488
5785692
5786333
5808527
5809679
5815984
5941561
5942603
5951131
5952518
5970544
5971434
5971944
5972668
5973752
5973786
5973804
5973923
5974751
5975405
5975835
5975920
5976252
5977387
5977907
5978511
5979717
5979880
5979988
5981805
5982091
5982107
5984680
5985234
5985263
5985434
5985931
5986714
5987521
5988564
6021403
6021514
6021563
6021569
6021782
6022205
6022216
6022460
6022995
6023060
6023841
6024867
6024943
6025062
6027061
6027694
6027884
6028028
6028090
6028157
6028191
6028522
6028939
6028964
6029303
6030735
6031494
6031497
6031715
6031840
6031947
6032309
6032391
6032444
6032752
6033017
6035584
6035663
6035683
6035968
6036154
6037058
6037089
6037323
6059820
6059931
6067348
6067956
6072122
6094020
6094021
6094479
6095298
6095426
6095441
6095832
6095879
6096097
6096308
6096559
6096785
6096803
6096965
6097113
6097877
6098431
6098885
6099939
6100505
6100632
6100662
6101095
6101158
6101448
6101980
6102964
6103321
6103677
6103982
6104405
6104733
6105816
6105866
6105977
6106323
6106411
6106527
6107861
6108279
6108511
6109583
6109749
6110504
6110706
6111158
6112140
6112288
6112379
6113038
6113263
6114444
6114632
6114691
6115052
6116924
6117006
6117044
6117175
6117397
6117917
6118342
6118423
6118982
6119099
6119818
6121410
6121644
6121863
6121877
6122134
6122420
6122638
6123006
6123292
6123322
6123743
6123843
6123886
6124008
6124126
6206666
6206684
6206753
6207678
6207976
6208080
6208171
6208948
6209807
6210777
6210972
6211733
6211801
6212436
6212468
6212669
6212852
6212884
6213076
6213745
6213755
6213905
6214316
6214447
6215241
6215646
6215816
6215959
6216406
6217741
6218098
6218224
6219099
6219155
6219806
6233462
6234798
6234838
6235001
6235213
6235953
6235994
6236244
6236401
6236778
6238386
6238485
6238641
6238661
6238846
6240239
6241342
6242321
6242580
6243327
6243724
6244751
6244839
6245036
6245240
6245464
6245484
6245714
6246760
6247041
6247420
6247938
6248043
6248082
6248273
6248727
6249483
6249593
6250003
6250006
6250104
6250248
6250257
6250557
6251259
6252106
6252258
6252339
6252967
6253078
6253510
6253551
6253695
6253736
6253801
6254040
6254349
6254360
6254774
6254894
6255286
6255588
6255780
6255959
6256488
6256893
6256987
6257470
6257515
6257593
6258745
6258760
6258989
6259659
6259761
6261151
6261325
6261471
6262038
6262256
6262338
6262749
6263067
6263141
6263411
6263499
6264202
6264697
6264831
6264997
6265044
6265123
6265169
6265415
6265875
6265899
6266057
6266117
6266421
6266561
6266569
6266891
6267501
6267689
6267997
6268044
6268640
6269168
6269191
6269477
6269582
6269614
6269719
6269864
6270539
6270847
6270876
6271050
6271584
6271662
6271686
6272091
6272367
6272951
6273637
6273711
6273901
6274186
6274857
6275157
6276217
6276407
6276502
6276614
6276638
6276925
6277392
6277474
6277666
6277707
6277795
6278302
6278676
6278800
6279427
6279569
6279802
6280648
6280721
6281030
6281820
6282103
6282285
6282635
6282667
6283119
6283753
6284152
6284506
6284762
6285335
6285640
6285976
6286338
6286666
6287099
6287124
6287534
6287591
6287921
6288224
6320168
6320312
6321264
6321761
6322085
6322134
6322175
6322209
6322768
6322912
6323225
6323739
6324105
6324248
6324840
6324939
6325116
6325223
6325381
6326168
6326658
6326670
6326932
6327214
6327295
6328417
6329218
6329273
6329888
6329962
6330043
6330196
6330593
6331475
6331548
6332272
6332517
6332628
6332733
6332780
6332785
6332792
6333505
6333823
6334019
6334172
6334969
6335033
6335557
6335735
6335849
6335875
6487623
6489338
6491518
6491797
6498871
6499985
6501348
6520071
6528247
6534763
6583404
6583608
6584320
6584948
6585238
6585280
6585518
6586073
6586327
6587068
6587310
6587972
6588122
6588414
6588501
6589157
6589251
6590990
6591609
6591761
6591933
6592057
6592275
6592794
6592796
6592951
6593174
6593259
6594443
6594620
6595289
6595562
6595802
6596043
6596124
6596494
6596910
6597323
6597443
6597797
6598773
6598806
6598950
6599543
6600512
6600891
6606230
6676034
6695672
6695882
6697030
6697097
6697242
6697368
6697899
6697932
6698430
6698745
6698750
6699298
6700167
6700415
6700519
6700848
6700889
6701018
6701198
6702203
6702498
6703178
6703209
6703221
6703364
6703439
6703646
6703778
6704104
6704177
6704599
6704603
6705194
6705591
6705651
6705927
6706229
6706796
6707108
6707403
6707782
6708526
6708588
6709085
6709676
6709698
6710069
6710693
6710882
6711405
6711715
6711837
6712169
6712268
6712582
6712675
6713378
6713784
6714033
6714601
6714745
6749865
6751900
6752065
6752941
6753813
6754330
6754377
6754885
6757974
6758740
6760301
6761506
6764441
6764502
6765906
6791535
6800663
6959694
6959952
6960282
6961147
6962142
6962585
6962655
6963006
6963094
6963109
6963161
6963210
6963883
6963964
6964243
6965575
6966318
6966765
6967020
6967194
6967358
6967650
6968090
6968238
6968329
6968535
6968816
6969356
6969566
6970056
6970175
6970786
6971006
6971431
6971457
6971535
6972179
6972351
6972519
6973069
6973649
6973795
6973917
6986271
6986781
6987313
6987655
6989134
6989339
6989976
6990048
6990293
6991010
6991922
6993765
6995028
6995889
6997075
6999888
7000069
7000866
7001158
7001180
7001474
7036537
7037711
7041748
7043098
7048699
7052681
7052835
7052959
7054536
7054586
7054797
7055189
7055828
7055914
7056108
7056143
7056513
7056626
7056932
7057067
7057099
7057234
7057237
7057349
7057658
7058071
7058467
7058585
7058720
7059065
7059288
7059478
7059530
7059653
7059733
7060107
7060233
7060649
7060756
7060767
7061571
7062336
7062437
7062913
7063067
7063124
7063261
7064095
7064110
7064771
7064923
7064967
7065285
7065384
7127166
7127847
7128019
7128670
7128777
7129258
7131580
7132139
7132642
7132692
7132914
7133646
7134220
7134458
7135024
7136412
7137292
7137419
7137552
7138179
7138471
7138497
7138836
7138891
7138981
7139621
7209626
7211502
7211879
7212101
7217597
7218232
7220008
7220641
7221984
7223789
7279020
7279347
7279416
7279647
7282421
7282864
7283019
7283640
7283715
7284070
7286778
7286899
7287304
7288223
7291085
7292785
7293602
7294008
7295670
7295697
7296080
7297597
7298927
7301786
7302046
7304316
7310981
7311431
7312821
7313752
7390007
7391170
7393173
7393257
7395866
7397520
7398450
7398885
7400233
7400234
7400897
7401475
7402244
7402733
7403685
7403813
7404472
7405210
7405375
7405942
7406014
7454552
7458107
7458390
7465037
7467699
7468138
7479898
7480059
7482678
7482719
7484948
7487191
7489598
7493575
7493642
7633048
7639740
7639755
7729299
7729356
7729559
7729621
7729946
7730156
7730251
7730638
7730785
7730929
7731409
7731440
7731549
7731623
7732595
7732720
7732810
7732851
7733258
7733366
7733650
7733696
7733761
7733984
7734115
7734124
7734653
7734837
7735136
7735155
7735471
7735528
7735831
7735942
7736165
7736406
7736611
7736660
7736856
7737037
7737040
7737357
7737518
7737558
7737831
7737947
7738117
7738232
7738240
7738296
7738345
7739014
7739064
7739419
7739479
7739490
7739498
7740559
7740568
7740804
7741171
7741653
7741886
7742347
7742516
7743471
7779119
7782203
7783718
7784189
7792201
7792657
7794865
7795836
7796381
7797039
7797389
7826210
7827248
7828241
7828267
7828519
7828589
7828763
7829042
7830043
7830067
7830354
7830595
7830711
7830845
7830886
7831086
7831549
7832074
7832575
7832646
7832765
7832961
7833140
7833442
7833524
7833623
7833694
7833703
7834288
7834670
7835179
7835292
7835358
7835359
7835407
7835441
7836089
7836294
7836500
7836516
7836764
7836986
7837559
7837811
7838310
7838643
7838651
7839742
7840435
7840661
7840683
7841191
7841974
7842124
7842127
7842981
7843884
7844507
7845681
7847104
7847768
7848207
7848748
7849131
7849333
7849752
7850275
7851100
7851666
7851836
7852004
7852044
7852356
7852364
7852498
7852889
7853715
7853794
7854381
7855265
7856329
7857622
7857936
7887737
7888743
7888930
7889098
7889715
7890121
7890146
7890335
7891191
7891933
7891938
7892439
7892542
7892637
7892867
7892891
7893568
7893866
7894102
7894610
7894821
7895299
7895675
7896170
7896499
7896712
7896734
7896750
7896975
7897149
7898761
7899033
7911374
7911763
7913023
7913776
7913815
7914076
7914313
7914625
7915088
7915539
7915792
7915945
7916034
7916219
7916571
7916748
7916790
7917015
7917077
7917500
7917939
7918178
7918320
7918325
7918685
7919211
7919364
7919716
7919967
7920596
7920614
7920678
7921175
7921285
7921347
7921584
7921691
7921713
7921721
7921743
7921917
7922212
7922736
7922783
7923144
7923157
7923329
7923480
7923805
7924352
7924441
7924928
7925311
7925385
7925386
7925551
7925586
7925666
7926122
7926445
7926524
7926791
7927127
7927182
7927377
7927871
7927955
7928100
7977675
7978554
7978993
7979219
7979678
7980241
7981653
7981832
7984084
7984152
7984670
7984825
7985101
7985178
7985198
7985485
7985543
7985824
7986735
7987571
7988613
7989206
7990032
7990811
7991414
7991815
7992364
7992672
7992875
7992902
7993487
8075124
8075179
8075211
8075705
8075857
8075956
8075984
8076114
8076766
8077144
8077593
8077955
8078132
8078539
8078626
8078737
8079244
8080101
8080159
8080675
8080767
8080813
8081445
8081503
8082019
8082135
8082217
8082421
8082578
8082580
8082721
8083055
8083224
8083464
8084281
8084316
8084485
8084537
8084904
8086791
8086822
8087485
8088019
8106317
8182726
8183965
8184826
8186179
8189679
8194332
8223008
8227285
8227322
8228662
8235158
8235601
8236719
8272410
8274222
8274228
8280210
8334112
8334304
8334564
8334949
8335046
8335154
8335250
8335294
8335509
8335886
8335910
8336068
8336587
8336789
8338798
8339255
8339332
8339486
8339792
8340002
8340097
8340315
8340332
8341091
8341662
8342099
8342190
8342729
8342879
8342882
8343010
8343288
8343370
8343527
8343739
8343758
8344315
8344778
8345118
8345126
8345335
8345728
8345824
8346297
8347145
8347328
8347475
8347536
8347593
8347909
8348141
8348359
8348544
8348849
8349434
8349728
8350077
8350769
8350873
8350976
8351719
8352317
8352373
8394434
8394543
8394747
8395420
8395790
8395792
8395867
8396361
8397297
8397962
8398805
8398821
8399443
8399562
8399634
8400426
8400566
8400632
8400661
8400689
8401072
8401328
8401918
8401942
8402776
8403011
8403791
8403955
8404081
8404106
8404339
8404362
8404567
8404745
8405403
8405407
8405529
8405580
8405637
8406107
8406119
8406297
8406926
8406985
8407058
8407643
8407860
8408030
8408875
8409112
8409193
8409653
8409742
8409950
8409991
8410564
8410667
8428009
8428474
8430336
8430872
8431734
8431954
8433160
8433683
8434107
8434139
8435267
8436523
8438811
8439801
8440005
8440463
8443438
8473930
8474007
8474653
8475046
8475508
8475605
8475679
8476767
8477277
8477378
8477445
8477458
8477940
8478258
8478794
8478835
8479435
8479741
8479927
8480007
8480335
8480434
8480832
8481078
8481607
8481724
8482127
8482250
8482365
8482579
8482783
8483012
8483148
8483261
8483604
8484392
8484394
8484707
8484848
8485109
8485539
8485686
8486490
8487069
8487097
8487242
8487621
8487781
8487991
8488593
8488741
8488742
8488810
8489033
8489195
8489313
8489669
8490007
8490529
8491626
8492002
8492589
8492923
8493829
8493942
8494512
8494905
8496352
8497576
8498260
8498843
8498882
8499685
8499761
8500262
8571913
8573912
8574131
8575440
8576638
8576951
8577766
8578389
8578632
8579216
8579436
8579906
8581162
8582032
8582920
8583299
8585638
8586148
8588772
8592823
8593409
8697114
8701270
8702939
8716971
8720340
8720546
8722136
8722410
8723629
8723639
8724633
8724968
8724985
8725302
8726072
8726789
8729188
8731125
8733750
8734223
8734636
8841906
8842004
8842405
8842965
8843486
8843852
8843860
8844001
8844130
8844131
8844426
8844482
8846504
8846531
8846600
8846670
8846717
8847309
8847382
8847431
8847596
8847954
8848017
8848077
8848155
8849205
8849280
8849397
8849576
8849670
8850018
8850500
8850663
8851181
8851230
8851459
8851677
8851706
8851733
8852051
8852302
8852479
8852694
8852749
8853635
8853861
8854586
8854682
8854757
8855050
8855383
8855410
8856182
8856445
8856853
8857597
8857817
8857927
8858103
8858128
8858363
8858639
8858650
8858894
8859360
8859363
8859593
8862098
8865582
8865896
8866014
8866782
8867457
8867744
8869176
8869605
8870072
8871603
8871994
8872934
8873068
8873341
8873482
8874684
8877070
8877412
8877483
8880185
8880807
8882296
8883914
8883992
8884641
8884677
8884754
8885047
8885091
8885333
8886132
8886742
8886754
8887138
8945640
8945916
8946082
8946768
8947247
8947260
8947304
8948118
8948256
8948345
8948446
8948560
8948678
8948821
8949501
8949658
8949993
8950377
8950754
8950757
8951364
8951379
8951477
8951495
8951708
8951897
8952508
8952559
8952639
8953217
8953289
8953416
8953621
8953880
8953931
8953981
8954427
8954585
8954941
8955169
8955370
8955991
8956331
8956866
8957206
8957244
8957722
8957849
8958600
8958895
8959116
8959168
8959180
8959515
8960417
8960564
8960593
8960618
8990935
8991504
8992418
8992798
8994646
8995362
8995872
8995914
8996109
8998077
8999113
8999483
8999726
8999883
9000954
9020670
9021358
9023358
9023490
9023549
9023940
9024108
9024173
9024445
9024474
9025103
9025268
9025428
9026009
9026178
9026698
9026723
9027015
9028761
9029348
9029844
9030009
9033870
9033940
9034359
9034405
9069083
9069395
9072131
9115619
9115782
9115883
9115985
9116021
9116244
9116430
9116475
9116686
9116805
9116935
9117220
9117280
9117387
9117439
9117696
9117767
9118580
9118874
9119529
9119533
9119550
9119745
9120414
9120453
9120807
9120824
9121668
9121966
9122025
9122094
9122249
9122419
9122425
9122462
9122728
9122996
9123126
9123616
9124009
9124232
9124381
9124953
9125087
9125136
9125562
9125587
9125789
9126850
9127022
9127383
9127567
9127760
9127853
9127933
9128328
9128501
9128712
9128771
9128856
9128887
9129199
9129492
9129740
9129974
9130074
9130933
9131278
9131541
9131642
9131652
9131823
9131916
9132083
9132110
9132603
9132631
9132647
9132786
9132812
9132852
9133059
9133473
9133536
9133598
9134152
9134747
9135216
9135908
9136039
9137552
9138661
9138754
9139037
9142199
9143070
9143967
9144266
9144711
9146162
9146631
9146718
9176947
9179776
9181414
9183865
9184497
9184554
9186077
9187645
9188553
9195363
9201487
9201866
9202323
9202601
9205387
9205623
9206908
9207073
9207499
9208915
9209363
9212789
9213100
9235340
9243199
9280907
9281183
9281539
9282288
9283770
9284578
9285203
9286382
9286449
9286705
9286724
9287352
9287798
9290028
9290220
9290379
9290646
9291688
9291751
9292382
9292752
9293665
9293816
9294453
9295434
9295894
9296168
9296514
9297318
9297829
9297907
9297973
9311774
9311861
9312171
9312455
9312741
9313143
9313489
9314023
9314095
9314967
9315735
9316008
9316013
9316042
9316104
9316936
9317049
9317177
9317434
9317566
9318130
9318193
9318315
9318500
9319580
9319705
9319908
9320504
9320809
9320895
9320910
9321283
9321399
9321707
9321866
9321917
9321950
9322400
9322909
9323448
9323713
9323790
9324061
9324487
9324592
9324767
9325352
9325723
9325863
9326546
9326892
9327126
9327351
9327793
9327858
9328088
9328125
9328598
9328891
9329079
9329412
9343874
9346133
9346304
9346851
9347474
9348043
9348513
9348613
9350043
9350196
9350473
9350647
9352449
9353408
9354475
9454998
9456270
9457773
9488738
9489127
9489461
9489930
9491118
9491188
9492032
9493334
9493510
9493563
9493992
9494103
9494268
9494853
9494943
9494966
9495082
9495727
9495867
9495981
9496909
9497269
9498659
9568009
9573977
9574635
9575603
9576682
9577230
9697364
9697720
9698438
9698564
9698615
9699026
9699428
9699921
9699972
9701746
9702406
9702865
9705209
9706300
9707553
9721148
9721318
9721357
9722136
9722344
9722531
9722739
9722751
9722809
9723192
9723396
9723411
9723624
9723992
9724138
9724275
9724444
9724578
9725097
9725431
9725906
9726121
9726431
9726439
9726455
9726460
9726482
9726814
9726827
9726912
9727093
9727142
9727594
9727870
9728367
9728458
9728462
9728677
9728972
9730741
9730790
9731408
9731656
9732149
9732526
9773830
9775086
9776445
9777873
9781995
9783489
9783697
9784032
9785359
9786824
9787830
9791204
9791330
9791527
9793325
9793987
9794587
9794737
9857463
9861799
9865271
9867203
9867391
9867567
9867760
9867844
9868006
9868483
9868736
9868837
9869736
9869772
9869830
9869923
9870129
9870265
9870279
9870865
9870933
9871254
9871580
9871669
9872308
9872797
9873498
9873758
9873898
9874539
9874589
9874882
9875404
9876225
9876444
9876502
9876771
9876970
9877150
9877383
9877520
9877580
9877891
9942155
9945088
9945760
9948091
9949173
9951110
9953408
9953528
9957216
9957558
9957754
9958106
9958388
9958742
9959534
9960360
9961308
9962015
9962086
9962911
9963377
9965477
9966043
9966172
9966575
9966872
9967909
9967940
9968738
9969058
9969422
9969626
9969887
9970059
9970110
9970157
9970165
9970605
9971298
9971538
9971711
9971731
9971982
9972058
9972211
9972667
9972824
9972830
9973000
9974400
9974426
9974628
9974757
9974911
9974967
9975491
9975928
9976005
9976277
9976409
9976695
9976716
9976851
9977465
9977474
9977569
9977713
9978375
9978505
9979515
9980175
9980262
9980317
9980586
9980811
9981930
9982500
9983066
9983087
9983170
9983395
9983402
9983509
9983526
9983591
9983733
9984152
9984367
9984904
9985077
9985727
9985748
9985876
9986116
9986400
9986421
9986534
9986919
9987323
10109044
10109228
10109450
10109585
10109997
10110137
10110201
10110552
10110598
10110915
10111344
10111521
10111740
10111852
10112028
10112802
10113139
10113521
10114683
10114734
10114998
10115930
10115931
10116258
10116535
10116701
10117004
10117122
10118233
10118900
10119027
10119055
10119555
10120059
10120866
10120918
10170149
10187347
10223351
10223943
10224012
10224029
10224168
10224259
10224280
10224367
10224441
10224590
10225187
10225305
10225942
10226051
10226092
10226541
10226634
10226653
10226809
10227592
10227638
10227697
10228422
10228688
10229024
10229279
10229366
10230411
10230440
10230679
10230832
10231030
10231249
10231348
10231733
10231836
10232471
10232597
10232683
10232836
10233006
10233101
10233227
10233257
10233644
10233840
10234256
10234292
10234708
10235087
10235376
10235641
10235671
10235739
10236203
10236427
10236564
10236691
10236790
10236904
10236966
10237628
10237722
10237928
10237931
10238844
10238939
10238947
10239011
10239121
10239303
10239354
10239594
10239646
10239669
10239819
10239856
10240223
10240360
10240480
10240680
10464915
10465626
10469055
10469809
10471598
10530846
10532901
10535086
10535789
10536656
10538385
10538461
10540049
10540188
10544486
10545927
10546618
10547390
10548855
10548879
10549588
10549698
10550143
10551385
10551700
10552334
10553072
10553159
10553402
10554977
10555104
10556049
10556060
10556242
10556369
10556658
10556800
10557688
10557933
10558009
10558618
10558669
10558850
10559228
10560574
10560776
10561017
10561226
10561485
10562140
10562392
10562405
10563025
10563581
10563819
10564280
10564896
10564931
10564979
10565007
10565572
10565866
10566000
10566223
10566290
10566406
10567177
10568036
10568735
10568950
10570391
10571081
10571733
10571825
10572185
10573268
10573282
10573441
10573959
10574579
10574631
10574956
10575077
10575206
10575500
10575569
10576392
10576521
10576773
10577543
10577905
10577957
10578210
10578374
10631007
10635104
10637416
10637603
10637956
10638129
10638758
10639259
10639282
10639332
10639621
10639759
10639961
10639997
10640062
10640451
10640725
10641066
10641246
10641460
10641563
10641586
10642831
10643196
10644214
10644860
10645507
10645672
10645693
10646040
10646185
10646217
10646275
10646512
10646811
10647381
10647535
10647721
10650134
10714477
10714581
10717295
10718855
10720016
10739715
10739751
10739814
10740249
10742153
10742624
10742627
10743495
10744150
10744193
10744695
10744968
10746575
10746585
10747042
10747185
10747585
10747638
10749068
10750924
10751752
10752430
10770438
10770540
10770638
10770984
10771269
10771572
10771746
10772620
10772680
10772713
10772933
10773091
10773109
10773148
10774307
10774531
10774618
10775052
10775177
10775306
10775842
10776175
10776293
10776337
10776971
10777109
10777358
10777546
10777618
10777749
10777860
10777934
10778005
10778013
10778666
10778761
10779013
10779059
10779494
10781473
10781910
10782118
10782614
10783222
10783269
10783337
10784534
10785417
10785554
10785568
10785719
10785768
10785815
10785871
10785949
10787364
10787906
10787982
10787998
10788901
10788982
10789228
10789398
10789493
10789716
10789899
10790873
10791332
10791334
10791346
10791545
10791788
10792075
10792576
10792642
10792675
10792717
10792830
10793033
10793186
10793191
10793229
10793882
10794350
10794800
10794832
10795234
10795656
10795959
10796130
10796453
10797002
10797274
10797475
10798181
10798940
10798977
10799317
10799744
10800057
10800238
10800480
10800647
10800925
10801394
10801473
10802037
10802248
10802418
10802773
10803113
10803673
10803843
10804201
10804465
10804701
10804854
10805075
10805237
10805336
10853469
10853483
10853717
10856324
10857488
10857516
10857571
10857616
10857627
10857694
10858855
10858910
10859082
10859434
10859537
10859556
10859716
10861270
10861482
10861650
10861712
10862148
10862180
10862342
10862506
10862908
10862932
10863086
10863413
10863502
10863518
10863891
10863954
10864065
10864612
10865702
10865739
10866067
10866298
10866467
10866587
10877524
10902013
10902173
10902272
10902367
10902716
10902866
10903226
10903430
10903519
10903768
10904114
10904681
10905073
10906234
10906470
10906724
10907098
10907820
10908078
10908280
10908294
10908751
10909015
10909067
10909405
10909621
10909972
10910077
10910669
10910765
10910799
10911029
10911136
10911701
10911865
10912259
10912680
10912716
10913422
10913646
10913810
10914037
10914054
10914293
10914581
10914771
10914786
10915024
10915160
10915347
10915370
10915698
10916053
10916080
10916281
10916689
10916828
10917629
10918015
10918437
10918593
10918634
10918752
10918859
10954586
10955071
10955748
10957017
10959807
10961295
10961921
10963667
10965884
10966470
10968493
11035870
11037666
11037876
11057466
11057688
11058873
11059709
11059790
11060294
11060371
11060486
11060514
11060755
11060894
11060931
11060984
11061031
11061334
11061558
11061791
11062156
11062532
11062693
11063141
11063346
11063724
11064187
11064451
11064596
11064769
11065009
11065214
11065290
11065411
11065645
11065730
11065920
11065990
11066479
11066639
11066933
11067192
11067356
11067417
11067834
11125096
11177377
11178920
11179830
11179839
11179987
11180029
11180482
11180881
11181080
11181149
11181776
11182801
11182808
11184181
11184839
11188833
11190168
11190917
11191492
11192621
11193583
11200193
11247923
11247984
11248600
11248617
11248908
11249095
11249365
11249891
11249899
11251230
11251249
11251704
11251710
11251863
11252022
11252744
11253029
11253420
11253591
11253864
11253878
11254695
11254728
11254906
11254910
11254911
11255965
11256991
11257264
11258286
11258545
11259338
11260882
11260958
11261748
11261843
11261908
11262360
11262566
11263119
11263154
11263155
11263531
11263540
11263556
11263683
11263701
11365723
11366245
11366319
11366548
11366588
11367706
11368387
11368658
11370101
11370784
11370896
11371238
11371276
11371342
11371372
11371937
11372116
11372200
11372535
11372809
11372860
11372892
11372921
11373218
11373394
11373773
11373974
11374353
11374515
11374630
11374805
11375672
11375873
11375926
11376697
11377296
11377575
11378526
11378793
11379049
11379548
11379823
11379852
11380123
11380313
11380825
11381271
11381598
11381662
11381810
11382000
11382141
11437777
11437865
11438637
11438835
11440458
11440615
11441090
11441666
11441778
11441809
11442493
11442836
11444461
11445028
11446437
11448266
11449651
11449754
11451554
11451830
11455001
11455994
11456833
11458119
11458145
11458468
11459995
11460375
11460444
11460758
11461366
11461445
11461677
11462772
11463452
11463746
11535221
11537116
11540410
11540607
11540835
11542243
11543193
11543326
11543590
11543904
11544204
11544616
11544840
11545084
11545350
11545586
11545620
11545884
11546099
11546458
11546669
11547425
11547848
11547956
11548422
11548472
11549478
11549573
11549577
11549754
11549858
11549935
11549997
11550069
11551112
11551372
11551861
11551980
11552277
11552538
11553355
11553630
11553670
11570327
11570373
11570579
11571385
11571631
11571748
11572981
11573161
11573772
11574188
11574458
11575564
11575636
11576079
11576095
11576128
11576734
11577274
11577530
11577929
11578251
11578665
11578816
11579756
11579969
11580332
11580541
11581451
11581816
11583376
11583890
11583898
11584401
11584572
11584605
11585132
11585402
11586083
11586103
11586946
11598279
11598361
11598400
11598823
11598829
11599090
11599098
11600139
11600186
11600200
11600522
11600534
11600719
11601204
11601447
11601479
11601521
11602134
11602163
11602265
11602363
11602600
11602678
11602824
11603415
11603515
11603672
11603685
11603774
11604165
11604397
11605295
11605422
11606094
11606364
11606722
11606773
11607034
11607458
11622600
11622605
11622721
11623142
11623961
11624209
11624643
11624754
11624819
11624938
11625590
11625687
11625959
11626018
11626044
11626052
11626236
11626387
11626462
11627095
11627104
11627202
11627480
11627719
11627728
11627741
11627980
11628673
11628777
11629031
11630753
11630808
11630978
11631037
11631702
11632047
11632149
11632167
11632272
11632645
11632722
11632848
11632983
11633050
11633838
11633858
11633968
11634008
11634197
11634239
11634426
11634872
11635004
11635129
11635366
11635674
11635868
11636441
11636542
11636620
11636768
11637181
11637189
11637192
11637457
11637620
11637722
11655959
11656811
11657812
11659575
11660417
11661036
11661605
11661806
11662612
11663423
11663761
11663763
11664079
11664919
11665602
11668015
11668148
11668394
11668850
11735144
11739885
11750681
11771610
11847078
11847175
11847653
11848119
11849291
11849536
11850517
11850644
11850774
11851427
11851580
11854300
11856785
11857086
11857362
11857611
11857647
11857760
11859691
11862593
11862924
11938382
11939597
11939646
11940835
11942630
11942702
11942756
11943537
11944033
11944128
11944393
11946177
11946560
11946973
11947164
11948017
11948933
11949569
11950447
11950508
11950987
11951270
11951353
11951485
11951568
11951632
11951899
11952102
11952234
11952788
11953121
11953781
11953910
11954146
11954184
11954331
11954644
11954883
11954985
11955254
11955274
11955612
11955682
11955710
11955756
11956619
11956659
11956696
11956891
11957060
11957333
11957454
11957460
11957562
11957576
11957580
11957695
11957766
11957808
11957913
11958137
11958254
11958384
11958535
11958706
11958916
11959633
11960820
12106553
12107285
12107838
12108257
12108270
12108590
12109358
12110720
12110740
12111228
12111233
12112095
12113617
12113876
12114036
12114418
12114622
12114641
12114923
12114977
12116555
12116670
12116723
12117240
12117252
12117607
12117764
12117787
12118552
12118750
12119280
12119291
12119532
12119881
12119911
12119982
12120417
12120615
12120673
12121067
12121900
12122156
12196476
12196980
12198765
12198786
12198945
12200791
12200840
12201089
12201308
12202104
12202943
12203012
12203181
12203326
12203918
12204641
12205883
12205986
12206163
12207323
12208905
12209154
12209304
12211276
12211766
12211904
12212156
12212189
12212379
12212511
12212512
12213071
12213189
12213300
12213343
12213587
12213616
12213686
12213883
12213884
12214389
12215102
12215367
12215855
12215919
12215980
12216206
12216213
12216247
12216276
12216471
12216502
12216713
12216747
12217935
12218154
12218253
12218787
12219025
12219129
12219152
12219520
12219783
12219857
12220538
12220740
12220922
12220997
12221577
12266979
12268096
12268536
12270068
12272589
12274838
12277942
12278307
12281192
12285360
12300559
12300750
12303458
12304499
12304568
12307830
12308754
12310781
12315275
12315757
12329237
12329582
12388383
12388428
12388488
12388496
12388614
12388683
12388732
12389071
12389418
12389593
12389654
12389665
12389902
12390161
12390414
12390564
12390998
12391032
12391086
12391467
12391515
12391667
12392092
12392358
12392737
12392799
12392897
12393269
12393931
12394070
12394301
12394606
12395386
12395621
12396082
12396771
12396787
12397374
12398132
12398191
12398424
12398772
12398811
12398815
12398863
12399519
12399844
12400487
12400745
12418121
12418196
12418523
12418618
12418872
12418909
12418956
12419412
12419979
12420271
12420495
12420512
12420594
12420653
12420885
12421019
12421055
12421316
12421616
12421707
12421912
12422311
12422659
12422960
12423611
12423746
12424113
12424455
12424545
12424595
12424658
12425976
12426031
12426072
12426108
12426115
12426432
12427096
12427137
12427283
12427437
12427558
12427590
12427750
12428984
12429011
12429255
12429803
12430090
12430148
12430336
12430404
12430617
12430741
12430916
12431604
12431831
12432255
12432575
12432806
12433105
12433261
12433290
12433300
12433371
12434899
12435550
12440433
12445823
12469767
12470212
12470804
12474944
12475406
12475896
12476044
12482026
12496460
12496768
12496854
12497219
12497662
12498489
12498958
12499389
12499424
12499828
12499852
12499875
12499984
12500139
12500445
12501063
12501107
12501401
12501490
12501721
12501894
12502005
12502038
12502560
12502859
12502971
12503219
12503509
12504116
12504661
12504912
12505450
12506073
12506083
12506272
12506358
12506600
12507208
12507745
12508764
12508857
12509530
12509841
12510060
12510664
12511294
12511598
12512447
12512469
12512566
12513052
12514523
12515065
12515172
12515246
12515260
12515329
12515394
12592523
12630407
12690009
12690185
12690188
12690710
12690970
12691768
12691812
12691930
12692077
12692320
12693168
12693274
12693420
12693808
12694154
12694241
12694654
12694703
12694785
12695778
12696079
12696856
12697057
12697604
12698225
12698938
12699102
12699320
12699331
12699571
12699988
12700000
12700181
12700256
12700282
12700294
12700485
12700790
12701071
12701270
12701336
12701771
12702475
12703047
12703316
12703588
12714219
12728921
12741594
12744323
12746434
12746516
12746748
12748455
12748831
12748863
12751907
12752577
12754040
12755412
12755527
12759059
12759327
12776792
12776863
12776970
12777045
12777136
12777602
12777800
12778166
12778342
12778461
12779571
12780048
12780360
12780591
12780781
12781219
12781401
12781456
12781918
12782241
12782591
12782820
12782949
12783480
12783576
12783594
12784019
12784161
12784909
12785056
12785066
12785170
12785408
12786243
12786350
12786400
12786472
12786530
12890199
12890247
12891468
12891489
12892077
12892760
12892888
12893515
12894416
12894427
12894485
12895108
12895130
12895617
12895715
12896227
12897118
12897650
12898049
12898666
12898832
12899616
12899871
12900366
12901846
12902034
12903170
12903810
12903878
12904555
12904645
12904831
12905144
12905200
12905360
12905554
12905564
12905651
12910417
12980755
12982334
12988160
12988173
12988565
12988743
12988906
12989258
12989694
12989809
12989903
12990037
12990674
12991051
12991178
12991575
12991918
12993488
12993643
12994049
12994221
12994368
12994552
12994941
12995069
12995186
12995664
12995676
12995816
12996348
12996512
12996516
12996582
12996719
12996737
12996738
12998153
12998234
12998537
12998568
12998982
12998994
12999170
12999561
12999976
13000019
13000450
13001017
13001300
13001750
13002430
13002810
13002929
13002973
13003232
13003264
13003496
13003552
13115739
13115813
13115858
13115862
13115923
13116346
13116439
13116565
13117399
13117523
13117737
13117756
13117770
13117948
13118118
13118271
13118992
13119037
13119110
13119705
13119751
13120008
13120183
13120353
13120701
13120731
13120966
13121139
13121419
13122025
13122136
13122224
13122305
13122565
13123074
13123686
13124146
13124519
13124527
13124529
13124708
13125094
13125514
13125554
13125812
13126309
13126688
13126802
13126900
13127288
13127882
13128025
13128292
13128328
13128406
13128479
13128582
13128816
13128849
13129161
13129286
13129336
13129437
13129504
13129624
13129701
13130470
13131054
13131234
13131451
13131622
13171010
13190393
13190685
13191023
13191426
13192697
13193565
13194496
13195107
13197660
13198376
13198786
13199288
13200197
13200969
13201241
13202593
13209983
13217121
13217201
13217365
13217569
13218553
13218927
13219895
13219929
13220197
13220577
13221218
13221554
13221886
13222434
13222573
13222900
13223057
13223441
13223668
13223917
13224213
13224378
13224799
13225415
13226340
13226357
13226522
13226581
13226596
13227105
13228585
13228692
13228819
13229306
13229793
13229857
13230105
13230434
13230589
13231206
13231304
13284137
13297809
13298472
13344308
13344315
13344961
13345974
13346098
13346197
13346209
13346383
13346950
13347067
13347089
13347363
13347447
13347782
13347802
13348325
13348670
13349068
13349115
13349318
13349872
13350378
13350604
13350833
13350855
13350899
13351032
13351732
13352259
13352471
13352656
13352776
13352821
13352972
13353586
13354597
13354674
13355340
13355760
13355783
13356026
13356168
13356191
13356242
13356260
13356304
13356464
13356709
13356980
13357268
13357394
13357522
13358305
13358308
13361310
13362526
13362609
13362800
13364962
13366543
13367578
13371443
13372411
13372619
13372835
13423545
13423817
13424152
13424578
13424597
13425010
13425028
13426476
13427089
13427427
13427504
13427744
13428365
13428708
13428853
13428977
13429292
13429375
13429567
13429663
13429713
13430268
13430905
13431023
13431029
13431149
13431518
13431604
13431671
13432612
13432746
13432751
13432805
13433808
13434203
13434335
13434513
13435069
13435214
13435537
13435767
13435812
13436720
13437493
13437627
13438087
13438258
13438426
13438447
13438469
13438477
13438577
13438958
13439006
13439170
13439255
13439415
13500996
13502600
13502631
13503329
13503602
13503907
13503920
13504087
13504975
13504987
13505278
13505796
13506019
13506462
13507529
13507570
13509754
13513552
13515914
13517284
13519294
13520584
13521897
13522883
13523694
13523721
13543183
13558057
13559798
13563147
13563790
13563798
13563924
13564290
13566126
13567152
13569089
13569828
13570248
13572648
13660252
13660459
13660463
13660902
13661067
13661330
13661531
13662655
13662848
13664937
13665240
13665864
13666225
13666318
13667005
13667472
13667640
13669875
13669988
13670576
13671157
13672983
13673815
13674511
13675046
13739058
13739647
13741669
13741770
13741905
13741911
13743534
13743868
13744476
13745701
13747390
13747683
13747900
13748544
13748739
13748745
13749826
13750380
13750521
13751022
13751767
13830296
13830365
13831240
13831628
13831680
13831873
13832077
13832111
13832398
13832626
13832833
13833096
13833106
13833265
13833430
13833534
13833719
13833758
13834325
13834574
13834643
13834672
13834677
13834677
13834787
13834841
13835299
13835447
13835560
13835614
13835705
13835975
13838736
13838788
13838805
13839055
13839196
13839284
13839728
13840170
13840229
13840307
13840601
13841013
13841312
13841520
13842267
13842306
13842737
13842848
13844731
13844846
13845209
13845512
13846287
13846498
13846527
13846593
13848951
13849979
13850158
13851016
13851783
13852250
13852679
13853654
13854380
13854707
13855025
13855681
13858146
13888224
13888878
13889591
13889818
13890364
13891637
13891751
13895483
13895715
13895972
13896430
13898187
13898395
13918119
13918987
13919337
13920556
13922105
13922311
13923890
13925030
13925670
13926413
13928939
13929629
13929997
13930593
13931042
13931294
13931607
13931711
13932713
13933087
13933337
13933549
13933634
13933649
13934149
13934284
13934325
13934379
13934478
13934735
13934861
13934880
13934959
13935007
13935033
13935209
13936062
13936085
13936116
13936200
13936248
13936279
13936723
13936856
13937369
13937736
13938486
13938899
13939226
13939270
13939457
13939884
13940097
13940550
13940855
13940993
13941152
13941877
13942439
13942904
13943232
13944008
13944208
13944464
13944534
13945323
13945489
13945579
13946034
13946284
13946305
13946742
13946819
13947034
13947271
13947494
13947959
13948171
13948802
13948901
13949048
13949128
13949269
13949328
13949751
13950045
13950299
13950756
13950790
13951184
13951291
13951919
13951972
13952037
13952398
13952404
13952515
13952884
13953460
13953926
13954832
13955136
13955706
13956656
13956820
13957005
13957035
13957674
14025317
14026206
14028605
14029759
14030365
14033225
14033349
14033416
14034656
14034807
14114114
14114919
14114936
14115341
14115829
14116152
14116626
14116769
14117256
14117497
14117950
14118003
14118311
14118608
14118730
14118801
14119398
14119574
14119789
14119928
14119987
14120090
14120377
14120791
14120794
14120808
14120865
14121259
14121674
14121692
14121881
14121954
14123012
14123102
14123777
14123828
14124101
14124486
14124591
14124671
14125058
14125074
14125760
14126116
14126175
14126635
14126963
14127230
14127546
14127623
14127680
14128072
14128454
14128659
14128937
14129329
14129485
14129544
14129774
14129784
14129801
14130803
14149609
14152800
14153143
14155728
14155973
14156391
14156684
14157673
14159083
14159986
14162470
14163229
14163263
14163724
14166809
14168617
14168628
14170105
14170140
14170294
14170885
14171110
14171535
14171578
14171603
14171890
14172246
14172497
14172546
14172599
14172601
14172641
14172848
14173675
14174270
14174293
14174432
14174808
14174818
14174823
14175932
14176189
14176195
14176351
14177250
14177456
14177481
14177840
14177884
14178243
14178562
14179232
14179244
14179272
14179305
14179313
14179498
14179654
14179750
14180213
14180219
14180652
14180899
14181438
14181786
14181960
14182131
14182248
14182264
14182417
14182778
14183622
14183658
14184320
14184493
14184512
14184676
14184800
14185501
14185555
14185715
14185735
14185737
14248853
14249860
14250698
14250866
14250945
14251032
14251053
14251671
14251809
14252155
14253712
14253845
14254053
14254304
14254350
14254686
14254800
14255010
14255167
14255622
14256536
14256770
14257159
14257611
14258133
14258439
14258636
14258965
14259348
14260389
14261008
14261374
14261937
14261973
14263387
14263409
14263935
14264224
14264367
14264370
14264471
14264546
14264631
14265570
14266116
14266143
14266715
14267044
14267171
14267455
14267458
14267603
14268075
14269443
14269650
14270239
14270324
14270787
14270921
14271969
14272068
14272667
14275820
14278623
14279168
14283811
14320395
14321381
14321825
14322082
14322519
14323067
14323499
14323529
14323569
14324149
14326276
14326872
14328287
14329089
14329305
14331444
14331584
14332813
14333388
14333899
14334871
14335092
14335159
14336822
14336849
14338554
14340889
14341009
14341083
14343898
14344014
14345928
14347085
14347916
14350047
14351405
14354832
14356482
14392288
14418803
14418914
14422386
14422546
14422603
14423202
14426613
14427100
14428015
14428927
14429941
14430112
14430278
14430330
14430737
14430833
14431210
14431746
14431794
14431969
14432951
14433087
14433278
14433610
14433870
14434069
14434487
14435145
14435478
14435754
14436166
14437199
14437229
14438916
14438975
14439093
14439260
14439623
14439708
14439819
14440385
14440639
14440742
14440771
14440774
14440909
14441202
14441462
14441527
14441695
14441725
14442133
14443079
14443530
14443615
14443744
14443843
14444002
14444152
14444166
14458833
14459323
14459584
14459931
14460068
14460837
14461858
14462329
14462348
14462776
14462923
14462970
14462973
14463050
14463417
14463734
14463752
14465095
14465734
14465778
14466091
14466104
14466290
14466462
14466544
14466954
14467079
14467268
14467449
14467449
14467814
14467820
14468233
14468271
14468367
14468775
14469140
14469313
14469784
14470078
14470546
14470936
14472131
14472568
14473073
14473252
14473558
14473912
14474823
14475008
14475112
14475312
14475444
14475729
14476188
14477235
14477293
14477635
14477924
14478014
14478112
14495637
14496168
14497020
14497199
14497914
14498950
14500109
14501040
14503789
14504356
14508745
14514364
14516245
14516495
14517269
14519706
14565928
14570171
14584688
14585270
14585424
14585437
14585469
14585524
14585576
14585703
14586018
14586600
14586600
14586806
14588125
14588399
14588544
14588699
14588911
14588998
14589674
14590690
14590890
14591043
14591600
14591916
14592123
14592902
14592967
14593204
14593482
14593516
14593535
14593951
14593954
14594232
14595553
14595846
14596174
14596537
14597635
14597754
14598205
14598837
14598840
14599007
14599042
14599187
14634588
14648403
14663837
14663928
14664049
14664307
14664488
14664620
14664769
14664807
14665055
14665099
14665210
14665415
14665614
14665698
14666310
14666679
14667378
14667713
14667989
14668089
14668173
14668679
14668961
14669386
14669538
14669601
14670457
14670478
14670555
14670642
14670775
14670855
14670999
14671036
14671400
14671851
14672689
14673105
14673223
14673241
14673499
14673782
14674265
14674679
14674903
14675006
14675252
14675505
14675648
14675922
14676168
14696695
14697880
14697983
14705317
14710213
14710407
14712693
14713339
14718006
14718298
14720894
14721249
14723009
14724245
14724674
14724787
14726730
14726792
14727078
14727907
14727916
14727918
14728310
14728467
14728530
14728540
14728981
14729372
14729864
14745496
14745497
14745549
14746155
14746627
14747022
14747756
14748316
14749125
14749250
14749688
14749833
14750188
14750859
14750880
14751498
14751731
14751902
14752263
14752659
14752882
14753812
14753923
14754039
14754163
14754377
14754820
14755194
14755410
14756006
14756078
14756845
14757083
14757906
14758891
14808199
14822415
14861147
14861239
14862376
14862471
14862596
14863279
14863583
14863737
14864378
14865952
14866371
14868416
14868567
14868906
14869162
14869321
14869387
14869465
14869793
14870402
14872094
14872163
14872431
14872434
14872569
14872706
14872726
14872771
14873086
14873734
14873752
14874888
14875016
14875147
14875315
14921924
14922104
14923842
14923847
14925361
14925400
14929072
14931087
14932078
14932503
14933070
14938685
14939375
14941687
14944066
14948374
14983252
14984791
15069213
15070311
15070912
15071299
15071447
15073639
15074664
15075273
15076337
15076526
15076794
15077734
15079195
15079332
15080413
15080834
15081024
15081029
15101071
15101521
15101539
15101800
15102254
15102396
15102406
15102484
15102630
15102691
15102919
15102966
15103048
15103162
15103206
15104226
15104312
15104398
15104460
15104586
15104737
15104825
15104853
15105070
15105961
15106349
15106982
15107050
15107555
15107608
15107634
15107797
15108086
15108987
15109152
15109413
15109666
15109846
15109861
15110109
15110131
15110711
15110919
15111456
15111458
15111589
15111615
15111656
15111713
15112257
15112362
15112578
15113079
15113186
15114102
15114107
15114545
15114909
15115858
15115970
15116248
15116416
15116726
15117139
15117661
15117802
15118006
15118120
15167114
15167919
15171617
15171618
15173295
15178652
15179060
15180458
15180655
15181086
15181375
15181592
15181931
15182083
15182383
15182448
15182563
15182786
15182979
15183099
15183127
15183164
15183541
15183702
15183776
15183821
15184203
15184329
15184568
15184769
15184850
15184905
15185215
15185280
15185284
15185393
15185441
15185469
15186238
15187279
15187408
15187414
15187799
15188007
15188106
15188592
15188717
15188756
15188931
15189006
15189181
15189423
15190166
15190201
15190523
15190525
15190537
15190559
15190768
15191043
15191096
15192762
15193315
15193384
15193662
15194045
15194642
15195193
15195424
15195506
15195533
15195895
15196095
15196096
15214448
15271704
15276473
15279515
15279639
15280148
15283860
15300819
15301194
15302552
15302793
15303756
15304870
15307724
15307840
15311524
15312553
15377503
15386734
15394545
15396662
15400380
15402256
15406271
15409588
15411669
15412323
15434629
15435015
15435049
15435407
15436837
15437347
15437438
15437550
15437841
15438047
15438242
15438754
15439264
15439319
15439882
15440361
15441521
15442095
15442812
15443098
15443967
15444742
15444762
15444764
15444809
15445433
15445479
15445762
15446411
15446582
15447626
15447655
15447905
15449861
15450044
15451624
15453448
15454440
15460602
15462229
15467269
15467386
15467394
15467602
15468092
15468223
15469020
15469184
15469285
15469331
15469343
15469494
15469716
15470027
15470100
15470259
15470576
15470712
15470751
15471191
15471257
15471284
15471334
15471417
15471483
15471495
15471536
15472359
15472380
15472433
15472511
15472561
15472612
15472797
15472901
15472912
15473655
15473679
15474007
15474056
15474757
15475018
15475596
15475865
15476186
15477011
15495398
15607665
15607846
15607900
15607930
15608056
15608156
15608208
15608224
15608651
15609381
15610715
15610759
15610784
15611621
15611659
15611705
15612123
15612852
15612874
15613229
15613751
15613780
15613835
15615366
15615471
15615611
15615989
15616635
15616853
15617168
15617247
15617727
15619963
15620526
15621877
15623236
15625571
15629810
15632973
15633679
15651047
15651228
15651641
15652150
15653106
15653591
15655264
15655331
15660549
15663622
15663739
15664654
15665853
15750950
15751659
15752433
15756175
15774554
15774602
15774738
15774787
15775058
15775629
15776590
15777313
15777418
15777492
15777995
15778405
15778777
15780197
15780294
15781249
15781958
15781984
15782246
15782277
15782305
15782867
15782997
15783332
15783495
15783656
15783927
15784297
15784329
15784502
15784575
15784797
15784966
15786112
15786609
15786747
15786756
15786910
15787037
15787207
15787573
15787748
15787767
15787878
15788056
15788373
15789018
15789297
15789436
15790016
15898522
15899996
15900880
15900921
15901373
15901501
15901623
15901730
15902017
15902500
15902762
15903644
15903720
15904924
15905964
15906565
15907055
15907488
15909596
15909606
15909791
15910237
15910539
15910820
15911375
15911715
15911946
15912500
15913060
15913852
15914356
15915229
15915327
15916017
15916450
15916865
15917289
15917616
15917907
15918135
15918170
15945818
15945947
15946098
15946477
15946662
15947112
15947137
15947224
15947252
15947315
15947351
15947805
15947884
15948117
15948238
15948557
15948626
15948758
15948793
15948813
15949501
15949845
15949880
15950248
15950279
15950887
15950995
15951045
15951517
15951738
15951957
15952141
15952162
15952356
15952464
15953602
15953638
15954281
15954316
15954557
15954565
15955114
15955211
15955290
15955346
15955489
15955517
15955557
15956415
15956543
15956595
15956858
15956966
15956973
15957043
15957151
15957221
15957717
15958080
15969184
15969516
15969825
15969886
15970029
15970648
15970793
15971152
15971540
15971614
15971963
15971992
15972073
15972081
15972908
15973139
15974953
15975329
15975407
15976254
15976354
15976399
15977195
15977649
15977822
15977926
15979095
15979882
15980509
15980792
15980930
16016286
16019391
16020287
16081545
16082482
16085865
16086621
16088714
16089063
16089186
16093414
16095950
16273494
16273664
16274479
16275490
16275822
16276077
16276412
16276838
16276862
16276954
16277070
16277201
16277462
16277800
16278058
16278618
16278772
16279246
16279569
16279967
16280626
16280856
16280968
16281164
16282090
16282232
16282408
16282592
16282787
16317730
16318242
16319049
16319095
16319772
16320083
16320083
16320103
16321225
16321422
16322130
16322486
16322544
16322737
16323018
16324833
16324878
16325102
16325474
16325856
16325937
16326026
16326208
16326248
16433787
16435675
16436532
16436773
16438560
16439073
16439310
16439533
16441742
16442280
16442473
16442769
16445658
16445743
16446049
16446132
16447360
16447453
16447591
16448066
16475197
16475550
16475714
16475997
16476333
16476592
16477372
16478137
16478570
16478623
16478774
16478945
16479936
16480041
16480133
16480181
16480263
16480311
16480775
16481207
16481487
16481835
16482178
16482302
16482500
16482659
16482942
16483014
16483340
16483374
16483717
16483776
16483961
16484038
16484843
16485169
16486106
16486217
16486221
16487503
16488247
16488258
16488895
16489088
16489690
16489728
16490244
16491200
16491232
16491252
16491292
16491547
16491591
16491794
16491887
16492163
16492400
16492439
16492655
16492681
16493567
16493627
16494229
16494315
16494371
16495085
16495119
16495928
16496166
16496611
16496702
16499130
16499190
16499237
16499838
16499851
16500145
16500568
16500618
16500926
16501304
16502131
16503102
16503229
16503275
16503618
16503945
16504067
16504419
16504538
16505120
16505221
16505426
16505969
16507336
16507471
16539247
16539424
16540006
16540025
16540402
16540939
16541038
16542453
16542641
16543629
16544403
16544532
16544833
16544956
16545044
16545501
16545926
16545928
16547117
16548550
16548704
16548849
16550360
16551224
16551284
16551705
16551773
16585163
16595189
16598680
16621503
16621546
16621718
16621904
16622629
16622751
16624414
16625250
16627268
16627406
16628255
16628874
16629735
16630047
16630053
16630843
16630982
16631086
16631129
16631201
16631507
16631526
16631930
16632484
16632859
16632994
16633436
16633729
16633903
16635058
16635472
16637385
16638537
16638659
16638682
16639194
16639214
16639381
16639577
16640445
16722988
16906183
16907806
16920037
16925871
16930535
16931089
16931251
16931506
16932029
16932236
16933396
16934310
16934561
16936452
16938009
16977020
16977432
16979508
16979946
16981848
17003774
17003822
17004079
17004468
17005017
17005367
17005451
17005558
17005722
17005985
17006598
17006839
17007340
17007524
17007785
17008101
17008123
17008248
17008309
17009050
17009295
17009492
17009554
17009673
17009749
17009859
17010027
17010165
17010223
17010395
17010501
17010581
17010675
17010886
17010999
17011234
17011276
17011416
17011837
17012354
17012915
17012936
17013929
17014039
17014220
17014652
17014685
17015522
17015773
17016350
17016833
17017445
17017488
17017956
17018178
17018217
17018347
17018744
17018842
17184065
17186351
17187936
17188255
17191893
17192877
17195653
17270951
17271320
17271763
17272489
17272571
17273219
17273530
17273603
17274533
17274975
17275715
17275778
17276370
17276379
17277045
17277702
17278448
17279155
17279871
17280908
17281180
17281220
17281962
17282710
17282749
17282764
17284050
17284952
17285065
17286493
17287323
17337349
17337480
17337739
17338478
17339247
17342123
17342356
17342910
17342954
17343575
17343744
17343770
17343969
17346533
17347145
17347201
17347853
17348083
17348106
17348904
17349496
17350355
17383856
17384476
17385314
17386839
17387905
17389589
17391422
17396442
17397594
17397594
17400263
17400653
17440134
17440698
17445113
17445179
17445454
17447084
17452711
17453425
17471902
17473657
17477553
17505090
17505169
17505695
17505749
17505805
17505872
17506593
17506642
17506776
17507003
17507179
17507232
17507322
17507850
17508115
17508200
17508378
17508387
17508814
17509435
17509604
17509839
17509922
17509950
17510224
17510240
17510438
17510553
17511447
17511656
17511987
17512605
17512786
17512982
17513017
17513265
17513456
17513473
17513564
17513570
17513724
17513744
17513824
17514071
17514145
17514846
17514946
17515338
17515574
17515588
17515638
17516007
17516706
17516787
17516813
17517018
17517097
17517184
17517365
17517441
17517455
17543705
17590181
17591164
17594273
17602260
17602532
17603406
17604639
17605187
17605421
17605694
17606250
17606537
17606845
17606944
17606959
17607089
17607390
17607506
17607787
17607823
17607979
17609093
17609135
17609275
17609766
17610670
17611001
17611329
17611699
17612029
17612041
17612062
17612124
17612224
17612419
17612475
17612978
17613459
17613610
17613690
17613778
17614701
17615833
17616884
17616986
17617333
17617664
17617736
17617832
17617874
17617960
17618254
17618618
17618794
17619422
17619943
17619978
17620029
17620450
17620519
17620857
17620900
17621718
17622240
17622270
17623614
17624189
17624237
17625305
17626072
17626083
17626105
17626240
17626898
17627203
17627261
17628283
17628984
17629419
17629595
17629997
17630473
17631299
17631898
17632365
17632490
17632530
17632687
17632903
17632948
17633176
17633439
17633457
17633585
17633644
17633696
17634451
17634809
17635077
17635499
17636622
17636641
17637163
17637703
17637903
17638341
17638779
17639376
17640375
17640395
17640618
17640746
17640812
17640847
17641029
17641173
17641195
17641250
17641371
17641592
17642023
17642027
17642057
17642199
17642252
17643202
17643420
17643578
17643717
17643768
17664989
17665102
17665183
17666264
17667515
17668255
17668560
17669221
17670192
17670296
17670381
17670546
17670650
17671179
17671939
17672047
17672548
17672719
17672840
17672852
17673667
17673773
17673841
17686745
17687130
17692864
17693679
17694515
17694936
17695039
17696866
17697051
17697074
17697783
17698541
17699959
17700418
17700459
17703578
17704072
17705210
17705925
17707345
17789987
17790033
17790495
17791097
17791215
17791311
17791353
17791395
17791526
17791588
17791823
17791926
17791946
17792169
17792284
17792556
17792852
17792936
17793033
17793117
17793343
17793481
17793608
17793876
17794104
17794451
17794725
17795352
17795650
17795856
17795881
17796025
17796431
17797792
17798354
17798392
17798559
17798878
17798914
17799072
17799685
17799808
17800539
17800822
17800919
17801035
17801228
17801361
17802650
17802818
17803578
17804192
17804470
17804704
17804736
17805299
17805421
17805432
17805500
17805537
17805642
17805774
17805820
17805924
17805966
17806193
17826055
17826358
17827492
17827759
17828630
17829425
17829480
17829606
17829754
17831775
17834852
17834935
17835229
17835749
17837681
17837799
17839296
17839567
17839620
17840188
17840496
17841490
17868829
17868903
17869008
17871414
17871548
17871595
17871606
17872287
17873640
17873656
17873710
17874129
17874602
17875188
17875800
17875817
17876226
17876772
17876858
17877604
17877614
17877657
17877839
17877939
17878080
17878208
17878627
17879020
17879145
17879194
17892710
17893040
17893201
17893246
17893652
17894386
17894508
17894524
17895177
17895211
17896656
17896662
17897287
17897294
17897716
17898427
17898576
17898916
17899102
17899192
17899361
17899551
17899577
17899952
17900498
17901320
17901546
17901593
17901791
17901996
17902286
17902571
17903250
17903464
17904056
17904939
17905122
17905492
17905502
17905611
17905985
17906453
17906790
17906979
17907045
17907338
17907667
17908176
17909321
17909448
17909485
17909530
17909695
17910096
17910236
17910913
17910994
17911289
17912959
17913173
17915618
17915660
17916839
17917384
17917440
17918663
17922174
17942637
17942804
17943042
17944353
17944397
17944761
17945063
17946804
17948476
17949918
17949966
17950336
17950844
17952176
17952999
17953068
17954145
17954627
18001266
18002594
18003377
18003496
18003830
18006976
18007148
18010004
18010545
18011064
18012500
18013288
18015934
18016540
18037600
18044083
18044214
18044297
18044805
18044853
18046095
18046129
18046192
18046412
18046855
18047440
18047530
18047533
18047566
18047600
18048260
18049376
18049775
18050289
18050688
18050943
18052051
18052197
18052399
18052575
18053012
18053077
18053847
18273030
18274527
18275866
18276403
18277361
18279371
18281286
18284256
18353937
18354873
18358740
18358945
18359709
18359949
18360201
18361436
18361493
18362159
18364007
18364437
18364460
18364496
18364739
18364844
18365258
18365549
18365668
18365783
18366411
18367065
18367145
18367263
18367325
18367467
18367581
18367803
18368063
18368370
18368481
18369399
18369428
18369803
18369884
18369954
18370095
18370120
18370625
18370715
18371140
18371259
18371743
18372383
18372385
18372904
18373098
18373137
18373466
18373658
18373699
18373858
18374125
18374796
18375530
18375709
18376005
18376089
18376189
18376346
18377181
18377414
18378318
18378365
18378488
18379121
18379152
18379273
18379497
18379826
18380580
18383644
18385741
18385794
18397152
18397798
18398375
18399016
18399448
18399454
18401696
18402040
18402758
18403093
18403451
18403629
18404631
18404991
18405312
18405383
18405469
18405803
18405968
18407421
18407498
18408454
18408952
18409145
18409558
18409901
18410053
18410158
18410199
18410513
18455144
18456907
18457730
18459136
18461066
18461527
18469649
18472547
18474696
18475999
18478456
18479182
18480183
18480315
18480475
18480910
18481176
18481478
18481561
18482642
18482984
18483267
18483294
18488632
18488848
18490838
18490901
18491241
