28547
30580
31207
31234
37629
38114
38515
38598
38951
39067
39092
39636
40412
41738
42277
42320
43385
43854
43878
44121
44847
45173
46151
46170
46294
46514
47012
48754
49224
49270
49418
49676
50730
51446
51879
83689
83798
84643
84663
85362
85572
86123
86410
86682
86813
87105
87327
87474
87669
87883
88264
88563
88920
89306
89554
90956
92838
93843
94180
94333
94356
94962
97185
97332
99016
99561
99825
101378
101795
101934
102277
102414
102657
102883
103426
103798
104353
104482
105142
105923
106082
106292
107997
108219
108322
109035
110067
110112
110267
110610
112483
112864
113623
114103
115051
115613
116389
117068
201151
202630
204662
204765
205872
206177
206326
206623
207147
208120
208141
209118
241435
242296
242489
245766
246059
246229
247523
247607
248479
250858
251405
253431
253917
255193
255282
258216
262896
263335
263489
265035
385748
386913
387016
387619
388983
394005
394140
394588
395382
396691
397003
397104
399067
399550
401714
451763
456202
461989
462285
463440
463560
463645
463765
464199
464570
465203
465435
465512
466109
466244
467171
467530
468004
468439
468576
468725
469721
469935
470236
470406
470541
471241
471859
472169
472627
473006
473222
473736
473943
473997
474425
474853
475102
587050
587308
587407
588087
588112
588463
588574
590550
591937
592188
592313
592718
592846
592908
593002
593601
593702
593784
594477
595181
595401
595795
595851
596009
596208
596587
596691
597095
597149
597471
597480
598352
645611
649938
651940
656895
670889
671647
693053
697333
697388
700774
701811
702823
704717
762334
764814
765716
766749
768001
768443
769106
769451
770572
771459
771633
772467
772775
773070
773751
774335
774877
775096
775309
776668
776791
777266
778900
778918
813644
823361
853100
853184
853526
853534
853567
853843
854851
855019
855519
857127
857844
858648
858880
858969
859217
860118
860452
860575
860750
861747
861758
861823
861894
861922
862487
862541
862555
863558
863640
863827
864096
903264
908682
951335
972869
977769
981079
1048741
1052488
1055643
1055887
1060813
1061471
1061744
1064150
1070257
1077468
1078855
1079008
1079405
1080152
1080789
1081067
1081857
1081890
1082169
1082332
1082337
1083000
1083320
1084146
1084251
1084332
1084572
1084626
1084717
1084806
1085984
1086968
1087161
1087585
1088216
1088322
1089271
1089367
1089377
1089547
1089963
1090012
1091112
1091491
1091526
1134058
1137461
1139744
1140271
1143656
1195313
1202457
1257486
1257613
1257942
1260968
1261733
1262644
1264176
1266028
1266394
1266419
1266744
1267574
1269202
1269309
1289336
1290489
1294900
1299395
1299814
1301199
1302308
1306436
1310871
1316539
1316824
1401395
1408917
1409615
1434135
1434153
1434290
1434408
1434517
1434577
1434967
1434975
1435164
1435667
1435729
1435807
1436298
1436366
1436414
1437043
1437458
1438201
1438940
1439049
1439344
1439884
1440089
1440305
1440670
1440752
1441179
1441268
1441715
1441764
1441811
1441884
1442195
1442619
1443100
1443124
1443295
1443324
1443495
1443955
1444348
1444569
1445549
1445985
1446487
1446562
1447958
1448215
1448714
1448813
1449200
1449337
1449659
1449711
1449733
1449861
1450217
1450736
1450768
1451344
1451541
1451778
1452403
1452427
1452999
1453065
1453775
1453797
1453855
1453946
1453954
1454500
1454943
1455881
1456771
1457603
1457901
1458288
1458621
1458920
1459010
1459098
1460863
1461077
1461772
1462106
1462319
1462668
1462767
1464360
1465004
1465799
1465879
1466024
1466397
1466704
1467036
1467549
1468566
1468740
1468871
1469265
1469826
1470105
1470524
1470702
1470892
1471161
1471204
1471752
1471812
1471821
1471885
1471923
1472041
1518460
1564723
1604437
1605458
1605797
1606852
1611812
1616277
1616822
1617037
1617748
1619114
1620054
1781841
1781967
1782820
1784646
1785149
1785524
1785978
1786429
1787421
1787455
1787933
1790265
1790458
1791046
1791707
1791759
1791762
1792082
1792724
1793086
1793649
1835693
1842287
1849093
1850661
1877064
1877207
1877318
1877978
1878017
1878052
1878343
1878610
1878696
1879628
1880997
1881291
1881494
1881496
1882033
1882064
1882297
1882338
1882344
1882494
1882518
1882676
1883096
1883787
1883922
1884156
1884229
1884275
1884577
1884699
1884717
1884721
1885124
1885247
1885321
1885390
1885841
1885858
1886210
1886375
1887091
1887214
1887531
1888019
1888051
1888410
1888904
1888975
1889267
1889359
1889523
1889584
1889979
1890514
1890517
1890689
1891025
1891144
1891191
1892673
1892941
1893341
1893399
1927524
1931420
1933326
1939402
1939421
1939616
1939767
1939911
1940703
1941044
1942056
1942640
1942910
1942942
1942947
1945132
1945361
1945433
1947112
1947486
1947732
1947987
1948880
1954025
1955886
1956337
1957679
1959554
1960020
1962281
1962433
1962643
1962674
1962900
1962909
1963541
1963861
1964144
1964492
1964538
1964737
1964934
1965521
1965665
1965838
1966115
1966398
1966410
1966600
1967315
1967998
1968095
1968144
1968389
1968469
1968799
1969406
1970293
1970727
1971058
1971801
1971898
1971929
1972039
1972411
1972929
1973287
1973421
1973499
1993096
1993191
1993276
1993302
1993423
1993431
1993861
1994115
1994477
1995275
1995361
1995703
1996392
1997008
1997104
1997432
1998160
1998280
1998440
1998659
1998710
1999037
1999101
1999502
1999949
2000134
2000154
2000240
2000411
2000756
2000993
2001098
2001970
2002012
2002468
2002509
2002642
2002658
2002810
2004236
2004439
2004443
2004664
2004803
2004943
2005457
2005487
2005647
2005665
2005835
2006083
2006141
2006152
2006843
2007084
2007406
2007683
2007980
2008049
2008338
2008471
2009376
2012151
2012980
2069717
2122070
2122958
2123018
2123294
2123985
2125561
2125949
2126646
2126822
2127810
2128572
2128672
2128941
2129376
2129642
2130743
2131031
2131452
2205003
2207918
2213047
2213990
2222389
2331844
2332554
2333054
2333643
2334850
2334926
2335090
2335367
2335823
2336226
2336327
2336428
2337518
2337554
2337709
2337792
2337968
2338121
2338852
2339618
2339786
2340115
2340391
2340553
2340751
2340941
2341188
2342043
2342325
2342579
2343327
2343330
2343670
2344034
2344234
2344470
2344606
2344729
2344832
2344866
2345589
2346772
2386859
2388482
2397734
2547294
2547343
2548100
2549140
2549671
2550016
2550385
2550535
2550579
2551866
2552071
2552086
2552272
2552638
2552655
2552861
2553045
2553343
2553490
2553632
2553967
2554086
2554394
2554470
2554624
2554698
2554995
2555630
2555655
2556011
2556206
2556230
2556353
2556461
2556749
2556998
2557416
2557452
2557569
2557793
2557996
2558154
2559499
2559603
2559920
2561750
2561764
2561773
2578246
2587138
2588970
2589055
2590069
2591398
2592417
2609917
2610170
2610679
2610701
2611932
2612845
2612989
2613722
2613909
2615935
2624160
2632301
2778639
2784565
2785490
2785502
2786426
2786694
2787562
2788533
2788940
2789319
2790168
2790348
2790441
2790463
2790705
2791362
2793368
2945881
3020375
3029086
3029142
3090180
3092588
3094126
3094749
3094807
3094892
3099695
3100272
3101215
3105235
3106006
3106259
3106639
3106831
3106950
3277790
3277966
3278342
3278474
3278685
3279300
3279463
3279760
3279948
3280331
3280367
3280842
3282663
3282668
3283369
3283836
3283845
3284106
3284229
3284438
3284573
3284880
3284939
3284966
3285235
3286000
3286023
3286394
3286719
3286893
3286983
3287486
3287639
3287723
3288116
3288640
3289012
3289297
3292304
3292541
3293798
3294956
3295484
3298925
3299212
3304674
3308126
3389126
3416910
3421818
3542262
3542449
3543301
3545973
3546075
3546451
3547156
3548594
3550240
3551194
3551580
3551662
3551990
3552220
3553503
3553571
3553938
3554094
3554264
3554375
3554401
3554499
3555057
3555111
3555722
3555730
3555843
3556154
3556157
3556211
3556434
3556527
3557863
3557954
3557966
3558140
3558197
3558890
3558984
3559096
3559950
3560131
3560607
3560845
3561278
3561664
3561896
3561952
3562023
3562098
3562135
3562191
3562248
3562650
3562712
3563409
3563463
3563467
3563472
3563525
3658024
3664206
3665270
3674648
3675646
3675682
3675693
3675796
3676110
3676116
3676635
3677469
3677703
3678114
3678182
3678595
3678668
3678699
3678874
3679023
3679083
3679119
3679428
3679564
3680217
3680345
3680422
3680427
3680450
3680584
3680596
3680628
3680661
3680754
3680879
3680889
3681158
3681416
3681510
3681631
3682207
3682211
3682420
3683042
3683211
3683509
3684483
3684631
3685059
3685183
3685812
3685873
3686346
3686372
3686412
3686626
3687067
3687091
3687561
3687949
3687962
3688045
3688110
3688387
3688609
3688827
3689370
3689563
3690251
3690734
3691224
3691234
3691384
3691810
3692254
3692274
3692378
3692403
3692508
3692512
3692521
3692522
3692554
3693109
3693346
3693521
3693638
3694228
3694247
3694310
3694621
3694763
3695165
3695227
3695816
3695831
3696468
3696970
3697226
3697683
3697781
3698108
3698138
3698222
3698280
3698959
3699056
3699110
3699216
3699632
3699726
3699885
3699933
3700085
3700447
3700466
3700724
3700896
3701504
3701855
3701878
3702011
3702096
3702126
3703341
3703356
3703400
3703466
3703474
3704164
3704473
3704741
3704978
3705176
3705804
3706003
3706056
3706513
3707180
3707419
3707563
3707776
3707936
3707954
3708011
3708894
3708978
3709071
3709267
3709489
3709532
3709676
3710250
3710477
3710693
3711234
3711310
3711446
3711598
3712084
3712171
3712592
3712854
3712861
3712898
3713127
3713185
3713496
3713513
3713708
3713915
3713976
3713990
3726160
3814297
3814597
3814700
3814716
3814982
3815402
3815581
3815586
3815640
3815677
3815827
3816101
3816333
3816376
3816814
3817209
3817936
3818527
3818855
3819002
3819280
3819645
3820464
3820557
3820699
3821184
3821323
3821664
3821725
3821739
3821853
3821884
3821910
3822052
3822215
3822624
3823162
3823250
3823534
3824450
3824489
3824519
3824867
3824950
3825086
3825206
3825319
3846786
3849120
3855413
3954335
3955853
3956153
3957341
3959549
3960016
3960032
3962675
3962856
3962990
3968004
3968325
3969424
3989231
3990147
3995753
3997538
4021195
4028392
4034104
4034571
4034750
4035646
4036831
4036987
4038023
4039761
4039902
4041539
4042083
4042750
4042985
4043295
4044374
4044447
4045015
4045586
4045859
4045918
4046550
4047769
4049062
4049415
4049509
4078123
4078412
4078808
4078933
4079027
4079029
4079270
4080872
4081359
4081376
4081522
4081561
4082616
4082821
4082939
4083154
4083391
4083514
4083711
4083769
4084294
4084358
4084942
4084985
4085057
4085283
4085312
4085674
4086002
4086142
4086372
4086621
4086639
4087300
4087565
4087728
4087775
4087793
4087831
4088150
4088431
4088765
4088958
4089538
4121155
4121161
4138616
4141392
4141539
4144820
4146315
4147604
4166499
4167517
4170781
4171363
4183909
4206043
4209478
4213386
4244662
4247005
4252348
4253324
4254862
4255324
4300658
4300666
4301014
4301152
4302107
4302224
4302855
4304331
4304642
4305486
4306417
4307617
4307753
4308252
4309566
4310271
4310324
4310706
4311601
4311834
4312755
4313643
4314629
4315383
4315768
4316262
4316402
4317003
4318897
4320439
4324955
4329442
4330693
4331968
4332157
4335534
4335686
4339976
4340434
4342859
4342925
4345304
4345893
4346377
4346821
4347543
4348374
4349661
4349733
4462981
4463249
4463595
4463620
4463914
4464354
4464972
4465645
4465814
4465833
4466029
4466142
4466812
4466887
4466932
4467034
4467307
4467360
4468030
4468087
4468100
4468156
4468237
4468372
4468441
4468816
4468905
4469193
4469402
4470126
4470173
4470202
4470394
4470932
4471183
4471677
4471754
4471776
4471833
4471904
4472138
4472313
4473047
4473157
4473677
4473709
4473754
4474010
4474349
4474361
4475145
4475269
4475506
4475635
4475683
4475900
4476397
4476454
4476636
4476734
4476765
4476902
4476905
4477160
4490684
4492046
4492186
4492234
4492583
4492796
4492825
4493139
4493303
4493304
4493596
4493688
4493959
4494339
4494419
4494529
4494583
4494979
4495872
4495885
4496554
4496848
4497002
4497394
4497554
4497722
4498208
4498260
4498744
4499513
4499710
4499909
4500080
4500165
4500266
4500510
4500943
4500951
4501250
4501379
4501594
4502037
4558993
4560683
4596297
4597253
4597363
4597511
4598482
4598511
4598816
4599435
4600191
4601133
4601434
4603856
4604065
4604813
4605811
4606682
4607311
4607534
4609180
4609596
4611451
4611595
4611626
4612691
4614809
4617259
4621385
4624476
4626147
4627760
4666351
4667341
4667558
4668686
4668749
4669061
4669481
4669998
4671342
4671842
4672851
4673972
4675531
4676220
4678404
4697914
4698253
4698822
4699202
4699636
4700153
4700637
4700709
4700813
4701213
4703679
4703816
4704038
4704449
4707875
4708357
4708365
4709396
4709908
4710294
4710708
4711278
4711575
4716909
4809079
4815245
4820755
4820873
4824542
4826606
4831910
4837721
4838237
4838381
4838618
4839787
4840627
4840857
4840986
4841047
4841345
4842074
4842172
4842344
4842494
4842532
4843196
4843310
4843490
4843532
4843582
4843583
4843811
4844168
4844919
4845145
4845720
4847033
4847489
4847940
4848277
4848281
4848786
4849088
4920460
4920902
4921534
4922054
4922084
4922312
4922431
4922685
4922707
4922822
4923751
4924527
4924646
4924816
4925437
4925885
4925976
4926833
4928000
4928002
4928571
4930016
4930664
4930685
4930789
4930861
4934306
4935164
4935712
4997409
5000515
5000960
5007322
5008898
5010636
5011443
5032425
5032845
5033568
5033632
5034109
5034250
5036874
5038310
5039546
5040912
5041118
5041683
5043918
5061661
5062357
5080498
5083449
5083529
5088228
5090435
5151683
5155283
5163599
5164407
5168121
5170630
5171557
5185337
5186244
5186440
5186725
5188145
5188836
5190975
5192767
5194446
5195136
5195169
5195248
5196384
5197139
5197475
5198704
5321269
5321893
5322288
5322395
5323060
5323496
5324504
5324781
5326357
5328854
5329285
5329572
5329637
5329899
5330155
5330243
5330505
5330741
5331082
5331567
5332009
5332082
5332617
5332862
5333240
5346531
5515667
5515924
5517415
5517648
5520683
5521032
5522399
5523007
5529587
5532326
5538433
5539077
5540342
5541437
5542154
5542439
5545610
5548221
5548972
5549349
5549558
5550527
5550978
5551855
5553464
5573108
5574586
5577059
5578393
5578611
5580966
5582986
5718194
5719661
5719768
5720745
5725724
5726282
5726722
5727555
5730555
5730835
5732600
5732614
5732684
5732850
5734207
5734214
5734433
5735322
5735856
5736309
5736852
5737535
5804317
5805734
5806291
5810518
5810884
5815191
5816792
5917393
5917700
5917924
5918157
5918618
5918981
5919135
5919355
5919371
5920401
5921056
5921571
5922032
5922994
5923390
5923516
5923803
5923821
5923849
5924229
5924239
5925480
5925488
5925681
5926282
5926501
5926682
5926784
5926807
5927021
5927192
5927736
5928144
5928480
5928812
5928974
5929006
5929101
5929833
5930486
5930666
5930843
5930867
5931786
5931801
5932194
5933578
5934030
5934413
5934415
5947593
5947823
5948347
5948531
5949229
5949257
5949978
5950632
5950992
5951010
5951077
5951699
5952259
5953017
5953685
5954311
5954738
5954917
5954957
5955195
5955279
5955392
5955671
5955947
5956714
5956929
5957838
5957963
5958079
5959161
5959226
5960129
5960177
5960695
5960772
5961442
5962059
5962076
5962344
5962380
5962570
5962791
5962870
5963160
5963581
5964007
5964547
5964615
5964751
5965506
5965793
5965856
5966502
5966514
5966673
5966783
5966888
5967289
5967529
5967616
5968375
5968482
5968528
5968684
5968864
5969017
5969129
5969132
5969537
5970448
6013748
6018467
6051291
6052202
6052998
6053183
6053216
6053241
6053386
6053558
6054114
6055127
6055513
6055544
6055582
6055815
6056936
6057151
6057510
6057628
6057663
6058030
6058508
6059281
6059399
6059477
6060408
6060479
6061493
6061608
6062668
6062726
6062819
6062838
6062953
6063620
6063669
6064151
6064561
6064792
6065765
6066061
6066913
6070476
6072687
6074090
6074796
6077024
6077524
6081443
6081606
6083548
6085065
6085417
6136209
6136751
6137173
6137243
6137301
6137534
6138342
6138945
6139343
6139490
6139996
6140360
6140750
6140995
6141345
6142001
6142123
6142176
6142269
6142537
6142725
6142917
6143262
6143576
6143679
6143782
6143817
6143825
6143944
6144381
6144454
6144708
6144723
6144799
6144951
6144983
6145630
6145645
6146120
6146335
6146966
6147509
6147863
6148065
6148156
6148794
6148888
6149255
6149288
6149328
6149502
6150528
6150687
6151258
6151659
6151758
6254995
6255042
6255452
6255730
6255761
6255769
6255840
6256368
6256372
6256767
6256893
6256984
6257622
6257823
6257862
6258417
6258542
6258757
6259047
6259102
6259266
6259326
6259684
6259727
6259784
6259880
6260016
6260109
6260290
6260297
6260589
6260738
6260801
6260899
6261976
6262044
6262210
6262345
6262417
6263002
6263206
6263934
6264526
6264634
6267516
6282069
6282290
6282712
6282743
6283067
6283114
6283322
6283437
6283898
6284102
6284381
6284562
6284789
6284854
6285022
6285072
6285257
6285455
6285816
6286330
6286470
6286491
6286650
6286695
6286697
6287115
6287537
6287946
6288273
6289031
6289254
6289600
6289840
6289979
6290198
6290809
6291218
6291689
6291697
6293340
6293356
6293539
6293862
6294130
6294258
6294307
6294646
6294838
6294931
6295045
6295212
6295403
6295463
6295670
6295765
6296053
6296089
6297141
6297705
6297854
6297897
6297914
6298102
6298283
6298534
6299147
6299185
6299385
6299952
6302240
6330727
6337704
6338606
6338705
6339248
6339325
6339544
6340602
6340736
6340746
6341140
6341161
6341959
6343045
6343737
6343863
6344290
6344486
6344636
6345812
6346210
6346399
6346478
6346845
6346880
6347151
6347153
6347628
6347800
6348223
6348366
6348463
6348655
6348810
6349068
6349597
6349635
6349898
6349978
6350297
6350364
6350692
6350757
6350783
6351809
6351906
6351992
6352160
6353214
6354029
6354065
6354408
6354580
6355129
6357202
6361090
6362417
6364575
6369774
6370622
6371313
6371721
6371782
6372140
6372159
6372782
6372852
6373073
6373215
6373996
6375962
6376065
6376821
6376852
6378016
6379159
6379231
6379400
6382208
6382352
6382575
6383064
6383449
6384682
6385389
6385502
6385520
6385646
6386069
6386403
6387038
6387338
6387802
6387935
6388424
6390038
6390249
6391671
6439003
6439101
6439176
6439184
6439521
6439839
6440184
6440260
6440498
6440526
6440561
6440821
6441019
6441391
6441667
6441854
6442090
6442765
6442796
6442982
6442983
6443061
6444471
6444836
6444888
6445262
6445330
6445453
6445487
6445539
6445940
6446056
6446258
6446268
6446380
6446838
6447352
6447357
6448101
6448338
6448525
6448902
6449379
6449488
6449691
6450043
6450300
6451149
6451177
6451390
6451392
6451846
6451858
6452223
6452425
6452445
6452479
6452551
6452727
6452760
6453251
6453571
6453824
6453836
6454246
6454576
6455213
6455463
6455524
6456610
6457379
6457769
6457817
6458104
6458147
6458204
6458663
6458829
6458875
6458898
6459118
6459214
6460099
6460333
6460525
6460539
6460899
6461183
6461998
6461999
6462723
6463142
6463152
6463400
6464086
6464178
6464586
6464621
6464740
6464830
6465071
6465147
6465459
6465628
6466032
6466206
6466643
6466749
6466849
6466955
6467051
6467252
6467365
6467532
6468832
6469120
6469828
6469885
6470095
6470137
6470286
6470589
6470604
6470840
6470938
6471149
6471184
6471331
6471492
6471530
6472777
6473070
6473121
6473422
6473508
6473961
6474058
6474071
6474111
6474424
6474751
6474891
6475433
6475513
6475613
6476254
6476445
6476621
6476779
6477322
6477637
6478584
6479787
6480254
6480526
6480857
6480947
6481073
6481349
6481617
6481996
6482083
6483692
6483693
6483723
6483771
6483804
6483849
6483973
6484304
6484477
6484739
6484883
6485346
6485592
6486281
6486319
6486419
6490399
6541359
6543664
6544341
6544357
6546049
6547042
6547792
6548000
6548338
6550110
6553943
6618368
6619364
6619579
6619753
6619813
6620028
6620164
6620735
6621497
6621563
6622977
6623138
6623590
6623778
6624329
6624893
6625122
6625643
6625771
6627252
6627659
6627990
6628089
6628606
6629150
6632395
6662230
6697405
6697608
6697613
6697648
6697737
6698150
6698350
6698445
6698486
6698522
6698582
6698961
6699147
6699215
6699396
6699865
6699979
6700161
6700170
6700598
6700850
6701054
6701201
6701233
6701379
6701454
6701549
6701577
6702293
6702375
6702660
6702687
6703315
6704531
6705069
6705216
6705340
6705427
6705614
6706548
6706556
6706708
6706857
6707023
6707379
6707832
6708409
6709032
6709098
6709414
6710584
6731003
6731117
6731124
6731285
6731408
6731517
6731610
6731793
6731804
6731872
6732370
6733262
6733281
6733362
6733650
6733758
6734259
6734776
6734966
6735303
6736014
6736461
6736912
6737444
6738054
6738155
6738259
6738532
6738996
6739007
6739374
6774746
6778321
6783324
6788657
6788943
6791068
6981915
6982053
6982623
6983515
6984047
6984886
6984950
6985013
6985147
6985624
6986644
6986822
6986995
6987351
6987570
6987632
6987863
6988070
6988120
6988121
6989202
6989338
6989637
6989726
6989785
6989840
6989935
6990128
6990173
6990415
6990746
6990806
6990874
6990976
6991365
6991733
6992702
6992936
6993086
6994007
6994324
6994906
6995001
6995776
6995886
6996123
6996149
6997097
6997437
6997534
6997617
6997765
6997834
6998131
6998342
6998543
6998634
6999728
6999985
7002193
7075716
7079121
7153845
7153977
7155115
7155484
7155666
7155756
7155808
7156325
7156347
7156524
7158293
7158943
7159129
7159558
7159915
7160422
7160477
7160894
7161580
7162458
7163974
7164089
7164344
7164420
7164861
7165073
7165487
7165685
7165864
7165894
7165956
7166448
7166485
7166708
7166812
7167102
7167296
7167379
7167631
7167729
7167750
7169124
7169216
7169431
7169498
7169953
7170384
7181116
7181181
7181215
7181880
7182496
7182645
7183150
7183978
7184156
7184496
7184774
7185317
7186113
7186215
7186377
7186874
7186889
7187721
7188381
7190473
7190674
7191661
7191821
7191831
7192568
7193042
7194148
7194766
7220259
7222057
7224034
7224716
7226381
7228427
7228810
7230658
7230704
7232024
7234485
7235034
7235234
7236323
7236344
7238325
7240523
7240525
7240537
7240683
7241159
7241742
7242873
7244412
7246744
7286702
7289077
7289536
7289947
7290345
7291282
7292407
7295106
7296800
7311072
7311882
7311954
7312790
7313073
7313752
7314384
7315503
7315776
7319164
7319336
7319929
7320752
7321370
7322447
7324738
7325594
7325645
7326720
7327403
7328139
7328983
7329572
7330137
7330252
7330793
7330963
7330977
7331036
7332074
7332191
7332311
7332903
7333595
7334149
7334482
7334870
7337469
7337490
7337626
7338332
7338524
7339130
7339767
7355456
7355709
7355881
7356160
7356652
7356903
7357108
7357154
7357168
7357742
7358449
7358800
7359097
7359464
7359476
7360297
7361591
7361593
7362243
7362940
7363822
7363933
7364729
7365497
7365613
7365853
7366116
7366136
7366974
7367472
7368114
7368203
7368279
7368598
7370387
7371484
7372708
7372946
7372957
7373067
7373826
7374770
7375904
7408447
7409215
7411064
7414140
7416687
7416952
7439491
7439717
7439774
7440021
7440209
7440605
7441069
7441700
7441904
7442237
7443038
7443687
7443826
7443840
7443844
7443892
7444005
7444133
7444910
7445259
7445400
7445865
7446287
7446461
7446807
7447106
7447476
7447515
7447701
7447889
7447899
7447996
7448386
7448458
7448739
7449685
7450111
7450420
7450674
7450806
7451062
7451148
7451302
7451405
7452103
7452269
7452993
7453385
7453672
7453778
7454114
7454141
7454453
7455005
7455095
7455285
7455319
7455331
7455885
7455939
7456275
7456627
7456916
7456951
7457709
7457771
7458206
7464208
7470929
7494123
7641258
7642274
7720721
7721218
7725883
7728137
7728573
7731560
7732258
7735130
7738010
7752522
7761501
7799225
7799632
7800777
7801847
7802912
7804821
7805067
7805583
7805708
7805996
7806236
7806939
7808259
7809496
7809507
7817901
7893913
7894270
7894302
7894905
7894929
7895283
7895348
7895637
7896152
7896167
7896277
7897086
7897440
7898491
7898726
7900984
7901493
7903499
7903802
7904607
7905132
7905289
7905495
7906692
7907262
7907577
7908136
7908327
7909160
7912320
7929453
7936463
7936663
8023916
8027752
8033811
8050783
8051207
8051246
8051471
8051599
8051883
8052208
8052406
8052489
8052679
8052826
8052879
8052985
8053493
8053594
8053785
8053807
8053865
8054378
8054500
8054879
8055251
8055364
8055654
8055713
8055844
8056289
8057229
8057329
8058019
8058074
8058208
8058426
8058767
8059003
8059180
8059319
8059327
8059464
8059790
8060658
8061173
8061645
8062277
8062339
8062541
8062787
8062804
8063023
8063088
8063802
8063857
8064721
8065491
8065751
8066015
8066275
8066466
8066514
8066896
8066989
8067380
8068098
8068233
8068497
8068705
8118402
8118557
8118705
8118891
8118985
8119172
8119340
8119343
8119558
8120347
8120363
8120587
8120590
8120597
8120732
8120889
8121103
8121230
8121377
8121533
8121646
8121652
8122330
8122509
8122668
8123064
8123163
8123256
8123620
8124310
8124431
8125108
8125522
8125950
8126014
8126529
8126928
8127480
8128492
8128621
8128746
8129021
8129197
8129426
8129571
8129594
8129650
8129855
8130198
8130285
8131302
8131609
8131688
8131690
8132256
8132725
8132886
8132899
8132915
8133166
8133570
8133985
8134419
8134427
8134542
8134552
8134553
8136003
8149853
8156579
8164996
8165705
8165755
8166083
8166147
8166480
8167030
8167097
8167645
8167675
8167966
8168103
8168198
8168443
8168800
8169177
8169304
8170471
8170649
8172026
8172076
8172209
8172432
8172600
8172862
8172973
8174196
8175315
8175606
8175667
8175676
8176301
8176611
8177802
8178181
8178636
8179257
8179453
8179525
8179806
8179858
8180125
8180429
8180433
8180919
8181158
8213380
8214264
8214981
8215135
8215271
8215407
8215847
8216339
8216517
8216691
8216930
8217968
8218082
8218128
8219078
8219790
8221042
8221272
8221531
8223063
8223481
8223842
8224084
8224935
8225374
8225477
8226160
8226693
8226908
8227526
8227761
8227892
8228938
8228947
8234634
8348697
8348743
8348875
8349013
8349064
8349072
8349394
8349395
8349446
8349458
8349496
8349618
8349748
8349787
8350035
8350274
8350482
8350704
8351002
8351055
8351328
8352000
8352216
8352296
8352567
8352897
8353509
8353901
8353956
8354104
8354188
8354749
8354908
8355290
8355410
8355511
8355876
8355922
8356068
8356211
8356665
8356675
8357078
8357223
8358026
8358214
8358342
8358577
8358653
8358993
8359020
8359262
8359437
8359440
8359512
8359563
8359605
8359715
8359744
8359942
8360112
8360734
8360819
8360921
8360948
8361077
8361247
8361890
8362240
8362303
8362366
8362413
8363100
8363448
8363452
8363514
8363632
8363826
8364546
8364693
8365536
8365548
8366263
8366285
8366555
8366589
8368388
8416264
8425822
8426046
8426073
8426076
8427650
8428499
8428875
8428896
8429368
8429445
8429702
8430312
8430597
8430858
8430867
8430985
8431297
8431379
8431478
8431815
8431865
8432147
8432269
8432323
8432904
8433303
8433400
8433660
8433757
8434392
8434563
8434823
8435012
8435040
8435606
8435781
8436009
8436049
8436485
8436537
8436696
8436749
8437253
8437446
8437747
8438094
8438333
8438531
8438657
8438787
8439161
8439249
8439332
8439430
8440864
8440926
8441448
8441489
8441731
8441981
8442365
8442557
8442722
8443471
8443578
8444064
8444263
8444274
8444344
8444348
8445206
8445298
8446434
8462147
8462278
8462350
8462522
8462674
8463150
8463569
8463651
8464155
8464254
8464400
8464653
8466280
8466561
8466956
8467088
8467456
8468225
8468707
8469122
8469693
8471085
8471106
8471399
8471848
8472029
8472461
8472878
8473144
8473502
8473568
8473811
8473889
8474367
8475575
8476665
8476873
8477104
8478597
8479393
8479630
8479835
8481242
8481446
8482506
8482857
8482927
8484027
8484988
8485111
8486327
8486954
8487207
8488486
8489198
8489792
8490170
8490773
8491622
8492566
8493221
8493348
8494247
8495046
8495344
8497091
8498113
8498129
8498885
8499146
8499713
8499864
8500685
8501325
8501547
8502024
8502113
8502198
8502350
8502832
8503396
8503506
8503599
8503600
8503667
8503797
8504000
8504484
8504485
8504996
8505154
8505300
8505570
8505913
8505963
8506392
8507506
8507544
8507561
8507605
8507633
8507658
8507866
8508425
8510608
8510693
8512506
8512886
8513595
8513756
8513823
8514171
8514598
8515759
8515908
8516283
8516804
8517111
8518200
8518554
8518557
8518582
8518744
8518814
8518938
8519050
8519449
8519634
8519903
8520709
8521095
8521326
8522542
8522556
8522607
8523480
8523735
8523961
8524030
8524155
8524173
8524230
8524437
8524673
8524725
8524927
8525816
8526005
8526468
8526592
8526739
8527044
8527191
8527777
8527938
8528208
8528380
8528544
8528998
8529010
8529166
8533985
8571562
8573258
8573315
8574412
8575714
8576782
8577807
8579117
8579830
8580466
8582687
8584143
8597322
8597939
8599008
8599416
8599712
8600253
8600517
8600710
8600764
8600968
8601511
8601543
8601557
8601587
8602123
8603447
8604974
8605053
8605327
8605404
8605500
8605559
8605566
8605787
8605840
8606101
8606137
8606580
8606859
8607954
8607969
8608075
8608262
8608711
8608893
8609207
8609635
8610802
8611094
8611985
8612187
8612309
8612550
8613059
8613254
8613966
8614075
8614277
8614317
8614588
8614786
8614925
8614989
8615427
8615512
8615679
8616092
8616095
8616499
8616937
8617080
8617280
8617316
8617773
8617911
8618030
8618815
8619019
8619042
8621429
8653900
8653947
8656297
8656380
8657029
8658342
8658800
8658864
8662493
8663064
8666577
8667017
8668371
8669898
8670359
8670934
8675356
8677653
8690928
8691866
8699003
8702686
8713016
8713813
8714609
8715272
8716210
8718623
8719516
8719809
8720102
8721484
8722046
8723288
8724494
8724791
8725252
8742651
8742667
8742960
8743433
8745032
8747956
8748634
8750411
8750918
8751294
8751718
8751955
8752054
8752140
8752663
8753007
8753223
8753395
8753625
8753792
8754037
8754103
8754159
8754170
8754938
8755057
8755135
8755427
8755993
8757355
8757406
8757638
8758465
8758637
8759640
8759933
8760075
8760267
8760967
8761690
8761815
8761821
8762773
8763396
8764310
8764740
8765407
8765551
8765858
8766625
8766664
8766759
8767017
8767240
8767338
8767529
8767819
8767943
8768047
8768603
8781060
8781299
8781308
8781723
8781734
8781772
8781928
8781953
8781993
8782296
8782371
8782410
8782606
8782795
8782831
8783118
8783325
8783326
8783999
8784167
8784358
8784528
8784682
8786438
8786439
8786483
8786510
8786990
8787340
8787375
8787493
8788047
8788125
8788218
8788800
8788857
8789271
8789342
8789503
8789511
8789632
8789749
8790494
8790646
8791138
8791204
8791259
8792636
8792667
8792914
8793578
8793731
8793796
8794167
8794453
8794602
8794683
8794705
8794709
8794730
8795055
8795234
8795616
8795975
8796509
8796786
8796842
8797030
8797903
8798716
8798988
8799204
8799486
8799542
8799689
8799724
8800600
8852053
8968996
8976981
8977567
8978781
8978939
8984076
8986277
8987863
8988713
8989135
8989692
8990337
9008759
9008924
9009194
9009305
9009333
9009444
9009615
9009635
9009953
9011141
9011446
9011562
9012026
9012270
9012563
9013288
9013355
9014073
9014101
9014208
9014516
9014562
9014833
9014869
9015314
9015440
9015660
9015801
9016661
9017158
9017163
9017594
9017609
9017699
9018060
9018141
9018171
9018175
9018234
9018417
9018471
9018529
9018571
9018894
9019356
9019455
9019632
9020727
9020831
9021747
9021968
9022203
9022543
9022787
9022888
9023158
9023348
9023485
9025243
9026273
9026394
9026444
9028300
9029100
9038188
9039079
9042493
9045794
9046277
9047136
9050785
9051088
9052895
9087846
9088113
9089597
9090629
9090985
9090987
9091493
9092549
9093350
9094092
9095137
9095710
9095975
9096253
9096337
9096873
9097667
9097970
9138196
9138410
9138694
9138793
9138907
9138980
9139040
9139528
9140565
9140863
9141776
9141912
9141985
9142457
9142496
9142801
9143398
9143594
9144837
9144950
9145023
9145792
9146062
9146087
9146140
9146160
9146476
9147005
9147724
9147876
9147885
9147887
9147895
9148101
9148235
9148312
9148461
9148548
9148767
9148900
9149102
9149406
9149756
9149846
9149877
9150919
9151200
9151871
9151927
9152910
9153332
9153452
9153576
9153652
9153791
9154770
9155327
9155424
9155541
9156367
9156851
9157050
9157267
9157532
9158126
9158359
9158604
9158840
9158891
9159471
9159536
9159746
9159955
9159967
9160250
9160258
9160275
9160303
9160753
9161654
9161877
9162414
9162505
9162696
9162699
9162896
9162984
9163046
9163432
9163967
9164375
9164644
9164725
9164839
9164906
9165016
9165429
9165803
9166038
9166247
9166297
9166317
9166737
9166894
9167301
9168104
9169034
9169082
9169249
9169508
9169592
9169990
9170169
9170498
9170546
9170903
9170987
9171089
9171786
9172032
9172257
9172936
9172938
9173211
9173257
9173539
9174016
9174105
9174586
9174607
9175047
9175056
9175085
9175198
9175284
9175439
9176015
9176028
9176556
9176632
9177008
9177026
9177030
9177101
9177337
9177811
9178106
9178750
9178961
9179014
9179064
9179467
9179539
9181159
9181292
9181370
9181929
9181996
9182367
9182496
9182801
9183065
9183121
9183213
9183308
9183325
9183707
9183973
9186200
9249470
9260900
9276074
9276359
9277072
9277262
9277673
9278028
9278074
9278194
9278282
9278767
9279043
9279151
9279356
9279782
9279824
9280224
9280488
9281026
9281137
9281483
9281786
9282509
9282670
9283136
9283929
9284062
9285010
9285476
9285681
9285792
9286742
9286749
9286998
9287531
9287609
9287680
9287883
9287922
9287925
9288045
9289510
9303067
9303520
9303615
9303979
9304142
9304222
9304629
9305363
9305616
9305631
9305699
9305949
9306383
9306480
9306702
9307126
9307609
9308064
9308066
9308206
9308587
9308606
9308929
9309048
9309604
9309806
9310358
9310988
9311018
9311514
9311522
9311901
9312290
9312489
9312513
9313843
9313894
9314027
9314142
9314267
9314274
9314370
9320099
9336190
9336239
9336350
9336393
9336436
9338234
9338399
9339018
9339113
9339385
9339532
9339920
9340716
9340939
9341191
9341448
9341489
9341981
9342281
9342571
9342591
9342917
9343324
9343644
9343799
9344640
9344910
9344985
9345496
9345861
9346134
9347522
9347933
9348018
9348087
9348299
9348562
9348671
9348685
9349740
9350224
9350358
9351046
9351410
9351477
9351709
9352627
9353091
9353199
9353541
9354510
9355692
9356592
9356733
9358160
9358672
9378080
9378366
9378369
9378875
9378966
9379160
9379490
9379724
9379825
9379871
9380147
9380684
9381608
9381662
9381746
9381836
9382264
9382358
9382535
9382632
9383238
9383518
9383545
9383767
9384110
9384613
9384730
9384957
9385080
9385316
9385527
9385797
9385832
9386234
9386249
9386472
9386651
9386970
9387021
9387231
9387761
9387828
9387936
9388156
9388763
9389130
9389283
9389294
9389328
9389347
9389479
9390166
9390335
9390789
9391472
9391534
9391745
9392857
9392895
9392988
9393005
9394218
9394726
9395180
9396977
9397491
9398942
9400003
9400397
9401123
9401248
9401397
9402626
9403050
9404513
9406163
9407625
9407715
9407970
9408327
9408495
9408889
9408909
9410109
9410887
9412239
9412279
9412377
9412965
9414321
9414424
9414665
9414787
9414997
9415987
9417377
9417735
9417926
9418450
9419343
9420138
9420146
9420944
9421204
9421881
9422445
9423421
9423435
9424007
9424317
9424617
9424950
9424964
9426081
9429166
9454337
9454351
9454447
9454522
9454880
9454946
9454980
9455595
9456107
9456165
9456211
9456405
9457856
9458823
9458870
9459169
9460239
9460479
9460873
9461241
9461862
9462793
9462805
9463293
9464186
9464728
9465009
9465314
9465369
9465525
9466214
9466600
9466759
9468331
9468687
9469444
9469446
9469856
9471777
9485568
9486111
9486506
9486874
9487096
9487474
9489100
9489221
9489410
9489734
9490229
9490321
9490572
9490573
9491859
9491911
9493475
9493634
9493706
9494757
9495093
9495666
9496392
9498728
9499439
9499467
9499776
9501589
9501605
9502093
9503160
9565313
9565387
9565403
9566128
9566382
9566420
9567074
9567379
9567470
9567911
9567943
9567950
9568195
9568309
9568801
9568945
9569277
9569441
9569571
9570342
9570634
9570703
9570802
9570815
9570940
9570946
9571407
9571450
9571604
9572120
9572166
9572287
9572610
9572687
9572856
9572943
9573032
9573202
9573711
9574040
9575448
9575896
9576052
9576388
9576656
9576697
9576702
9577998
9578105
9578388
9578527
9578640
9578763
9578796
9579195
9579486
9579747
9579987
9580058
9580255
9580760
9584840
9609620
9611543
9611588
9611661
9612716
9612912
9612942
9613317
9613807
9613879
9614068
9614184
9614428
9614645
9614951
9615374
9615475
9615492
9615970
9616230
9616247
9616365
9616393
9616456
9616515
9616590
9617715
9617910
9618266
9618569
9618626
9619007
9619254
9619593
9619757
9619873
9619999
9620209
9620253
9620338
9620461
9620496
9620570
9620895
9621404
9621504
9621763
9622184
9622429
9622707
9622887
9622948
9623215
9623364
9623703
9623723
9623839
9623879
9623963
9624084
9624527
9625089
9625161
9625633
9625763
9625765
9626181
9626465
9626659
9627717
9627816
9628222
9628484
9628639
9628826
9629016
9629053
9629362
9629402
9630324
9647986
9648115
9648326
9648342
9648530
9648997
9649096
9649572
9649638
9649936
9649972
9650017
9650224
9650690
9650783
9651238
9651575
9651638
9651767
9651957
9652012
9652067
9652232
9652456
9652519
9652917
9653726
9653844
9654739
9654959
9655452
9655575
9655811
9656217
9656658
9656841
9692431
9692657
9693496
9693968
9693971
9694022
9695106
9696117
9696605
9696809
9697526
9697798
9699311
9699569
9699596
9700903
9702043
9702329
9702648
9702937
9703030
9706697
9723512
9723555
9723669
9723885
9724164
9724274
9724480
9725150
9725152
9725385
9725406
9725919
9726404
9726677
9726912
9728019
9728852
9728877
9729185
9729860
9730134
9730163
9730182
9730602
9730696
9730791
9730992
9731066
9732044
9732470
9732603
9732827
9733199
9733923
9734693
9735092
9735236
9735784
9736001
9736176
9795433
9795661
9795662
9796692
9797492
9797569
9797596
9798242
9799775
9800853
9801738
9802269
9802329
9802363
9875427
9875797
9877422
9880047
9881801
9883714
9883967
9888683
9914575
9915316
9915350
9915508
9915912
9916315
9916491
9916622
9916667
9917907
9917936
9918803
9919497
9919518
9919638
9919755
9919804
9919858
9919913
9920084
9921038
9921312
9921756
9921792
9922137
9922302
9922339
9922507
9922555
9922989
9923152
9923164
9923399
9923673
9924326
9924434
9924680
9925209
9952924
9955182
9957029
9957883
9958650
9959661
9959676
9959779
9960273
9961660
9962578
9963248
9963592
9965603
9966141
9966351
9967156
9968081
9972560
10001277
10001391
10001550
10002234
10002434
10002946
10003011
10003079
10003214
10003862
10003910
10004334
10004858
10004999
10005044
10005859
10006204
10006390
10006762
10007475
10007778
10007844
10008167
10008366
10008430
10008573
10008599
10009085
10009246
10009296
10009554
10009845
10010054
10010123
10010389
10010682
10010962
10011258
10011302
10011696
10011839
10012050
10012061
10012596
10013022
10014244
10014972
10014997
10016177
10016493
10016856
10017336
10018303
10020803
10020838
10021160
10021515
10021650
10021764
10022470
10022579
10023088
10023750
10023954
10025798
10026307
10026411
10026495
10027522
10027537
10028836
10029695
10030722
10031630
10033463
10035182
10035810
10035959
10036055
10036430
10037751
10037775
10040102
10040648
10042848
10045572
10107485
10107652
10107822
10107867
10108015
10108089
10108225
10108364
10108660
10108760
10108875
10110245
10110452
10110503
10110589
10110682
10112056
10112181
10112251
10112457
10112806
10113038
10113084
10113260
10113297
10113298
10113331
10113634
10113733
10114542
10114567
10114772
10115154
10115327
10115607
10115656
10115822
10116057
10116225
10116256
10116324
10116947
10117152
10117187
10117191
10117197
10117230
10117361
10117413
10117525
10117651
10117756
10118230
10119492
10119951
10120338
10120927
10121092
10121210
10121513
10121597
10121752
10123210
10237910
10240702
10245418
10246057
10246230
10246244
10246818
10247131
10248502
10249177
10250435
10270585
10272234
10272391
10276290
10276850
10277348
10279783
10298373
10299913
10300059
10300221
10300347
10301142
10301251
10301658
10302296
10302440
10302965
10303163
10304074
10304121
10304293
10304540
10304722
10304846
10305427
10305527
10305914
10306277
10306751
10306926
10307162
10307958
10308250
10308252
10308335
10309053
10309256
10309974
10310023
10310069
10311373
10312231
10312794
10313181
10313345
10314167
10318995
10348358
10348388
10348494
10348608
10348739
10348761
10348902
10349467
10349759
10350110
10350270
10350668
10350720
10350729
10350934
10351128
10351168
10351474
10351770
10351848
10351920
10352000
10352003
10352449
10352450
10352569
10352594
10352904
10353016
10353055
10353083
10353366
10353454
10354100
10354136
10354197
10354578
10355172
10355492
10355749
10355808
10355862
10356195
10356704
10356789
10357887
10358070
10358498
10358517
10358564
10358807
10358867
10359343
10359347
10359450
10360011
10360197
10360207
10360211
10360329
10360394
10360403
10360431
10360482
10361205
10362357
10362632
10362738
10362862
10363056
10363067
10363142
10364146
10364609
10365128
10365868
10366115
10366235
10366252
10366298
10366529
10366702
10367004
10367122
10367500
10367536
10367581
10367958
10368102
10368187
10368639
10369304
10369869
10370385
10370406
10371429
10371484
10371628
10371651
10372893
10372998
10373719
10373831
10374426
10374892
10375236
10375298
10375827
10376145
10376321
10376331
10376980
10377159
10377251
10377334
10377839
10377845
10377974
10377981
10378669
10379254
10379292
10379505
10380137
10380223
10380244
10380307
10380879
10381132
10381986
10382180
10385320
10423640
10423747
10423961
10424219
10424313
10424805
10425344
10425364
10425641
10426371
10426592
10427661
10428096
10428127
10428628
10428733
10429125
10429197
10429341
10429359
10429442
10429708
10429807
10430282
10430339
10430433
10430653
10431043
10431489
10431610
10432043
10432259
10432497
10433088
10433490
10433717
10433877
10434093
10434887
10434995
10435367
10435383
10435980
10436726
10437313
10437418
10437419
10437452
10437855
10482101
10483324
10483624
10488428
10493429
10494926
10495477
10496127
10498305
10498459
10498637
10498982
10500525
10501442
10501544
10502144
10502334
10502411
10503288
10503841
10503994
10504178
10504194
10504393
10504901
10505620
10506406
10507974
10508210
10521469
10521541
10522110
10522392
10522578
10522619
10523035
10523220
10523683
10523693
10524662
10524665
10524870
10525158
10525414
10525644
10526191
10526461
10526695
10526916
10527057
10527205
10527363
10527486
10527514
10528081
10528301
10528381
10528740
10528840
10529334
10529591
10530038
10530265
10530513
10531174
10531223
10531528
10531914
10531951
10531981
10532260
10532305
10532631
10532687
10532995
10533413
10533640
10533746
10534324
10534501
10534843
10535479
10535644
10535814
10535960
10536430
10538632
10548396
10548523
10549734
10549758
10549994
10550031
10550135
10550212
10550700
10550897
10550948
10551204
10551325
10551347
10551365
10551512
10551759
10551808
10552139
10552292
10552944
10553060
10553095
10553674
10553994
10554056
10554375
10554967
10554994
10555345
10555583
10555642
10556183
10556622
10556835
10556878
10557415
10557524
10557844
10558264
10559453
10559567
10559813
10560393
10560448
10560601
10560621
10561150
10561679
10561702
10561907
10561939
10561950
10562471
10563037
10563613
10563647
10563729
10563818
10564576
10565691
10567720
10568753
10571748
10616559
10616995
10617439
10617591
10618484
10618636
10618834
10618846
10619122
10619142
10619410
10619737
10620412
10620724
10621017
10621433
10622258
10623329
10624469
10624538
10625242
10625459
10625879
10626053
10627481
10627702
10627714
10629016
10642530
10643484
10644788
10644795
10646054
10646330
10646509
10646830
10647529
10652815
10653249
10653999
10654864
10655363
10655365
10655441
10655766
10657589
10678259
10678590
10678744
10679089
10679159
10679166
10679407
10679680
10679802
10680049
10680352
10680501
10680803
10681246
10681264
10681321
10681546
10681683
10681715
10681869
10682209
10682588
10682999
10683118
10683260
10683294
10683436
10683484
10683673
10683755
10683816
10683864
10684494
10684503
10684610
10685028
10685069
10685308
10685533
10685766
10685914
10686022
10686443
10686444
10686891
10687819
10688511
10689080
10689411
10689665
10690271
10690877
10691041
10691205
10691229
10691296
10691465
10691642
10691672
10691974
10692013
10692398
10692764
10692864
10693014
10693117
10693122
10693127
10693268
10693519
10694179
10694986
10695031
10695178
10695273
10695521
10695533
10695764
10696148
10696639
10696650
10696849
10697198
10697347
10697525
10697855
10697902
10697970
10698066
10698233
10698235
10698709
10699127
10699366
10699689
10699902
10700044
10700067
10700337
10700429
10700615
10701068
10701446
10701501
10701529
10701957
10702025
10702113
10702119
10702145
10702222
10702245
10702452
10703075
10703740
10703906
10704167
10704640
10704782
10705106
10705222
10706134
10708410
10718641
10718671
10718912
10719081
10719147
10719526
10719628
10720344
10720959
10721133
10721214
10722407
10722470
10722797
10722835
10722903
10723614
10723701
10723824
10724158
10724535
10724784
10725122
10725167
10725522
10725525
10725530
10726110
10726224
10726320
10726628
10726969
10727157
10727214
10727499
10727551
10727714
10728232
10728262
10729035
10729360
10729617
10729632
10729659
10729746
10729757
10729932
10730705
10730951
10731221
10731494
10731792
10732117
10732150
10732293
10732361
10732488
10732598
10733343
10733815
10733994
10734355
10734434
10734651
10735120
10735303
10735593
10735651
10737322
10740790
10747434
10749159
10763960
10765722
10766781
10766922
10767212
10767520
10768522
10768873
10768978
10769174
10769203
10769635
10769659
10770321
10770688
10770856
10770973
10771738
10771760
10771969
10772167
10772200
10773495
10773564
10773706
10774394
10774464
10775075
10775631
10776162
10776385
10777917
10778088
10778224
10778800
10778838
10779730
10780359
10780493
10781125
10781153
10781203
10781278
10782835
10783369
10784560
10790870
10793974
10803487
10804156
10804365
10805096
10806068
10806139
10808895
10809125
10809233
10809520
10810158
10810389
10810780
10811254
10811470
10811478
10813391
10813446
10815585
10815687
10816267
10818203
10818850
10819582
10820047
10820977
10821465
10821590
10821711
10821864
10821979
10821988
10822008
10822114
10822295
10822345
10822556
10822705
10823247
10823280
10823337
10823452
10823525
10823621
10823698
10823709
10823798
10824154
10824218
10824296
10824678
10824695
10824787
10824989
10826148
10826309
10826667
10826893
10827291
10827620
10827795
10828410
10828795
10828883
10828893
10829566
10830206
10830274
10831013
10831125
10831301
10831394
10831458
10831478
10831790
10832008
10832156
10832210
10832351
10832980
10833354
10833523
10833538
10833602
10834023
10834359
10834399
10835379
10835561
10836036
10836268
10836674
10837243
10837346
10837665
10837701
10837793
10838161
10838288
10838366
10838457
10838464
10838523
10838816
10838962
10839243
10839544
10839650
10840124
10840798
10841096
10876183
10876318
10876678
10876855
10877262
10877367
10877672
10877950
10878052
10878075
10878422
10878850
10879691
10879890
10880172
10880343
10880433
10880492
10881703
10881755
10882608
10883697
10884378
10884485
10884961
10885510
10886048
10886632
10886806
10887495
10887694
10888275
10888846
10889677
10890438
10890816
10890886
10891943
10892428
10892536
10892657
10893643
10893837
10894872
10895990
10896332
10896553
10896776
10896782
10898381
10899346
10899527
10899636
10900412
10900423
10901370
10902230
10904106
10904152
10904526
10904929
10909260
10924724
10969603
10969666
10970969
10970995
10971512
10972756
10972903
10972953
10972992
10974017
10974470
10974724
10974841
10975116
10976025
10976306
10977041
10977194
10977670
10977799
10978135
10978455
10979012
10979394
10979507
10979569
10980470
10980946
10981811
10982617
10982749
10983059
10983360
10983853
10984222
10984374
10985165
10985649
11058684
11058985
11059147
11059796
11059909
11060188
11060923
11061038
11061933
11062007
11062392
11063309
11063523
11064036
11064217
11064403
11064576
11065318
11065552
11065573
11066154
11066177
11066253
11066289
11066713
11067665
11067773
11068484
11068614
11069981
11070103
11070892
11071105
11071231
11071589
11071671
11071699
11071778
11072152
11072405
11072570
11072723
11072775
11072994
11073467
11073507
11073727
11073846
11074017
11074422
11074720
11075510
11075771
11076250
11076373
11076379
11077207
11077209
11077472
11077753
11145200
11155985
11190367
11190850
11191165
11192192
11192342
11192794
11192965
11193128
11193405
11193773
11194321
11194438
11194486
11196636
11197535
11197620
11198688
11198800
11199025
11199251
11199811
11199884
11200192
11200418
11200547
11201165
11201668
11201766
11201796
11202407
11204450
11204610
11204780
11206528
11207208
11207747
11213865
11217993
11284570
11285049
11285725
11285737
11285787
11285798
11286627
11286856
11287073
11287089
11287115
11287176
11287285
11287423
11287734
11288223
11288225
11288499
11288829
11289481
11289743
11290039
11290434
11290440
11290529
11290596
11290752
11290957
11291047
11291698
11291717
11291741
11291747
11292028
11292382
11292508
11293101
11293190
11293254
11293267
11293603
11294577
11294686
11295648
11295885
11295957
11296182
11296566
11296643
11296940
11297002
11298841
11329020
11330262
11334908
11335324
11338519
11338615
11341539
11342334
11342851
11344961
11350137
11350192
11351300
11352688
11354219
11360611
11361414
11362008
11362880
11363823
11365560
11365770
11367258
11369345
11370918
11372738
11372996
11374214
11374987
11375052
11375625
11376229
11378356
11379095
11379128
11379188
11380548
11381618
11381656
11382335
11382355
11382583
11383128
11383401
11383432
11383448
11419629
11420844
11420880
11420927
11421098
11421165
11421226
11421335
11421341
11421576
11421697
11421792
11421859
11421901
11422129
11422425
11422770
11422861
11423257
11423429
11423545
11423560
11424490
11424608
11424787
11424969
11425012
11425732
11425742
11425904
11426246
11427397
11427440
11427641
11428486
11428583
11428889
11429093
11429156
11429364
11429446
11430102
11430172
11430421
11430954
11431342
11431666
11432503
11432696
11433127
11433142
11433264
11433803
11434150
11434313
11434616
11434913
11434995
11435919
11447348
11490616
11490621
11491520
11491525
11492181
11492524
11492584
11493100
11493328
11493772
11494152
11494322
11494501
11494857
11494899
11495193
11495220
11495490
11495877
11495901
11496099
11496922
11497109
11497400
11497447
11497960
11498021
11498066
11498439
11498727
11498792
11498840
11499002
11499139
11499267
11499732
11499752
11500110
11501057
11501231
11501679
11501701
11501767
11501830
11501897
11503640
11566086
11566900
11567807
11569573
11570417
11571497
11572098
11574793
11575942
11577539
11581048
11581248
11616343
11616504
11616553
11616899
11617209
11618665
11618770
11619618
11619938
11621091
11621143
11622139
11622678
11622990
11623070
11623228
11623390
11623414
11623919
11624009
11624172
11624580
11624584
11624670
11625115
11625137
11626380
11626509
11626612
11627444
11627550
11627869
11628688
11628704
11629186
11629651
11629984
11630648
11630839
11631020
11631544
11632437
11632579
11632584
11632628
11632630
11632861
11633075
11633457
11633563
11633661
11633740
11633925
11634061
11634108
11634924
11634998
11635109
11635161
11635515
11635722
11636001
11636479
11636917
11637005
11637676
11638364
11638396
11638981
11639042
11639367
11639394
11639425
11639447
11639883
11639907
11639997
11643927
11704605
11704692
11704747
11704917
11704925
11704991
11705211
11705225
11705227
11705514
11706239
11706396
11706409
11707271
11707336
11708051
11708232
11708260
11709963
11710025
11710087
11710226
11710507
11710557
11710909
11711312
11711387
11711493
11711524
11711588
11711761
11712046
11712392
11712654
11712658
11712694
11712901
11713059
11713120
11713284
11713782
11714195
11714315
11714417
11714780
11715370
11715669
11715727
11715784
11716064
11716279
11716561
11716608
11716799
11716924
11716961
11716982
11717126
11717638
11717742
11718354
11718726
11718867
11719021
11719189
11719265
11719975
11720493
11720731
11720758
11721403
11721588
11721590
11722489
11722637
11722749
11723196
11723223
11723525
11723787
11724200
11724350
11724371
11724518
11725268
11725498
11725753
11725881
11725895
11725937
11726000
11726183
11726196
11726289
11726629
11726746
11726908
11727050
11727237
11727351
11727523
11727582
11727596
11727742
11728186
11728750
11729024
11729156
11729420
11729447
11730133
11730426
11730533
11730674
11730769
11730823
11731091
11731263
11731352
11731486
11731599
11731825
11732449
11733471
11733627
11733823
11733888
11734250
11734267
11734416
11734446
11735091
11735264
11735479
11735657
11736277
11736650
11737057
11737249
11737331
11737493
11737527
11737944
11738299
11739395
11739745
11741547
11753457
11753499
11753939
11754124
11754167
11755995
11756467
11756494
11757032
11757408
11757631
11758746
11759291
11759986
11760519
11760546
11760769
11760986
11761254
11761458
11761815
11762054
11762201
11762295
11762428
11762566
11763096
11763583
11763586
11763652
11763667
11764247
11764269
11764355
11764382
11764592
11764843
11765034
11765442
11765971
11765982
11766265
11766348
11767341
11767860
11768146
11768221
11768645
11769287
11769861
11769884
11770157
11770560
11770905
11771033
11771458
11771948
11772011
11772202
11772470
11772675
11772753
11772944
11773109
11773118
11773322
11774039
11774285
11775073
11775266
11775328
11775576
11775780
11776388
11777164
11777295
11777354
11777376
11777911
11778531
11779420
11779462
11779596
11779978
11780420
11780685
11780911
11780977
11781067
11781141
11781339
11781342
11781621
11781970
11782002
11782198
11782838
11782971
11783445
11783920
11784088
11784330
11784467
11785050
11785445
11785615
11786566
11786825
11786890
11787128
11787520
11787710
11788040
11788355
11790699
11808436
11808993
11809199
11809812
11809953
11809983
11813042
11813186
11813397
11813462
11813980
11814147
11814201
11815345
11816089
11816364
11816525
11817148
11818083
11818217
11818648
11818947
11819571
11820031
11824649
11825111
11828052
11828193
11836195
11861815
11861931
11862448
11863051
11863763
11863944
11864621
11864824
11865238
11866053
11866467
11866709
11867381
11869387
11870141
11870737
11870960
11871056
11871144
11871251
11871354
11871441
11871937
11872205
11872396
11872446
11872899
11873048
11873542
11875893
11876057
11876482
11876705
11878531
11907027
11907118
11907408
11907440
11907506
11907669
11907767
11908374
11908473
11908757
11908892
11909460
11910308
11910354
11910510
11911085
11911352
11912201
11912662
11913327
11913748
11915337
11915385
11915541
11915957
11916892
11917539
11919113
11920272
11921212
11923257
11923869
11924063
11924136
11925354
11925803
11926117
11926386
11926420
11926469
11926590
11927203
11927436
11927524
11928291
11928366
11928423
11928924
11929444
11929759
11930275
11930766
11931032
11931147
11931464
11931920
11932260
11932775
11933139
11933673
11933719
11933794
11935007
11935020
11935298
11935703
11935927
11936285
11936409
11936436
11936990
11937046
11937151
11937193
11937515
11937536
11937708
11937726
11938350
11938529
11938628
11938634
11939674
11940383
11940397
11940564
11943601
11976736
11977082
11978785
11980786
11981558
11982971
11983022
11984624
11985428
11986611
11989152
11989183
11990143
11991224
11991293
11991630
11997684
11998804
12018354
12018406
12018867
12018898
12019463
12020284
12020422
12021019
12021211
12021606
12022467
12022553
12022599
12023099
12024040
12024099
12024428
12024611
12024651
12025079
12025569
12025748
12025871
12026016
12026055
12026538
12026553
12026859
12026940
12027115
12027219
12027335
12027718
12027726
12027749
12027837
12027977
12028698
12028946
12029417
12030296
12030740
12030976
12031438
12031583
12031790
12032411
12147289
12150218
12176442
12176682
12176990
12177054
12177469
12178682
12179435
12181492
12181562
12182018
12182580
12183936
12185073
12185846
12187138
12187946
12188200
12188952
12189059
12190536
12191438
12191886
12192114
12192915
12192999
12194163
12194352
12195724
12195728
12196093
12196240
12196342
12196505
12197126
12197273
12197496
12197555
12198346
12198487
12198852
12198927
12199484
12199787
12200058
12200148
12200878
12200914
12201069
12201227
12202098
12202378
12202699
12203434
12209802
12222947
12223024
12223181
12223630
12223848
12223868
12224037
12224115
12224703
12225259
12225337
12225433
12225691
12226000
12226012
12226148
12226798
12227031
12227597
12227635
12227886
12227893
12228080
12229443
12229582
12230232
12230318
12230697
12230762
12231251
12231391
12232080
12232366
12232523
12233179
12233279
12233396
12234594
12234601
12234633
12235111
12235164
12235542
12235763
12235921
12236261
12236865
12237333
12237501
12237508
12237757
12239169
12239453
12239511
12239660
12239810
12240437
12240468
12240689
12240849
12243324
12243531
12406812
12407298
12407488
12407673
12407843
12409155
12409480
12409824
12411189
12411288
12412842
12413497
12413629
12414196
12414444
12414585
12415147
12415351
12417345
12417483
12417503
12419223
12419550
12420149
12420887
12422546
12424151
12427634
12427748
12516596
12516851
12517039
12517241
12517497
12517580
12517902
12518301
12518317
12518493
12518498
12518903
12519147
12519200
12519270
12519350
12519406
12519421
12519954
12520086
12520225
12520235
12521026
12521132
12521462
12521552
12522062
12522085
12522362
12522741
12522757
12522933
12522938
12523250
12523446
12523723
12523769
12523843
12524458
12524735
12524924
12525074
12525124
12525699
12525774
12525836
12526445
12526971
12527150
12527186
12527585
12527704
12527821
12528063
12528067
12528215
12528499
12528533
12528806
12529038
12529209
12529275
12529434
12529467
12530306
12530523
12530911
12531125
12531211
12531420
12531646
12532249
12532260
12532415
12532524
12532905
12532968
12533687
12533827
12533864
12534252
12537303
12538109
12538230
12600987
12601346
12601633
12602276
12602575
12602602
12603255
12603723
12605184
12605361
12605804
12606313
12607233
12608552
12608995
12609467
12610224
12610269
12610927
12612376
12612641
12639656
12639715
12639776
12640046
12640540
12640718
12641005
12641728
12641815
12641836
12642379
12642716
12644097
12645462
12645927
12646627
12647974
12648253
12648494
12648704
12648999
12649070
12649642
12649833
12650273
12650969
12651013
12651658
12652554
12652565
12667609
12667760
12667792
12668116
12668245
12668325
12668868
12668882
12668885
12669244
12669424
12669426
12669569
12669887
12669929
12670049
12670092
12670758
12670914
12671161
12671203
12671355
12671413
12671523
12671543
12671621
12671919
12672081
12672115
12672557
12672666
12672727
12672801
12673448
12673791
12673911
12674047
12674053
12674293
12675178
12675314
12675387
12675389
12675477
12675689
12676008
12676027
12676028
12676497
12676822
12677297
12677456
12677584
12677915
12678208
12678237
12678418
12678794
12678942
12679022
12679255
12679347
12679548
12679975
12680084
12680158
12680666
12680813
12680838
12680847
12680916
12680942
12680985
12681024
12681279
12681476
12681482
12681800
12682064
12689455
12689968
12704218
12704693
12706294
12706986
12707153
12707309
12708315
12709484
12709636
12710416
12713574
12714706
12715216
12715873
12716039
12716323
12716378
12716587
12717331
12717332
12717895
12717942
12718044
12718602
12718725
12719381
12719408
12719459
12719469
12719521
12719690
12719858
12720198
12720297
12720427
12721496
12721781
12721871
12721930
12722134
12722224
12722853
12722859
12722961
12723071
12723332
12723372
12723380
12723641
12723685
12724199
12724485
12724508
12724894
12725051
12725262
12725269
12725289
12725530
12726079
12726759
12726849
12727343
12727360
12727458
12727720
12727922
12727972
12728016
12728232
12728528
12728797
12728817
12729125
12729213
12729638
12729877
12729923
12730302
12730522
12730552
12730564
12730737
12731126
12731165
12731382
12731383
12731427
12731459
12731692
12731726
12731824
12731834
12731887
12732115
12732173
12732186
12732206
12732807
12732858
12733417
12733564
12738096
12739778
12740420
12748922
12748993
12749070
12749454
12749541
12749565
12749606
12749727
12749879
12750027
12750613
12750845
12751318
12751692
12751816
12751861
12752104
12752237
12752642
12752934
12753129
12753753
12753860
12754262
12754346
12754475
12754598
12754791
12755476
12756161
12756453
12756615
12756879
12757564
12758095
12758341
12758363
12758367
12758565
12758610
12758869
12759121
12759346
12759426
12759621
12759663
12759668
12759708
12760180
12760504
12761175
12761317
12761433
12761483
12762418
12762949
12763446
12763712
12764303
12764392
12765119
12765465
12765858
12766084
12766238
12766611
12766742
12773968
12777044
12803485
12804834
12805091
12807965
12808041
12808319
12808583
12811616
12823304
12901201
12901314
12901343
12901345
12902040
12902169
12902883
12903323
12903545
12903923
12903957
12904302
12904477
12904492
12904603
12904844
12905164
12905571
12905602
12905966
12905996
12906166
12906865
12907108
12908192
12908209
12908244
12908534
12908598
12908836
12909015
12909036
12909341
12909772
12909950
12910143
12910198
12910277
12910516
12910728
12911003
12911074
12911370
12911437
12911788
12912020
12912080
12912409
12912486
12912604
12912834
12912846
12913080
12913337
12913384
12913417
12913507
12913632
12913985
12914447
12914563
12914661
12914799
12914849
12915145
12915682
12915738
12916299
12916531
12916558
12916820
12917392
12917851
12917999
12918026
12918322
12918453
12919041
12920433
12921934
12925840
12933387
12933533
12933741
12933763
12933911
12934233
12934274
12934639
12934655
12934732
12934740
12935049
12935069
12935301
12936310
12936439
12936727
12936773
12936988
12937174
12937914
12937922
12938003
12938170
12938197
12938986
12939423
12939846
12940020
12940093
12940108
12940373
12940544
12940790
12940899
12941615
12942283
12942713
12943098
12943158
12943649
12943969
12944392
12944838
12944864
12946003
12946336
12946352
12946442
12947031
12947122
12947348
12947434
12947436
12948029
12948461
12948892
12948905
12949468
12956925
12957041
12958513
12968454
12968469
12969859
12969863
12969986
12970074
12970396
12971708
12971803
12972183
12972292
12973351
12973899
12973990
12974840
12975337
12975622
12976128
12976146
12976272
12976644
12977051
12977395
12978022
12979493
12980028
12986869
12995702
13073649
13073682
13074153
13074820
13074841
13074954
13074999
13075397
13075493
13075647
13075979
13076084
13076224
13076562
13077130
13077616
13077861
13078104
13078263
13078390
13078533
13078548
13079037
13079546
13079633
13080000
13080174
13080258
13080284
13080856
13080924
13080993
13081393
13081532
13081882
13081885
13082093
13082136
13082227
13082315
13082417
13082491
13083573
13083710
13083800
13083838
13084065
13084277
13084919
13085151
13085181
13085245
13085382
13085596
13085848
13086339
13088314
13088614
13088632
13089398
13090045
13090310
13090430
13092203
13092847
13092951
13093554
13093621
13095496
13095635
13095780
13096537
13096869
13097070
13097732
13098248
13098330
13098708
13098762
13098986
13099974
13100204
13100247
13101321
13101716
13101804
13103551
13104849
13105195
13186134
13186257
13186875
13187852
13187884
13188343
13188366
13188446
13188749
13190496
13191072
13193344
13193361
13194275
13195349
13196185
13196246
13196706
13196928
13196979
13198188
13198494
13198606
13198759
13199322
13200695
13201303
13204705
13221576
13222466
13223385
13224405
13224788
13224825
13226369
13227540
13227913
13228198
13229256
13229386
13230064
13230485
13230699
13230942
13231619
13231633
13232142
13232472
13232604
13232692
13233974
13234016
13234500
13236128
13307757
13309239
13309417
13309810
13310319
13310784
13311028
13311354
13311636
13312116
13312444
13312457
13312507
13312829
13313084
13313160
13313327
13313402
13313574
13313629
13313695
13313784
13313962
13314027
13314253
13314298
13314368
13314468
13314715
13314743
13315143
13315931
13316000
13316332
13316377
13316862
13317082
13317651
13317721
13317746
13318407
13318946
13319329
13319679
13319682
13319908
13320701
13320800
13320847
13320886
13321078
13321300
13321384
13321923
13322665
13322858
13323096
13324144
13324232
13324419
13324445
13324656
13324709
13325353
13325956
13326088
13326557
13326846
13326966
13327390
13327406
13327936
13327954
13328239
13328483
13328880
13328966
13328988
13329304
13330529
13330575
13330812
13331579
13331672
13331776
13332061
13332144
13332170
13332470
13332815
13333047
13333083
13333414
13335215
13335441
13335776
13335818
13335916
13336729
13340453
13348205
13395577
13401014
13412462
13425017
13440410
13440782
13441309
13442116
13443092
13443663
13444030
13445880
13446996
13447235
13447452
13447623
13450213
13450353
13451014
13451401
13451966
13452136
13457770
13457966
13460136
13460416
13461508
13461514
13462052
13464230
13466833
13477178
13480307
13481731
13481923
13482900
13483084
13483087
13483353
13483981
13484047
13484110
13484277
13484349
13484431
13484547
13484566
13484621
13484710
13484750
13485009
13485574
13485908
13486300
13486533
13486570
13486778
13486847
13486977
13486989
13487120
13487418
13487829
13488045
13488352
13488363
13488400
13488422
13488635
13489140
13489805
13489993
13490829
13491134
13492205
13492209
13493936
13494145
13494536
13499120
13499797
13508346
13516023
13521318
13527643
13544895
13545026
13545088
13545567
13545759
13546247
13546396
13546555
13546629
13546733
13546959
13547157
13547238
13547427
13547506
13547586
13547602
13548912
13549079
13549546
13549745
13549771
13549928
13549957
13549977
13550561
13551491
13551622
13551638
13552798
13552889
13552932
13552997
13553566
13553674
13554111
13554313
13554348
13554669
13554803
13554867
13554880
13554947
13554949
13554962
13554969
13555449
13555662
13555832
13555920
13555935
13556073
13556520
13556794
13556857
13557661
13557737
13557962
13558278
13558325
13558352
13561127
13569219
13571554
13573152
13573542
13573633
13574232
13574390
13574607
13575826
13576327
13576706
13577720
13578024
13578479
13579207
13580295
13580691
13580795
13580960
13581293
13582100
13583321
13584339
13584457
13584615
13585207
13590537
13591632
13625537
13625886
13626202
13627105
13628129
13628140
13628237
13628483
13629146
13629275
13629361
13630884
13630908
13631312
13631315
13631325
13631726
13632181
13632461
13632487
13632944
13633144
13633708
13633764
13634107
13634359
13635003
13635106
13635303
13635374
13637743
13638135
13638394
13638410
13638791
13638799
13638987
13641848
13642599
13644868
13700852
13701523
13701527
13701989
13702280
13703148
13704298
13704305
13704599
13705455
13705810
13705817
13707017
13709501
13709590
13709757
13710146
13710497
13711466
13712062
13712387
13715393
13715771
13717567
13748316
13748614
13748993
13749266
13749520
13751510
13751980
13752152
13752318
13752502
13752723
13753044
13753210
13753571
13753584
13754036
13754565
13754645
13754845
13755307
13755559
13755625
13755661
13755967
13756634
13756996
13757250
13757920
13757939
13758152
13758249
13758435
13759679
13759904
13760558
13760701
13761189
13761367
13761664
13762399
13762697
13763123
13763569
13763759
13764218
13765765
13766612
13766732
13767367
13768048
13768710
13770283
13770308
13772197
13772448
13772555
13772841
13773572
13773824
13774006
13774843
13774855
13774929
13775019
13775118
13775444
13775810
13776013
13776233
13776588
13776604
13776744
13778575
13778797
13779445
13779784
13780157
13780316
13780615
13780797
13782596
13783384
13783670
13783717
13784227
13784702
13784790
13784948
13785028
13785402
13785565
13785611
13786100
13786374
13787164
13787264
13788365
13788686
13788888
13788999
13789053
13789734
13789882
13789929
13790044
13790243
13790487
13790758
13791464
13792192
13794287
13846759
13997701
14098723
14138989
14139710
14140461
14140542
14140981
14141134
14142300
14142522
14143911
14144035
14144944
14145630
14146544
14146612
14147821
14148920
14149953
14150515
14151331
14151797
14155487
14157607
14162708
14214108
14214117
14214554
14214591
14214985
14215058
14215119
14215327
14215353
14215487
14216052
14216246
14216495
14216510
14216613
14216720
14216932
14217046
14217792
14218194
14218215
14218267
14218654
14218675
14219110
14219479
14219541
14219921
14219936
14220249
14220328
14220423
14221067
14221626
14221830
14221975
14222246
14223506
14223559
14223995
14224207
14224264
14224456
14225030
14225990
14226105
14226159
14228386
14231175
14233038
14282028
14282355
14282432
14282446
14282663
14284603
14284951
14286132
14287302
14287527
14287643
14288169
14288395
14289195
14289598
14289705
14289768
14290053
14290957
14291527
14291575
14291636
14291652
14291714
14291756
14292062
14292112
14292126
14292214
14292759
14292883
14292997
14293655
14293727
14293737
14293911
14294439
14294712
14294778
14295404
14296995
14297105
14328352
14329232
14341870
14341913
14341977
14342810
14342918
14343299
14343338
14343859
14344321
14344376
14344556
14344776
14344808
14345037
14345464
14345810
14346214
14346223
14348365
14348705
14348773
14349312
14350452
14351568
14351638
14352029
14352592
14352609
14352681
14353053
14353109
14353722
14353763
14354883
14355286
14355474
14355673
14355686
14356007
14356508
14356937
14357472
14357807
14358286
14358494
14359107
14363119
14365658
14422553
14423032
14424315
14424626
14424748
14425499
14426989
14427356
14428202
14428550
14428870
14429327
14429572
14430094
14430644
14431484
14431840
14432613
14432978
14433145
14433193
14433292
14433821
14433830
14434027
14434130
14434212
14434779
14435191
14437772
14437987
14437998
14438284
14438856
14439255
14439565
14440156
14440574
14440913
14440989
14443249
14443805
14444251
14535711
14539619
14543298
14543862
14558454
14574736
14576470
14576973
14579014
14580788
14590272
14590698
14638352
14646227
14747197
14747283
14747409
14747686
14748262
14748267
14748917
14748919
14749129
14749720
14749982
14750230
14750308
14750524
14750801
14751208
14751214
14751826
14752159
14752312
14752467
14752469
14752490
14752629
14753307
14753459
14753578
14753606
14753633
14753715
14753927
14754483
14755240
14755367
14755515
14755602
14755652
14755835
14755886
14756451
14756524
14756596
14756627
14757032
14757114
14757122
14757360
14757434
14757945
14758266
14758295
14758731
14758756
14758894
14759087
14759188
14759399
14759734
14759951
14760245
14760316
14760513
14760620
14760694
14760727
14762151
14769268
14783660
14797146
14797215
14798986
14801443
14802068
14805983
14806204
14807230
14807550
14810158
14824703
14826265
14826901
14826911
14826975
14827715
14827767
14828234
14828245
14828724
14828971
14829121
14829272
14829314
14829501
14829835
14829846
14830200
14830906
14831337
14831434
14832366
14832695
14833030
14833057
14833457
14834035
14835467
14843892
14853877
14854416
14854959
14855090
14857091
14859209
14859676
14859882
14859950
14860098
14860689
14860930
14861213
14865726
14867393
14868460
14869889
14870975
14877589
14878289
14878330
14878773
14881468
14971748
14980316
14980397
14980560
14981704
14984266
14984669
14986403
14986463
14988443
14988927
14989452
14993056
14995528
14995731
14996000
14997115
15007657
15008024
15008288
15008466
15009102
15009349
15009688
15010019
15010684
15011023
15011644
15011680
15011800
15011871
15011992
15012036
15012239
15013358
15014567
15014636
15015103
15015146
15015405
15015783
15016134
15016516
15016744
15017334
15017505
15017894
15017918
15018685
15020046
15020404
15021301
15021549
15021574
15021665
15022303
15022896
15024040
15024298
15065957
15067182
15069811
15082110
15082384
15082734
15082880
15082935
15082956
15083041
15083103
15083106
15083202
15083659
15083852
15084001
15084006
15084220
15084223
15084512
15084849
15085379
15085458
15085760
15085966
15086219
15086568
15086659
15086801
15086827
15087899
15088939
15090044
15090072
15090135
15090399
15090987
15092169
15092347
15092997
15093062
15094118
15094380
15094695
15094887
15095263
15095625
15095806
15095824
15095880
15095911
15095936
15099307
15128362
15128663
15129077
15129433
15130866
15132183
15132659
15135095
15136979
15139219
15140361
15151810
15151960
15152248
15153330
15153976
15154933
15157165
15157204
15157549
15162781
15166267
15167040
15179812
15179859
15179863
15180662
15180984
15180999
15181152
15181593
15181607
15181709
15181794
15181816
15181851
15182027
15182380
15182954
15182986
15182987
15183230
15183329
15183993
15184263
15184267
15184571
15184646
15184834
15185096
15185141
15185260
15185383
15185606
15185932
15186247
15186322
15186551
15186724
15186928
15187169
15187204
15188201
15188366
15188688
15188913
15189318
15192604
15195129
15223967
15224104
15224206
15224440
15224592
15224936
15225425
15225514
15227811
15228080
15230103
15230402
15230505
15231306
15231585
15231630
15231822
15232503
15232555
15233607
15234222
15234756
15234967
15235069
15237037
15237665
15238358
15238462
15238468
15240154
15248291
15276619
15277012
15280780
15282818
15285625
15285709
15286544
15287544
15288044
15288418
15288629
15288751
15289209
15289682
15289732
15290153
15290697
15291677
15291767
15292063
15292768
15293354
15294425
15295840
15295858
15296737
15297054
15297896
15298923
15299093
15300086
15300265
15301094
15301789
15302325
15302580
15302584
15304177
15304801
15305194
15305233
15305615
15306129
15306166
15306193
15306333
15308244
15311085
15376981
15377741
15378527
15379210
15379754
15382852
15384246
15384647
15384971
15385218
15385312
15385975
15386538
15386679
15386765
15387791
15388328
15388671
15389542
15394921
15438488
15442823
15444847
15447651
15449373
15452017
15456692
15502366
15511314
15515175
15570834
15571182
15571737
15571812
15572361
15572766
15572794
15573647
15574409
15574643
15574988
15575087
15575213
15575981
15576906
15577051
15577120
15577205
15577233
15578266
15578276
15578365
15578648
15579213
15579435
15579483
15579491
15579901
15579912
15579931
15579974
15580494
15581030
15581432
15583233
15583656
15584446
15584618
15584621
15584625
15584674
15584882
15585064
15585092
15585186
15585395
15585486
15585640
15585866
15585973
15587179
15589855
15622233
15622831
15623645
15627350
15628491
15632429
15633861
15635599
15635635
15635770
15636999
15637509
15637634
15638672
15638872
15639774
15640057
15641098
15641773
15644090
15644685
15644775
15645493
15645694
15646170
15646630
15647566
15650640
15655197
15787313
15824794
15826800
15827737
15828515
15831084
15831114
15835816
15915277
15930238
15930529
15931703
15932466
15935777
15936152
15945355
16006174
16006178
16006466
16007040
16007319
16007663
16008357
16008477
16009123
16009720
16010725
16011045
16011135
16011267
16011599
16011948
16012182
16013950
16014165
16014296
16015567
16015739
16016191
16016953
16018228
16018670
16018875
16019138
16019448
16020260
16020731
16023173
16023446
16023522
16023911
16024166
16026048
16026138
16027844
16030697
16031147
16031293
16031397
16033367
16034537
16034543
16034653
16036439
16037639
16037701
16037820
16038423
16038450
16038800
16039186
16039311
16039429
16039940
16040286
16040955
16041116
16041223
16042034
16042126
16042221
16042553
16043957
16044198
16044458
16044566
16044614
16045095
16045435
16045564
16045684
16045758
16046105
16046735
16047067
16047100
16048590
16048627
16049565
16049806
16056358
16058124
16060974
16161023
16161225
16161599
16162132
16162260
16163319
16163435
16163611
16164095
16164139
16164311
16164425
16164445
16164717
16164740
16164939
16165162
16165382
16166244
16166570
16166650
16166924
16167148
16167888
16167980
16168201
16168249
16168310
16168492
16168735
16169178
16169750
16170318
16170654
16170675
16170808
16170902
16171577
16171596
16171600
16171909
16172018
16172366
16172446
16172567
16172822
16172936
16173012
16173327
16173446
16173773
16173832
16174914
16177347
16177496
16344910
16346337
16346501
16347028
16347469
16348007
16348959
16348985
16349315
16349650
16349688
16349908
16350144
16350736
16350771
16350979
16351885
16351899
16352089
16352592
16352693
16352969
16353297
16353368
16353398
16353624
16353841
16353899
16354286
16354495
16354625
16354733
16354890
16355156
16355335
16355372
16356564
16356657
16356848
16356875
16357007
16357211
16357691
16357879
16357911
16357928
16358521
16358623
16358769
16359246
16362227
16364562
16365278
16386881
16387046
16390718
16391172
16397015
16398393
16486252
16488122
16488229
16488409
16488589
16488836
16488967
16489320
16490054
16491448
16491679
16492204
16492363
16492376
16492841
16492962
16493132
16494447
16494507
16494736
16494800
16495310
16495438
16495538
16495603
16495833
16496081
16496366
16496527
16496532
16497353
16497379
16497796
16497865
16498053
16498827
16499197
16499326
16499645
16499829
16500254
16500498
16500707
16501061
16501492
16501979
16502095
16502104
16502194
16504265
16505728
16505815
16546241
16546365
16546692
16546811
16547443
16548329
16548646
16548956
16548962
16548969
16549383
16550178
16550514
16551327
16552612
16553063
16553176
16553500
16553980
16554650
16555039
16555257
16555809
16557570
16558144
16559092
16560551
16561047
16561451
16562196
16562276
16562603
16562852
16563531
16563584
16565155
16570038
16570868
16593103
16593230
16593391
16593709
16594382
16594928
16595135
16595480
16596138
16596412
16597108
16597440
16597583
16597820
16597969
16598016
16598480
16598744
16599349
16599499
16599845
16600021
16600363
16600365
16600439
16600457
16600862
16600936
16601075
16601160
16601184
16601368
16601372
16601391
16601484
16602069
16602443
16602649
16603858
16603886
16604032
16604370
16604393
16604479
16604492
16604502
16604516
16604584
16604715
16604894
16604995
16605228
16605290
16605303
16605394
16605432
16605870
16605895
16606200
16606583
16607024
16607060
16607229
16607348
16607589
16607688
16607840
16607931
16608046
16608091
16608289
16608293
16608434
16608545
16608915
16608936
16609220
16609520
16609527
16610283
16610292
16610340
16610462
16610610
16611083
16611360
16611620
16612807
16613002
16614508
16615319
16615347
16615970
16616273
16616457
16617078
16617085
16617235
16617346
16617535
16617596
16617974
16618376
16618473
16618502
16618511
16619018
16619142
16619161
16619189
16619213
16620566
16620734
16620796
16621262
16621882
16622156
16622388
16622535
16622602
16622713
16622942
16623009
16623097
16623720
16624330
16624556
16625100
16625991
16626059
16629595
16629724
16641982
16710476
16710567
16710870
16711459
16809361
16809642
16810071
16810172
16810607
16810745
16810931
16812554
16813397
16815027
16816966
16817021
16817500
16817592
16817893
16818147
16818269
16819890
16824179
16826467
16827329
16828255
16832016
16834756
16945071
16974839
17034640
17044381
17044773
17044788
17045234
17045801
17046020
17046111
17046644
17047141
17047285
17047536
17047785
17048246
17048630
17048689
17048696
17048716
17048811
17048873
17049151
17049243
17049337
17049951
17050235
17050401
17050927
17051066
17051114
17051129
17051448
17051756
17051985
17052701
17052893
17053020
17053735
17054077
17054141
17054229
17054829
17054970
17055405
17055501
17055676
17055687
17055881
17056164
17056502
17056882
17057193
17057238
17057305
17057818
17057929
17058019
17058515
17059133
17059136
17059325
17059373
17059412
17059902
17059957
17060028
17060481
17060932
17061016
17061303
17061581
17061970
17062067
17063260
17063481
17063965
17064083
17064173
17064833
17065053
17065728
17067498
17067820
17068520
17068676
17068932
17069169
17069385
17069443
17069832
17069968
17070040
17070100
17070400
17071202
17071324
17071532
17072449
17072722
17073415
17074013
17074114
17074497
17074560
17074569
17074752
17074796
17075041
17075265
17075279
17075377
17076455
17076577
17076763
17076932
17077223
17077296
17077572
17077908
17078264
17079168
17079233
17079285
17079635
17079638
17079768
17080213
17080702
17080905
17081187
17081804
17081974
17081997
17082003
17083033
17083042
17083079
17084089
17084226
17084404
17085584
17085617
17085637
17086035
17086308
17086503
17086512
17086811
17086907
17087585
17087768
17088413
17088892
17089953
17089972
17090801
17091381
17091607
17091768
17092116
17092540
17093382
17093399
17094909
17094974
17095061
17096385
17096558
17096573
17097229
17097594
17097630
17098024
17098275
17098434
17098523
17099010
17099013
17099556
17099841
17100215
17100602
17100634
17100729
17100739
17100918
17101216
17102379
17102467
17102806
17102916
17103589
17103724
17104442
17104485
17105160
17105569
17105803
17105894
17106307
17106330
17106500
17106941
17107143
17107257
17107322
17109701
17118727
17198892
17199455
17204529
17205423
17206609
17206742
17208122
17208546
17212585
17215005
17256143
17256189
17258528
17259464
17260975
17261071
17261295
17262048
17262714
17263506
17263938
17264242
17264696
17264734
17265023
17265285
17265714
17265869
17265884
17266800
17267422
17267993
17268359
17268528
17268547
17269092
17269856
17270039
17270826
17271894
17271969
17272764
17272968
17273031
17273123
17276695
17277732
17278662
17279070
17279498
17279521
17279572
17280096
17280689
17281005
17281044
17281141
17282172
17282604
17282630
17283754
17283873
17283971
17295401
17295604
17296485
17296817
17296929
17297949
17298375
17298566
17298572
17299390
17300918
17301115
17303904
17303993
17304412
17305471
17306076
17306732
17308443
17309875
17311242
17414141
17420655
17421236
17426765
17430127
17432830
17435098
17535939
17541510
17543063
17543813
17544061
17544366
17544468
17545461
17545854
17546088
17546091
17546380
17546624
17546890
17547473
17547611
17547783
17547959
17548251
17548448
17548867
17548892
17548965
17549191
17549338
17550797
17551717
17551779
17551822
17551863
17552102
17552343
17552680
17552960
17553097
17553564
17553915
17554092
17554235
17554541
17555494
17555497
17555536
17555730
17556384
17556833
17557190
17557410
17557982
17557999
17558072
17558139
17559128
17559279
17559336
17559461
17559463
17559495
17560448
17560719
17561754
17561904
17562486
17562648
17563069
17563454
17563663
17563696
17563829
17564539
17564570
17564612
17564646
17564657
17564736
17564750
17564813
17564815
17564890
17565144
17565473
17565834
17566103
17566789
17567260
17567390
17567395
17567806
17568070
17568219
17568245
17568418
17568469
17568968
17569141
17569204
17569364
17569555
17569687
17569778
17569971
17570968
17571337
17571774
17571917
17572339
17572364
17572528
17572581
17573231
17573303
17573481
17574147
17574620
17574919
17575751
17575934
17576190
17576632
17577056
17577062
17577139
17577182
17577292
17577359
17577589
17577645
17577899
17578025
17578122
17579486
17585430
17586442
17717979
17721564
17721987
17790339
17792078
17792802
17793385
17793499
17794859
17795284
17795848
17797219
17797288
17797920
17800155
17800945
17801087
17801402
17802013
17803001
17804598
17806124
17806298
17806321
17806436
17820190
17905945
17906504
17906747
17906920
17907114
17908939
17909137
17909364
17909409
17909643
17910507
17910557
17910792
17912074
17912884
17912885
17912944
17913671
17913676
17914135
17914358
17914597
17914747
17915958
17916068
17917826
17917977
17918031
17918285
17918991
17919026
17919680
17920029
17920446
17922967
17927943
17928030
17930633
17930846
18002166
18002746
18003267
18004054
18004637
18005073
18005128
18005626
18005977
18006125
18006238
18006266
18006411
18006816
18006972
18006987
18007377
18007505
18007558
18007595
18007686
18007826
18008299
18008746
18008943
18008987
18009193
18009680
18009874
18009897
18010135
18010287
18010465
18010887
18010987
18010998
18011518
18011611
18011720
18012025
18012136
18012168
18012183
18012277
18012745
18013016
18013225
18013917
18014099
18014237
18014323
18014502
18014503
18014560
18014610
18014806
18015293
18015533
18015569
18015910
18015960
18016036
18016037
18016195
18017003
18017322
18020876
18021129
18093751
18093766
18094186
18094398
18094876
18095545
18096407
18096515
18097006
18097362
18097370
18097416
18097497
18098059
18098100
18098672
18098680
18098911
18099549
18099785
18099818
18099854
18100362
18100465
18101280
18101620
18101662
18102019
18102166
18102602
18103019
18103153
18103620
18103666
18103723
18103808
18104244
18104307
18104467
18104599
18104775
18105001
18105062
18105142
18105295
18105576
18105589
18105599
18105800
18106179
18106696
18109669
18113025
18113879
18141486
18141865
18143306
18143958
18144460
18144980
18145124
18145383
18146529
18147392
18148609
18148767
18149281
18151356
18152201
18152942
18153951
18154158
18155429
18155459
18155487
18155781
18160763
18162450
18163532
18172874
18173734
18174396
18174755
18175561
18178000
18178276
18179936
18181350
18181360
18181481
18182957
18184050
18184251
18185078
18185083
18185807
18185867
18185894
18185930
18186599
18186611
18186653
18186686
18186781
18186800
18186854
18186922
18187020
18187024
18187114
18187245
18187577
18187737
18187822
18187834
18188331
18188868
18188956
18189175
18189810
18190133
18190774
18190916
18191024
18191191
18191326
18191343
18191741
18192332
18192600
18193259
18193806
18194114
18194126
18194204
18194275
18194815
18194942
18195165
18196025
18196362
18196740
18197235
18197577
18197609
18198017
18198265
18198481
18198737
18199031
18199046
18199129
18199962
18200420
18200708
18206163
18208956
18221199
18221737
18221897
18222067
18222154
18222187
18222549
18222619
18222668
18223057
18223887
18224924
18225179
18225512
18226322
18226993
18227002
18227105
18227310
18227611
18228145
18228198
18229142
18229320
18229514
18229664
18229805
18230591
18230676
18231807
18232449
18232622
18232789
18233359
18233622
18233710
18233719
18234157
18234318
18234598
18235181
18235730
18236143
18236466
18237186
18237433
18237471
18237511
18237650
18237962
18238059
18238379
18240025
18240185
18240711
18241129
18241181
18241779
18242748
18242919
18243053
18244070
18245086
18245424
18246125
18246226
18246289
18246355
18247984
18248002
18248309
18248414
18248618
18249342
18249613
18250375
18250842
18251166
18251227
18251362
18252763
18254419
18254769
18256474
18339046
18339428
18339815
18340139
18340427
18342119
18343053
18343462
18344608
18345493
18346172
18346288
18346867
18347038
18347292
18347367
18348002
18348653
18349919
18350145
18350862
18352068
18353451
18353661
18353720
18353886
18353899
18354175
18354299
18354774
18354871
18355767
18355939
18412470
18412677
18414388
18414753
18415229
18415584
18417223
18419294
18419384
18420588
18420635
18421775
18423264
18424047
18424082
18424466
18425316
18425468
18427097
18429711
18440786
18441340
18441657
18442933
18444470
18444627
18444878
18445636
18447080
18447329
18448194
18451158
18451418
18451874
18451945
18452158
18452449
18452616
18452619
18452663
18452843
18453223
18453436
18454254
18454837
18455370
18455505
18455515
18455562
18455890
18456250
18456401
18456689
18457050
18457158
18457169
18457179
18457183
18457381
18457723
18457737
18459226
18459765
18459844
18459905
18460239
18460256
18460336
18461074
18461279
18461366
18461667
18461988
18462008
18462126
18463085
18463112
18463367
18463944
18464521
18464890
18464891
18466193
18527144
18527256
18527777
18528024
18529490
18529505
18531327
18533393
18533838
18535840
18535876
18539004
18544143
18548031
18551544
18552086
18553859
18553974
18559996
