715
5261
7294
7954
8826
16341
19456
21025
25837
31103
33794
33894
35721
38233
40056
40189
42804
43982
44668
45268
45926
46646
47604
50226
54908
55022
55645
56049
57244
58858
59768
64066
68087
69995
71600
71804
81762
84155
84615
87615
92572
95626
100844
101464
105537
107781
111152
111506
112554
115312
116208
117343
120131
120646
128403
128438
129219
131029
131038
131505
132079
133030
134330
134357
143022
143467
144530
144647
145216
147339
149145
149949
150423
153001
155095
161217
161850
162080
163382
163806
177251
178360
181031
181220
181807
183587
185025
185172
185268
186069
188262
188621
190270
190307
192019
192548
192619
197365
198952
202174
204387
204982
205753
208875
214659
215861
217436
225201
227660
228369
229604
234623
235588
236077
236160
239711
241199
243992
248188
248440
248754
249136
250489
251431
251453
254352
256825
257328
260311
260521
260570
262844
264172
266323
266608
267965
268810
270242
270490
272814
275244
276901
278179
279049
281678
283524
287969
288364
293566
293915
296617
298992
299141
299287
300273
300526
301633
304611
309594
311743
311817
312482
314944
315434
315709
317998
320069
320611
322088
324595
327160
327222
327708
328907
329020
330700
331590
337270
338209
338702
338810
338935
339842
340613
345837
349935
351793
351954
352617
353881
354563
359346
364516
368161
369251
371218
371816
372412
373411
373811
377043
377414
381876
383570
386043
390653
394943
394947
395090
395566
397227
398374
399837
401169
401631
402123
407631
408891
410654
418552
418883
419588
421757
422873
428677
431459
433324
433987
435669
440833
442351
443231
444824
446104
446641
447923
454215
455258
456405
461106
462705
464081
466045
467587
468714
469609
469775
470459
471316
473576
475066
476852
477402
479307
479583
480299
480597
481206
486450
487121
488726
495709
511075
512841
516242
518043
519296
523172
524181
524573
527929
532351
535476
537362
537950
537975
542883
543949
544378
548357
550404
551591
552749
554210
556184
560122
560945
562342
562764
563268
565395
566427
576543
578006
581301
581637
581893
583790
585213
586169
587112
588245
589570
590551
593208
594361
595151
596339
597852
601449
602141
602241
602790
603920
606849
607265
610930
612242
618945
622355
622711
624728
628647
629214
631459
631468
633540
634304
637289
639745
646044
647448
648486
649703
651098
657509
659303
664565
668014
668855
670238
670409
672124
673623
676333
676776
677576
679401
683465
684101
686384
688995
689771
690487
695789
695808
699806
699959
705764
709964
714831
722076
722866
723486
724066
726292
726956
727047
728133
729239
731186
732271
736723
736724
737389
740050
741109
741567
742483
743875
746469
748808
750180
754425
756213
758547
759552
760087
761255
761260
767742
767815
770577
771101
773516
774866
774964
775822
782498
784422
785359
785810
787563
788257
788431
788926
789390
794615
796516
797145
799561
805470
805922
808206
808969
809578
809856
812789
813736
817110
818622
821701
825805
826388
826493
828588
829246
829968
829985
832853
835098
837283
839433
841014
843154
843743
846749
847587
847601
848676
853499
853527
853889
855776
858367
858878
860035
867073
868300
868517
871464
871771
872997
873724
878769
879783
881449
882505
883065
883404
883982
885819
886172
886355
887490
888229
893040
893508
893518
894575
895815
902408
903135
904019
904506
905025
905899
906026
911267
912117
913702
917402
918093
918112
918167
918372
922043
922227
927383
929243
933600
935764
936259
936410
937857
941618
943802
944309
949280
949560
949609
949851
952125
953392
953520
956383
958379
958489
959770
961574
962253
966341
969473
972744
974318
976788
977607
978923
980570
981005
981740
982732
986267
987339
990216
996586
998159
1002184
1003342
1004965
1006827
1006978
1007514
1008490
1009452
1009706
1010204
1010579
1015476
1019256
1023705
1031276
1036495
1037933
1045749
1045868
1046157
1048487
1052010
1052218
1054268
1054539
1054786
1055317
1055666
1057190
1058943
1059379
1062412
1062507
1062511
1068260
1069162
1072945
1073117
1074805
1076971
1077979
1078595
1078893
1080552
1081802
1084362
1085547
1086612
1086971
1088847
1089375
1092207
1092438
1094952
1096453
1096582
1097961
1098452
1100039
1105996
1107399
1107710
1109470
1115012
1115432
1117001
1117283
1119153
1120241
1121810
1122158
1129256
1131883
1133679
1134570
1136334
1138777
1144136
1144289
1144356
1144991
1146390
1147455
1147788
1148594
1149156
1149432
1150708
1151339
1152683
1154023
1154197
1158161
1158331
1158741
1159267
1161279
1165931
1166103
1167777
1169022
1169294
1170455
1177049
1177678
1178325
1183107
1183140
1183146
1186094
1194186
1196103
1197339
1199340
1199969
1200467
1200585
1202734
1203697
1210232
1210599
1211837
1213804
1213927
1214144
1216101
1216543
1217790
1219325
1220744
1221589
1221812
1223737
1224424
1228804
1231078
1233244
1236965
1237086
1239513
1241126
1242917
1243964
1244143
1244283
1247160
1247641
1248204
1249023
1249383
1252493
1255315
1257937
1258392
1259447
1259452
1262016
1263822
1264108
1264426
1267617
1270488
1270683
1278017
1278720
1280763
1281751
1284275
1284302
1285539
1285933
1287003
1290630
1291131
1291984
1292610
1293255
1295036
1297897
1299739
1301508
1302510
1303557
1304045
1304490
1307572
1310319
1311810
1312752
1314752
1321022
1322319
1323511
1324414
1327508
1330326
1331298
1332114
1333064
1333242
1337428
1337887
1338116
1342230
1346040
1347612
1348092
1351019
1351269
1352122
1353062
1353247
1355019
1355370
1357158
1362324
1362732
1362974
1368977
1369411
1377488
1378072
1378825
1380507
1381276
1383324
1384503
1385909
1388186
1388669
1391238
1391807
1392796
1393529
1394597
1398088
1399288
1409581
1410373
1411320
1411749
1412565
1413090
1415029
1418727
1419088
1420597
1421923
1423140
1423441
1424775
1425212
1425728
1426121
1426855
1428376
1428605
1429403
1430560
1432099
1432670
1433133
1436989
1437361
1438500
1440100
1445664
1447360
1451902
1452222
1452590
1454454
1454567
1456187
1470571
1471306
1474618
1474715
1475231
1478383
1482601
1483022
1483493
1488420
1489513
1491787
1492020
1492387
1494179
1495788
1495910
1501973
1502675
1503240
1505391
1506334
1509354
1509624
1509914
1510864
1511246
1512725
1514886
1515678
1519910
1521071
1523552
1524144
1527065
1527222
1536501
1539649
1540468
1541028
1541255
1541862
1544793
1545737
1546271
1546918
1548253
1549505
1549507
1557617
1563937
1564498
1564889
1565801
1570621
1572449
1575975
1577998
1579025
1588724
1589218
1589390
1590398
1591414
1593628
1595273
1596212
1600201
1600858
1602377
1602594
1604051
1604368
1604800
1605240
1613152
1613686
1615649
1618088
1619835
1622105
1622178
1622608
1624581
1625809
1625855
1628029
1629254
1630900
1631191
1635375
1635868
1637562
1637662
1638854
1640395
1640457
1641537
1641767
1650287
1651171
1651306
1652175
1660954
1661830
1662585
1663626
1664363
1666956
1672890
1675714
1685538
1686656
1688051
1691672
1692028
1693537
1695072
1696190
1698008
1698370
1699076
1699525
1701145
1701163
1705444
1706183
1709513
1710842
1712587
1713445
1714122
1715114
1716078
1716905
1717017
1717260
1719152
1719408
1719732
1731522
1736873
1737849
1738495
1738780
1738948
1739767
1739914
1740343
1743411
1743552
1744388
1744914
1745245
1748642
1750552
1751929
1752373
1753365
1753539
1753671
1754890
1756104
1758946
1759196
1759278
1761806
1761833
1762526
1763442
1766654
1768375
1769060
1770159
1770218
1771109
1771748
1775072
1775223
1775628
1778842
1781195
1783224
1783789
1785142
1785264
1790110
1790523
1796683
1797384
1797557
1798458
1801866
1803104
1807896
1811303
1817481
1817517
1818008
1820429
1821535
1822938
1823055
1824088
1824109
1825800
1827105
1827305
1827870
1836796
1838643
1841197
1842088
1843732
1844655
1847464
1853026
1854648
1856473
1857400
1857410
1857922
1862374
1867736
1868954
1871939
1878327
1879243
1883300
1883350
1885542
1886289
1888741
1889415
1890535
1896242
1897885
1900792
1900969
1901513
1903214
1905160
1906378
1909227
1909662
1911981
1912953
1913600
1915121
1917424
1919258
1920642
1923933
1925563
1925660
1927735
1928635
1929934
1930531
1930940
1931573
1941962
1942394
1945140
1946529
1946905
1947285
1948951
1949019
1952824
1953571
1953935
1954459
1956294
1959254
1961629
1966298
1966700
1967131
1972567
1972880
1973475
1974663
1976997
1977324
1982810
1982827
1983732
1985465
1989098
1990987
1993263
1994315
1999174
1999279
2008110
2008596
2008878
2011137
2011700
2011872
2012604
2014125
2018584
2018707
2020646
2022451
2022636
2025713
2027260
2028605
2033529
2035765
2036737
2040625
2042728
2044163
2044608
2046160
2046225
2047358
2049710
2051341
2052506
2053915
2056258
2057521
2061344
2065461
2068440
2071676
2071907
2072494
2074837
2077066
2079406
2081688
2081848
2086442
2090976
2093454
2096062
2103914
2104592
2105000
2105562
2106282
2114553
2117352
2117997
2118100
2120879
2122152
2123122
2123419
2124077
2126317
2128416
2130429
2131455
2133575
2134663
2134684
2135473
2135562
2136371
2140947
2141045
2144299
2145662
2145973
2149274
2157222
2157805
2159613
2160276
2163973
2164200
2167373
2167819
2167964
2169301
2169418
2170848
2173448
2174252
2174572
2177707
2181236
2182101
2186734
2186746
2187686
2188125
2189969
2191116
2192350
2192499
2198249
2199194
2200497
2200951
2204365
2207709
2208176
2208359
2209767
2210299
2210899
2211567
2222117
2222179
2223566
2223983
2226970
2229371
2231292
2232629
2234530
2235323
2243929
2244013
2248615
2258120
2262917
2264951
2269754
2271378
2271864
2276905
2277176
2280670
2288274
2291257
2292512
2294367
2297085
2298052
2300375
2301104
2303642
2305050
2306794
2308318
2309110
2309698
2310293
2312661
2312842
2314282
2315380
2316436
2316958
2318354
2319077
2320102
2320504
2321324
2323086
2324321
2324414
2327696
2330463
2331193
2331564
2331936
2333905
2339243
2339546
2339929
2342570
2344323
2344589
2350774
2351447
2353127
2357459
2359879
2363589
2364660
2366765
2370248
2371858
2373502
2377479
2378366
2378962
2378973
2379215
2380037
2380380
2380480
2381774
2385339
2386543
2386994
2388084
2396481
2396972
2398391
2402462
2402569
2403180
2404145
2404501
2406879
2407230
2413248
2413336
2416513
2418901
2419095
2419614
2420960
2423213
2423670
2424047
2424312
2425767
2425787
2426025
2428970
2430018
2431463
2433928
2434325
2434549
2435968
2436590
2437422
2438815
2440780
2442417
2443567
2443824
2446298
2446359
2447708
2455872
2456064
2457583
2458454
2462717
2465390
2466250
2467746
2469102
2469541
2472647
2472756
2476224
2477138
2477788
2479294
2480127
2482308
2483066
2483330
2488160
2489072
2489989
2490544
2498609
2499149
2499586
2504196
2504531
2505680
2510167
2511145
2513157
2513922
2513941
2518280
2519874
2521456
2521960
2524733
2526796
2527846
2529117
2529201
2529353
2529940
2530232
2530562
2531759
2533915
2537678
2537911
2539272
2541673
2542737
2543466
2544257
2549031
2550375
2555026
2556443
2559012
2560768
2561204
2561982
2564894
2567814
2569075
2572571
2578453
2580685
2586061
2587825
2590977
2592426
2596622
2596779
2597055
2598992
2599607
2606503
2607626
2610484
2611035
2611314
2612393
2612880
2616211
2616684
2617265
2625769
2632887
2635889
2635978
2636317
2636809
2637640
2640268
2640566
2640662
2645743
2648533
2650831
2652894
2653135
2656536
2656599
2657043
2658623
2659588
2659940
2663300
2664785
2666019
2667446
2668315
2671141
2671669
2671739
2672107
2672830
2674088
2675254
2678508
2680109
2680193
2680263
2681541
2683384
2685790
2687500
2689435
2693079
2693476
2699894
2702295
2713186
2715978
2716217
2722585
2723302
2723517
2730613
2732320
2736640
2739542
2739702
2739806
2742713
2744593
2745215
2752285
2752467
2753650
2753821
2753962
2754446
2754657
2754720
2755407
2756420
2756684
2757456
2760520
2761889
2762004
2762009
2763816
2764208
2764273
2764922
2765845
2767075
2768205
2770490
2773553
2773636
2776940
2777996
2783167
2785092
2786553
2787110
2787260
2790748
2793213
2795076
2795807
2796137
2798339
2801087
2801290
2804088
2805308
2807749
2809465
2811921
2812012
2816310
2819001
2819273
2819275
2820175
2820474
2821873
2822284
2827233
2827764
2834674
2838401
2840017
2840230
2840371
2840665
2842973
2843837
2844042
2847525
2847976
2848350
2848897
2850855
2851637
2855758
2858345
2858664
2861051
2861406
2862831
2864781
2866407
2870533
2873598
2874223
2875076
2878975
2881705
2883348
2883455
2887212
2887491
2887871
2888445
2894989
2896612
2900726
2903436
2904536
2909731
2909738
2912348
2914791
2916413
2920523
2921004
2922680
2923045
2923594
2929120
2929491
2929520
2935477
2936426
2938192
2938227
2942427
2944947
2947852
2947932
2951309
2954607
2955022
2955224
2955541
2955857
2957589
2958630
2962722
2963178
2970285
2975886
2976426
2976720
2978117
2981470
2982207
2982852
2983545
2984523
2988535
2989300
2989605
2994344
2996588
2997247
2999216
3000462
3000768
3001235
3004238
3004482
3005850
3006256
3007612
3010025
3011553
3014204
3016245
3020586
3023586
3025864
3028941
3031749
3035757
3039213
3042476
3043523
3044487
3044651
3046308
3048224
3048890
3051339
3051598
3051637
3055660
3057201
3057783
3059462
3062725
3063399
3064824
3065059
3068737
3070392
3071730
3081148
3082698
3082888
3089263
3089647
3094420
3096729
3097276
3099594
3103059
3110702
3114810
3114843
3115829
3116298
3116503
3118591
3120574
3127038
3133321
3134880
3135883
3138267
3140213
3142027
3144424
3145823
3151240
3153458
3158722
3159161
3159575
3159689
3159987
3160197
3162054
3162275
3163987
3164068
3164110
3164814
3172719
3176508
3179609
3179677
3186588
3187526
3188473
3190130
3190996
3192620
3192771
3192776
3193080
3201559
3204494
3206141
3209058
3209290
3211017
3212608
3212713
3213910
3214881
3216249
3216625
3218990
3220950
3221160
3221756
3224060
3228412
3228910
3231281
3237363
3237678
3237854
3238529
3240750
3241539
3241622
3242174
3246231
3246982
3247294
3247397
3248974
3250200
3253880
3254189
3256005
3257833
3259319
3263666
3263823
3266955
3269399
3273747
3276042
3277791
3278029
3278661
3282409
3286395
3286687
3289154
3289650
3290133
3290994
3291605
3292507
3292517
3293771
3297046
3298113
3302345
3303171
3305050
3306310
3310180
3313498
3317795
3317895
3318612
3320011
3320211
3323808
3326123
3327456
3330381
3332092
3332516
3333010
3339721
3343081
3343395
3346724
3347060
3347414
3348115
3348206
3349703
3351558
3352060
3352863
3354506
3360500
3360834
3362271
3365653
3366585
3369491
3370887
3376167
3381127
3381439
3385120
3385549
3389946
3391122
3392659
3393056
3393160
3395304
3395717
3398843
3401210
3402692
3406336
3407857
3409980
3414372
3414751
3417239
3417323
3419624
3420684
3422218
3422260
3422554
3425897
3426200
3426925
3428127
3428611
3431476
3433839
3438752
3444014
3444360
3453943
3455029
3463292
3463312
3464168
3465681
3471946
3472861
3475996
3479444
3481366
3481809
3486607
3489774
3490289
3491784
3493078
3501450
3502494
3506903
3507712
3507752
3508085
3513762
3517616
3529002
3531707
3533459
3535604
3535950
3542024
3546312
3546599
3546840
3549157
3549630
3552636
3553895
3554353
3557192
3561772
3565007
3566160
3568870
3569661
3570547
3572735
3574917
3576150
3576929
3578461
3582030
3582208
3583861
3589405
3592058
3592904
3593168
3594564
3595756
3596674
3598880
3603973
3604465
3606236
3608764
3618052
3619928
3620412
3622599
3623381
3627521
3630233
3633286
3633451
3633627
3640971
3643429
3656339
3658783
3659518
3659650
3659665
3662611
3663004
3663251
3664967
3669971
3671454
3672277
3673766
3674001
3675602
3676431
3677488
3677657
3679694
3680739
3682994
3686605
3687936
3687971
3687991
3691537
3694102
3694263
3694621
3697231
3697664
3697781
3701301
3704120
3705162
3705675
3710024
3710221
3711197
3712789
3713723
3714057
3715029
3715308
3721108
3723847
3723854
3723995
3727076
3727313
3728069
3730400
3735909
3735920
3736735
3737363
3737792
3741502
3742308
3743705
3745152
3746746
3749670
3751143
3752955
3753793
3753943
3754149
3755323
3758378
3759628
3762376
3763060
3767059
3771829
3771869
3773157
3773324
3776579
3777741
3781563
3781825
3783214
3786614
3787123
3787570
3789572
3791525
3796288
3798230
3799580
3805477
3807977
3809413
3812506
3815537
3817276
3817760
3819247
3820164
3825761
3826969
3827045
3827120
3827653
3827691
3828705
3833906
3834810
3835080
3837353
3839143
3840754
3842553
3844342
3844615
3845458
3845478
3846080
3850091
3853333
3855446
3858269
3859420
3860045
3861497
3862089
3863807
3864228
3864856
3864912
3867031
3872091
3872869
3875547
3878231
3878577
3880043
3880453
3882148
3883319
3885211
3886333
3887314
3888150
3889736
3894207
3896901
3899920
3901191
3901352
3906188
3907572
3910078
3910750
3913552
3916837
3920593
3921057
3925599
3927432
3938368
3938528
3939236
3941050
3946382
3946919
3947191
3953166
3955282
3956056
3956067
3958603
3959394
3959792
3959834
3964501
3966501
3967816
3969842
3974641
3975907
3976436
3977797
3980332
3980804
3983248
3986308
3990933
3997291
3998745
4000461
4003892
4004359
4005415
4006285
4007622
4007826
4008599
4011582
4011598
4016503
4018287
4020831
4022392
4022397
4023240
4024844
4025480
4028206
4028374
4029830
4030368
4032544
4033538
4041679
4047810
4048321
4048335
4051302
4054249
4058627
4061095
4062037
4069743
4071031
4071664
4073459
4076869
4076918
4077928
4080029
4080636
4081206
4082230
4083184
4084653
4086849
4087013
4090496
4095803
4096037
4098550
4100171
4102021
4103140
4103558
4107252
4110448
4112100
4113035
4115296
4116194
4119149
4120986
4123469
4124897
4126923
4127748
4129117
4130958
4132636
4135102
4139030
4139957
4141211
4142337
4143398
4146221
4147506
4149617
4156089
4156787
4161212
4163157
4165014
4165155
4166682
4167230
4168490
4168826
4174810
4179134
4181459
4182134
4182159
4183257
4183899
4184236
4184535
4187285
4189740
4193292
4194893
4195133
4200682
4201280
4202363
4202879
4205873
4206278
4209094
4210219
4210718
4211918
4212179
4212793
4216488
4218485
4219546
4220156
4222755
4223443
4225122
4227222
4231433
4233750
4235382
4237440
4239244
4240220
4240312
4242810
4245360
4247477
4252277
4253457
4255237
4256634
4259579
4260991
4261167
4264446
4266216
4270722
4272103
4276528
4279579
4279713
4282193
4283913
4284839
4285384
4285513
4285840
4288170
4288184
4291288
4292534
4293539
4294593
4294800
4296729
4299876
4301161
4306242
4306604
4307502
4310075
4310868
4311129
4311683
4317089
4317306
4319043
4321627
4323072
4326667
4329219
4330981
4334920
4335879
4338786
4340011
4341613
4341766
4341896
4342594
4342975
4346637
4346855
4347013
4354144
4356435
4356981
4361328
4365979
4369474
4372600
4374098
4375153
4376373
4376533
4380721
4381928
4386073
4386365
4397604
4398709
4402095
4402302
4404659
4411128
4415516
4419726
4420701
4420871
4423487
4427247
4434606
4434812
4438274
4440303
4441327
4444025
4445498
4445609
4448700
4451106
4452111
4452959
4454007
4458351
4459661
4460924
4461532
4463777
4468302
4469327
4473444
4475455
4475502
4476839
4479789
4482940
4483375
4484006
4486817
4487446
4490220
4490282
4493695
4494718
4495319
4497243
4499969
4501255
4505236
4511504
4512191
4515670
4515714
4518138
4521183
4523238
4523639
4523964
4526924
4527803
4530150
4532054
4532972
4533035
4535427
4535766
4537241
4538455
4538939
4539534
4545001
4545462
4545542
4546980
4548262
4554461
4558177
4558319
4558320
4559178
4559506
4560122
4560763
4563438
4566206
4566373
4566886
4567101
4569071
4569124
4569342
4572282
4573205
4579656
4579722
4579723
4580569
4580778
4583144
4584702
4588236
4596248
4596305
4597648
4604250
4605163
4606915
4610439
4613913
4615791
4617737
4620106
4621008
4622229
4627681
4627831
4631674
4632949
4633206
4633642
4633965
4638554
4639219
4641003
4643274
4644211
4649619
4652446
4653712
4653841
4656048
4657759
4659772
4661892
4662424
4666570
4667265
4673372
4673831
4674911
4675843
4679023
4679282
4682592
4684820
4685130
4687016
4687348
4689830
4690967
4691071
4694034
4695614
4696162
4696545
4697076
4697889
4699688
4699896
4704806
4705122
4708987
4709850
4714512
4714586
4716770
4717174
4719054
4719189
4720561
4721813
4729245
4729459
4732008
4732055
4734543
4735611
4738068
4739642
4743522
4743675
4746909
4747949
4751842
4752680
4754364
4755801
4759067
4760541
4763728
4766926
4767377
4768280
4771551
4773715
4781849
4784028
4785690
4786264
4787399
4787633
4788929
4790818
4792287
4794641
4796973
4797295
4801859
4802786
4803833
4805053
4805898
4808848
4808970
4810035
4810593
4813068
4816615
4819001
4820366
4822280
4822482
4822504
4823502
4825987
4826949
4827463
4829255
4832628
4833266
4833602
4835840
4838763
4841067
4844474
4846290
4847348
4847659
4848488
4856876
4857564
4858844
4861704
4862178
4864334
4865463
4865737
4866312
4866488
4873663
4878778
4881225
4881692
4882256
4887073
4888177
4888376
4889350
4889774
4893714
4894229
4894885
4895867
4896948
4899699
4903478
4903556
4904314
4906871
4907820
4909315
4911149
4911683
4912146
4915479
4916826
4918857
4919583
4922583
4924413
4924960
4925190
4927041
4931277
4931508
4931565
4933606
4934542
4936500
4936532
4937728
4937857
4938524
4940278
4940379
4941199
4943021
4950289
4953323
4956009
4960025
4960622
4964590
4965840
4966962
4970422
4970423
4970485
4977481
4977882
4979818
4980146
4980776
4983711
4983876
4984462
4990909
4991574
4993759
4999645
5000368
5001980
5002843
5003774
5004055
5012712
5013314
5013433
5014514
5017415
5021488
5023060
5026070
5028635
5033845
5034618
5034861
5043744
5044142
5044542
5048653
5052234
5055462
5059591
5060119
5061372
5062550
5063620
5064743
5066086
5066632
5067276
5074938
5075786
5077442
5079582
5083798
5085667
5085717
5085821
5086706
5087635
5088256
5089365
5090893
5093493
5094522
5095818
5100856
5107952
5109115
5110923
5110968
5111805
5112218
5113224
5115095
5117537
5119179
5120404
5120618
5122902
5124269
5124511
5128854
5130250
5132535
5133076
5135044
5142306
5144359
5146661
5147648
5148954
5150456
5150772
5152632
5154528
5156970
5159721
5162310
5162799
5164470
5167560
5168808
5170471
5170892
5173726
5174085
5174641
5178656
5181551
5183696
5183862
5186696
5188295
5188716
5189544
5190495
5191483
5192937
5193340
5194942
5197338
5197972
5198011
5198053
5199098
5199527
5203644
5203857
5205904
5207254
5207310
5207533
5209638
5211936
5212186
5212973
5213078
5213488
5213645
5215297
5215704
5217628
5221858
5222922
5228475
5229524
5229542
5231176
5233251
5233316
5233952
5236620
5238768
5239660
5240820
5248937
5252827
5254416
5255073
5255345
5255684
5257368
5259049
5265688
5265984
5267551
5269357
5270370
5271113
5271548
5271734
5273410
5275914
5277384
5278310
5279852
5282792
5284353
5284371
5286097
5292024
5293260
5294004
5294216
5295339
5296309
5299976
5301741
5306521
5314407
5314537
5316673
5318964
5326231
5329711
5331843
5332906
5333303
5333649
5335393
5339396
5340344
5341077
5344735
5345373
5349850
5350333
5350671
5350700
5350826
5351573
5357270
5358158
5363977
5364259
5364595
5367349
5369552
5370943
5374689
5377851
5379639
5381066
5382791
5387632
5388722
5390254
5390581
5392071
5393837
5395998
5396786
5397464
5405163
5405876
5408748
5409949
5410986
5411046
5412651
5412716
5420066
5420564
5423832
5425851
5428917
5429539
5429687
5430102
5431045
5431471
5434915
5435567
5435919
5437142
5437777
5440647
5441256
5441404
5444217
5444558
5446384
5449285
5449428
5451132
5452496
5455339
5455806
5456050
5456625
5456871
5457469
5459353
5461101
5462682
5465219
5465576
5473397
5475693
5475695
5478494
5481657
5481977
5484927
5488100
5488665
5489243
5494750
5497583
5497773
5501908
5507693
5512190
5513594
5518128
5519977
5521126
5522237
5522773
5522919
5523970
5524683
5528816
5532022
5532583
5536702
5537580
5539099
5539900
5540845
5541989
5546159
5548412
5548503
5549061
5549315
5552432
5552904
5553295
5555653
5560988
5562030
5563685
5563880
5565053
5566373
5574135
5578151
5580147
5580381
5581602
5582345
5584441
5590407
5595392
5595817
5596398
5597234
5598232
5600768
5602272
5603491
5604937
5609334
5609515
5609672
5615086
5618063
5618874
5619773
5621646
5622114
5623414
5625360
5627580
5628475
5629491
5630540
5631051
5634913
5635086
5635382
5637882
5637994
5638466
5639512
5641129
5641233
5641787
5647450
5650249
5650364
5651003
5653539
5653742
5658119
5659426
5659938
5660956
5662738
5668333
5669807
5670830
5675211
5675904
5679734
5684002
5685593
5688311
5692104
5692955
5693810
5694153
5695070
5696704
5698312
5703620
5704242
5704890
5705963
5706676
5707884
5712769
5712852
5713075
5713106
5713725
5713985
5720940
5721322
5722151
5724875
5725373
5728430
5730010
5730147
5730166
5733191
5733965
5735139
5736349
5740341
5741368
5742158
5743793
5744055
5747679
5748451
5748719
5750804
5759103
5759398
5760257
5761608
5762782
5764172
5767865
5767924
5771943
5773764
5777445
5783749
5787374
5787557
5787939
5788175
5789907
5789942
5790010
5791486
5792263
5792806
5793098
5797087
5797279
5797520
5802693
5802926
5804489
5807922
5811507
5813425
5813493
5814639
5815732
5817056
5820128
5820692
5822659
5824003
5826183
5829989
5830536
5830955
5830990
5831162
5831223
5832419
5832736
5833607
5834135
5834900
5834948
5836019
5837684
5838326
5840731
5842691
5842906
5842938
5844619
5846115
5846596
5847018
5849184
5849578
5850812
5851000
5862421
5864272
5865459
5865552
5867321
5867995
5874268
5874275
5879794
5880269
5886210
5888409
5894975
5895799
5902016
5902378
5904272
5904645
5906576
5907602
5909848
5913960
5915080
5924689
5925180
5925285
5926288
5926590
5928647
5929390
5930296
5932741
5933384
5935515
5939327
5940649
5941399
5942357
5943520
5945323
5945865
5948434
5948480
5949874
5950296
5956349
5957447
5961777
5962065
5962070
5962280
5963758
5964132
5969645
5974779
5976358
5977546
5978733
5981106
5986053
5986222
5987343
5993763
5993812
5994486
5995249
5997223
5997968
6000041
6000795
6000906
6001129
6004243
6005017
6007865
6009134
6009439
6010823
6012040
6016616
6020883
6022392
6024274
6025312
6025489
6026640
6028785
6031773
6033162
6036410
6040081
6042163
6043942
6045786
6045849
6046222
6047272
6047552
6048436
6049532
6049921
6052734
6053719
6055080
6058741
6059476
6062506
6062944
6068080
6068403
6073835
6076474
6076600
6078201
6078258
6078844
6079882
6086089
6086454
6090433
6090438
6091483
6095034
6096160
6096633
6097261
6098917
6100355
6100629
6102256
6102554
6105342
6105821
6106617
6110191
6112389
6114069
6123409
6123945
6127651
6130614
6130677
6130892
6131139
6131561
6137104
6137380
6143282
6144180
6144634
6149230
6149569
6149675
6150432
6152034
6152912
6155418
6157560
6161902
6164976
6166647
6167601
6167668
6167920
6169100
6169312
6169368
6171690
6173698
6178576
6178709
6180569
6181689
6181797
6185808
6192145
6192501
6193655
6193763
6194506
6198213
6201586
6202042
6204317
6204321
6204379
6206450
6209478
6209948
6215217
6215461
6215814
6216933
6217830
6219575
6219689
6221464
6224467
6227111
6228734
6232191
6232456
6232779
6233096
6234461
6236447
6240268
6243047
6248957
6249736
6250915
6251939
6252383
6254374
6255286
6255760
6259711
6263188
6265080
6269531
6271705
6272122
6272312
6272901
6275087
6275592
6276284
6276669
6277353
6278617
6278660
6278693
6279692
6281227
6283519
6283567
6284234
6286689
6287236
6290248
6294805
6297190
6297683
6300559
6302620
6304462
6305470
6306234
6308346
6310466
6311149
6314268
6314384
6316887
6321142
6323169
6325067
6328092
6330045
6332145
6333873
6337905
6338038
6340747
6341859
6343882
6344723
6345243
6351181
6358574
6360465
6363578
6363778
6369296
6372995
6374056
6375903
6378446
6381099
6384124
6390210
6390473
6390914
6392647
6399907
6399973
6401709
6401965
6402768
6404170
6405767
6406858
6409799
6417007
6419886
6423764
6424150
6424349
6427512
6429518
6431968
6435998
6441513
6441860
6443978
6445390
6455623
6458205
6462839
6464256
6464833
6466898
6468688
6469117
6471243
6480844
6481859
6482869
6485851
6487187
6489282
6489436
6491205
6497999
6499323
6500828
6501056
6503910
6504102
6506856
6507877
6509980
6511273
6511320
6514555
6515816
6516349
6518022
6518863
6519053
6529594
6531130
6534669
6536309
6537178
6538129
6538708
6540620
6541769
6541927
6542298
6545801
6546769
6548700
6550662
6552083
6553301
6553716
6554962
6556753
6556801
6558244
6558262
6560267
6563201
6565143
6566012
6566088
6567483
6567748
6568625
6568803
6569822
6571060
6571762
6574282
6574621
6576362
6576557
6576734
6579885
6580708
6585865
6588409
6589777
6590095
6591910
6592977
6595429
6595698
6597059
6600298
6605498
6607822
6610266
6610858
6612969
6616949
6621897
6622193
6623874
6626701
6626920
6630891
6634896
6637171
6637559
6639543
6640023
6641095
6643406
6644108
6645339
6647606
6648734
6648784
6649665
6650413
6651356
6652423
6654137
6654959
6655232
6657116
6657741
6660640
6661311
6661906
6664069
6668518
6669061
6669405
6670660
6672146
6672927
6675056
6675677
6681570
6682446
6687486
6690429
6690468
6691501
6693194
6695601
6696475
6699353
6700954
6705948
6707407
6711076
6718195
6720732
6721604
6726517
6729565
6729894
6731153
6732103
6732820
6733897
6735105
6736403
6742152
6743869
6749942
6750606
6753182
6753288
6754241
6755135
6755887
6755924
6759210
6761182
6763309
6764683
6765197
6767979
6770250
6771109
6772078
6775211
6776244
6776495
6777398
6778184
6779286
6779865
6781070
6782222
6782497
6782750
6782997
6783183
6783251
6784311
6785249
6785805
6786924
6790589
6791819
6792306
6794429
6794442
6796066
6796736
6797459
6799928
6804560
6805557
6807463
6807751
6808301
6809160
6812840
6814643
6815500
6817377
6818043
6818088
6818448
6821320
6822181
6822489
6824936
6826130
6828341
6829554
6831951
6834739
6837976
6839298
6841386
6846112
6846649
6848074
6849563
6850672
6850700
6854720
6855201
6856127
6856406
6857515
6857926
6859680
6860585
6867414
6870450
6873609
6874042
6876064
6877050
6877442
6879443
6882390
6883217
6884033
6886421
6886596
6894712
6895480
6897544
6898075
6900537
6901953
6904027
6904060
6905869
6905892
6908687
6908748
6908937
6910013
6912088
6912234
6913342
6921331
6922642
6924675
6924759
6924977
6925545
6925627
6925874
6927967
6929539
6932035
6936323
6940850
6941906
6943447
6943737
6945077
6947740
6949910
6950085
6952167
6952432
6954144
6956026
6960450
6965321
6970020
6970791
6970836
6971663
6975648
6977383
6979595
6980225
6983598
6986068
6989140
6991986
6994842
6996682
6997387
6997737
6998396
6998864
7000631
7003546
7005787
7006527
7009943
7010741
7012781
7015412
7015715
7017195
7019905
7021917
7029686
7032384
7033820
7036229
7036971
7041312
7042036
7042679
7043093
7046739
7051710
7052800
7054486
7055249
7056227
7062346
7065966
7066128
7066130
7066408
7068296
7069715
7070843
7072714
7072956
7074176
7074218
7076440
7076714
7080186
7080388
7080917
7083759
7087002
7087441
7088020
7093435
7096674
7097433
7103344
7104635
7106690
7107567
7108575
7110231
7110694
7115148
7116080
7117293
7118309
7118310
7120128
7122811
7123285
7123930
7124535
7126671
7127290
7131551
7136382
7138289
7143422
7143712
7143826
7145781
7152278
7153310
7158227
7160447
7161902
7162490
7165124
7165436
7165771
7168231
7172498
7172705
7174689
7175704
7176058
7176124
7176833
7179513
7181039
7185089
7187369
7190992
7193300
7194197
7194332
7194634
7197525
7198323
7198944
7202635
7202729
7208340
7208886
7209727
7212901
7213409
7215140
7219200
7219656
7220161
7222449
7228201
7229645
7229966
7230084
7231045
7231150
7231164
7232968
7234459
7239941
7240397
7241174
7243361
7244011
7245380
7248312
7251972
7252466
7252633
7253752
7254039
7256731
7258087
7260456
7262472
7266794
7268344
7268488
7271484
7272265
7274445
7274539
7282502
7283963
7284709
7285110
7286167
7288131
7288381
7290337
7290572
7298914
7300162
7306546
7308594
7308632
7313279
7314561
7315746
7315852
7316633
7318869
7319384
7321184
7322747
7322859
7323702
7325664
7325684
7329290
7332937
7333817
7335358
7337640
7339216
7340484
7341737
7342795
7349831
7351529
7352581
7352625
7352955
7356096
7356465
7356911
7357016
7361294
7362994
7366438
7366746
7374606
7374662
7374860
7376405
7380356
7381287
7381710
7383097
7384489
7386855
7388916
7389159
7389630
7392326
7392594
7393270
7395472
7397751
7400514
7404956
7405084
7405590
7405857
7406147
7408049
7408801
7413093
7415526
7416242
7418561
7420005
7422219
7423882
7426464
7428391
7428717
7431736
7435098
7437712
7439257
7440931
7441279
7442402
7442706
7445486
7446093
7447212
7449989
7453490
7454579
7459357
7462947
7465604
7467168
7467362
7469940
7472132
7473082
7473892
7475261
7475718
7480416
7480878
7482199
7482414
7482964
7484416
7487927
7488771
7488996
7491206
7492031
7492058
7492774
7493087
7493346
7496015
7498857
7499812
7502842
7509257
7510629
7512418
7513674
7514428
7514993
7522766
7526795
7527496
7527535
7528239
7528664
7532545
7532619
7532783
7533658
7535379
7535929
7535944
7536756
7545932
7548685
7548747
7549792
7552480
7554184
7562760
7565763
7567932
7568469
7569552
7570930
7571472
7571581
7573887
7575494
7576235
7578367
7584061
7584158
7590578
7592456
7592924
7598306
7603842
7604174
7606725
7607883
7608221
7608525
7609494
7610312
7612498
7613124
7613648
7613828
7617445
7617523
7618252
7620815
7621414
7622162
7624302
7624989
7625937
7625990
7627412
7628387
7631602
7633544
7633683
7636059
7639382
7642211
7646949
7647943
7650900
7652002
7654284
7654776
7659041
7663284
7663558
7664851
7666948
7667639
7668948
7668985
7669759
7670461
7672370
7672552
7675560
7679499
7679707
7680291
7681126
7681519
7681798
7682603
7684980
7686500
7687831
7689923
7690769
7691127
7691304
7694003
7696305
7697876
7698368
7698518
7699192
7703361
7704359
7706354
7711642
7712258
7712291
7712315
7713146
7716801
7717163
7718795
7720614
7721361
7724786
7725546
7726484
7728727
7729330
7730308
7733407
7734731
7739155
7739325
7741671
7745199
7748266
7750748
7750867
7753874
7755285
7757711
7757844
7758818
7759756
7762163
7762617
7763315
7764535
7765456
7767766
7773513
7774590
7779767
7780215
7785958
7788739
7790278
7790919
7791084
7794119
7797563
7799410
7803084
7810309
7812555
7813328
7813409
7815107
7816427
7818631
7818968
7819053
7819175
7820412
7822249
7823335
7825634
7826930
7830014
7830390
7830984
7832343
7834542
7836204
7836412
7840831
7841018
7841932
7842013
7842328
7843192
7843813
7844487
7847229
7849581
7851805
7851921
7858735
7860227
7861745
7867193
7867931
7870844
7877538
7881622
7882045
7883090
7885822
7886226
7887541
7888517
7893372
7899375
7901130
7903538
7903685
7903867
7907154
7910056
7912308
7915180
7915720
7918251
7918569
7921518
7922404
7923707
7925937
7925970
7929536
7930669
7932750
7933576
7933793
7938890
7938894
7940454
7943432
7944867
7946848
7951179
7954065
7956843
7958691
7959102
7961349
7962178
7962873
7964072
7965331
7967458
7967697
7969162
7969302
7970956
7971786
7971970
7973134
7978680
7978754
7979037
7980015
7980369
7981143
7982932
7985641
7986079
7988499
7994561
8001119
8003573
8004317
8011257
8014856
8019688
8020906
8022465
8024524
8024623
8024762
8027854
8032767
8032937
8035175
8036232
8036267
8036608
8044239
8047044
8049592
8051381
8055940
8055944
8056456
8056797
8056813
8058841
8058978
8059310
8064822
8066859
8067320
8067599
8069402
8072438
8073673
8073769
8081002
8084264
8085531
8086791
8087345
8087379
8087688
8088583
8088814
8089089
8089148
8089314
8090508
8094699
8095141
8095911
8096459
8099190
8100104
8101219
8102653
8105290
8105587
8107147
8108469
8108534
8108845
8110939
8111011
8113222
8114123
8114234
8116753
8122753
8123457
8124081
8128004
8128058
8135582
8139743
8140060
8141130
8143143
8143498
8144363
8147691
8149022
8151805
8151934
8152364
8155137
8156429
8161572
8161815
8164884
8166861
8167276
8168174
8168343
8169362
8171874
8172823
8175361
8175522
8176878
8178494
8178780
8179103
8183635
8186264
8186807
8202204
8204908
8206932
8209741
8210815
8212656
8214968
8217265
8217514
8217930
8220273
8221070
8221354
8223967
8226769
8227962
8232966
8233923
8234129
8235588
8240694
8240889
8241616
8242079
8242297
8244975
8249981
8250765
8251066
8251926
8257422
8257962
8264455
8268980
8270481
8270558
8271909
8276641
8276867
8277101
8277541
8278236
8278482
8280205
8280486
8280689
8283374
8285504
8286068
8290823
8291520
8291996
8292043
8292163
8292244
8295608
8295704
8295768
8296925
8297093
8297739
8298072
8303506
8304304
8304510
8308500
8309717
8312912
8313062
8314757
8315089
8316298
8319758
8324654
8324869
8326012
8326695
8334184
8336338
8337452
8337828
8337946
8338149
8339983
8340417
8340595
8341398
8341934
8344165
8344400
8346593
8350267
8351811
8352055
8361781
8363466
8363705
8366637
8367420
8367934
8368953
8369325
8369628
8371360
8374307
8375178
8377146
8378920
8381715
8385429
8385613
8388044
8389175
8390579
8392451
8392674
8392812
8393623
8394146
8397130
8398054
8398522
8400128
8404288
8406429
8406584
8410250
8410895
8411496
8420840
8424320
8425691
8426278
8426381
8428477
8428711
8428716
8436924
8438858
8440949
8443032
8449902
8451071
8451186
8451550
8454479
8457917
8459043
8459712
8460155
8462067
8466474
8468529
8469247
8469418
8470050
8471963
8472286
8473512
8480805
8482945
8485958
8488519
8489161
8490475
8492858
8493094
8497756
8499332
8500666
8501792
8504637
8505263
8505302
8506569
8506849
8510535
8510987
8513292
8514328
8520612
8523223
8525551
8527191
8529176
8529356
8530558
8530688
8534634
8534683
8536592
8542422
8546196
8548591
8549618
8549973
8557397
8558021
8558095
8561148
8561611
8563349
8566351
8575439
8576494
8576763
8577105
8577903
8580214
8581636
8583103
8583109
8583992
8584306
8589750
8592486
8592860
8593170
8594354
8595023
8595747
8596075
8599570
8601767
8603136
8603539
8604785
8610352
8611179
8614082
8616346
8616935
8618227
8618352
8619461
8624235
8626867
8626890
8627779
8629017
8637805
8638498
8639364
8640129
8640785
8641545
8643296
8644570
8644627
8647975
8648023
8649253
8649909
8651989
8653003
8654702
8655222
8655425
8657025
8659993
8661270
8664755
8667838
8672405
8674480
8675957
8677699
8679909
8679929
8680632
8683443
8688334
8690674
8693173
8695754
8695873
8699314
8699327
8700203
8702301
8703925
8708287
8711691
8712418
8719462
8721338
8723759
8725062
8731168
8731752
8733323
8737891
8738238
8742520
8745495
8746662
8749131
8751838
8753773
8755154
8759106
8759499
8764378
8764761
8765268
8765617
8766963
8767162
8767894
8769579
8774504
8775538
8775767
8775999
8776891
8780398
8780807
8782160
8782644
8784318
8795401
8795447
8795708
8797299
8800140
8800149
8801089
8806842
8808702
8814957
8816221
8817681
8817846
8820916
8822461
8822935
8824654
8826595
8828106
8828589
8829410
8829411
8831608
8832825
8838451
8838535
8840171
8840491
8841918
8844625
8846712
8849381
8851045
8853838
8853856
8854881
8856180
8860124
8863097
8866957
8870764
8871077
8872988
8875619
8876814
8877706
8880190
8880551
8883999
8884486
8886036
8888561
8888899
8895177
8898981
8899548
8900216
8900354
8901617
8902158
8904314
8904727
8905649
8906878
8917827
8918016
8920557
8924912
8926362
8927694
8929019
8929623
8930933
8933521
8933790
8936889
8938899
8945150
8946401
8946457
8947675
8950453
8953766
8954213
8957102
8957794
8958588
8962696
8964082
8965865
8965931
8966713
8967977
8969224
8969643
8972592
8978318
8978502
8979000
8979228
8980899
8983020
8984844
8985393
8987478
8989536
8991976
8995563
8997105
8998136
8999151
8999764
9001253
9001715
9002056
9002833
9009011
9009393
9010517
9019532
9022051
9024422
9026381
9028528
9029335
9029431
9033421
9033811
9034797
9035130
9035683
9037965
9039353
9042734
9043420
9047319
9049427
9050642
9054677
9055877
9056838
9058224
9065890
9066225
9068375
9069377
9072498
9072589
9077293
9079317
9080986
9082135
9089294
9090054
9090267
9096023
9096797
9100612
9102214
9102273
9104872
9105675
9109698
9110060
9110561
9112613
9113372
9113516
9113818
9116552
9116734
9117144
9118054
9119022
9122398
9125197
9126791
9127603
9128380
9130708
9131911
9133223
9136460
9138322
9139424
9139835
9142646
9145135
9145921
9148042
9158759
9161255
9162271
9162621
9163854
9165398
9167915
9179131
9179273
9180877
9182186
9182712
9183642
9184148
9184370
9188287
9189284
9189956
9194706
9195503
9195637
9196943
9201072
9203149
9207461
9214209
9215084
9217624
9219609
9219905
9220723
9221215
9221333
9222418
9224027
9225430
9226332
9226857
9227698
9228609
9229114
9229735
9230763
9231086
9232566
9233977
9235352
9235630
9236322
9240694
9241583
9241894
9243523
9249089
9249547
9252963
9256134
9256229
9257133
9257919
9262559
9262723
9262921
9269198
9270179
9270294
9270714
9271383
9272657
9281199
9283615
9286263
9288260
9303974
9304440
9306124
9308890
9314997
9318807
9319899
9320030
9320921
9321557
9325371
9326152
9330720
9331205
9331930
9333323
9336714
9337607
9338236
9340931
9342739
9345566
9345928
9348027
9351613
9351914
9352399
9355140
9357119
9357867
9358545
9359226
9360686
9361100
9361759
9362607
9363122
9363889
9366159
9366292
9366305
9368041
9368316
9370761
9371388
9373513
9374856
9377498
9382905
9385155
9386525
9393687
9394285
9399202
9399771
9401546
9408277
9408322
9409708
9414420
9414855
9417199
9417437
9418378
9421862
9422583
9422961
9427690
9434353
9435921
9438941
9439873
9442366
9442581
9446890
9448261
9450512
9452689
9453146
9460444
9462905
9465479
9466215
9466237
9466844
9466997
9470038
9471728
9471915
9472727
9473864
9476298
9478239
9484268
9485609
9485850
9490221
9491059
9491847
9492651
9494965
9496773
9500371
9501200
9501593
9502990
9503076
9503869
9506415
9508310
9508381
9511918
9512709
9514038
9515254
9516162
9518251
9519479
9519704
9520905
9521186
9521666
9522201
9522915
9526611
9531457
9531661
9533584
9535847
9538634
9541162
9548371
9549134
9549596
9550446
9550909
9552075
9552259
9553405
9553602
9554034
9555758
9556669
9562666
9562893
9564006
9567346
9568635
9568850
9570062
9573397
9576883
9578418
9580289
9581771
9583393
9584008
9586240
9587271
9589934
9591041
9591557
9591800
9592074
9592602
9594519
9596784
9598689
9601292
9603050
9604750
9605802
9609963
9611715
9616295
9618799
9619600
9620622
9623172
9625609
9627227
9631066
9631850
9633679
9640634
9640806
9641521
9642207
9642566
9643420
9644182
9646131
9646138
9650273
9653213
9656356
9658067
9666574
9669148
9670153
9671715
9672124
9673603
9673653
9674725
9679624
9679997
9681027
9682617
9683622
9685011
9685267
9687189
9687398
9687929
9688134
9689854
9690134
9691452
9693994
9694919
9695221
9695713
9697143
9698079
9698584
9701738
9702048
9702580
9703518
9704245
9705465
9706839
9710300
9712512
9713225
9714605
9717307
9719506
9723552
9723585
9723868
9732092
9732578
9736870
9743848
9750000
9757241
9759815
9760101
9762602
9765579
9765667
9771517
9781826
9782083
9783528
9784549
9785967
9790283
9790593
9791036
9791683
9796060
9798401
9802987
9804911
9805359
9812485
9812657
9814064
9814683
9816439
9818084
9820755
9821873
9830540
9837879
9840977
9842807
9845400
9845723
9847970
9848419
9851925
9852813
9855795
9855956
9856607
9860449
9860600
9860836
9862898
9864621
9865229
9865366
9868661
9869542
9871242
9871623
9872954
9873818
9874539
9876740
9879198
9880373
9882411
9884698
9889358
9891216
9893227
9899244
9902582
9906779
9907996
9908315
9909048
9909257
9910177
9913020
9913866
9914673
9916819
9917398
9924691
9925220
9926044
9926051
9926067
9926970
9927239
9928726
9929367
9932886
9934513
9939754
9942924
9943080
9945760
9946091
9946542
9951707
9952547
9953590
9955120
9958625
9960127
9962140
9965232
9966516
9969472
9972109
9976848
9978608
9979516
9981790
9982342
9982542
9982655
9985662
9987765
9989722
9990404
9991463
9991571
9992565
9992639
9993940
9994512
10000444
10005155
10008456
10009493
10009684
10018807
10029895
10034415
10034950
10035267
10035323
10040340
10045299
10055892
10056593
10058536
10069769
10070238
10072026
10075256
10076227
10080333
10082737
10092732
10093506
10095069
10096109
10097838
10106283
10108730
10110503
10113930
10116367
10116517
10118590
10120329
10121037
10122231
10124371
10125652
10126635
10127548
10129118
10135028
10140923
10141564
10142301
10150314
10150833
10153526
10154669
10155669
10156158
10156737
10157998
10158150
10158400
10158900
10159533
10164877
10165077
10166081
10166786
10170181
10170749
10171535
10173196
10179191
10179578
10183472
10183499
10184188
10189538
10190908
10191859
10192018
10194815
10195243
10196674
10201151
10201428
10201939
10202058
10202664
10205967
10208437
10209811
10211094
10212041
10213001
10213915
10217037
10218050
10219371
10222667
10224015
10227500
10235276
10236445
10236993
10237370
10240562
10249009
10250794
10252120
10253020
10254971
10261432
10262283
10262710
10264000
10266670
10267155
10270396
10272470
10275160
10275448
10277861
10279467
10284572
10285988
10287379
10289160
10291685
10291921
10292136
10294240
10294493
10294502
10294851
10299202
10300748
10300787
10301811
10302545
10310392
10313000
10313259
10315300
10316064
10318005
10318421
10318909
10319212
10319416
10321098
10323907
10329232
10330024
10331722
10332469
10334589
10335877
10336392
10336916
10338443
10341792
10345761
10345830
10346386
10350772
10352383
10355022
10355722
10358323
10358851
10367776
10367967
10369300
10373556
10373674
10374442
10374925
10378188
10380401
10383482
10385872
10387421
10389711
10392957
10393569
10393749
10395382
10399275
10401290
10401499
10403376
10404443
10407801
10410154
10410537
10411598
10413592
10414637
10415732
10415839
10417603
10418186
10422926
10423822
10424089
10427223
10430538
10434986
10436650
10436713
10436976
10438195
10438322
10438754
10445436
10445485
10445535
10446246
10447926
10449642
10453330
10454408
10455024
10455720
10458450
10460129
10464859
10466346
10475684
10476492
10476690
10479393
10482435
10482959
10485402
10486982
10493035
10493340
10495340
10496169
10499451
10500536
10501037
10503261
10503674
10504654
10505112
10505266
10505482
10505500
10513324
10514738
10516289
10524477
10527054
10528088
10530279
10531592
10533055
10535384
10535396
10535515
10535994
10537450
10541300
10542231
10542837
10543771
10544559
10547085
10548427
10548615
10550698
10550789
10551560
10552271
10552672
10553509
10555944
10555975
10557082
10567674
10567676
10569334
10575325
10577031
10579483
10580320
10580734
10581126
10584045
10585017
10588974
10589197
10590970
10591045
10591671
10591785
10594742
10598030
10598146
10599223
10601581
10601988
10605734
10605957
10608168
10611052
10613737
10614108
10618114
10618562
10619232
10621234
10621643
10622051
10622324
10623782
10625550
10626279
10634056
10635312
10635424
10635865
10637079
10638151
10646438
10647062
10649663
10649781
10652352
10653318
10653763
10655646
10656081
10657150
10659375
10659523
10660610
10661698
10665323
10670352
10675006
10676597
10678328
10680090
10680444
10693001
10696334
10700543
10703659
10704744
10710105
10712428
10715684
10716446
10717922
10720878
10721579
10722783
10724101
10725342
10728070
10730609
10732641
10734196
10736364
10736918
10737571
10738446
10742864
10746584
10755011
10760574
10763021
10764016
10765331
10767178
10771624
10773906
10775105
10783377
10784009
10784577
10787988
10793436
10795258
10796401
10796944
10798829
10799379
10799809
10800290
10811135
10811158
10814701
10815654
10818292
10820226
10822113
10823363
10825270
10826167
10826736
10832359
10833065
10834950
10835090
10835237
10836718
10839384
10840327
10840878
10841414
10845794
10845878
10847139
10847465
10847698
10848320
10851168
10851683
10852096
10853406
10854158
10855128
10857409
10860718
10864645
10864993
10865127
10865709
10866359
10869549
10870928
10871149
10871634
10871684
10872049
10877620
10877755
10878752
10881028
10881201
10883580
10885050
10885204
10886370
10886977
10887535
10901149
10903663
10904706
10909551
10912286
10912417
10918499
10919072
10920826
10923125
10923560
10924847
10933185
10934113
10934320
10934809
10935556
10936967
10940381
10941940
10942613
10944093
10949328
10949956
10951013
10951927
10953253
10960075
10962768
10963530
10966669
10970886
10971439
10974121
10974740
10976512
10977272
10984366
10984824
10985788
10987638
10988267
10992507
10993185
10998194
11001056
11001631
11003785
11004633
11005203
11008394
11015491
11020149
11021313
11021922
11023804
11029134
11030395
11033529
11035220
11035584
11038482
11039756
11040682
11043800
11044766
11046885
11051692
11054589
11057340
11057470
11064403
11065252
11065738
11070390
11071405
11072052
11073309
11073974
11075155
11078317
11081137
11085864
11086391
11086517
11086883
11087518
11088475
11089500
11090028
11091172
11091390
11093256
11094521
11096096
11096572
11096856
11100426
11100928
11101246
11101466
11101938
11102044
11103341
11105459
11106303
11106500
11107467
11113871
11115508
11116652
11119805
11125454
11126965
11128441
11130437
11130858
11135021
11145770
11148273
11148631
11149478
11149829
11153917
11154883
11157421
11157874
11163079
11165124
11165239
11165752
11167857
11174956
11178159
11178928
11181293
11181782
11186184
11186599
11189329
11189694
11191997
11192868
11193351
11193414
11195191
11196551
11196979
11199991
11200952
11201141
11201196
11203249
11203365
11205658
11206450
11207335
11214256
11214271
11215679
11217476
11217641
11222800
11223765
11225272
11226404
11229332
11229726
11229738
11230657
11238012
11238078
11238319
11240048
11241811
11242060
11242881
11243917
11244054
11245997
11246461
11251609
11253192
11253491
11254681
11255458
11261053
11261623
11261680
11266088
11266620
11266678
11267102
11268965
11269854
11269975
11270387
11272134
11276440
11277432
11278046
11279811
11280785
11281778
11281793
11283598
11285053
11285753
11286163
11286842
11287405
11288135
11290689
11292764
11295235
11295460
11295732
11296884
11299418
11299857
11300189
11304564
11306429
11306922
11307842
11309954
11310229
11328548
11329408
11342185
11347062
11348496
11349232
11350433
11352824
11357441
11358047
11358484
11358975
11359446
11361931
11365968
11366725
11371971
11373984
11381070
11381172
11381264
11383469
11383598
11385982
11386343
11390191
11393041
11394211
11399123
11402155
11408545
11410055
11410748
11411093
11412392
11413727
11413875
11413945
11414648
11415342
11416309
11416325
11416394
11417598
11420286
11421515
11425242
11427025
11427070
11427322
11428435
11429503
11430411
11431027
11433677
11434236
11435866
11438888
11440296
11441078
11442861
11445488
11447495
11447836
11447965
11448667
11449090
11453461
11455600
11458508
11459785
11460303
11460783
11469513
11470290
11471548
11472627
11475446
11475878
11476304
11478029
11478728
11480733
11482735
11483869
11484694
11485398
11489825
11491885
11494107
11497564
11499420
11500767
11501716
11501739
11501742
11502729
11502817
11503447
11504343
11504722
11505270
11505514
11506178
11509957
11510603
11513555
11518305
11520448
11522470
11523267
11524414
11524930
11525057
11531279
11534624
11535046
11536697
11537726
11538261
11539914
11540078
11541465
11545647
11547575
11549054
11549444
11549601
11550553
11552022
11554656
11559599
11560218
11561514
11563142
11565448
11567634
11570821
11572441
11574740
11577857
11578489
11582077
11585072
11586397
11589738
11590175
11593875
11596364
11598389
11603166
11605160
11609059
11609780
11610438
11612807
11613159
11613292
11614197
11615380
11615479
11617190
11617326
11620547
11620757
11622157
11624393
11625310
11626524
11631311
11634974
11640044
11640460
11643781
11643861
11648150
11648382
11649652
11655798
11655982
11655998
11656331
11657972
11658045
11659745
11662522
11663352
11663432
11663531
11663661
11668112
11670679
11671639
11672682
11672824
11673589
11673744
11676113
11676293
11677462
11678156
11684185
11684864
11687379
11687937
11688211
11691265
11695356
11696914
11697702
11698980
11699666
11701250
11702179
11702512
11704658
11706734
11708870
11710144
11710684
11713938
11714478
11714792
11717255
11718858
11720687
11721533
11729423
11730724
11736463
11736469
11740034
11742412
11744204
11745939
11746219
11746509
11752135
11752545
11753058
11754256
11755567
11761778
11764419
11768572
11770308
11770439
11774909
11775943
11782264
11782980
11787679
11788697
11791542
11791815
11791870
11799148
11802553
11802946
11807194
11809021
11816863
11819596
11822945
11826077
11829473
11831419
11835548
11835896
11842433
11842616
11847692
11849931
11850572
11850643
11853779
11855746
11858406
11861624
11862220
11862250
11863745
11866572
11873055
11876394
11878098
11882529
11883792
11884716
11885556
11886869
11893520
11896852
11898555
11899494
11900779
11905273
11906427
11908848
11908883
11910782
11913880
11914494
11915018
11917554
11918750
11923102
11926503
11927256
11927979
11927983
11928110
11929288
11932341
11933163
11933659
11935322
11940233
11944309
11945672
11946060
11946665
11946816
11948389
11950253
11952307
11955826
11957886
11958859
11959877
11960324
11960644
11960980
11961296
11962473
11963542
11967405
11967777
11970639
11974836
11975402
11976012
11977183
11980081
11985607
11999887
12000777
12001166
12002807
12003080
12004103
12004865
12007071
12007659
12012480
12012673
12013121
12020548
12022593
12024075
12029408
12030299
12030505
12030981
12031025
12032622
12036696
12042507
12046519
12046596
12049431
12050840
12052124
12053493
12053902
12057987
12059414
12060093
12061433
12061955
12064322
12065495
12067106
12067341
12069352
12072775
12075381
12077078
12077750
12079041
12085597
12085841
12087934
12088328
12088727
12088775
12089690
12090131
12092138
12094648
12095601
12096136
12097422
12097471
12098489
12107840
12111988
12112859
12114726
12115051
12115712
12119326
12119811
12122187
12122293
12123956
12124563
12127245
12127412
12129218
12130626
12131029
12132193
12132977
12133703
12134419
12135284
12141336
12141426
12143238
12144652
12144748
12148197
12148500
12149026
12150778
12155364
12155387
12160347
12168310
12171449
12171460
12172727
12173724
12174806
12175217
12177162
12177705
12180252
12182104
12183030
12184357
12184960
12185498
12185557
12185857
12185924
12186457
12186981
12188002
12192382
12192741
12195404
12195515
12198290
12200525
12202087
12205050
12205481
12207474
12209012
12213085
12214012
12214198
12216338
12219441
12220468
12220810
12221588
12222459
12223414
12226462
12237526
12237661
12240419
12243855
12244481
12246041
12247305
12248423
12249082
12256894
12259308
12261396
12261897
12262307
12266362
12269172
12270390
12270444
12270537
12271712
12272080
12272347
12272397
12277906
12278817
12284315
12286736
12287237
12289088
12292285
12292465
12294538
12294841
12297739
12303600
12306851
12306898
12309935
12310079
12314015
12319177
12319447
12322110
12323015
12323034
12324704
12327021
12332448
12338010
12339489
12339708
12343654
12344119
12344361
12345133
12348911
12349913
12349916
12352166
12355609
12356424
12356443
12356810
12357163
12361198
12361270
12363041
12365053
12369924
12370786
12372587
12377181
12377529
12382816
12385953
12389761
12390060
12392082
12393388
12401447
12401866
12403020
12404664
12405299
12405527
12408615
12412156
12413472
12418245
12419090
12421238
12421834
12422650
12423406
12423653
12426832
12428427
12431665
12432122
12432605
12434131
12436113
12437539
12438196
12438899
12440759
12441558
12443646
12448999
12451375
12452964
12453745
12454188
12454262
12455113
12458872
12459458
12459503
12459711
12459853
12459861
12459978
12463215
12467540
12470339
12470948
12472200
12477423
12477932
12480381
12483281
12486121
12486238
12488762
12490767
12492400
12495559
12496804
12498025
12498708
12499861
12500323
12500626
12501206
12503318
12510378
12514661
12514947
12515799
12518845
12519256
12521171
12521960
12522421
12524377
12527939
12531451
12532518
12536663
12537838
12538142
12539141
12545753
12546790
12548205
12552469
12554581
12559471
12560419
12561516
12562664
12565829
12568235
12569745
12572471
12573036
12574078
12574935
12575206
12576825
12576999
12577516
12577721
12579310
12581617
12581939
12582146
12582412
12583367
12586176
12588336
12589685
12590769
12593224
12594336
12594393
12594655
12596453
12598307
12609963
12611308
12614693
12615332
12616246
12617316
12622121
12624791
12627261
12629304
12631659
12633097
12634713
12636578
12637227
12637709
12638423
12639148
12641621
12641901
12642807
12642874
12644459
12644495
12645882
12646802
12649970
12652813
12655577
12655913
12656554
12658430
12659879
12662879
12665895
12667496
12667626
12668632
12670590
12674888
12675480
12677112
12677458
12681389
12681473
12683969
12686074
12689039
12689660
12693335
12693576
12694536
12696821
12697716
12697862
12698666
12698874
12699104
12699276
12706345
12706842
12708417
12709998
12712265
12712395
12713170
12713849
12714082
12715503
12717098
12719156
12720549
12723167
12724132
12724363
12724559
12725310
12726849
12728528
12730577
12732135
12735503
12736422
12737615
12740289
12741106
12750770
12752738
12757546
12758886
12760792
12761838
12762466
12766258
12767585
12770892
12773033
12777680
12778393
12780366
12780784
12781199
12781660
12783321
12785415
12789429
12790373
12790797
12791076
12791987
12792570
12792643
12792722
12792778
12792863
12793468
12795862
12800971
12801872
12803282
12806195
12806302
12807029
12808599
12809291
12810248
12810827
12814142
12814811
12818162
12818338
12822308
12824900
12828792
12829069
12831344
12831561
12832709
12834980
12835883
12836799
12843910
12844038
12845960
12847609
12850717
12854543
12856538
12856956
12857343
12859585
12866237
12871828
12872388
12873594
12875731
12876035
12876797
12877153
12879411
12881378
12881644
12883550
12884617
12886250
12886336
12888551
12889513
12891966
12893104
12894811
12895287
12896482
12897205
12899888
12902444
12902525
12904576
12904876
12905764
12910008
12910729
12911118
12912620
12914091
12917308
12924047
12928342
12933919
12934004
12934581
12937894
12938578
12939574
12939866
12942660
12943481
12948185
12948214
12948336
12949748
12949818
12953778
12954725
12959625
12960243
12960487
12970435
12971509
12975721
12976998
12977342
12979004
12980441
12980950
12981829
12983703
12984163
12988843
12989353
12993680
12994922
12995348
12995373
12998876
13001840
13002509
13005273
13009573
13013289
13015110
13015896
13018094
13018767
13019952
13021354
13021831
13024501
13024526
13024864
13026543
13026827
13028568
13029304
13030932
13033156
13034415
13037181
13042574
13045591
13048063
13049406
13051794
13052094
13053752
13056657
13058799
13060089
13061901
13065753
13066599
13067774
13068686
13070493
13070515
13076220
13078246
13078830
13079873
13080750
13086883
13088719
13090394
13090568
13090733
13094227
13094431
13095942
13097249
13100257
13100706
13101235
13104361
13106015
13110230
13112562
13112646
13115036
13115400
13116229
13127882
13127937
13128066
13130172
13133702
13138309
13138559
13138693
13141059
13145434
13146239
13148781
13148958
13148960
13150406
13153015
13153788
13154155
13158400
13158871
13159677
13161210
13162135
13167982
13168898
13169649
13174295
13174848
13175619
13177173
13179405
13179936
13180861
13184743
13184857
13185040
13186337
13187834
13190837
13193169
13195196
13197376
13199233
13200924
13201161
13204801
13207492
13211860
13212031
13214598
13215162
13215859
13219352
13219961
13221036
13222697
13223933
13223990
13224555
13225356
13226688
13230083
13231422
13232304
13232853
13235885
13237971
13238653
13239164
13245437
13246356
13246481
13247120
13247343
13250875
13254044
13254319
13254935
13256109
13257159
13257375
13259176
13260395
13263473
13264237
13264605
13266572
13267946
13268071
13273734
13275223
13275591
13278498
13279463
13281637
13283474
13285863
13288166
13288374
13291781
13293645
13295207
13297496
13297562
13300112
13300661
13303779
13304175
13311446
13316785
13317007
13317868
13318050
13320062
13320090
13320550
13322528
13323596
13324704
13325720
13326227
13326522
13331113
13334788
13334963
13339014
13339951
13340235
13344097
13344653
13346257
13346997
13348862
13351684
13352585
13354982
13358493
13366000
13367909
13368184
13368854
13368927
13373973
13374386
13374483
13376341
13378005
13378502
13379149
13382143
13382745
13383796
13383908
13384036
13385148
13386222
13389543
13391009
13394200
13395089
13398041
13400285
13402104
13406700
13407812
13409351
13411579
13412492
13415811
13416002
13416839
13425290
13427586
13430682
13435126
13435642
13436816
13438657
13440395
13446333
13446345
13452901
13456782
13458356
13459553
13460634
13461347
13463128
13463734
13466805
13470437
13471745
13476623
13478992
13479972
13480092
13481470
13484731
13488510
13490866
13491270
13492181
13494631
13495036
13496887
13499159
13500303
13502186
13505785
13506721
13508550
13509021
13510010
13513319
13516656
13516784
13518482
13519184
13521884
13522559
13524345
13524699
13528579
13529926
13530271
13531882
13534185
13538184
13538548
13539809
13540869
13540903
13542967
13549601
13550759
13550985
13551302
13554399
13555087
13555219
13556719
13558635
13564400
13564939
13565754
13567541
13571485
13571696
13572948
13578708
13580639
13583474
13584145
13584588
13585124
13588582
13588860
13589250
13591099
13592452
13592537
13593227
13594104
13595793
13602459
13607663
13611721
13611801
13614987
13616544
13617527
13619571
13622265
13622386
13624186
13625121
13626856
13627540
13633988
13634358
13634628
13638720
13639485
13641117
13642806
13643689
13645780
13647784
13648527
13648597
13649296
13650949
13651014
13653315
13654668
13657961
13658741
13661443
13662471
13662661
13664464
13665321
13665542
13669638
13670383
13674172
13675739
13676891
13677437
13682103
13682214
13686184
13687147
13691096
13695284
13696885
13697075
13698949
13699229
13701745
13702304
13703904
13706570
13707188
13708055
13708691
13710362
13714765
13717439
13719174
13722868
13722893
13724128
13724733
13725616
13725656
13726813
13728569
13731544
13732914
13734154
13735135
13737771
13739278
13742251
13742725
13742871
13746590
13748768
13749808
13753826
13759384
13759515
13762295
13765061
13765657
13766009
13766201
13768535
13771742
13773840
13777515
13777839
13778731
13781241
13781858
13784311
13784417
13785861
13785976
13787377
13795833
13800735
13802913
13804422
13805007
13805164
13808207
13811103
13811288
13811876
13814386
13816523
13819683
13822282
13822653
13823502
13825101
13830236
13831047
13831711
13832868
13833826
13836915
13838502
13839593
13841947
13842334
13842448
13847019
13848153
13848544
13856018
13856068
13857950
13858200
13860922
13866130
13866171
13866574
13867859
13870591
13874623
13876325
13877699
13877890
13878921
13879059
13880685
13882250
13884928
13885138
13886776
13894284
13895325
13897886
13898986
13903395
13905618
13907315
13908235
13909842
13910552
13913484
13917626
13918228
13918948
13924121
13925581
13927344
13930955
13931366
13935251
13935765
13936408
13937251
13938356
13941584
13942941
13945142
13947065
13949093
13950458
13954747
13960700
13968176
13969174
13970147
13976624
13978179
13986655
13987165
13990821
13991978
13993377
13994789
13997442
13998374
14001165
14001939
14003229
14003616
14005414
14007088
14007099
14009894
14010781
14011702
14012033
14012647
14015697
14015753
14016802
14018701
14019998
14020413
14024481
14025777
14026930
14033378
14034437
14038471
14039517
14042332
14044723
14045446
14045627
14046354
14046366
14051522
14054073
14055259
14056369
14057100
14058321
14060224
14063330
14064614
14066833
14067492
14071708
14074344
14079055
14079670
14079934
14080736
14080959
14082602
14085041
14086361
14086858
14087289
14088455
14093502
14093758
14095134
14096796
14097413
14097759
14099811
14102178
14104629
14105827
14106182
14112781
14113814
14114179
14114425
14117569
14118333
14122786
14124909
14125330
14126985
14128123
14128420
14132195
14132750
14132948
14133362
14133652
14134212
14136062
14136702
14138560
14138940
14141053
14141174
14141743
14142786
14142908
14144079
14145318
14145996
14148481
14150578
14150801
14153545
14157162
14157662
14159151
14159253
14164749
14164853
14165632
14170340
14171300
14171428
14173809
14177889
14178412
14187915
14191317
14191534
14192962
14195611
14195758
14196508
14196595
14197842
14199148
14199803
14200242
14200430
14201338
14201802
14205110
14206687
14206731
14207727
14208596
14208940
14214078
14215925
14216566
14217098
14217296
14217325
14218799
14219858
14221015
14223409
14224076
14230300
14233398
14234755
14234998
14236484
14237753
14244639
14247017
14247233
14247373
14247378
14248206
14253606
14255876
14256083
14257432
14257766
14258339
14259938
14263143
14264199
14264224
14264234
14269392
14269997
14273630
14277013
14277447
14288010
14290834
14292784
14293328
14295357
14296635
14296646
14297056
14297385
14297391
14297946
14298048
14300220
14300817
14302729
14303382
14306757
14307283
14308641
14310395
14317033
14319320
14326108
14328903
14329811
14330890
14332204
14332746
14333240
14333835
14334754
14337559
14338114
14339096
14341184
14341631
14342375
14351699
14352813
14354464
14357818
14365505
14366040
14367764
14368987
14373176
14373548
14374381
14376442
14382979
14384028
14386227
14386523
14387717
14389191
14391981
14393740
14395391
14397835
14397882
14398205
14398257
14398827
14399023
14400393
14401111
14403465
14404698
14406720
14406848
14408043
14408252
14408822
14409673
14411662
14414512
14417909
14418410
14418976
14419572
14420667
14421717
14424335
14425383
14429558
14430447
14431220
14431473
14431666
14433092
14433950
14434467
14435165
14436915
14437398
14437843
14441349
14441950
14443598
14443832
14445538
14448358
14448985
14452340
14453331
14453862
14455646
14455829
14460418
14460710
14461406
14462077
14467419
14471500
14472528
14477871
14482517
14485902
14487275
14489590
14490852
14493193
14497746
14497979
14498399
14499927
14500791
14502007
14503666
14504551
14509397
14515111
14515896
14516106
14516243
14518629
14519025
14519989
14520600
14522302
14524604
14530412
14530703
14533106
14533197
14533673
14536441
14539279
14541043
14541190
14541526
14543675
14545552
14547439
14551592
14552592
14554476
14554726
14555276
14558416
14562883
14564019
14564052
14564426
14564970
14567783
14570564
14571141
14571322
14572451
14573521
14573602
14573643
14574056
14577589
14578212
14578454
14578847
14579044
14579096
14579381
14583390
14584397
14585867
14587410
14587465
14587784
14590535
14590664
14592669
14592765
14593540
14594499
14594743
14596138
14597738
14605178
14606775
14612264
14613598
14615791
14616935
14618317
14618353
14620504
14623660
14627524
14628965
14629048
14630130
14632024
14635055
14636315
14637152
14639451
14639789
14640659
14641937
14648030
14648109
14652057
14652613
14655105
14655606
14657207
14657605
14661345
14661473
14661477
14662076
14664592
14665355
14665724
14669664
14675211
14678882
14679887
14679978
14681662
14682448
14683051
14685597
14690404
14691699
14691820
14695054
14697719
14698993
14700618
14705041
14706187
14709447
14712945
14713452
14715979
14716587
14717596
14720549
14722242
14722530
14727573
14728391
14730735
14731315
14731328
14731421
14735153
14735887
14736441
14737046
14738016
14739232
14739924
14741969
14744410
14744841
14745151
14746451
14746506
14747011
14750749
14751412
14752047
14752625
14753303
14754065
14756872
14757992
14758700
14760894
14767510
14768468
14768998
14770900
14775826
14777553
14778609
14779205
14779229
14781817
14781859
14782078
14782867
14784680
14786876
14788386
14789692
14790246
14795349
14796586
14797682
14797760
14799988
14800458
14801515
14801919
14802474
14804730
14805027
14805568
14806645
14806652
14806660
14810599
14811444
14811732
14813679
14816628
14819023
14821137
14823384
14823862
14824042
14826537
14827921
14832231
14837653
14840519
14841919
14843588
14844420
14845169
14845319
14845480
14845861
14847052
14847983
14851583
14853237
14853525
14854589
14855368
14856468
14858742
14860975
14861078
14862945
14863369
14863727
14866702
14867232
14872315
14878400
14881584
14882067
14883138
14883789
14886352
14890892
14891046
14891348
14891662
14892794
14892868
14894472
14896976
14897250
14899367
14903086
14904948
14906712
14909197
14914977
14915046
14922820
14926638
14927057
14929278
14935582
14936353
14936651
14937028
14937497
14942665
14945688
14945962
14947493
14947565
14948428
14948731
14950313
14952374
14953557
14956080
14962335
14965088
14968073
14969183
14969582
14973276
14977994
14978453
14978812
14981564
14983397
14983558
14984249
14985218
14988004
14991299
14995916
15001773
15002732
15006107
15007067
15010916
15011891
15015715
15019601
15026470
15026831
15027001
15029383
15031047
15032936
15035859
15037131
15038148
15038450
15040079
15044416
15045881
15050582
15050628
15051718
15053303
15054405
15056209
15058494
15058730
15059715
15060663
15060926
15061733
15065505
15065748
15067267
15069216
15069446
15071624
15074571
15076531
15077148
15079205
15079816
15081274
15082437
15082888
15086266
15086638
15086899
15092772
15092980
15096995
15099803
15099817
15102005
15104307
15104386
15105810
15107000
15108255
15110158
15110240
15110933
15111921
15113264
15114727
15117255
15117513
15119141
15120768
15122436
15122669
15123779
15123883
15125940
15127799
15135723
15136047
15137237
15141856
15143080
15143363
15145763
15146021
15147300
15149916
15150867
15153609
15154772
15155342
15156248
15159163
15162406
15166063
15168624
15168666
15170796
15171860
15173035
15173039
15176128
15176525
15179819
15182129
15182968
15184464
15185920
15188795
15189361
15189772
15190218
15190518
15194604
15199586
15205570
15206226
15207752
15212047
15213803
15214000
15215577
15215622
15218046
15220074
15229239
15230057
15232700
15238886
15240115
15240866
15243882
15252802
15253214
15253486
15254147
15256371
15256568
15256856
15262306
15262397
15262492
15263741
15267315
15267641
15268397
15270084
15271048
15272516
15273857
15277896
15283268
15285879
15286557
15288123
15289045
15290382
15291842
15296042
15299461
15302824
15303469
15304768
15306646
15306856
15307533
15308363
15310983
15311928
15312824
15313508
15316262
15316596
15316802
15317429
15319964
15320156
15321304
15321799
15325081
15325452
15326285
15328216
15329663
15332147
15332747
15334425
15334810
15335019
15336186
15342873
15344558
15345019
15349379
15350422
15356444
15357077
15357157
15357573
15360382
15361443
15370959
15371644
15372746
15372799
15372880
15374755
15377639
15378531
15380780
15384769
15385446
15385461
15386506
15386790
15386806
15387801
15387997
15388151
15388308
15389824
15390226
15391217
15395137
15396237
15397212
15397905
15398710
15399943
15400325
15401224
15402567
15402817
15404789
15409953
15410807
15412837
15412995
15413646
15413711
15414491
15416257
15416308
15419452
15419840
15420368
15423846
15425053
15426960
15428487
15429854
15431669
15433807
15434454
15437075
15437083
15438413
15439024
15440893
15442031
15445913
15447759
15448713
15449964
15450008
15450047
15451583
15452381
15453617
15454766
15457542
15457905
15458068
15458418
15459301
15459472
15460199
15462363
15463513
15465988
15468330
15473704
15474732
15475851
15477131
15483243
15484189
15489316
15489566
15491869
15492695
15495389
15497160
15497327
15498221
15498659
15503079
15507712
15508220
15509613
15512277
15515154
15517855
15519480
15520646
15524800
15530574
15533750
15534100
15536634
15536967
15537850
15539947
15539948
15541162
15541767
15542215
15542320
15545001
15545046
15546510
15548657
15549524
15551977
15554454
15557254
15558720
15560142
15560746
15561636
15564611
15567386
15571810
15572309
15577650
15579863
15583519
15587039
15590222
15590985
15592508
15593769
15596785
15598830
15600791
15605394
15607569
15608452
15616336
15617451
15618534
15618538
15618614
15618920
15627563
15627989
15628676
15630173
15635541
15638281
15638636
15640393
15642625
15646008
15646756
15650096
15650246
15650638
15652723
15653385
15657355
15659165
15659688
15661637
15662964
15664317
15664758
15668042
15672607
15672899
15674577
15674838
15676977
15677857
15677998
15680551
15680819
15683548
15687516
15688104
15689465
15692348
15693343
15695808
15697968
15703605
15705034
15705774
15711229
15711733
15713108
15713674
15714894
15716455
15721367
15723496
15723597
15725033
15726377
15726674
15741123
15741788
15746819
15752530
15753247
15760673
15762814
15765430
15766189
15767199
15768345
15769182
15770829
15773525
15774478
15774560
15778348
15780327
15781442
15784072
15787745
15788633
15789729
15791381
15792138
15792921
15794988
15796462
15797920
15803478
15807062
15807137
15815851
15815978
15816639
15821336
15822222
15824023
15825310
15826101
15828026
15828329
15829588
15831511
15833044
15835367
15837195
15838147
15838329
15840204
15843318
15843575
15846374
15846401
15847708
15847712
15850088
15850941
15854572
15856475
15859121
15863514
15865033
15866125
15866676
15868837
15877850
15879761
15880215
15884422
15884874
15885947
15890301
15891996
15895772
15897689
15898278
15898319
15900041
15900433
15900554
15903257
15903606
15904320
15905445
15908553
15912054
15915852
15916607
15917197
15919360
15920752
15922425
15922975
15923624
15924234
15930046
15932182
15932537
15935200
15937684
15937854
15941447
15943712
15944750
15949597
15949847
15950663
15951598
15955415
15956311
15956630
15960085
15960266
15963965
15964976
15965519
15969033
15970449
15975369
15976154
15977289
15979690
15980932
15986391
15987090
15988406
15991244
15997822
15998423
15998965
16002296
16003594
16004294
16005278
16006116
16007092
16007935
16012121
16016045
16021608
16022454
16027726
16027912
16032224
16033002
16034203
16036929
16043736
16043766
16043853
16044671
16045345
16045516
16050586
16058109
16061892
16061902
16062294
16063674
16072426
16073345
16076294
16079224
16082671
16084834
16093357
16095567
16102674
16102997
16103107
16106550
16106984
16108065
16108735
16110422
16110515
16111957
16113264
16115941
16115994
16117153
16120972
16125621
16127261
16127900
16130375
16130564
16133998
16135459
16135590
16141461
16146065
16147284
16149919
16150881
16152409
16154423
16157888
16159130
16159500
16160289
16160625
16162226
16162865
16163799
16163820
16164175
16164625
16165464
16166611
16167052
16167622
16168686
16173904
16174068
16175028
16178311
16179691
16181695
16189682
16201908
16202123
16202141
16203481
16204025
16207873
16210601
16211778
16212690
16217481
16222003
16226273
16226852
16227646
16229245
16229613
16230597
16230688
16231894
16231976
16232065
16234550
16234555
16241809
16243769
16245617
16247294
16247668
16251925
16253534
16255811
16263001
16271193
16271313
16278322
16286218
16286408
16287391
16288813
16288857
16289294
16289651
16295566
16296535
16298076
16301257
16302817
16308941
16312379
16313060
16313906
16313935
16314688
16315783
16318148
16318527
16319768
16321057
16324347
16324490
16326057
16326063
16327462
16327524
16328016
16329468
16329796
16335386
16336238
16336899
16339851
16339992
16340271
16343278
16343581
16349590
16352103
16355508
16356703
16359948
16361171
16361942
16367824
16367997
16370933
16375002
16375145
16376383
16376832
16377840
16378011
16380260
16386346
16389154
16389180
16391163
16394859
16398208
16398431
16410477
16411145
16414255
16415089
16419571
16420215
16427617
16427704
16427937
16428364
16430102
16432601
16433502
16435289
16438171
16439162
16441224
16442668
16444962
16445543
16447389
16448053
16448933
16449397
16452798
16453790
16454819
16456507
16462330
16463139
16469467
16469794
16470284
16471713
16472904
16473797
16475526
16475785
16479515
16484269
16485798
16486083
16492900
16494019
16494688
16500898
16501978
16502099
16505892
16506561
16506840
16507823
16507950
16515372
16516428
16516741
16518463
16519950
16521324
16528064
16530488
16533538
16534120
16534374
16534505
16536757
16538889
16539089
16539750
16543054
16544362
16549044
16549730
16552392
16553504
16554011
16556343
16556375
16557521
16559621
16561108
16561228
16565377
16565380
16567164
16570907
16577383
16581227
16583775
16586275
16588086
16590122
16590297
16590937
16591816
16593137
16593796
16596768
16598782
16602589
16602743
16603284
16604498
16608058
16609952
16612658
16614971
16615611
16617031
16620601
16621868
16623850
16624936
16626784
16631718
16634216
16635592
16636221
16637121
16643580
16644535
16645689
16646015
16646515
16646863
16648397
16658399
16658682
16663661
16664080
16664278
16668524
16669704
16670943
16673817
16675626
16677620
16679031
16680660
16681882
16684738
16687296
16687655
16688890
16689338
16691919
16692640
16693570
16693714
16698100
16699451
16701877
16702030
16703234
16703397
16708888
16709023
16712374
16712596
16715586
16718853
16722015
16725309
16725529
16725616
16727564
16729956
16731672
16732768
16734971
16738742
16742212
16742248
16743544
16744026
16744745
16748004
16748860
16749831
16751516
16752065
16753907
16755127
16755186
16755616
16760960
16761048
16761379
16762252
16762265
16764624
16765551
16768038
16772983
16775330
16775645
16778235
16780073
16781567
16783564
16785566
16789343
16794036
16794810
16797215
16797246
16798185
16799256
16804648
16811332
16811807
16812266
16814030
16821242
16821460
16828544
16830218
16833067
16838131
16840031
16840404
16841211
16843856
16844121
16852244
16856727
16857494
16857513
16857532
16858142
16859231
16859701
16860146
16860812
16861236
16866394
16872796
16876448
16882827
16886250
16888624
16889346
16898185
16898480
16899620
16899663
16899877
16902090
16907080
16909053
16909844
16911248
16913746
16916450
16918618
16921163
16924290
16925020
16926197
16928797
16929655
16932543
16933959
16933965
16935769
16936796
16940756
16942007
16942924
16944670
16947185
16947521
16947981
16948828
16953025
16954095
16957893
16957937
16958312
16959130
16961678
16962300
16963048
16969124
16969262
16972475
16972708
16973771
16974607
16974957
16976003
16977014
16978947
16981682
16983087
16983754
16984546
16986949
16987334
16987557
16987935
16988230
16989075
16991647
16993623
16993713
16994112
16995858
16996130
16997593
16999774
17000034
17001098
17003125
17003846
17004200
17005307
17006974
17007160
17009144
17010557
17011086
17021995
17025822
17027599
17031177
17034293
17034321
17034649
17037805
17037972
17039147
17043283
17046057
17048081
17048399
17053613
17054983
17055214
17056069
17056793
17057344
17058369
17058415
17059892
17060594
17064594
17065573
17066436
17069937
17079666
17084435
17085744
17085797
17087324
17089163
17094061
17094501
17096036
17097497
17099683
17110726
17112777
17120113
17121401
17122187
17123761
17126184
17129035
17130422
17133118
17133665
17134594
17135187
17135798
17136815
17137596
17137842
17143412
17148341
17153916
17157087
17159534
17160403
17162242
17164267
17169659
17170177
17170356
17172536
17172904
17174038
17177381
17177519
17180698
17181453
17182758
17183477
17184481
17185182
17189546
17190171
17191079
17192669
17193588
17193973
17197061
17199309
17199853
17202265
17206546
17208556
17209804
17215145
17216155
17217806
17218404
17222265
17222886
17223425
17224035
17224129
17224919
17225030
17226571
17232160
17232501
17232565
17233511
17234543
17236218
17237171
17237256
17238411
17239309
17241227
17242645
17243284
17243418
17245661
17246168
17247007
17248254
17251110
17252089
17254314
17255540
17256914
17257667
17258671
17263112
17263607
17265111
17265566
17266430
17269046
17271049
17271571
17272460
17273126
17276234
17276745
17277593
17278895
17281566
17283368
17283914
17284630
17285771
17287406
17287489
17288225
17288707
17291469
17291941
17293579
17293887
17296326
17296587
17299754
17301208
17301660
17301911
17302495
17308422
17309231
17313770
17314439
17316038
17316676
17316683
17316927
17317075
17317777
17318616
17320086
17320952
17321164
17328611
17328862
17331095
17333762
17335672
17335676
17336131
17337011
17343553
17344795
17347060
17349760
17349939
17351517
17352169
17352903
17353712
17358024
17361463
17361673
17361792
17364191
17365530
17368210
17371001
17371030
17373754
17376266
17376313
17376379
17376567
17377419
17381808
17381821
17382023
17382828
17386251
17386513
17387879
17388924
17389918
17391297
17392116
17393166
17393397
17393899
17397532
17400007
17401940
17402715
17405786
17406184
17407167
17410086
17410813
17413086
17414368
17417341
17418198
17421233
17421658
17423568
17424699
17427022
17427031
17428222
17429870
17432530
17433031
17433639
17436274
17437793
17440301
17449278
17450309
17453383
17454173
17456978
17459490
17460484
17461592
17465161
17465879
17467746
17469185
17474681
17475421
17476884
17477421
17478035
17478259
17479288
17480402
17481273
17481405
17481509
17481548
17484462
17484591
17485046
17486468
17491620
17491878
17493210
17493969
17497451
17503743
17504151
17505452
17509085
17509380
17512527
17513788
17516412
17516703
17517899
17518301
17519363
17520026
17520371
17521465
17528930
17530450
17530830
17531419
17539534
17540965
17541046
17545770
17545812
17549922
17550000
17557658
17559778
17560326
17565692
17569819
17572578
17573848
17576620
17577685
17579416
17585976
17586567
17587031
17587682
17588389
17590466
17591538
17593972
17595575
17596705
17597077
17597904
17604276
17607224
17607517
17609045
17609482
17612860
17613538
17618640
17620775
17621122
17623038
17623887
17627903
17629282
17630612
17630917
17631104
17632580
17633876
17636134
17641164
17643441
17645215
17647177
17652123
17655082
17656619
17657124
17657249
17659655
17660340
17666460
17666633
17667028
17667287
17671692
17675564
17678200
17680252
17682907
17683179
17687226
17688295
17691578
17694538
17695171
17695965
17697620
17699460
17701905
17702821
17703854
17705936
17708094
17709277
17709902
17710104
17711962
17718380
17721892
17722104
17723619
17723878
17724424
17724554
17725853
17726838
17727680
17728206
17729262
17732241
17736124
17739167
17740675
17741394
17744714
17746474
17750997
17752624
17753483
17754845
17757360
17757581
17757956
17759922
17766131
17766876
17772745
17775848
17777776
17779152
17780517
17783446
17783691
17784828
17787415
17795248
17798271
17800777
17802072
17805753
17813368
17815666
17819728
17820397
17821236
17826714
17829478
17829688
17830447
17831175
17832693
17835338
17840278
17840828
17842788
17845183
17845860
17847312
17848954
17849706
17850104
17851213
17858453
17858555
17859660
17859869
17863141
17864036
17864341
17866389
17868394
17869632
17871595
17872544
17876143
17876420
17877742
17879069
17879981
17881645
17882146
17886013
17888626
17890979
17895922
17902849
17904966
17904999
17908730
17912941
17915036
17915977
17916488
17919072
17920238
17922265
17924723
17928021
17929392
17930434
17931452
17931613
17934175
17938163
17940621
17940666
17942819
17943422
17947955
17948934
17949110
17950982
17951115
17952080
17956049
17960784
17962378
17962444
17966570
17969534
17972467
17972804
17973628
17974759
17975244
17976425
17977554
17980605
17983511
17983594
17986612
17986751
17987633
17989266
17989347
17989818
17993981
17994196
17995944
17996387
17997150
18001500
18001557
18006245
18006723
18007538
18007566
18007636
18009698
18015198
18017651
18017982
18019043
18019114
18019410
18020313
18021167
18026874
18029390
18030317
18031083
18031827
18035665
18036032
18037035
18038944
18044619
18044838
18045832
18046486
18046872
18048590
18050357
18056907
18057052
18058707
18059060
18060528
18063260
18063689
18066770
18067376
18068520
18070393
18070426
18070458
18070612
18071759
18071833
18071941
18074498
18075549
18077322
18078452
18079468
18079857
18082146
18083044
18083111
18087065
18088157
18088362
18089646
18090758
18092761
18093231
18094442
18094713
18096350
18104296
18107724
18108689
18110557
18112686
18112907
18113004
18113180
18114670
18116092
18118841
18118915
18123411
18125672
18128870
18129807
18131246
18131999
18132489
18132651
18132998
18133577
18136333
18138297
18138870
18148175
18149066
18149161
18151272
18152104
18153358
18156838
18162041
18162584
18166117
18171820
18171879
18173879
18174363
18176757
18176993
18179889
18180069
18180811
18182159
18184663
18186899
18191867
18192663
18195378
18198082
18201226
18208069
18209460
18211383
18215861
18220040
18223802
18225013
18227066
18228011
18230992
18232636
18232676
18236189
18238074
18239112
18239511
18243306
18245267
18256402
18257073
18257365
18261280
18264694
18264933
18266608
18267143
18267855
18273286
18273578
18275435
18276923
18277210
18278390
18281602
18284204
18286012
18286252
18288975
18289079
18291067
18291846
18298759
18301710
18302537
18302601
18304607
18309682
18312978
18315787
18316339
18320586
18326200
18326462
18329014
18331051
18334409
18334827
18336454
18336522
18338246
18338438
18341092
18342270
18343044
18343829
18346099
18346276
18348313
18351722
18354417
18354424
18354465
18357362
18360207
18361460
18362737
18363416
18364914
18365044
18365397
18366034
18369838
18369866
18372145
18373436
18374643
18379928
18380094
18381451
18383989
18392599
18392949
18395349
18398348
18401140
18401763
18402209
18406525
18409375
18415400
18416404
18417485
18417993
18418057
18418257
18422016
18426572
18431446
18432182
18434467
18434493
18436379
18436811
18437591
18437856
18443317
18443360
18449158
18450819
18451770
18455757
18456247
18456686
18457518
18458308
18461803
18462309
18462727
18463868
18465107
18466724
18467310
18468621
18469725
18471256
18472960
18475529
18477777
18478675
18479558
18480140
18482808
18484962
18485367
18487502
18488065
18490325
18491765
18493853
18494756
18496093
18496170
18496377
18497133
18497301
18498068
18498781
18499170
18499670
18500129
18501371
18503555
18506048
18507350
18510411
18513327
18518718
18520095
18520201
18521188
18522428
18523809
18527468
18528305
18529496
18531203
18531374
18537286
18539053
18540694
18542786
18544862
18548949
18550240
18551318
18554150
18555309
18556149
18556465
18556494
18558171
18561698
18561774
18564000
18565447
18578496
18578532
18578673
18579944
18582111
18584611
