2391
3389
4362
10839
12394
21881
24955
26626
27580
27647
27899
29079
29291
29347
31669
33677
38689
39170
40846
41211
41760
47286
47657
47686
51016
51117
51937
53759
61027
64061
66747
72299
73547
79931
81979
82017
84264
86427
87819
89492
90042
90691
91301
95357
98455
99069
99593
102129
103325
107677
108459
108960
109370
113425
116235
117453
117507
117600
118775
119834
121055
126507
126657
130500
131775
132032
132468
132791
137380
138045
139470
140174
140798
144721
144775
152299
154512
156311
158100
158373
159216
159236
159838
163849
167091
169204
173917
178305
182515
183490
183660
186276
190036
190988
191361
192168
194813
195078
202573
202713
202860
204341
207007
207950
208501
209037
213417
213501
214762
215088
215321
215943
218846
220602
221038
221816
224728
227648
228909
232405
234870
240804
243628
245032
245067
245239
245300
246496
246813
247684
248212
248977
249025
250096
251761
252403
254808
256768
256983
257015
258696
260192
260673
261371
262190
263240
263471
263973
267606
270081
272014
272789
275860
276258
277241
277505
278407
282190
282362
284050
286216
287224
287840
288138
289797
291047
294949
295574
296482
298072
298991
299376
302464
304712
305256
307808
308556
309499
310566
312280
313102
313375
315259
315884
318783
319454
320049
323247
326444
326624
328697
329000
331898
337976
340434
340479
342632
343235
347768
348747
348923
350795
350928
351893
362654
362716
364103
364520
367507
369908
377850
378893
380040
384741
386340
388515
390089
391286
392367
393080
394861
395467
398538
402170
403478
408317
408329
409269
409708
411552
412699
413933
414082
420697
425357
427215
429226
432986
435318
435402
437792
438156
438985
446227
449317
450565
452228
452649
455483
455842
456398
460413
470739
481556
484889
489098
491199
495648
496191
496535
497790
499276
500057
502186
502807
504454
506170
509601
510068
511124
511994
513331
513535
514308
517291
517307
520587
520776
523317
527672
529122
530454
531779
532383
533693
536281
536550
540597
541495
544450
546287
548770
550198
552224
553049
554410
557837
560274
560424
562497
564236
564944
566138
569691
570549
573437
574853
574859
576663
577690
581650
582901
583818
585826
586911
592272
594595
597851
598613
599800
601021
601704
602857
603319
603622
604202
606314
612525
613913
617294
617980
621879
623987
625202
629237
630925
631870
633173
633627
637041
640385
640852
641035
642443
642975
643575
644243
648333
648938
649908
651124
651816
653861
656302
656733
657043
658343
658398
658903
662641
663304
665509
668200
672568
672739
675306
675870
676567
680345
681600
683455
686173
687140
689463
690192
692730
694138
695882
697445
699048
700877
701723
709613
710914
713735
718002
718209
720193
721208
721562
721628
722337
725017
726543
731417
732263
733438
734350
736157
736179
741884
743910
744494
745537
746414
748802
748956
749497
750711
754271
756165
758871
761184
761824
763244
767658
768412
768523
768746
771860
772634
775482
776751
777056
778440
779657
784233
786309
788266
788948
790007
790115
791109
791183
792484
793056
798988
804191
808207
809632
809911
815711
818450
818457
818598
821679
821916
822672
824700
824783
827801
827940
828822
830455
830536
831007
835170
835385
837133
837576
838339
840059
840706
842227
844530
846364
847748
851039
852669
852766
857099
858058
861433
862393
866242
867217
871041
873534
874768
876195
877064
879890
880418
880488
880856
881579
882837
884003
887257
888858
888942
889012
890290
901244
906595
907571
908217
908502
910008
910906
911360
915956
916295
916401
917158
918760
919638
922144
924286
932093
933262
933377
933741
936670
937318
937395
937602
938358
938526
939293
940006
940395
940895
941354
942596
944780
947273
948575
951636
953284
953288
953346
955417
958445
958915
964184
964428
964781
964986
965256
967919
968824
968843
970513
972830
979590
980317
987361
989237
993039
996623
996698
1005412
1005539
1006200
1011488
1014826
1019023
1020240
1020559
1021292
1021501
1024005
1027256
1027303
1030340
1030484
1034420
1040740
1040957
1043904
1044211
1045437
1046164
1051209
1052223
1056351
1056683
1059234
1060392
1060730
1061034
1062003
1062821
1065007
1065461
1066518
1066922
1067477
1069733
1070030
1070571
1071648
1071655
1071663
1075602
1076447
1076735
1078682
1079395
1081766
1087848
1088163
1088339
1089014
1090126
1090681
1098746
1099286
1099723
1106462
1106566
1108554
1109333
1116246
1119197
1120024
1120088
1122094
1123796
1124839
1129684
1132419
1132550
1140436
1143127
1143227
1145054
1147566
1149389
1149522
1152137
1153315
1154001
1154601
1155259
1155979
1158596
1159943
1161974
1162700
1165700
1167530
1168077
1168307
1170158
1172388
1173088
1173498
1174177
1174740
1175470
1178024
1180099
1182570
1182795
1183067
1184219
1186753
1187482
1188198
1189063
1195115
1195205
1198847
1201134
1207922
1210717
1211625
1212704
1214018
1215632
1215704
1216567
1216870
1218452
1220513
1221696
1224219
1230474
1232975
1234252
1234770
1235250
1243980
1244757
1246015
1248269
1251417
1252236
1252796
1253023
1253630
1256561
1257505
1258039
1258686
1260021
1261273
1261275
1269134
1270053
1273002
1275932
1277444
1283622
1283658
1284149
1286570
1287676
1289079
1289196
1290229
1290250
1291941
1293246
1293446
1294011
1295089
1295926
1297573
1300269
1301222
1301304
1305092
1307071
1308186
1310816
1314489
1320194
1320499
1322499
1323328
1326610
1331004
1331463
1331822
1334574
1336407
1336568
1337259
1338228
1338475
1339996
1344455
1344578
1346517
1348322
1348507
1357604
1360063
1360772
1362007
1363687
1364248
1368367
1369245
1370764
1371565
1372510
1373654
1377824
1380077
1380168
1380726
1380980
1382361
1383256
1383402
1384206
1384414
1384644
1384816
1391885
1392382
1393934
1394503
1396278
1403009
1403054
1404440
1409152
1409587
1410627
1411234
1411804
1412828
1413782
1415251
1417447
1417611
1421094
1426396
1426880
1428554
1439637
1439683
1439944
1441535
1445026
1445987
1447373
1455039
1455374
1457524
1458526
1459845
1464370
1465871
1465948
1467299
1471895
1474156
1477354
1478291
1479730
1480483
1480973
1481135
1481482
1482061
1484817
1486781
1487354
1489460
1490248
1491526
1492212
1493796
1494725
1495058
1497204
1499280
1501416
1502690
1503230
1506484
1507024
1507338
1510808
1510929
1513356
1514969
1516760
1517807
1517986
1518126
1521003
1521484
1522047
1522866
1523226
1526336
1527373
1529035
1529609
1530744
1530978
1532274
1534163
1535632
1537986
1540318
1540640
1542466
1542641
1543281
1544160
1545481
1546140
1549112
1551126
1556111
1557712
1562706
1564165
1567834
1570752
1576143
1577520
1577626
1578613
1579853
1581234
1589058
1589459
1591395
1591723
1592353
1595288
1595453
1596039
1599075
1601925
1603095
1608007
1611039
1615577
1616988
1620402
1621961
1622634
1624114
1629349
1629977
1631034
1631948
1633274
1634449
1634749
1638835
1643817
1649801
1650457
1652635
1660142
1662051
1662326
1662996
1663481
1666434
1668127
1668415
1673458
1674276
1676620
1677200
1677213
1677306
1681038
1681772
1682505
1685515
1688080
1693290
1694063
1694819
1698591
1698834
1700353
1702302
1702532
1704710
1707657
1709720
1710109
1712398
1713296
1713363
1717317
1718409
1718614
1719898
1721010
1723013
1723483
1725820
1727462
1728687
1728901
1731185
1732552
1732794
1737137
1738533
1740818
1741359
1746333
1751672
1751894
1752755
1752937
1754949
1754977
1761686
1767838
1773703
1773710
1776320
1778763
1780385
1783079
1783776
1784252
1784299
1784419
1784500
1787864
1787960
1788024
1789181
1789349
1789995
1790328
1795762
1796560
1797105
1797891
1802531
1802695
1802893
1809170
1810151
1810266
1810686
1811355
1812629
1816267
1816689
1818340
1819369
1819904
1821557
1821721
1823108
1827290
1829218
1830697
1831087
1831244
1832196
1833665
1840187
1845788
1846328
1846622
1848019
1852424
1856105
1862409
1866034
1866217
1866599
1866835
1868567
1868602
1868670
1870146
1871837
1873771
1875658
1876908
1878815
1879712
1880281
1885904
1886610
1889761
1889841
1894130
1894362
1895632
1901282
1901439
1904482
1907378
1907563
1908151
1910661
1912798
1914626
1917445
1917877
1918303
1920028
1920727
1922732
1924734
1925868
1926693
1927397
1931824
1932940
1935444
1937680
1942648
1943444
1946159
1948863
1950854
1953210
1953614
1954525
1956975
1957380
1959231
1961503
1962647
1963929
1965770
1967448
1969914
1973842
1974769
1976023
1977149
1978210
1981033
1982318
1983268
1983730
1985051
1985266
1985816
1987268
1990779
1991623
1991848
1994058
1994883
1994910
1995626
1995939
1996198
1998867
2001709
2002368
2003955
2005046
2007400
2007787
2007901
2012472
2013606
2013997
2017049
2017408
2020071
2020182
2022957
2025192
2026754
2029345
2030887
2031918
2032933
2033546
2035035
2035497
2035838
2036615
2042943
2044451
2045170
2048490
2050250
2051596
2052075
2052871
2056445
2058643
2060323
2069663
2072356
2073518
2077340
2077602
2078991
2082736
2083298
2083574
2084850
2085481
2086825
2088165
2088339
2092303
2092473
2092883
2093409
2095421
2097408
2101537
2101885
2108422
2108605
2113727
2116096
2118112
2122434
2123984
2124128
2127113
2128424
2130457
2130541
2130759
2131327
2131409
2131656
2133749
2135321
2137817
2142105
2150075
2153052
2153863
2154762
2156635
2157103
2158403
2160349
2162417
2164318
2164947
2167363
2173272
2173724
2175632
2179786
2185560
2188736
2189086
2195027
2195466
2195880
2195994
2196292
2196502
2198359
2198580
2200292
2200373
2200415
2201119
2204669
2206324
2208164
2210609
2211525
2212558
2214640
2216798
2217981
2218606
2218808
2219070
2224514
2227250
2227624
2227934
2229118
2229787
2230511
2230839
2234334
2236416
2237889
2238000
2241091
2243497
2244502
2245350
2246398
2250742
2255880
2258613
2261962
2265094
2268490
2273350
2274015
2276200
2282086
2282809
2284421
2285284
2287818
2289879
2290122
2290593
2293289
2293557
2294233
2296435
2305039
2305089
2306971
2307221
2309943
2318139
2320775
2322827
2325482
2325925
2333873
2334456
2336264
2336927
2340624
2340851
2344630
2347069
2348816
2351086
2351159
2351589
2353562
2354790
2354836
2357010
2358235
2362101
2363397
2364550
2370542
2372520
2373588
2374696
2375712
2376219
2376514
2381105
2384780
2384955
2389006
2389885
2392191
2394377
2397564
2399184
2402416
2404990
2405995
2407557
2407966
2409445
2409495
2410567
2411770
2415227
2415492
2415815
2416132
2417497
2419483
2423304
2426083
2431283
2433018
2433298
2433588
2439214
2439624
2440137
2441335
2442646
2448857
2449886
2453519
2456902
2457336
2466253
2466444
2467281
2475732
2478028
2482223
2482579
2483733
2483841
2484584
2488291
2491664
2492120
2494341
2496532
2497845
2499308
2501637
2501649
2501768
2502247
2503703
2508270
2508705
2509774
2511999
2512147
2513234
2514322
2517947
2522976
2526462
2528815
2533758
2540685
2542802
2542835
2548181
2548856
2550642
2550996
2554876
2556223
2556568
2558179
2560482
2561370
2564170
2565636
2567058
2567662
2568552
2571527
2574302
2575519
2575692
2578071
2579541
2579695
2580861
2581468
2582026
2588004
2589418
2590969
2599157
2601734
2603800
2609862
2616420
2618874
2619618
2623312
2624786
2625809
2630190
2630883
2634594
2638583
2639240
2640759
2640976
2642433
2642750
2643182
2643622
2651534
2652068
2654225
2654470
2655607
2658194
2666027
2669050
2672275
2673892
2674478
2675789
2676893
2678424
2680128
2682697
2684945
2686461
2688343
2692767
2697638
2702537
2703062
2703903
2704814
2705319
2705940
2706968
2707291
2708771
2710182
2711557
2711835
2712527
2716899
2717788
2718099
2720684
2720894
2720943
2723217
2724545
2726696
2726981
2728338
2729183
2730615
2730863
2733187
2735617
2737082
2738998
2739847
2743863
2745242
2746572
2746877
2747064
2748540
2753256
2755250
2759149
2759870
2762289
2762489
2768007
2771706
2772767
2774991
2779474
2780241
2780260
2780279
2780889
2781978
2782448
2782893
2783559
2783983
2789024
2792286
2793553
2794813
2795367
2795401
2795710
2796605
2796836
2797111
2797170
2797336
2798530
2798764
2802126
2804740
2806285
2807959
2808307
2809430
2809734
2812514
2813121
2814240
2818157
2819953
2820844
2822608
2825051
2830410
2830563
2830630
2831265
2832664
2833729
2834062
2834756
2836261
2836489
2839343
2839535
2842289
2843310
2845413
2846706
2846753
2849988
2851249
2851782
2853455
2854342
2854788
2854933
2856270
2856387
2857817
2860417
2861221
2861541
2864676
2868205
2869070
2873164
2874008
2874205
2875172
2881576
2883213
2884357
2887510
2892001
2896914
2902176
2902522
2913786
2916161
2920830
2921232
2921663
2927099
2927412
2928007
2928711
2929259
2929636
2932828
2946687
2947352
2952383
2955917
2956590
2958270
2962602
2965022
2967173
2969623
2973653
2979168
2979515
2981633
2983045
2987832
2988211
2989452
2990741
2994031
2994174
2995741
2995747
3000696
3001219
3009545
3013666
3016253
3016572
3018959
3019314
3020739
3022689
3024315
3027664
3030628
3031297
3034061
3038361
3040274
3040772
3044040
3046059
3049125
3049747
3049895
3050310
3051253
3051679
3055123
3056098
3060298
3063717
3067080
3067725
3069024
3070902
3071112
3071789
3072619
3075425
3075461
3077612
3080768
3084632
3086073
3086156
3087238
3089132
3092163
3095205
3095225
3095928
3098739
3103630
3105970
3108022
3109152
3109524
3110351
3116723
3119671
3119964
3121492
3121929
3123365
3125732
3126905
3128516
3128751
3130762
3135754
3135756
3137414
3143405
3145111
3147563
3148400
3148814
3149206
3150445
3155012
3157087
3158564
3160306
3161260
3161734
3162379
3162984
3165120
3165739
3170000
3174904
3177906
3177995
3178334
3178826
3179657
3182285
3182583
3182679
3187760
3193164
3193788
3196389
3196507
3199078
3200044
3200489
3201153
3203689
3205193
3206412
3207858
3212255
3212436
3212593
3214091
3217565
3219443
3221389
3223758
3224668
3225599
3226205
3227139
3227927
3230453
3231795
3231983
3234066
3234157
3234928
3235639
3236040
3236877
3241207
3244180
3248040
3251847
3252160
3254071
3257463
3258249
3260370
3271087
3273583
3274599
3274949
3275736
3277988
3280860
3281400
3283931
3284249
3287198
3288084
3289387
3291617
3291650
3295513
3301009
3301749
3303212
3303749
3304363
3304587
3305616
3306730
3307601
3307733
3307837
3307876
3310790
3310919
3311374
3312694
3312774
3316151
3319449
3319864
3320066
3320383
3320699
3322431
3323472
3327564
3328020
3333372
3333925
3336607
3337226
3338998
3339758
3348601
3350111
3350804
3351149
3352448
3353783
3353931
3354001
3354704
3355398
3356365
3356381
3356450
3357654
3360342
3361571
3364473
3364892
3366046
3367690
3368325
3368553
3371641
3375182
3376498
3380174
3380222
3381452
3382108
3384188
3385202
3386901
3387421
3387624
3389224
3395585
3396079
3396251
3397259
3398275
3400489
3402134
3404093
3405682
3406463
3406906
3406980
3407831
3411590
3412176
3412221
3412429
3412571
3412579
3412696
3414335
3414840
3415532
3415917
3416601
3417865
3417908
3417941
3418940
3420475
3422767
3422815
3423482
3425937
3426484
3429496
3432960
3433681
3434070
3435572
3437043
3440260
3444892
3445620
3447138
3449783
3454723
3455273
3457233
3459628
3460305
3461757
3467454
3474365
3478969
3480188
3482823
3483785
3485313
3487327
3487938
3489087
3491863
3492226
3492389
3492739
3493622
3493793
3494520
3496684
3497834
3500309
3501958
3503332
3506793
3509005
3509718
3511098
3513800
3515999
3517126
3520386
3523884
3524391
3526918
3527526
3528595
3533220
3539578
3543263
3546848
3548766
3548834
3549980
3551073
3552397
3555105
3555234
3557441
3559152
3561165
3563285
3563817
3567963
3576309
3577083
3578646
3579686
3580060
3581355
3585036
3593694
3595917
3597614
3598534
3600141
3600851
3603783
3607657
3618700
3620751
3627304
3632124
3633952
3637478
3639501
3640528
3645314
3646465
3647090
3648542
3649134
3650852
3651273
3651901
3651957
3654076
3659136
3659914
3663787
3664899
3664956
3665218
3667016
3668870
3680532
3681341
3681381
3681714
3687391
3691245
3692520
3701308
3702001
3702867
3703632
3704288
3705048
3706799
3708073
3708130
3720010
3720476
3722160
3724926
3726880
3727453
3729207
3731506
3731941
3733228
3741566
3742494
3742701
3743190
3747726
3748350
3748424
3751477
3751940
3753678
3756680
3760549
3762060
3763536
3765532
3765953
3770116
3773276
3775746
3777789
3780144
3781582
3783198
3784555
3786114
3788173
3788272
3788411
3791503
3801986
3803536
3803726
3810932
3811813
3813513
3813894
3815225
3816089
3816810
3819011
3821469
3822644
3824682
3825914
3827495
3829635
3830224
3833230
3834068
3834082
3835563
3838247
3838593
3840059
3840469
3842164
3843335
3845227
3848047
3848962
3852097
3855545
3857467
3857910
3862708
3864909
3865976
3870208
3871034
3872913
3874173
3875233
3875500
3875550
3881059
3881970
3887468
3889889
3890390
3891709
3894745
3897904
3898337
3900359
3901345
3901737
3903738
3906685
3908386
3908823
3912523
3915012
3917037
3922752
3923668
3927725
3927775
3929967
3930714
3933166
3933840
3935162
3935242
3938428
3939985
3940968
3943012
3944053
3945248
3946140
3948624
3948985
3952433
3952920
3954470
3956995
3957333
3958606
3960446
3961151
3961501
3962160
3962628
3964395
3967310
3969551
3970291
3975084
3977247
3985770
3987980
3990385
3991728
3992274
3992918
4000580
4001428
4003084
4007724
4009507
4009552
4009804
4010917
4011985
4012893
4013509
4016159
4016718
4018348
4021370
4027170
4027385
4027403
4028743
4029287
4033135
4035863
4037040
4037952
4038833
4040554
4041239
4042338
4042397
4043288
4043927
4047251
4047402
4047807
4051021
4053374
4056062
4063401
4066499
4068329
4070922
4071245
4075969
4076610
4077347
4085653
4087463
4087986
4089935
4091262
4092615
4093056
4096340
4100905
4101197
4102875
4103136
4104111
4104320
4107592
4108487
4108792
4110840
4112845
4114083
4116046
4116995
4120033
4122199
4122593
4123827
4124015
4135436
4137287
4138883
4139995
4140502
4142834
4142866
4144012
4146112
4147599
4147719
4151198
4152143
4153039
4153723
4156477
4156811
4157017
4157644
4160179
4160371
4161519
4162014
4165296
4165667
4166500
4168431
4170980
4174382
4174599
4176027
4178676
4178823
4179573
4179660
4180907
4182213
4182868
4183307
4183495
4184403
4184867
4187456
4191446
4192663
4195858
4196008
4197703
4198035
4199244
4202704
4204120
4209040
4209825
4210960
4213361
4214603
4220188
4221265
4226442
4226890
4232633
4235414
4239284
4242707
4245081
4245803
4254642
4254937
4267353
4269797
4270532
4270664
4270679
4274177
4275043
4275255
4282702
4282953
4285186
4287853
4291589
4295003
4295242
4296917
4297452
4298164
4303595
4303887
4306618
4307821
4309133
4312370
4314232
4315334
4315745
4318556
4321671
4321841
4324079
4325136
4325171
4325512
4333143
4335948
4338530
4341443
4341550
4342277
4343847
4344539
4345496
4346075
4349390
4350059
4353410
4353689
4358823
4360402
4361590
4362777
4365150
4368864
4369479
4369743
4370545
4370768
4372411
4374850
4376170
4376667
4377098
4378264
4379624
4379826
4379848
4380846
4383331
4384293
4384807
4386599
4389722
4392839
4393471
4397059
4400054
4401379
4407759
4408874
4409957
4409961
4410037
4410343
4414311
4415029
4415200
4415832
4417745
4418068
4419294
4426587
4428727
4431740
4432912
4434179
4436161
4437247
4439095
4444029
4446527
4447903
4448532
4449432
4452751
4453548
4453682
4454988
4459117
4461194
4465506
4471713
4473501
4475835
4476840
4477375
4478543
4478548
4482341
4483122
4487690
4488175
4488900
4490293
4497057
4499442
4499935
4502811
4504872
4506245
4508552
4508874
4509081
4509347
4510302
4513111
4515271
4516620
4517704
4518596
4522004
4523242
4528034
4530553
4530646
4532415
4533089
4539362
4539369
4548920
4549796
4550551
4551592
4552329
4555605
4555939
4556512
4558111
4561316
4562372
4562397
4562407
4567565
4568363
4569762
4575179
4577397
4579031
4579902
4581870
4583644
4586439
4590153
4590337
4593562
4597324
4598535
4600588
4601533
4604514
4606158
4606198
4612107
4613538
4613619
4618343
4618385
4620092
4620327
4622520
4626194
4627738
4627982
4637874
4638326
4638577
4639161
4645088
4645897
4650436
4651105
4652704
4653342
4653349
4653593
4653741
4654443
4655282
4657139
4657623
4659810
4660592
4664732
4667444
4667840
4669895
4670772
4671780
4673436
4673899
4678353
4679285
4680498
4681514
4681515
4683333
4685539
4686040
4688264
4688677
4689657
4690115
4690269
4690485
4690503
4699617
4700673
4702214
4702504
4703844
4706507
4708677
4708852
4710934
4711199
4714497
4715870
4718185
4719447
4721788
4728101
4739171
4742691
4745874
4746637
4748160
4749421
4752437
4754482
4755551
4757092
4759374
4760950
4762218
4763471
4764529
4771565
4773263
4774835
4776239
4780773
4782622
4783771
4784882
4785418
4785564
4786615
4787328
4791461
4795050
4797776
4799062
4803043
4811085
4813002
4814238
4816239
4816868
4817366
4817484
4819633
4820596
4822557
4823499
4831205
4832493
4833126
4834921
4838331
4838380
4839390
4840860
4843150
4846396
4847008
4847188
4848821
4852714
4857218
4857363
4859018
4859371
4860839
4863571
4864000
4865318
4865551
4865971
4867499
4868363
4869579
4871238
4872123
4877640
4877665
4878003
4879682
4879966
4881707
4882443
4884071
4886295
4887554
4890320
4895713
4898730
4901202
4902545
4905156
4905548
4905669
4908372
4908721
4909435
4910560
4913668
4917169
4920967
4921722
4922275
4931876
4932891
4933901
4935098
4939717
4940941
4941224
4943624
4943882
4945161
4947777
4948728
4951470
4952633
4953203
4954875
4955638
4956247
4956525
4959458
4960405
4963779
4965291
4968370
4969586
4970037
4970940
4974211
4976375
4984509
4986833
4987190
4995011
4997307
4997309
5002318
5002574
5003950
5005612
5006229
5006575
5008874
5011307
5012023
5014342
5015786
5018000
5019663
5022245
5024172
5024498
5028365
5033727
5034945
5037930
5039601
5046863
5048916
5051218
5052205
5054625
5055100
5055559
5057323
5065411
5065493
5066186
5067174
5068517
5069980
5072508
5072766
5074394
5074876
5076025
5083184
5083944
5084157
5089913
5090687
5094004
5096036
5097591
5099759
5100313
5100966
5101841
5106259
5107000
5113270
5114567
5115759
5116662
5119756
5122574
5124539
5126499
5128347
5130024
5130398
5134655
5136264
5138541
5142864
5143627
5144089
5144939
5145402
5146568
5146752
5147898
5148095
5148527
5150251
5151162
5156540
5157435
5158451
5159500
5160011
5163873
5164046
5164342
5166842
5166954
5167047
5167884
5170183
5170521
5171391
5172669
5178762
5178841
5186664
5188261
5193750
5195084
5197277
5198421
5199275
5199446
5199587
5200071
5200282
5200345
5201032
5202045
5202309
5203081
5206145
5207514
5207629
5207634
5209441
5209833
5209898
5210547
5211470
5212700
5213830
5216115
5217488
5223705
5224067
5225961
5226334
5228265
5229291
5231537
5234797
5236128
5236163
5236183
5239729
5242294
5242455
5242813
5245423
5245856
5245973
5250642
5257044
5260696
5266049
5272856
5272886
5272973
5273791
5274465
5274636
5278409
5283975
5284433
5287849
5291020
5291115
5291899
5292089
5304637
5307679
5308203
5310646
5312226
5312754
5313600
5313864
5315260
5316452
5317370
5319576
5326746
5329211
5331074
5331805
5332135
5334337
5337085
5337288
5340086
5340762
5346570
5346861
5349264
5349355
5349831
5354121
5357837
5357979
5357980
5358838
5359166
5359782
5360423
5363098
5365193
5368826
5369121
5372268
5373529
5376153
5376444
5377640
5378042
5379104
5379767
5380112
5383313
5384158
5386306
5386902
5387718
5388474
5388721
5391900
5393495
5396733
5397190
5397673
5399199
5402082
5406377
5411954
5412039
5412616
5415560
5417363
5417905
5420474
5420520
5421914
5422336
5430293
5434120
5435897
5439475
5442591
5442619
5442947
5446927
5454152
5455747
5456946
5457059
5458739
5459629
5465309
5466248
5466741
5466849
5466974
5467881
5468652
5470729
5473572
5474418
5475225
5477371
5477950
5484894
5489490
5490602
5492141
5494369
5495282
5495334
5495969
5496926
5497951
5498479
5499623
5499841
5501707
5502972
5504547
5505023
5505307
5508877
5509379
5509697
5509917
5510389
5510495
5511792
5516381
5516589
5520604
5523412
5523426
5525614
5527916
5527995
5529419
5530609
5531864
5532710
5535351
5537104
5537370
5545403
5551428
5552432
5553513
5554021
5554085
5554285
5556941
5558730
5559986
5560740
5561305
5569078
5570883
5572099
5573007
5575096
5576324
5576549
5577750
5578031
5578511
5579046
5579760
5583456
5588112
5588233
5590033
5590968
5592703
5593387
5602436
5603468
5608385
5610605
5612060
5612648
5615282
5615594
5615929
5618709
5624435
5624619
5625117
5625345
5627016
5631418
5631866
5632536
5634538
5634947
5635355
5635628
5637086
5638854
5639583
5643307
5643398
5648102
5650126
5657267
5659683
5662331
5664328
5670330
5671009
5672507
5672637
5672990
5673627
5677431
5677459
5679738
5681029
5682236
5687521
5687687
5690044
5695247
5695790
5699323
5701432
5705128
5708477
5708700
5717334
5721577
5721851
5723144
5725241
5725932
5727241
5727278
5728052
5728754
5729881
5730431
5732336
5732612
5733328
5733626
5734235
5739479
5740150
5741755
5746474
5749637
5749957
5752907
5756080
5756645
5757223
5765922
5772242
5772803
5773194
5779489
5780745
5780857
5781298
5782512
5783584
5789198
5790329
5791733
5793605
5793828
5793966
5794777
5795300
5798284
5799208
5799676
5801282
5805442
5807583
5811123
5811418
5812277
5813628
5814802
5816192
5819885
5819944
5823963
5824513
5825645
5828573
5828967
5828979
5829898
5837253
5837319
5837560
5839289
5841052
5841369
5842140
5842185
5843012
5846997
5848732
5850944
5851574
5855131
5855775
5863177
5863264
5863497
5863924
5865662
5868161
5869062
5871027
5872828
5874081
5877957
5878966
5879358
5882714
5892693
5892865
5893580
5894266
5894625
5895479
5896241
5898190
5898197
5904540
5906669
5906770
5908206
5909550
5909847
5918826
5923037
5925132
5926073
5926584
5929168
5930334
5932361
5936180
5937182
5937185
5939435
5942878
5943693
5943712
5944079
5944432
5948467
5948539
5950310
5951776
5952837
5962353
5963929
5963973
5964410
5964767
5970682
5971651
5973192
5979474
5981628
5982742
5983118
5983236
5983439
5985273
5985707
5985885
5986688
5987224
5989319
5993721
5994136
5996866
5997231
5999534
6000405
6000888
6000951
6002728
6004088
6004516
6007528
6008489
6008678
6008733
6009349
6011901
6013663
6017602
6018561
6020119
6022670
6023856
6024966
6025697
6026918
6028821
6031210
6031389
6032967
6033619
6034353
6035162
6039474
6044783
6046755
6048882
6050256
6050770
6053552
6055823
6056682
6057651
6060784
6062807
6062916
6066384
6067298
6067948
6069454
6070287
6072468
6073226
6073490
6078320
6079232
6081118
6081192
6081475
6082453
6082807
6083581
6085370
6088079
6088517
6090022
6094468
6096750
6097949
6106221
6106853
6107421
6112163
6113289
6113958
6114401
6116313
6120720
6122824
6125391
6126351
6127394
6127536
6128301
6128456
6130825
6131005
6132174
6132868
6133908
6135038
6137967
6138383
6142048
6143360
6148336
6156781
6159228
6160269
6160763
6161358
6162277
6165082
6165637
6166619
6168707
6169154
6169898
6176469
6176704
6180382
6182037
6183375
6185864
6189016
6190465
6194661
6194818
6195094
6197031
6197646
6200216
6201645
6202385
6207840
6208344
6209719
6210285
6211505
6213066
6215459
6216342
6216924
6219592
6221746
6222151
6224286
6224849
6227109
6228549
6230637
6231540
6234904
6235994
6237526
6237853
6239343
6241109
6243270
6244058
6244736
6261377
6265822
6265984
6265986
6266264
6268152
6269571
6270699
6272570
6272812
6274032
6274074
6277264
6278307
6284329
6284962
6285042
6285458
6288387
6288851
6293393
6295226
6303059
6303827
6304310
6307573
6309786
6312867
6315257
6317706
6318542
6318892
6319938
6320949
6322882
6325617
6327022
6327689
6328481
6330884
6331269
6331492
6333575
6334105
6339188
6345273
6349484
6351111
6351970
6353332
6355847
6356068
6356443
6358409
6363637
6364822
6365887
6366246
6368122
6368650
6371482
6371713
6374227
6375728
6375857
6377236
6377727
6379314
6379592
6383453
6384074
6384613
6385223
6385317
6386107
6386218
6387759
6393348
6393689
6393753
6394699
6395731
6397047
6399562
6399898
6400358
6401205
6405402
6406472
6413851
6415232
6419657
6422708
6422842
6427513
6431796
6432082
6432934
6435980
6436391
6438306
6439095
6439556
6441512
6445232
6445815
6445920
6448015
6448673
6449395
6449412
6452280
6454525
6456710
6458445
6462164
6464026
6465790
6468275
6474932
6475842
6480140
6484161
6486069
6487674
6487878
6489816
6490147
6491020
6491033
6493392
6494319
6496806
6501751
6504098
6504413
6508893
6512121
6516250
6516778
6518031
6519209
6520279
6520963
6524178
6526120
6526259
6528635
6531958
6535712
6535969
6537414
6538435
6539853
6544169
6544479
6544922
6545569
6549946
6554255
6555419
6556028
6557910
6563240
6564501
6567635
6573520
6577720
6582587
6586566
6587195
6587842
6592624
6592657
6592663
6595611
6598700
6598765
6599076
6601170
6601242
6603453
6604354
6604465
6606984
6616487
6616560
6619322
6619846
6622261
6623611
6623709
6624567
6631243
6641668
6643434
6653657
6656050
6656510
6659513
6659642
6661647
6661743
6662518
6663477
6663721
6665116
6666716
6668484
6669106
6669938
6671331
6673296
6674933
6676083
6676340
6678814
6678875
6680224
6686711
6688891
6689259
6690393
6693736
6693874
6697053
6697808
6699113
6699832
6700836
6701537
6703744
6705089
6708474
6709113
6710027
6711097
6715902
6725172
6732209
6733385
6734922
6735319
6735423
6737567
6737980
6741106
6743473
6745474
6748055
6748174
6751615
6751628
6752504
6754602
6756226
6760588
6762992
6763066
6765250
6765654
6767534
6767669
6769041
6770293
6777725
6777939
6782063
6783500
6784009
6784888
6786762
6787222
6791902
6792412
6796739
6797981
6798407
6798432
6800150
6801750
6807314
6809010
6811913
6812038
6813147
6817921
6820553
6820576
6821465
6822678
6822821
6824059
6824508
6825516
6825687
6827936
6834022
6836830
6836856
6839512
6840972
6841137
6844207
6845752
6846226
6847945
6854179
6854245
6855981
6856237
6857040
6858442
6860039
6861130
6864071
6867375
6870405
6876820
6879038
6879957
6881150
6883824
6884641
6894305
6896273
6897993
6902731
6903725
6906682
6907784
6910066
6910558
6916181
6918148
6918414
6920320
6921387
6923020
6923106
6925617
6927362
6928220
6928897
6929889
6930853
6931680
6931792
6932035
6933927
6934183
6934507
6936714
6939421
6941356
6942737
6946689
6947082
6951961
6952344
6952851
6953382
6953734
6954957
6955592
6958462
6959071
6959219
6962032
6962373
6964199
6967100
6967243
6968678
6968978
6970636
6973541
6975683
6976973
6978785
6980866
6983685
6984727
6985240
6989589
6989786
6990762
6992354
6993288
6993622
6994756
6995320
6997287
6998631
7000811
7004617
7005164
7006444
7011818
7012846
7013965
7015245
7021357
7023573
7023869
7025436
7027242
7028255
7028998
7029433
7029619
7031295
7035714
7036031
7037101
7039114
7039469
7040334
7043662
7044993
7047776
7048303
7055402
7058605
7059374
7061739
7062977
7063750
7063831
7065529
7066849
7069053
7069390
7069475
7069597
7070834
7072727
7072962
7074563
7075392
7076449
7076618
7078655
7079700
7081955
7084482
7084526
7084901
7085719
7088267
7088889
7089637
7095713
7095851
7099064
7099297
7099687
7099913
7100147
7100587
7101282
7101528
7103251
7103532
7103735
7106420
7108550
7109114
7115264
7118952
7120030
7120646
7121342
7124072
7124839
7125295
7125800
7128088
7133840
7135284
7135605
7135723
7136684
7136789
7136803
7140359
7140528
7141649
7148069
7148118
7148792
7149555
7151529
7152274
7153519
7153640
7154052
7155799
7160105
7161097
7161711
7163476
7164450
7165443
7165458
7167263
7168585
7170404
7171151
7174576
7175336
7176274
7178517
7179120
7180098
7183177
7183243
7183244
7184090
7184299
7186665
7188223
7191757
7197334
7198675
7202714
7208086
7210697
7211375
7212941
7213863
7215200
7217001
7218325
7222749
7222919
7225265
7226602
7227094
7228865
7231393
7240681
7243463
7246448
7247558
7247957
7251651
7253356
7258483
7258733
7261036
7261862
7264556
7266327
7266494
7267388
7267826
7274693
7277956
7279003
7279967
7280131
7281788
7283704
7284370
7285380
7287926
7292733
7294028
7294149
7297383
7299063
7299066
7300850
7304593
7309805
7311108
7317214
7317798
7319369
7323937
7324367
7329655
7330271
7330304
7330328
7331159
7334814
7335176
7338175
7338269
7343880
7344426
7345267
7348441
7348949
7350680
7362931
7367728
7369762
7370633
7374901
7376492
7379210
7383003
7385308
7385951
7388082
7391894
7393216
7393966
7394924
7396797
7397683
7399484
7400771
7401562
7403487
7403790
7405049
7406340
7408008
7408241
7409351
7409455
7411512
7413371
7421295
7421619
7423257
7429260
7431015
7433423
7433570
7433752
7437039
7442292
7442735
7443535
7445360
7449424
7450060
7452343
7458948
7460507
7461510
7463894
7465840
7467654
7471606
7471994
7472522
7476000
7477207
7479114
7480641
7482008
7483823
7485961
7486608
7489179
7491322
7493344
7494141
7495288
7495804
7495931
7502153
7506667
7507547
7507688
7510241
7510509
7513238
7518257
7518373
7519450
7521808
7522215
7525961
7526184
7528395
7531279
7533964
7534335
7537028
7541136
7541169
7542155
7542624
7542829
7544917
7546900
7553364
7566525
7567385
7573237
7577081
7579629
7582129
7583940
7587764
7588442
7593544
7595679
7596280
7597649
7600581
7604241
7604735
7604902
7606021
7606308
7609000
7611999
7612191
7613710
7614581
7618844
7621517
7622377
7623873
7625229
7625668
7628870
7629080
7630718
7638226
7639267
7641828
7642928
7644204
7645238
7651559
7652275
7656974
7657992
7658618
7659029
7662914
7663428
7664071
7664914
7666019
7669247
7670604
7672805
7674498
7677881
7678629
7681969
7682119
7682511
7684596
7685258
7692091
7696613
7700883
7701462
7702256
7703400
7703609
7705486
7706553
7709911
7712264
7712647
7713708
7715702
7716747
7717842
7717949
7719713
7720296
7722293
7724871
7726965
7733087
7733720
7733950
7735252
7735676
7740393
7741895
7742211
7744071
7745967
7748409
7751160
7753749
7754238
7758960
7760955
7761373
7761760
7764002
7770717
7771924
7776069
7776361
7784617
7784989
7787851
7792048
7792614
7793224
7794395
7797293
7803451
7807231
7811680
7819935
7820169
7822682
7824303
7826153
7827272
7827690
7831384
7834580
7836232
7837167
7844272
7847871
7852703
7855348
7857893
7861020
7861750
7862927
7866708
7866970
7869522
7871559
7874917
7875335
7876962
7884972
7885417
7886480
7886597
7887166
7889289
7891095
7891899
7892261
7892931
7893654
7896123
7900755
7901752
7903658
7903946
7905899
7907926
7910106
7911963
7913654
7913891
7920514
7921858
7926509
7927926
7930419
7930552
7932412
7933532
7933640
7937651
7943603
7944845
7945215
7946004
7946340
7947941
7948580
7949514
7949535
7949890
7950340
7953946
7954699
7955422
7955426
7955553
7956731
7959784
7960606
7961102
7962693
7968255
7969734
7969953
7973899
7974364
7974606
7975378
7977352
7982087
7983681
7983747
7987873
7990837
7995560
7999713
8001449
8001580
8007353
8007872
8010565
8011708
8012708
8013197
8013776
8015037
8015189
8015439
8015939
8016572
8021916
8022428
8024835
8025289
8025987
8027207
8028128
8030438
8038333
8040330
8041391
8042001
8044600
8045288
8046967
8049067
8053278
8055272
8055787
8057282
8058576
8066948
8067992
8072470
8074160
8074347
8075159
8076296
8078730
8080671
8084588
8085407
8085554
8085983
8089051
8089192
8090028
8090554
8090885
8094282
8096192
8097569
8098013
8099005
8099179
8099311
8102136
8102374
8103315
8106799
8107520
8107898
8112627
8113908
8116530
8121212
8121326
8121949
8122353
8123548
8125781
8125948
8126461
8126676
8128646
8128699
8128917
8131857
8132780
8138823
8139076
8139085
8139434
8143785
8145331
8145370
8146394
8147128
8158921
8159812
8159907
8162018
8162850
8164104
8176401
8180921
8181456
8181773
8181829
8186473
8187252
8188431
8189455
8189899
8191890
8192802
8193276
8196668
8197287
8199043
8200688
8203359
8204477
8212559
8215254
8215261
8215302
8218199
8221044
8222297
8223746
8225323
8225367
8226363
8227232
8227576
8232714
8234561
8235781
8236562
8238742
8238836
8246799
8248424
8248756
8253131
8254996
8255489
8256409
8258521
8258796
8267811
8268147
8268501
8269202
8269293
8270790
8272645
8273147
8273950
8275593
8277243
8279713
8282785
8285631
8290113
8290814
8290853
8291557
8291982
8295863
8295937
8296101
8296976
8298697
8299247
8299262
8300074
8301904
8302239
8303388
8307875
8308853
8310865
8311630
8311649
8315988
8317582
8318422
8321040
8322005
8322236
8322432
8323183
8324722
8326401
8328450
8330008
8331520
8331799
8332908
8333319
8335073
8335978
8342471
8343802
8345894
8346740
8347098
8347275
8349974
8352276
8353847
8354339
8354489
8355163
8359332
8360330
8362422
8364508
8365190
8365701
8371974
8372893
8373018
8373657
8373880
8377412
8378608
8386996
8387684
8388964
8391824
8392298
8394454
8395583
8395857
8396432
8396608
8397992
8399078
8401377
8402673
8405757
8406133
8406727
8408086
8410285
8411947
8412155
8416574
8416761
8417886
8418219
8419102
8421199
8421200
8422414
8423019
8423467
8423572
8426253
8426298
8427762
8429909
8430776
8433229
8442617
8446071
8446600
8447424
8447431
8447447
8448350
8448619
8450106
8450747
8454266
8455893
8461134
8464304
8464460
8465507
8465992
8469233
8471307
8473997
8474285
8476698
8479300
8480216
8480967
8485613
8486166
8486937
8488491
8490384
8495947
8498394
8499389
8500704
8503097
8504040
8505173
8506498
8507479
8510136
8511289
8512079
8513267
8514780
8518377
8519069
8519169
8519844
8523831
8524321
8524760
8525592
8526382
8529877
8530383
8530801
8531942
8535396
8537646
8539016
8546178
8546776
8555402
8555457
8555586
8557692
8561222
8565829
8566079
8566213
8574081
8576618
8577490
8582403
8585297
8587017
8587943
8588488
8588617
8588944
8591274
8591288
8594392
8595638
8596643
8597697
8597904
8599451
8601321
8602409
8603978
8604326
8611424
8613332
8616809
8618701
8623152
8625326
8625743
8625933
8626522
8629316
8630412
8632064
8632821
8633604
8635671
8637145
8638603
8642499
8648437
8655830
8657721
8658852
8660388
8663927
8665567
8666436
8667387
8667966
8669878
8671027
8671185
8671556
8673419
8674478
8678512
8679558
8682373
8684764
8685487
8685668
8686395
8686407
8690386
8690677
8694861
8695354
8697048
8697148
8698340
8699881
8699943
8701023
8701253
8703720
8703768
8704683
8705124
8707131
8709641
8710594
8711129
8712415
8712464
8713482
8718121
8719092
8723198
8725602
8737713
8738384
8738676
8740048
8743692
8745213
8747336
8751728
8752973
8756644
8758726
8760505
8762349
8762412
8762785
8763835
8764115
8764999
8766095
8766484
8769540
8770267
8772540
8773822
8776795
8777652
8780687
8781112
8783022
8784153
8786834
8787165
8787616
8792781
8793621
8794664
8796194
8799699
8801201
8803214
8804969
8809699
8811186
8820524
8821332
8821530
8822836
8830953
8835600
8838462
8839037
8841191
8842039
8842609
8845800
8852897
8854392
8855292
8856591
8857188
8857597
8858230
8868619
8869040
8870269
8880982
8883990
8884439
8884968
8888094
8889748
8894042
8894328
8894646
8897837
8900708
8900903
8908237
8908940
8910983
8911971
8914584
8920006
8922872
8924272
8925941
8926773
8927522
8927672
8927833
8928214
8929405
8930878
8931930
8936091
8937843
8942423
8943512
8946414
8946574
8946678
8949585
8951465
8952087
8959157
8959339
8960432
8963594
8966888
8967108
8967195
8969143
8971535
8973251
8974347
8976550
8978409
8987422
8989333
8989787
8992630
8993406
8994122
8999424
8999443
9003441
9003594
9007465
9009860
9011974
9014221
9014699
9014879
9017374
9018758
9024029
9025463
9026199
9027400
9029791
9034408
9035014
9035451
9035942
9036413
9038885
9038900
9039945
9040229
9040245
9041240
9041436
9041590
9041747
9043263
9043665
9044656
9048576
9049676
9050651
9051344
9052149
9053382
9053764
9054663
9056006
9056256
9057027
9057740
9058948
9063833
9063916
9064139
9064170
9064789
9065049
9072058
9073346
9074132
9075706
9078129
9080980
9082367
9085063
9085610
9086539
9087132
9087743
9088760
9089541
9089787
9092323
9096648
9099447
9100056
9101308
9107246
9110181
9111828
9114745
9114977
9116704
9118295
9118400
9119597
9120568
9121936
9122312
9125412
9132281
9132642
9132812
9135194
9137619
9139183
9139377
9141955
9144147
9145097
9145907
9147276
9147733
9152776
9157672
9157887
9159030
9159713
9163981
9164471
9164746
9167035
9169106
9169648
9171125
9173632
9176197
9176259
9177724
9179367
9179474
9183231
9183510
9183890
9184464
9191008
9191948
9194317
9194669
9194802
9195707
9196890
9196989
9198700
9198836
9202057
9202267
9203667
9205903
9206212
9212319
9212778
9213858
9214790
9217970
9218229
9221539
9225207
9227829
9228284
9229339
9229344
9231908
9234942
9235343
9235668
9238628
9239507
9241854
9243758
9244676
9244739
9245148
9245659
9245673
9248640
9251587
9255965
9259949
9261149
9271442
9272234
9273181
9273610
9274426
9274951
9276239
9277012
9277379
9281624
9282095
9282901
9284434
9285359
9289522
9289737
9296833
9298540
9305476
9306011
9307735
9308958
9313147
9313519
9314352
9316413
9321213
9321914
9323857
9335090
9335559
9337347
9339697
9340678
9341514
9343100
9347571
9350265
9355759
9358220
9360794
9361530
9361552
9362159
9362312
9365421
9366767
9366966
9367698
9369383
9374308
9375342
9375571
9375803
9376695
9380202
9380611
9382748
9384118
9384349
9385204
9385928
9386479
9387504
9387550
9389027
9389729
9393729
9394568
9395311
9395381
9396080
9397733
9397798
9400099
9401452
9404745
9405525
9408806
9409348
9409457
9411763
9413370
9414111
9416243
9421937
9422034
9425413
9426649
9427393
9427605
9428728
9429698
9433365
9435130
9439910
9443582
9446125
9448778
9451803
9457889
9458152
9458593
9460326
9463128
9466043
9469286
9472943
9474025
9475754
9476013
9479743
9484497
9486026
9486311
9491086
9492552
9495743
9496632
9499584
9501828
9504885
9505323
9510459
9510782
9516657
9518083
9518740
9519443
9521303
9522102
9524190
9529543
9532850
9536145
9540762
9543915
9544330
9545228
9545397
9546416
9548928
9549877
9552415
9552576
9553932
9555548
9555834
9556157
9560689
9563614
9567830
9569699
9569749
9569853
9570738
9571667
9572288
9573397
9574925
9577525
9578554
9579850
9583018
9584587
9589399
9598055
9602957
9605135
9606644
9607131
9609287
9613050
9613283
9614644
9617045
9618109
9618838
9619629
9623164
9624828
9624891
9625154
9626373
9626500
9626932
9633614
9633663
9633713
9634424
9636104
9638878
9646401
9648811
9648820
9650011
9651659
9654319
9654820
9655428
9658063
9659582
9661143
9661895
9662293
9663402
9670642
9670744
9671453
9673291
9674785
9676782
9678784
9682561
9687254
9688028
9691110
9693948
9695712
9695859
9696195
9698344
9700221
9702422
9702938
9703331
9704065
9705586
9705815
9706613
9707770
9709309
9709880
9710343
9714199
9714571
9715784
9715935
9717508
9719372
9721426
9724945
9727005
9727978
9728996
9729443
9729763
9730099
9730415
9731592
9732661
9737875
9738665
9741470
9743982
9744976
9746084
9749653
9750371
9752238
9753266
9754413
9754854
9755424
9756488
9761706
9761870
9762830
9766113
9767493
9769497
9770426
9771616
9772393
9777988
9778558
9778615
9783023
9783555
9783613
9784037
9785900
9786308
9786559
9787462
9788248
9789350
9789929
9791134
9792286
9792561
9792814
9793061
9793247
9793315
9794375
9795313
9795869
9796988
9800653
9801883
9802370
9804493
9804506
9806075
9810067
9811094
9811884
9813519
9813781
9817405
9818177
9818445
9820530
9827292
9829590
9829840
9830627
9830732
9831142
9831299
9832951
9833358
9835282
9839512
9840576
9842922
9844228
9844782
9849885
9851122
9852218
9852296
9854524
9855752
9857561
9859555
9860966
9862595
9863817
9866673
9869231
9869590
9870825
9871273
9873854
9876204
9877142
9878089
9879746
9880612
9882236
9882387
9882392
9882696
9893185
9894462
9897947
9901113
9903352
9903993
9904064
9907200
9909167
9911827
9915045
9915641
9915671
9917104
9917145
9917548
9918833
9921565
9925597
9927299
9928673
9928864
9929895
9930033
9931659
9933224
9935816
9938183
9940634
9941832
9942187
9947718
9948587
9948663
9950058
9950323
9951200
9951378
9952397
9953635
9954337
9956857
9957196
9958937
9959132
9959309
9962460
9963283
9966217
9966782
9968135
9968257
9973103
9973516
9979676
9980377
9980550
9981415
9981958
9982250
9986239
9986431
9986672
9991845
9992078
9993641
9995174
9996182
9996946
9999058
10001178
10001861
10004980
10005096
10007599
10012901
10014006
10017392
10017599
10019956
10025175
10026401
10027775
10028528
10029532
10033973
10034468
10035972
10036427
10037291
10039907
10045177
10046486
10046539
10048066
10049905
10054803
10055243
10056778
10058239
10060595
10063234
10063934
10066535
10067063
10075307
10076421
10078072
10081426
10086720
10091266
10093299
10093959
10094831
10102346
10104735
10104747
10111303
10113804
10114736
10117527
10118301
10119591
10119978
10121776
10123450
10123461
10126256
10127926
10128610
10129606
10129898
10132692
10133513
10138217
10138246
10138368
10139780
10139850
10146778
10147061
10152040
10152459
10152657
10156903
10158083
10159322
10163533
10165831
10169893
10170562
10171401
10176879
10179643
10179853
10183044
10184077
10184442
10184688
10187832
10188596
10198376
10206102
10206315
10206456
10206750
10209058
10209922
10210127
10213610
10214061
10214435
10214982
10216940
10218613
10221019
10222729
10224664
10228308
10228705
10235123
10237524
10252119
10252142
10255685
10256638
10258494
10258575
10258890
10259754
10260375
10261049
10263791
10266143
10268367
10268483
10275297
10276789
10279063
10279337
10282809
10283011
10283540
10286382
10291345
10292373
10297716
10302362
10305268
10306361
10308635
10308868
10309235
10311027
10312636
10312758
10318821
10320039
10321302
10321910
10324155
10328680
10329705
10333822
10335833
10335880
10339010
10341010
10342325
10344351
10347255
10347864
10348939
10350600
10351836
10351893
10352458
10353259
10354591
10357986
10359325
10360207
10360756
10365190
10365832
10367146
10369529
10369765
10374427
10375783
10376112
10377371
10378321
10379038
10380115
10381323
10382621
10388370
10390087
10392079
10392416
10393240
10394371
10394856
10396037
10397166
10400217
10402406
10404944
10413554
10413904
10416304
10418902
10419700
10421740
10424371
10424674
10426154
10428864
10430876
10432660
10432762
10438258
10438362
10439141
10443849
10444809
10444937
10447318
10456309
10456444
10459202
10466343
10467227
10467362
10468231
10473808
10476030
10479487
10481343
10482690
10483639
10483662
10483665
10488908
10489242
10490679
10494061
10494993
10497899
10500743
10503808
10504433
10505286
10509185
10511922
10514847
10516558
10516982
10517476
10524187
10527547
10527861
10530640
10531486
10536758
10536944
10541256
10542034
10543235
10548016
10548808
10550506
10551253
10553373
10556964
10559943
10563179
10563410
10563997
10566340
10568569
10578401
10581154
10581216
10582261
10584949
10586653
10587856
10589608
10591753
10592099
10598173
10602736
10603683
10608583
10609201
10609445
10613273
10614062
10614145
10614697
10618754
10619505
10619817
10619920
10621497
10622723
10628915
10629075
10629783
10631597
10639850
10639909
10641909
10642393
10644787
10645023
10647919
10648099
10648841
10649814
10650095
10658752
10659354
10659473
10660554
10663455
10667528
10676199
10677273
10681485
10682762
10683106
10683288
10684317
10686005
10691828
10692637
10698965
10699292
10699782
10701211
10702402
10704381
10707980
10708916
10710745
10711216
10712205
10715514
10718851
10718979
10720677
10721379
10724702
10725629
10726676
10727896
10728741
10731691
10731813
10732878
10734301
10734509
10739419
10739735
10743600
10744463
10754101
10757240
10757251
10763158
10764726
10767746
10768678
10773827
10774269
10775039
10775587
10778318
10779232
10780347
10781781
10784418
10784715
10786275
10788830
10795248
10798760
10798972
10800487
10800746
10801292
10801422
10802810
10807966
10809826
10814183
10818695
10818741
10819831
10821416
10822518
10824322
10826607
10826843
10827828
10828776
10829039
10830486
10832730
10833389
10835358
10836604
10836910
10837377
10840380
10840624
10841992
10842398
10847275
10847939
10850515
10850621
10851574
10852468
10853220
10853257
10855157
10855826
10856105
10857088
10857215
10864637
10865693
10866006
10867728
10869215
10870995
10873935
10877078
10878789
10885852
10886062
10886181
10888580
10889919
10892599
10895390
10895419
10898143
10900655
10900702
10900768
10900956
10905629
10906969
10908875
10909921
10910549
10914341
10915668
10918975
10920366
10921319
10921404
10922559
10923457
10925375
10926793
10927432
10927566
10929809
10930316
10931155
10932402
10935258
10936237
10937481
10938551
10938632
10938673
10939086
10942619
10943242
10943484
10943877
10944074
10944126
10944411
10948420
10949427
10950897
10952440
10952495
10952814
10953498
10956331
10956521
10960656
10966441
10972410
10977614
10981408
10982498
10984184
10984947
10985925
10992044
10995336
10996351
10996998
10998255
10998920
11000101
11003263
11006083
11010810
11011337
11011463
11012106
11012649
11026806
11030216
11030572
11032589
11036508
11037075
11039320
11039329
11041401
11042138
11042181
11042395
11044608
11049598
11051571
11052362
11053766
11056264
11058968
11060397
11067508
11067636
11069558
11071207
11074315
11077726
11081824
11083682
11083843
11084506
11085770
11086452
11087807
11089907
11091635
11095667
11095800
11098509
11099621
11101644
11102485
11103657
11104375
11106729
11107962
11109984
11110112
11111307
11111516
11112086
11112937
11114926
11117776
11122545
11126010
11138768
11138974
11142436
11144465
11145489
11149818
11150188
11150458
11154550
11155315
11156947
11158636
11159519
11161610
11163199
11163871
11166673
11169958
11174496
11177496
11179774
11182851
11185659
11189667
11190289
11191009
11199280
11202079
11202724
11202827
11205606
11209271
11210872
11211002
11212008
11213966
11218264
11218856
11220488
11220834
11224465
11224692
11225805
11229145
11230434
11230649
11231861
11234833
11238986
11239986
11241870
11242120
11242670
11245810
11248496
11249865
11250268
11251514
11257081
11257908
11260811
11263075
11263664
11268188
11273358
11277003
11278093
11280663
11282627
11284169
11285296
11286191
11286357
11287041
11287898
11290158
11291648
11293377
11294616
11295294
11297779
11299876
11300099
11302843
11306460
11306960
11311093
11311931
11313615
11315052
11318318
11319792
11322979
11328699
11329835
11329868
11330242
11330786
11333599
11336380
11336957
11337138
11340006
11343501
11346627
11348125
11349180
11350400
11350560
11351898
11352177
11353980
11357016
11358251
11358347
11363371
11366348
11366436
11372286
11384539
11385414
11387954
11389939
11390235
11391053
11391545
11391663
11392748
11394357
11395760
11399083
11400656
11404681
11405839
11407462
11409324
11409475
11410011
11410987
11411949
11412203
11412701
11413076
11417124
11417596
11417987
11420345
11425680
11426722
11428377
11428572
11429745
11431065
11435228
11435259
11436198
11437269
11442661
11447815
11449727
11450380
11453755
11454281
11455639
11457393
11463675
11468839
11469693
11471723
11471881
11472532
11472597
11473377
11475143
11475194
11476493
11478638
11478804
11481638
11483237
11483658
11484486
11485437
11486425
11490213
11492034
11492820
11495018
11495691
11496876
11498278
11498755
11503579
11506897
11511194
11511294
11512011
11513410
11513610
11517207
11519522
11520387
11521317
11521461
11525847
11527198
11529624
11529777
11530240
11533840
11535494
11535782
11536846
11537625
11538725
11540999
11543232
11543335
11545202
11545626
11545984
11547968
11549765
11549930
11555089
11556054
11559990
11561499
11563381
11564419
11564596
11565747
11567892
11570880
11572269
11575715
11579195
11581327
11582390
11582787
11583133
11584877
11588880
11590409
11590620
11591872
11597632
11599563
11602398
11603069
11603512
11604048
11604437
11605468
11608131
11609238
11609754
11609997
11610271
11610799
11612716
11614981
11616886
11619489
11621247
11623870
11628781
11632857
11634220
11634608
11634949
11635379
11638152
11639444
11644587
11644830
11647899
11650301
11651945
11655922
11656809
11657405
11657416
11657658
11658480
11658823
11658923
11660217
11663782
11664986
11665437
11666527
11669810
11670085
11670701
11671875
11672925
11673141
11674942
11676161
11679239
11680003
11680371
11682338
11683712
11683837
11688358
11692914
11697788
11698524
11700809
11700835
11702721
11703153
11703933
11704198
11706791
11709558
11710288
11710659
11711031
11713000
11718338
11718641
11718847
11719832
11720674
11721200
11722256
11725235
11729118
11733449
11735476
11737374
11740399
11741744
11746963
11748401
11756217
11756336
11756625
11758955
11762041
11765139
11766496
11766739
11768225
11769494
11772452
11772956
11775729
11777792
11778842
11780113
11780197
11780349
11780936
11781228
11781558
11785304
11785382
11793040
11797714
11809758
11812233
11815780
11818166
11819531
11821268
11821717
11825223
11826111
11829093
11829254
11829905
11833747
11833898
11834134
11836196
11837919
11838527
11838664
11839159
11839305
11843024
11845202
11846242
11854539
11856830
11857376
11861723
11864329
11867156
11873639
11876978
11878682
11881940
11886221
11888231
11889479
11894820
11895830
11897481
11900391
11903288
11906039
11906169
11913102
11913951
11914437
11919152
11920415
11921339
11922179
11923492
11930143
11933475
11935178
11936047
11937932
11938970
11939369
11943164
11945125
11956257
11957720
11961015
11961351
11961607
11963504
11964927
11965193
11965676
11966121
11969627
11970228
11971876
11972110
11973816
11976636
11977263
11980618
11984394
11985520
11985993
11986621
11988277
11989715
11989989
11991616
11991914
11995940
11997531
11999262
12001024
12001378
12007391
12007773
12008897
12017912
12020431
12022285
12022934
12023416
12024130
12024855
12027328
12027608
12028514
12028581
12030166
12030202
12031589
12032509
12035677
12040416
12043651
12044804
12047514
12048305
12049191
12051379
12056233
12060317
12060740
12061785
12064517
12064921
12066236
12067212
12073394
12075993
12076364
12077213
12078812
12083947
12084758
12085422
12086579
12087537
12091339
12091502
12096993
12097128
12100479
12100701
12103691
12110460
12111751
12112829
12115661
12116820
12117660
12117976
12118005
12124001
12127790
12130891
12130959
12140213
12141003
12141623
12142203
12144429
12145093
12145184
12146270
12147376
12149323
12150408
12151156
12153802
12158195
12159714
12160806
12161357
12164476
12165366
12165755
12167396
12167669
12168692
12169454
12171660
12172248
12177069
12177262
12177710
12182708
12183264
12185756
12186257
12187858
12188256
12191996
12192124
12192128
12192727
12195243
12196006
12196375
12199913
12200097
12200113
12200446
12202087
12202160
12203860
12206637
12207467
12207547
12207646
12207776
12214199
12215535
12217630
12217784
12219553
12226347
12228081
12229078
12230160
12230571
12232516
12233059
12235606
12237458
12238384
12239711
12240314
12240852
12240911
12241211
12241278
12241811
12242335
12243356
12246792
12247084
12249551
12250047
12250530
12251391
12252002
12252904
12252914
12254168
12259112
12261556
12265904
12268199
12269948
12270186
12270818
12274566
12278365
12279367
12280414
12280902
12281347
12284429
12287176
12288667
12289609
12292539
12295178
12295304
12296905
12296962
12297548
12298586
12304793
12305158
12309137
12309142
12310187
12310953
12311937
12312775
12313751
12314594
12318780
12322704
12326153
12328285
12328485
12329146
12332450
12333758
12338440
12339126
12341540
12343868
12345508
12347493
12347673
12348875
12349005
12352951
12353000
12354909
12356338
12361264
12362991
12364047
12364643
12364667
12367255
12367297
12367516
12368305
12370118
12372314
12373458
12373933
12379874
12382073
12388639
12389248
12389612
12392510
12393784
12394710
12397828
12398794
12400913
12405970
12406266
12407947
12410774
12410993
12414964
12415714
12417261
12418606
12423530
12425766
12426738
12430626
12432729
12434580
12434857
12436179
12437506
12438418
12440082
12440583
12444450
12454839
12457342
12459424
12459466
12461596
12462660
12463835
12463839
12466928
12467325
12470627
12476075
12477897
12479040
12479583
12481468
12482018
12482448
12482929
12489196
12489231
12490012
12491822
12491831
12492298
12492872
12493823
12495123
12495150
12496793
12496820
12498057
12498451
12499521
12503148
12503649
12504502
12505128
12505773
12507554
12510415
12512257
12514143
12519652
12519663
12520478
12521106
12521535
12525245
12526051
12527448
12528895
12530489
12532950
12534739
12539298
12539302
12539814
12540155
12540171
12542199
12542336
12542668
12548180
12550217
12552089
12552283
12552802
12554148
12556401
12556858
12557235
12557500
12558955
12558975
12559213
12562158
12563206
12564651
12567116
12567513
12567737
12568420
12571166
12572555
12572931
12573311
12574977
12575045
12578850
12579597
12579961
12580485
12582320
12582636
12586302
12586947
12587548
12596892
12604420
12604592
12606266
12607511
12607783
12608944
12615621
12617091
12618017
12619559
12622499
12624060
12624078
12625804
12633125
12634765
12635404
12637879
12638068
12641502
12642963
12643094
12649388
12649772
12654545
12656854
12657401
12661192
12662476
12665432
12668069
12671974
12672031
12673374
12679976
12680889
12682641
12685072
12685312
12690861
12691459
12692542
12693058
12696052
12696457
12699273
12700398
12700897
12702097
12702358
12702972
12704005
12708052
12709121
12712404
12715364
12715997
12718149
12718634
12721010
12721116
12722779
12723386
12726068
12726235
12728041
12729449
12729852
12731016
12731800
12736503
12737321
12739964
12746150
12747379
12748130
12750287
12750370
12753674
12754730
12759901
12761826
12763287
12763844
12763994
12767950
12771399
12772240
12773623
12773794
12775509
12777008
12777444
12777506
12777998
12779450
12779778
12785368
12786220
12786881
12789833
12789974
12790253
12793260
12793563
12795763
12797652
12800575
12801847
12802864
12803166
12804795
12809132
12810597
12812398
12812675
12813186
12813305
12813911
12817214
12819684
12821058
12822341
12823288
12824248
12825162
12828284
12829297
12832146
12837103
12840157
12845375
12845995
12847222
12848766
12851283
12859347
12860499
12861045
12865711
12865822
12869792
12871776
12872132
12873641
12875176
12876294
12878112
12878474
12879180
12879629
12881249
12881267
12885548
12886287
12889617
12890342
12890756
12891046
12891606
12893456
12894096
12895954
12896334
12898447
12898568
12899137
12900180
12900302
12906323
12908836
12912241
12913436
12916681
12918940
12921822
12922813
12924875
12926319
12928613
12929194
12931040
12931704
12932584
12933048
12936449
12939863
12940489
12942049
12943313
12944431
12945090
12952902
12955316
12958171
12959995
12960544
12962629
12964687
12967127
12970373
12970420
12972908
12973976
12976433
12978007
12981887
12982040
12985274
12986314
12987194
12987597
12989199
12991595
12992229
12992268
12992310
12993355
12993784
12997901
12998114
13000161
13001511
13001567
13001790
13006283
13009162
13013040
13013426
13013625
13016788
13018671
13019064
13023312
13025139
13030920
13031240
13031608
13033472
13033585
13035205
13047755
13048726
13050411
13050960
13052802
13054022
13054081
13054511
13059855
13060403
13060430
13061119
13066469
13067839
13068790
13068949
13071746
13072174
13073605
13080939
13081303
13082564
13083624
13083658
13085722
13092938
13094317
13094538
13095023
13095073
13095438
13101009
13101144
13102141
13103233
13106866
13108755
13111031
13112083
13116942
13117047
13123396
13123895
13129236
13131449
13134983
13135776
13136037
13136591
13141997
13142214
13143951
13146535
13147980
13151602
13153287
13153526
13156458
13157241
13157755
13158774
13159146
13159449
13161181
13168328
13169952
13170438
13175479
13175750
13178758
13181199
13182915
13185371
13185462
13189760
13192451
13192723
13192725
13193625
13193924
13195323
13195734
13197869
13198661
13199249
13199844
13202212
13202393
13203833
13204931
13205987
13206509
13207905
13208628
13209653
13210055
13210875
13212637
13213872
13213965
13220745
13221413
13224523
13225357
13230376
13230807
13232800
13234338
13238411
13239338
13239524
13241664
13244365
13244675
13246561
13246893
13249375
13250512
13250616
13253579
13255159
13255707
13256090
13256621
13257434
13258870
13259052
13259462
13260372
13261340
13264716
13267515
13269109
13269921
13270698
13272628
13272899
13274536
13282482
13283987
13284511
13284691
13288308
13288386
13289115
13291678
13292277
13293025
13295165
13295852
13296800
13296853
13298275
13300961
13303241
13306864
13309172
13310069
13310204
13310506
13313397
13314195
13314816
13324112
13325167
13325436
13325778
13326576
13328887
13330309
13331776
13331782
13332665
13335028
13335511
13336582
13337233
13339796
13344336
13344490
13344792
13345106
13346238
13346312
13347916
13350420
13350694
13355057
13357601
13358969
13359287
13361102
13362169
13364621
13364890
13366251
13371727
13372712
13374073
13377734
13378469
13383887
13387697
13388789
13388920
13389811
13390447
13393295
13397409
13400119
13401219
13406701
13408461
13409369
13411643
13412195
13412395
13412508
13415515
13421514
13422402
13428221
13428503
13428839
13431615
13432583
13434514
13436476
13437897
13439115
13439530
13440776
13442567
13442615
13444058
13444076
13446081
13449015
13449392
13450252
13455748
13456288
13464502
13465273
13465571
13465948
13466417
13471585
13474608
13474882
13480326
13481005
13483520
13484078
13484352
13487406
13491497
13493420
13496906
13498441
13500312
13501794
13503416
13504031
13510032
13510756
13511399
13511813
13515459
13520623
13521650
13521992
13522770
13523641
13524596
13527644
13530291
13535791
13538244
13538575
13539636
13539707
13540003
13540906
13541760
13545757
13546037
13548553
13549112
13550712
13553378
13553996
13554863
13557014
13557652
13557988
13560226
13563149
13565453
13568860
13570676
13571734
13572045
13574646
13576233
13579455
13581668
13585794
13585827
13586110
13594334
13594820
13599112
13602808
13603927
13604596
13610806
13611886
13612007
13615535
13617563
13618928
13623217
13629170
13637769
13640906
13644714
13645013
13647035
13648341
13655601
13655816
13660125
13661496
13663747
13665924
13666381
13677138
13686404
13688240
13689915
13690089
13690254
13693748
13693952
13695463
13697198
13698779
13701046
13701176
13701951
13702630
13702863
13704284
13705879
13707937
13712637
13712638
13713303
13715964
13717023
13717481
13718397
13719789
13722383
13724722
13726094
13731087
13731278
13732611
13736867
13737423
13737626
13742003
13743310
13743822
13744840
13746622
13749627
13750364
13751009
13751702
13752680
13756692
13757457
13757762
13761738
13762471
13766129
13766767
13771244
13771727
13772065
13772094
13772220
13772967
13775033
13776247
13781034
13784697
13789767
13790183
13794207
13796532
13797207
13797232
13798330
13798972
13799309
13799608
13802358
13804813
13808365
13809999
13810597
13811193
13812192
13812592
13815824
13816195
13820657
13822351
13824824
13827450
13828548
13832878
13833166
13833171
13833381
13834859
13835233
13846430
13846753
13846863
13850306
13850740
13851821
13852491
13854178
13854271
13854999
13855991
13859526
13860598
13863475
13867418
13869587
13870703
13876507
13879289
13881154
13888803
13888839
13888980
13890251
13892418
13894918
13896016
13898064
13899243
13900649
13902926
13903409
13905978
13906547
13907536
13908269
13909337
13911050
13913813
13918255
13918383
13918889
13919156
13919446
13921348
13922100
13925257
13926538
13927521
13928434
13930004
13935914
13938625
13940022
13942967
13944379
13944555
13947834
13949604
13950302
13952790
13952874
13955175
13956235
13957769
13957811
13958105
13961448
13961751
13962476
13963678
13964162
13967027
13968831
13971666
13973075
13974359
13975728
13976137
13980222
13981649
13982328
13983668
13984401
13984938
13986363
13987852
13988961
13988989
13993009
13993490
13994811
13998760
14002948
14004549
14004739
14005631
14007302
14011705
14014379
14016114
14019808
14019833
14021901
14022987
14031250
14031270
14032126
14033639
14037316
14041286
14043878
14047770
14048047
14050322
14050539
14051687
14053958
14054861
14056251
14057245
14065386
14071237
14073448
14074661
14077058
14079846
14083083
14084405
14086493
14091097
14091606
14092053
14094055
14096008
14100771
14102713
14104063
14109960
14110710
14113116
14114626
14117352
14117917
14118959
14119816
14120087
14121706
14121880
14122397
14122602
14125517
14126990
14128802
14129640
14129790
14129996
14131170
14134225
14135475
14138223
14139234
14143271
14144028
14149274
14151287
14154833
14155726
14156355
14159050
14160858
14163685
14164047
14166146
14169732
14170033
14170518
14173259
14177125
14177403
14177793
14179642
14180995
14181080
14181770
14182647
14184336
14189052
14189401
14192103
14194478
14194627
14194773
14195759
14196012
14197119
14200097
14205080
14207229
14207303
14207968
14209917
14211078
14213559
14214151
14217072
14217229
14227467
14228073
14229217
14231090
14231123
14231155
14231309
14232456
14232530
14232638
14235195
14236246
14238019
14239149
14242388
14245152
14245488
14246129
14248005
14249454
14252454
14256310
14258542
14263918
14265682
14268796
14269053
14271852
14271879
14273186
14273190
14275566
14276419
14280050
14283603
14284639
14290923
14294842
14296965
14297386
14299041
14300179
14300476
14304251
14304806
14305420
14309715
14311471
14311668
14313245
14313290
14315714
14317742
14322379
14323870
14329352
14329808
14330585
14332772
14335608
14340052
14340568
14341742
14343583
14345321
14349531
14349737
14350213
14350257
14351854
14355928
14361739
14365751
14365956
14370590
14372007
14372584
14374649
14376439
14376868
14383863
14385908
14387390
14392723
14401781
14405210
14407220
14413471
14414722
14414778
14415996
14418774
14420498
14421115
14423172
14423783
14425241
14426404
14426855
14430233
14430605
14430866
14433860
14435935
14436081
14437189
14444580
14451320
14453744
14456794
14457376
14457630
14457761
14459513
14460044
14461828
14462011
14466600
14466892
14467588
14468259
14473601
14478629
14488921
14489194
14489249
14496527
14502398
14502408
14502800
14504180
14511788
14512589
14513611
14516161
14518598
14520216
14524055
14524839
14526668
14527973
14528521
14533887
14538014
14540773
14542043
14544815
14545880
14548565
14552263
14552624
14554133
14555459
14556676
14556977
14558311
14560709
14563776
14566258
14566377
14569384
14570795
14573221
14573354
14574328
14575063
14578769
14581732
14581795
14582010
14582257
14582679
14588222
14588498
14595174
14596515
14596756
14601127
14601965
14602753
14603557
14605871
14607679
14619609
14620718
14622853
14623601
14624279
14624960
14626420
14626834
14627493
14628341
14628856
14629623
14631893
14632026
14632039
14633692
14634289
14638257
14639507
14640629
14644089
14644090
14644152
14649677
14652978
14654015
14654206
14663329
14665705
14666809
14667008
14667982
14668406
14672346
14672861
14673517
14674499
14675580
14678331
14684936
14685020
14687516
14689621
14692586
14693207
14696882
14697123
14698083
14699700
14699709
14700649
14706402
14708262
14714517
14716281
14718328
14719515
14720673
14722134
14724108
14728046
14728869
14730266
14730688
14731192
14733319
14734351
14734661
14735302
14735467
14738502
14741946
14743793
14745374
14747056
14752220
14753738
14754618
14756211
14757491
14758028
14759310
14759880
14759924
14760254
14763395
14763764
14764210
14764315
14768593
14770293
14773737
14774045
14778849
14784407
14784538
14787318
14790084
14790680
14791032
14791224
14793558
14796869
14797370
14797936
14798532
14799627
14800677
14803295
14804343
14808518
14809407
14810180
14810433
14810626
14812052
14812910
14813427
14814125
14815874
14817972
14821647
14821971
14822863
14825373
14825990
14828443
14828549
14829993
14830108
14831509
14835797
14836179
14837008
14839732
14840230
14843287
14844867
14845004
14845023
14848048
14848822
14849996
14851853
14851981
14854844
14856840
14856950
14858231
14860035
14860714
14862699
14863067
14864051
14864142
14865348
14865430
14865519
14868004
14868009
14874535
14877143
14884995
14885673
14886081
14890981
14890987
14894552
14896930
14897595
14898416
14899452
14899589
14901532
14901996
14907144
14908727
14912384
14913873
14914241
14917148
14918113
14920287
14922124
14924513
14926816
14927024
14929147
14931516
14932496
14932616
14933994
14937255
14940337
14941674
14943575
14944368
14952974
14953058
14957660
14960049
14960238
14960825
14962605
14964043
14964190
14964286
14965087
14967280
14967639
14969288
14969325
14971037
14971566
14971637
14978710
14981534
14983484
14984028
14986057
14987335
14987346
14987756
14988085
14988091
14988646
14988748
14990920
14992711
14993158
14996047
14996739
14997533
15001641
15003027
15004810
15004876
15005658
15006922
15008169
15008588
15009786
15011510
15011702
15014356
15015534
15016308
15017093
15019363
15019540
15021577
15026295
15027260
15029128
15031257
15031478
15031575
15031751
15033241
15034663
15037412
15037486
15045118
15046982
15048544
15050833
15050899
15053449
15053998
15057116
15057512
15062511
15062969
15063933
15065783
15066412
15070652
15071330
15076461
15077669
15077745
15077820
15078353
15078391
15079405
15084606
15085510
15085780
15088053
15089843
15090440
15092738
15094801
15095042
15098443
15098506
15098950
15100530
15101495
15101847
15105207
15106090
15110465
15111270
15113812
15113989
15113991
15115437
15117859
15123534
15123753
15124747
15125401
15125787
15127505
15129272
15135976
15138251
15138639
15140623
15141103
15142175
15144486
15145188
15146419
15148686
15149814
15149864
15152060
15161037
15162068
15166324
15166426
15166518
15168723
15168852
15171236
15171597
15176082
15177019
15177470
15179223
15179917
15180091
15180586
15181050
15184554
15184623
15192397
15196215
15196634
15198855
15204847
15206154
15208831
15208884
15210043
15213862
15215590
15220461
15221323
15223124
15227718
15228066
15236733
15239431
15240867
15243276
15244018
15245614
15246136
15247025
15247691
15250799
15251310
15252158
15253460
15256131
15257843
15258077
15259298
15260041
15262137
15268103
15273088
15273513
15274094
15274930
15277867
15280070
15281461
15285207
15288369
15290157
15291584
15293309
15297353
15297520
15298695
15302831
15305605
15307629
15307947
15312087
15315614
15315690
15317916
15319363
15327290
15328410
15338019
15338510
15338615
15339618
15339920
15341977
15342720
15343626
15346921
15348146
15349748
15349901
15350031
15350729
15351110
15354772
15354990
15355148
15359484
15360766
15361951
15362057
15362838
15365074
15365589
15367389
15368952
15369064
15372849
15373014
15373190
15380534
15382992
15391307
15391793
15392075
15394334
15394897
15395069
15397206
15399151
15401008
15401149
15402676
15403224
15404484
15404820
15410804
15412489
15418203
15418988
15419198
15419335
15421721
15422117
15423081
15423692
15425394
15427811
15429089
15429959
15432588
15434434
15438879
15439274
15445062
15449665
15451840
15452723
15459464
15461980
15462907
15463673
15464417
15468255
15468622
15469625
15471627
15473714
15476383
15478047
15480840
15480858
15481883
15483182
15491949
15492440
15493859
15501559
15501754
15502481
15502944
15503162
15505840
15510846
15511630
15511913
15512193
15513511
15516053
15516978
15517280
15517772
15519202
15520138
15520643
15523797
15524107
15524639
15525577
15526304
15533548
15534671
15537529
15538080
15538359
15539438
15539925
15543256
15543729
15544310
15546287
15547822
15549241
15550086
15550309
15552234
15552921
15557301
15559575
15561741
15564384
15565083
15566399
15569237
15575815
15576416
15576958
15580289
15581587
15582159
15582930
15588812
15588985
15591921
15596258
15596670
15596942
15597603
15599827
15600024
15600312
15605762
15605853
15605948
15607197
15610771
15611097
15611853
15613540
15614504
15615453
15619735
15622710
15623877
15625777
15626952
15627256
15628255
15634867
15635904
15637319
15641419
15641812
15642059
15643775
15648779
15650262
15651085
15652548
15655695
15656980
15662061
15662423
15663321
15663997
15664599
15665319
15670492
15671952
15673715
15677777
15679048
15679209
15684045
15685429
15691367
15691509
15693113
15694422
15694948
15695878
15696384
15696606
15700523
15701520
15702192
15705332
15706465
15708546
15709372
15709589
15714686
15714690
15716250
15718891
15719200
15721016
15722844
15724330
15728677
15728834
15733644
15735888
15739259
15739613
15740661
15743419
15744315
15745450
15748238
15748753
15750564
15751666
15751719
15751800
15753675
15756559
15757451
15759700
15763689
15767808
15768495
15771974
15772018
15774442
15777487
15780383
15781118
15784430
15784527
15785043
15788195
15792413
15792834
15793305
15800937
15801363
15802050
15803547
15808915
15811655
15812010
15813767
15815287
15816658
15817245
15817348
15819444
15819678
15819683
15827891
15829825
15831916
15833999
15836353
15837955
15838014
15840613
15841416
15845439
15845801
15846302
15848354
15849113
15849257
15849559
15857395
15858798
15859109
15860869
15866411
15866831
15868400
15868738
15869509
15872631
15878415
15879617
15881192
15886985
15887861
15892901
15895844
15895883
15896916
15898609
15901016
15901890
15902934
15905268
15905595
15911081
15911098
15912003
15914021
15919173
15919431
15920763
15921522
15925004
15931296
15931704
15932986
15937375
15937388
15937590
15938395
15941818
15942080
15943446
15944491
15945485
15946780
15948369
15949026
15949298
15949637
15951321
15953002
15959232
15960061
15960454
15961851
15961937
15962730
15965276
15967171
15967242
15970779
15971570
15972526
15973385
15977065
15978868
15979725
15981602
15982268
15982313
15982673
15985545
15986406
15986714
15989161
15990451
15990966
15991490
15993017
15996366
16000335
16000404
16000960
16005346
16008509
16008713
16010636
16012899
16015686
16018214
16021756
16022585
16023280
16024479
16025738
16027865
16028104
16029569
16029709
16031363
16032193
16032377
16033541
16040793
16041689
16041956
16045090
16048405
16050102
16050352
16051205
16052145
16052330
16054102
16054453
16056241
16061703
16062759
16063319
16063658
16064236
16066073
16066426
16066609
16067744
16068483
16073294
16073762
16073772
16075190
16082794
16089965
16097061
16098224
16100032
16100077
16100914
16101327
16102333
16104204
16105515
16108121
16109818
16110490
16111781
16118337
16118581
16120674
16121068
16123800
16125337
16125842
16125967
16128373
16129058
16135178
16135351
16135746
16136005
16140410
16142702
16145012
16145851
16147347
16148803
16151678
16152244
16152655
16152739
16153586
16153937
16158025
16158991
16161529
16161982
16167187
16169232
16169347
16169860
16174678
16174735
16179423
16179901
16180716
16180744
16180814
16187636
16188591
16189745
16190071
16190571
16190919
16192453
16198930
16202228
16203599
16204641
16205659
16205820
16208382
16216334
16220138
16220705
16221373
16221511
16222774
16223315
16225471
16225884
16226950
16227038
16227668
16228564
16228943
16229491
16229735
16230399
16234178
16234824
16237776
16242576
16242584
16243914
16244525
16246394
16247532
16251414
16253260
16254214
16255465
16255509
16255548
16257084
16257882
16259199
16260432
16261211
16262743
16266312
16266490
16268143
16273687
16276424
16276956
16277154
16277183
16278657
16279716
16280873
16283267
16283934
16288653
16297536
16297934
16298334
16302445
16305772
16310419
16311132
16313105
16313523
16313938
16314399
16316060
16317998
16318853
16319196
16320113
16321747
16323355
16328663
16329285
16329933
16331405
16333889
16334489
16336167
16336552
16336761
16337928
16344615
16346300
16346761
16348211
16352210
16356980
16357020
16358308
16358475
16361402
16361661
16361700
16365723
16367264
16367846
16369525
16372788
16373462
16376772
16377224
16378297
16382651
16384346
16388122
16390039
16390628
16390669
16392583
16392614
16393721
16403845
16404682
16405873
16407580
16407751
16413663
16415430
16417071
16419163
16421239
16422506
16423219
16426091
16427292
16428329
16428389
16429994
16430059
16441737
16443615
16444083
16449465
16456589
16459163
16459449
16462664
16465620
16466321
16467525
16468843
16470084
16472812
16477942
16478991
16479009
16480643
16482718
16482783
16483419
16486087
16488235
16489127
16494295
16495260
16495749
16495832
16499383
16500871
16503104
16504076
16508033
16508256
16510029
16510104
16510730
16510844
16513801
16514836
16519659
16519687
16520049
16521936
16524527
16525038
16526195
16533233
16533780
16534345
16536496
16537439
16540459
16540729
16541019
16541969
16542351
16543830
16545991
16546783
16551668
16551876
16553926
16554197
16554444
16554975
16555324
16556848
16558601
16559037
16562070
16562165
16562169
16569719
16576191
16576889
16580515
16583811
16585159
16588644
16596420
16599042
16600091
16602290
16602586
16603780
16605254
16608044
16609803
16611454
16613898
16613945
16614268
16614320
16614890
16615086
16618048
16620165
16624965
16626145
16628436
16634996
16635587
16636051
16636702
16637409
16639486
16640558
16642992
16644220
16645378
16645604
16645921
16649018
16649706
16649838
16651338
16653254
16655325
16661032
16662675
16666376
16666784
16667026
16673029
16673463
16681540
16682124
16682877
16684559
16686521
16688054
16690377
16692205
16693157
16693339
16696715
16697303
16698664
16701547
16702542
16705007
16707167
16712725
16719568
16720959
16722882
16727360
16730831
16732943
16737833
16738781
16739878
16741026
16745030
16745561
16746486
16750368
16750482
16750665
16751962
16753459
16756462
16757569
16758315
16758716
16759773
16761737
16761987
16763943
16764178
16770838
16771353
16771766
16773076
16773828
16774798
16777079
16780388
16784315
16784663
16784797
16785379
16786029
16791239
16794709
16794745
16796041
16796523
16797242
16800501
16809372
16810490
16811885
16814002
16814179
16814723
16816424
16818370
16819588
16822437
16822872
16825191
16826495
16828006
16828489
16829310
16829311
16831508
16832725
16838351
16838435
16840071
16840391
16841818
16843675
16843959
16847821
16848377
16849981
16850721
16852586
16855408
16856309
16858706
16862661
16863156
16863307
16864754
16868515
16870699
16871206
16876177
16876457
16876506
16876748
16879022
16879846
16882128
16882288
16886882
16891416
16894160
16895945
16897271
16898171
16900122
16906583
16907434
16907861
16909151
16916705
16920479
16922874
16923901
16924256
16927253
16928341
16928362
16929151
16929240
16930049
16934625
16934723
16937977
16939340
16939651
16945121
16945631
16949287
16950444
16951843
16953255
16958144
16963103
16973887
16978520
16979028
16980421
16983085
16985962
16988663
16990288
16995116
16995655
16996470
16998257
17001946
17002867
17003198
17003812
17006862
17006918
17007967
17009866
17011163
17011578
17016632
17018539
17023672
17023962
17024076
17026031
17029355
17029359
17029814
17030694
17037236
17038478
17040743
17044741
17048937
17049189
17049503
17049885
17051238
17052180
17052202
17055101
17057574
17058077
17058792
17059608
17061996
17062171
17070287
17071055
17073119
17073650
17076586
17081529
17082148
17083444
17085186
17086214
17086404
17088207
17089064
17089285
17093381
17094126
17097915
17100295
17101077
17102860
17105487
17107494
17107835
17107964
17108666
17109089
17113460
17115599
17116626
17117630
17118335
17121730
17122298
17123084
17124745
17130740
17131127
17136605
17141191
17143115
17143563
17150689
17150861
17151838
17152133
17152978
17155550
17157526
17157616
17158015
17159761
17160033
17161496
17163677
17163937
17165001
17167028
17167749
17168103
17169604
17171039
17173020
17177351
17180237
17183015
17184863
17185274
17188734
17190150
17192224
17192257
17194066
17194089
17196884
17196945
17197134
17203252
17205945
17206707
17209846
17210800
17211697
17213442
17213556
17215331
17218334
17220978
17224193
17224374
17228073
17229084
17229627
17232539
17232984
17234536
17234601
17235734
17238086
17239717
17240882
17242291
17244634
17245897
17249720
17251939
17253273
17254399
17257244
17257870
17257909
17259176
17259456
17263142
17263594
17266166
17267726
17273850
17277288
17277969
17278815
17278844
17279597
17280692
17284084
17286692
17286951
17288992
17289756
17291697
17292113
17292601
17292904
17293108
17294790
17297599
17303529
17303585
17303783
17305328
17309279
17310210
17310633
17312020
17313412
17314949
17315486
17315758
17321733
17323849
17324623
17324634
17327170
17327961
17328359
17328401
17332249
17335041
17335664
17336110
17340426
17345099
17346721
17348546
17349473
17349483
17349995
17358255
17358628
17359658
17361248
17362253
17363642
17363898
17365820
17366029
17366560
17366765
17369495
17375042
17378713
17379718
17379809
17381493
17382279
17387236
17392165
17397740
17402896
17407186
17407190
17407333
17407809
17409470
17410617
17412080
17418216
17420594
17420810
17420950
17420955
17421783
17427183
17429453
17429660
17430302
17434316
17435260
17435684
17435963
17436874
17437457
17437530
17437609
17437665
17437750
17438355
17440749
17445858
17446759
17447108
17452154
17452567
17452664
17454522
17456186
17456683
17457330
17460324
17460926
17461977
17462089
17462217
17463329
17464403
17466677
17466755
17467513
17470070
17471019
17472514
17474348
17474882
17475345
17480176
17485767
17486327
17487533
17489670
17489974
17490736
17491092
17492296
17495246
17498397
17498832
17499463
17502274
17502903
17505677
17505739
17509152
17510175
17510776
17514053
17514770
17522196
17524337
17526953
17527712
17528722
17532340
17533289
17535055
17535090
17539290
17541810
17547741
17547991
17548807
17549742
17553559
17554455
17554774
17558393
17561905
17562972
17566704
17567520
17568470
17568648
17572834
17573293
17573522
17577636
17581446
17583018
17583498
17588967
17589498
17596408
17600135
17607182
17611330
17612201
17614068
17614393
17615054
17617393
17618788
17625199
17626993
17631000
17633271
17634208
17639616
17642443
17644123
17645085
17647538
17648676
17650383
17650859
17652054
17652777
17655460
17658016
17658097
17660148
17660448
17661336
17663082
17663660
17664338
17665100
17667907
17669027
17669735
17671929
17678545
17679503
17680033
17680703
17682191
17682478
17683658
17686870
17689472
17691280
17691520
17692871
17694503
17696561
17698365
17699341
17699433
17701931
17703273
17705232
17707379
17708186
17708282
17712272
17712662
17713648
17713981
17714534
17716016
17719517
17720606
17725384
17728974
17732319
17733593
17735218
17739641
17741135
17741242
17741853
17742818
17743174
17745552
17745903
17751921
17752009
17755186
17759434
17759477
17765275
17766936
17775757
17777604
17780158
17781049
17782693
17783616
17786425
17790306
17792090
17794634
17796195
17796200
17797043
17798647
17799283
17802009
17802177
17803633
17804171
17806031
17808444
17809972
17812623
17814664
17824016
17829131
17831578
17832045
17832609
17840402
17843106
17845130
17847939
17849013
17850854
17853166
17855281
17856566
17861060
17862214
17864635
17864670
17870872
17871239
17872477
17874444
17874567
17874784
17876741
17877183
17878617
17880875
17885905
17888182
17889956
17891918
17896864
17899931
17901002
17903107
17906590
17907738
17908952
17911794
17912044
17912126
17914654
17914681
17915374
17916290
17919873
17921237
17924080
17924547
17924791
17925366
17925612
17926210
17928094
17929842
17931423
17935070
17935345
17937790
17938417
17940542
17941885
17944527
17952170
17952300
17954436
17956727
17964055
17969335
17974295
17974607
17978288
17978717
17983886
17984631
17990500
17993603
17995531
17996907
17998272
18001012
18001558
18002274
18003415
18005050
18005133
18005869
18006351
18009113
18009585
18011223
18011531
18013970
18014231
18017398
18018273
18020235
18020255
18023861
18027508
18030016
18031300
18033519
18034178
18038394
18041030
18047279
18048545
18049074
18050435
18052970
18053442
18055886
18060575
18061425
18063010
18066710
18067401
18067420
18067475
18067680
18071351
18073633
18073972
18075447
18076661
18077145
18077740
18083207
18083668
18083748
18085186
18086468
18090591
18092551
18092761
18093357
18095661
18100013
18104090
18107222
18110493
18112067
18114537
18115356
18116672
18118319
18118754
18119980
18125428
18126166
18129079
18133469
18140934
18142454
18142834
18143423
18148941
18150608
18150794
18152778
18154191
18154720
18163796
18168901
18170317
18171708
18173489
18176014
18176250
18176465
18178000
18178509
18180958
18183858
18186698
18186815
18189339
18191344
18192977
18196136
18197657
18197839
18200847
18204786
18204994
18205578
18206413
18206806
18207085
18207890
18210267
18213613
18215049
18218142
18221173
18222912
18223396
18224883
18225800
18230555
18231525
18231822
18232480
18234720
18236819
18238832
18239858
18242331
18242549
18249633
18251307
18254156
18259220
18260880
18261319
18261898
18267313
18270552
18271311
18277222
18279150
18279399
18279815
18282158
18282955
18283239
18285852
18288654
18289847
18294851
18295808
18296014
18297473
18301363
18304659
18307468
18308020
18312267
18315885
18316172
18316413
18318730
18319203
18322209
18323468
18323926
18326765
18327371
18327976
18328859
18328899
18330056
18331812
18334787
18336157
18337397
18338378
18341014
18342521
18345494
18353392
18356395
18358564
18359101
18360184
18361008
18362054
18363671
18363775
18364329
18369992
18372791
18372906
18373545
18375904
18381104
18383428
18385872
18386464
18388575
18392555
18395455
18396318
18399819
18409548
18412591
18414727
18415082
18417745
18420229
18420399
18423992
18426257
18427295
18429343
18432468
18434354
18434942
18434967
18439875
18440941
18441370
18443968
18446953
18449409
18455708
18457112
18458150
18460499
18460615
18462908
18463700
18464585
18471506
18471521
18474410
18474530
18481539
18489435
18489625
18490608
18491030
18492444
18492540
18495989
18496292
18496818
18498570
18503156
18503179
18508139
18509566
18510028
18510520
18516028
18517288
18519051
18526949
18527280
18529796
18530027
18530084
18532125
18533061
18535019
18535051
18536247
18536376
18537043
18545870
18548662
18548901
18555269
18556602
18559049
18559918
18561757
18563782
18569174
18569692
18570490
18571730
18578323
18579050
18579934
18580421
18580940
18581814
18581941
