557
800
955
1103
1289
1507
1570
1738
1741
1956
2745
2761
2985
2988
2995
3130
3287
3501
3628
3775
3931
4044
4050
4728
4907
5066
5462
5561
5654
6018
6708
6829
7506
7920
8348
8412
9157
9326
9878
10890
11019
11144
11419
11595
11824
11969
11992
12137
12253
12596
12683
13700
14007
14086
14436
14654
15123
15284
15309
15313
15564
15968
16383
16817
16825
16940
16950
17379
127977
128061
128817
128919
129091
129322
129413
129898
129903
130553
130765
131356
131536
131618
131866
131944
132160
132437
132844
132850
133462
133795
133948
134103
134105
134126
134265
134943
135095
135214
135242
135351
135563
135843
136119
136876
137003
137151
137288
137481
137522
137569
138087
138160
138232
138263
138668
138750
138996
139070
139507
139581
139902
140367
140392
140530
140723
140824
141035
141191
141370
141881
141952
141970
142149
142256
142363
171996
172005
172247
172646
172928
173114
173155
173571
173865
174219
174238
175198
175201
175406
175694
175950
176180
176727
176997
177231
177452
177593
177741
177899
178022
178050
178617
178837
178917
179276
179419
179870
180127
180574
180801
181462
181710
181759
182064
182450
182487
182517
182796
182888
183167
183223
183531
183949
184176
184282
184860
185037
185379
186015
186180
186350
186891
186966
206638
207096
207468
207924
208414
209022
209536
209758
210235
210324
210409
210737
211043
211607
211717
211810
211811
211878
212008
212565
212695
212696
213207
213365
213511
214112
214124
214174
215044
215717
215755
215772
215816
215844
215869
216077
243508
244847
244954
245115
245631
245904
245951
246158
248148
248618
248790
248956
249140
249361
249682
249848
250222
250674
250991
251203
251483
251945
252015
252197
252263
252605
253272
253462
253634
253888
254577
254809
254894
255073
255798
256317
257196
257339
257360
257827
258005
258302
258945
265160
267256
273638
273977
274546
274926
275360
275877
276361
276433
276537
276937
279403
279540
279762
280173
283599
284081
284089
285120
285632
286018
286432
287002
287299
356826
356979
357376
358123
358760
359038
359828
359861
360140
360303
360308
360971
361291
362117
362222
362303
362543
362597
362688
362777
363955
364939
365132
365556
366187
366293
367242
367338
367348
367518
367934
367983
369083
369462
369497
512137
515540
517823
518350
521735
541751
542409
542682
545088
551195
558406
559426
559501
559660
560052
560444
560459
560905
561472
561691
561782
562812
562956
562959
563456
563917
564057
564301
564360
564367
564387
564482
564544
564822
564914
565008
565906
566072
566562
566598
566737
566785
566800
567119
567427
567656
568564
568691
569161
569406
569748
569812
570500
570641
570861
571076
571172
571347
571358
571552
572173
572553
572725
572864
572909
572976
573489
573600
573690
574186
574804
574807
574996
575044
575083
575573
575628
589497
592452
593183
593240
594337
595639
597400
598790
599701
599755
600391
602612
603667
603789
604171
604233
604955
604982
605332
605718
605840
605843
605961
606472
606818
607755
607938
608352
608658
608768
609085
609817
610489
610730
610990
611098
611146
611627
611967
612096
612290
612637
613189
613267
613599
613632
615122
615159
616097
616338
629158
631638
632540
633573
634825
635267
635930
636275
637396
638283
638457
639291
639599
639894
640575
641159
641701
641920
642133
643492
643615
644090
645724
645742
712933
713190
714681
714914
717949
718298
719665
720273
726559
742393
742681
742869
744353
745452
745741
746245
746249
747405
748687
749327
749893
750466
750731
751009
751093
751727
752423
822472
824045
824521
824694
824982
825112
826710
827667
827919
830283
832520
832995
855319
859023
862360
894737
895104
895260
895430
895541
895567
895665
896223
896277
896888
896896
897009
897320
897323
897377
897600
897693
899029
899120
899132
899306
899363
900056
900150
900262
901116
901297
901773
902011
902444
902830
903062
903118
903189
903264
903301
903357
903414
903816
903878
904575
904629
904633
904638
904691
980656
981589
982540
982742
982875
983116
983649
983777
985136
985412
985612
985656
985804
985828
985942
985962
986234
986456
986679
986824
986899
987761
988087
988167
988441
988665
989405
989497
989718
989827
990009
990236
991267
991355
991356
992171
992192
992295
992325
992419
993113
993117
993225
993426
993535
993883
993963
994084
994339
994453
994529
994844
994963
995290
995349
995609
995771
995844
995953
996388
996600
997078
997747
997824
998609
998717
999208
999564
999618
999699
1000261
1000302
1000536
1000882
1001113
1001382
1001751
1001987
1002020
1002564
1002667
1003418
1003482
1003822
1003864
1004221
1004368
1004804
1005221
1005355
1005822
1005868
1005925
1006010
1006446
1006509
1006801
1006977
1007025
1007203
1007264
1007344
1007497
1007778
1007791
1007801
1008002
1008381
1008898
1023644
1028493
1034084
1036080
1041810
1079911
1080087
1080463
1080595
1080806
1081421
1081584
1081881
1082069
1082452
1082488
1082963
1084784
1084789
1085490
1085957
1085966
1086227
1086350
1086559
1086694
1087001
1087060
1087087
1087356
1088121
1088144
1088515
1088840
1089014
1089104
1089607
1089760
1089844
1090237
1090761
1091133
1091418
1156709
1158188
1160220
1160323
1161430
1161735
1161884
1162181
1162705
1163678
1163699
1164676
1183658
1186356
1186472
1187149
1187165
1188857
1189850
1190600
1190808
1191531
1192918
1215625
1217248
1226500
1355436
1359154
1365370
1439344
1440260
1445866
1447651
1593535
1593687
1593897
1593928
1594154
1594163
1594795
1595115
1595398
1595746
1595792
1595991
1596188
1596775
1596919
1597092
1597369
1597652
1597664
1597854
1598569
1599252
1599349
1599398
1599643
1599723
1600053
1600660
1601547
1601981
1602312
1603055
1603152
1603183
1603293
1603665
1604183
1604541
1604675
1604753
1605139
1605515
1605598
1605755
1606063
1606127
1606542
1608508
1610544
1610635
1610934
1611662
1612808
1613009
1614146
1616211
1616873
1617273
1617725
1618132
1618404
1619609
1620511
1641224
1646124
1649434
1653368
1653537
1653694
1653701
1653852
1654208
1654337
1654372
1654417
1654960
1654974
1654977
1655336
1655516
1655518
1655979
1656021
1656077
1656141
1656184
1656850
1657006
1657253
1657295
1657447
1657505
1657635
1657713
1657845
1658011
1658173
1658207
1658649
1658758
1658819
1658893
1659540
1659883
1660139
1660145
1660270
1661270
1661406
1661458
1661481
1661579
1661781
1661795
1662100
1662119
1662120
1662589
1662914
1663389
1663548
1663676
1664007
1664329
1664510
1664670
1664886
1665034
1665114
1665347
1665640
1666067
1666076
1666176
1666250
1666758
1666905
1666930
1666939
1667008
1667077
1667116
1667160
1667371
1667568
1667892
1668156
1778130
1778257
1778586
1781612
1782377
1783288
1784820
1786672
1787038
1787063
1787388
1788218
1789846
1789953
1792357
1796684
1798686
1803641
1842088
1843847
1844404
1844610
1844906
1845223
1847473
1848259
1848453
1848597
1848873
1848888
1849391
1849558
1851351
1851444
1851500
1851775
1851936
1852559
1853628
1853643
1854358
1854982
1855197
1855442
1943663
1944139
1944535
1945196
1946366
1946731
1946824
1947698
1948367
1949521
1949676
1951109
1951249
1951274
1953414
1953521
1953725
1953807
1974336
2008647
2008985
2009350
2010890
2011011
2011422
2011507
2011603
2011788
2012051
2012160
2012360
2013229
2013713
2013847
2014535
2014899
2014966
2015198
2016283
2016580
2016688
2017457
2018114
2019401
2020081
2020222
2021649
2037834
2037843
2039102
2039202
2039245
2039309
2040142
2040250
2040631
2040670
2041191
2041653
2041708
2041888
2042140
2042369
2042606
2042796
2043142
2043546
2043555
2045697
2046037
2046644
2047784
2048900
2048970
2049022
2049361
2049924
2049941
2050385
2050441
2051095
2051227
2051251
2052215
2052618
2052806
2053005
2053018
2053840
2054269
2054661
2054804
2055139
2055826
2056439
2077894
2078436
2078858
2078928
2078986
2079219
2080027
2080630
2081028
2081175
2081681
2082045
2082435
2082680
2083030
2083686
2083808
2083861
2083954
2084222
2084410
2084602
2084947
2085261
2085364
2085467
2085502
2085510
2085629
2086066
2086139
2086393
2086408
2086484
2086636
2086668
2087315
2087330
2087805
2088020
2088651
2089194
2089548
2089750
2089841
2090479
2090573
2090940
2090973
2091013
2091187
2092213
2092372
2092943
2093344
2093443
2127620
2127745
2127866
2128019
2128134
2128143
2128163
2128269
2128450
2128500
2128711
2129028
2129402
2129435
2129492
2129607
2129691
2129776
2129853
2129943
2129953
2130309
2130373
2130451
2130833
2130850
2130942
2131144
2132303
2132464
2132899
2133048
2133446
2133775
2133950
2134565
2134950
2135038
2135048
2135960
2136361
2136429
2137168
2137280
2137456
2137549
2137613
2137633
2137945
2138294
2138311
2138365
2138506
2139215
2139667
2139678
2139693
2139757
2140178
2140514
2140554
2141534
2141716
2142191
2142689
2142829
2143398
2143501
2143820
2143856
2143948
2144316
2144443
2144521
2144612
2144619
2144678
2144971
2145117
2145398
2145699
2145805
2146669
2146953
2167110
2167366
2167893
2168884
2169019
2169949
2170248
2170758
2170883
2171921
2172121
2173023
2176363
2176478
2177339
2177856
2177934
2178024
2178943
2179419
2179745
2179879
2185735
2202585
2202822
2204079
2205237
2205765
2209206
2209493
2238905
2379915
2380067
2384357
2384815
2387240
2387306
2389685
2390274
2390758
2391202
2391924
2392755
2394042
2394114
2546914
2556204
2556245
2556405
2556704
2557078
2557289
2557411
2558392
2558491
2558813
2558919
2559357
2560337
2560427
2561428
2562014
2562721
2564500
2564518
2564618
2565397
2565714
2566556
2567583
2567753
2568925
2569754
2570245
2570449
2570985
2571240
2571244
2572837
2573461
2573854
2573893
2574275
2574789
2574826
2574993
2575991
2577458
2577565
2578542
2583521
2584079
2584519
2585352
2588352
2588632
2590397
2590411
2590481
2590647
2592004
2592011
2592230
2593119
2593653
2594106
2594649
2595332
2601533
2613301
2617001
2617254
2617763
2617785
2619016
2619929
2620073
2620806
2620993
2623019
2668377
2671116
2678180
2680956
2681103
2684384
2685879
2687168
2816658
2846208
2846793
2848584
2849225
2850645
2851559
2853010
2854583
2956705
2956736
2956904
2957298
2957391
2958518
2959296
2960648
2960688
2961268
2961374
2962825
2962889
2963074
2963196
2963536
2964846
2965974
2966144
2966335
2966859
2967752
2968547
2968555
2969604
2969613
2970290
2970854
2971830
2972313
2972416
2972726
2973225
2973359
2973373
2974490
2977363
2979315
3046991
3047635
3048900
3049995
3050712
3050997
3054168
3056779
3057530
3057907
3058116
3059085
3059536
3060413
3062022
3072924
3073844
3074065
3074487
3074832
3074842
3074889
3075097
3075212
3075673
3075877
3076156
3076533
3076564
3076629
3076797
3076847
3077032
3077230
3077591
3078105
3078245
3078266
3078425
3078470
3078472
3078890
3079320
3079721
3080325
3080806
3081029
3081375
3081615
3081754
3081973
3082584
3082993
3083464
3083853
3085115
3085131
3085314
3085637
3085905
3086033
3086082
3086421
3086613
3086706
3086820
3086987
3087178
3087238
3087445
3087540
3087828
3087864
3088916
3089480
3089629
3089672
3089689
3089877
3090058
3090331
3090922
3090960
3091160
3091727
3201589
3203622
3204249
3204276
3239947
3244855
3265394
3266255
3266448
3269725
3270018
3270188
3271482
3271566
3272438
3274817
3275364
3277390
3277876
3279152
3279241
3411978
3412098
3412229
3412301
3412502
3412897
3413496
3413520
3413611
3414106
3414205
3414491
3415543
3416231
3416512
3416907
3417039
3417407
3418176
3418658
3419110
3419693
3421036
3421057
3421350
3421799
3421980
3422412
3422829
3423095
3423453
3423519
3423762
3423840
3424318
3426360
3426616
3426824
3427747
3429128
3429344
3429581
3429786
3431193
3431397
3501116
3501540
3501632
3501748
3502265
3502868
3503580
3503761
3504438
3504641
3505055
3505870
3506526
3507181
3507198
3509204
3509958
3510554
3510777
3510873
3510961
3511068
3511171
3511258
3511754
3512022
3512213
3512263
3512716
3513359
3515226
3515710
3515874
3516299
3528937
3569060
3569273
3569533
3569647
3569994
3570590
3570675
3571549
3571872
3572146
3572338
3572733
3573594
3573680
3574226
3574639
3575167
3575226
3575555
3575738
3576206
3576458
3576696
3576875
3576998
3577143
3577182
3577680
3577715
3577986
3578067
3578346
3578417
3578462
3578845
3578853
3578876
3578964
3579104
3579825
3580544
3581423
3581432
3581867
3582103
3582565
3582710
3601255
3601645
3601693
3601980
3602023
3602080
3602539
3602705
3602751
3602774
3602994
3603609
3603975
3604209
3604401
3604415
3604775
3605593
3605874
3605875
3606599
3607018
3607028
3607276
3607962
3608054
3608462
3608497
3608616
3608706
3608947
3609023
3609335
3609504
3609908
3610082
3610519
3610625
3610725
3610831
3610927
3611128
3611241
3612304
3612708
3612996
3613739
3613761
3613971
3614013
3614162
3614465
3614480
3614716
3614814
3615025
3615060
3679872
3681144
3681235
3681611
3682918
3683032
3684091
3684817
3685381
3685949
3686821
3687453
3688874
3689688
3690620
3691219
3691756
3694131
3694829
3695499
3695657
3696526
3699603
3701971
3705650
3707096
3711088
3712233
3713010
3742010
3845825
3847070
3847321
3848437
3848444
3849703
3849979
3850158
3850972
3855104
3856464
3857143
3858496
3858589
3859012
3859014
3859301
3860558
3878091
3878197
3878516
3879335
3879351
3879833
3880298
3881295
3881453
3881486
3881667
3882191
3883084
3883226
3883231
3883275
3883508
3883702
3883722
3884104
3884210
3884308
3884387
3884572
3884708
3884755
3885571
3885645
3885756
3885808
3886162
3886369
3887126
3887399
3887564
3888323
3888793
3889011
3889043
3889628
3889689
3890014
3890041
3890094
3890522
3890530
3890554
3901623
3911234
3973852
3980446
3987252
3988820
3994819
4003711
4005543
4005628
4006642
4007971
4008990
4009967
4010257
4010491
4010652
4010701
4011828
4012535
4012813
4012918
4014128
4014150
4015239
4015291
4016287
4016826
4017138
4017376
4017538
4017542
4017562
4018067
4018157
4018320
4018728
4018732
4018818
4019285
4020307
4020528
4020657
4020760
4021510
4023541
4025214
4025220
4025526
4027006
4027324
4027582
4028081
4028096
4028619
4028995
4029218
4030878
4031490
4031573
4034022
4034061
4035397
4035855
4037382
4037843
4042710
4042840
4116721
4129617
4131055
4131580
4132687
4132931
4133785
4134208
4134384
4135122
4138386
4139637
4155321
4157798
4300270
4303185
4308314
4309257
4317656
4338834
4341913
4342218
4347001
4350216
4352975
4417409
4417829
4418552
4418616
4419093
4419234
4421858
4423294
4424530
4425896
4426102
4426667
4428902
4430476
4437673
4623591
4630735
4688275
4690772
4691886
4694144
4695561
4695701
4717734
4719096
4719236
4719284
4719633
4719846
4719875
4720189
4720353
4720354
4720646
4720738
4721009
4721389
4721469
4721579
4721633
4722029
4722922
4722935
4723604
4723898
4724052
4724444
4724604
4724772
4725258
4725310
4725794
4726563
4726760
4726959
4727130
4727215
4727316
4727560
4727993
4728001
4728300
4728429
4728644
4729087
4746942
4913981
4914248
4914626
4915466
4915915
4916229
4916498
4916532
4916581
4916702
4917315
4917548
4917636
4918403
4918478
4919036
4919555
4919871
4920380
4920928
4921091
4921259
4921416
4921576
4922032
4922372
4922887
4923251
4923785
4923831
4923906
4925119
4925132
4925410
4925815
4926039
4926397
4926548
4926904
4927102
4927158
4927263
4927305
4927627
4927648
4927820
4927838
4928462
4928641
4928740
4928746
4929786
4930495
4930676
4931469
4931788
4932130
4932381
4932753
4933280
4934087
4935063
4936001
4937851
4938816
4938967
4939206
4939423
4939594
4941752
4941778
4942447
4942882
4943387
4944359
4946227
4947186
4947416
4947524
4947811
4948449
4948680
4949337
4949545
4949761
4949769
4951682
4953316
4953876
4954321
4954558
4956494
4957141
4957873
4958338
4959268
5006102
5006445
5006552
5006766
5007024
5007118
5007610
5008149
5008169
5008973
5009176
5009397
5010466
5010901
5010932
5011433
5011538
5011930
5012002
5012146
5012164
5012247
5012513
5012612
5013087
5013144
5013238
5013458
5013848
5014294
5014415
5014884
5015064
5015302
5016057
5016295
5016522
5016682
5016898
5017692
5017800
5018172
5018603
5018785
5019893
5020118
5020223
5020224
5020257
5033078
5033162
5033504
5033512
5033545
5033821
5034829
5034997
5035497
5037105
5037822
5038626
5038858
5038947
5039195
5040096
5040430
5040553
5040728
5041725
5041736
5041801
5041872
5041900
5042465
5042519
5042533
5043536
5043618
5043805
5044074
5080483
5080698
5080763
5080984
5081462
5082078
5082227
5082732
5083606
5084051
5084078
5084356
5085325
5085695
5085880
5086286
5086456
5086471
5087303
5089969
5090055
5090256
5091243
5091403
5091413
5092512
5092624
5093730
5123612
5123844
5124145
5124307
5124956
5125069
5125387
5126083
5126915
5127093
5127167
5127552
5128469
5128683
5129196
5129377
5129563
5129736
5130478
5130712
5131296
5131314
5131407
5131413
5131642
5131873
5132825
5132933
5133644
5133774
5135141
5135263
5136052
5136265
5136391
5136788
5136831
5136859
5136938
5137312
5137565
5137730
5137883
5137935
5138599
5138627
5138667
5138900
5139006
5139177
5139582
5139937
5140670
5140931
5141498
5141533
5141551
5142367
5142369
5142632
5190325
5190675
5192755
5193277
5193482
5193708
5194016
5195018
5195369
5195474
5195670
5195699
5196131
5196683
5196817
5197184
5197352
5197469
5198234
5198256
5198465
5198663
5198696
5199991
5200060
5200202
5200890
5200960
5201571
5202127
5202658
5202945
5204413
5204584
5204720
5205296
5205829
5206226
5206855
5206989
5207621
5207649
5207699
5208606
5209331
5209865
5237727
5237788
5238146
5238165
5238788
5238858
5239172
5239221
5240373
5241968
5242071
5242827
5243300
5244022
5245165
5245237
5245448
5248214
5248358
5248581
5249070
5250125
5250688
5251395
5251508
5251526
5251652
5252075
5252499
5253044
5253344
5253808
5253941
5255889
5256078
5256255
5327026
5337347
5337413
5338123
5338145
5338203
5338294
5338302
5338848
5339291
5340229
5341119
5341951
5342249
5342636
5342969
5343268
5343358
5343446
5345211
5345425
5346120
5346454
5346667
5347016
5347115
5348708
5349352
5350147
5350227
5350372
5350745
5351052
5351384
5351897
5352914
5353088
5353219
5353613
5354174
5354453
5354872
5355050
5355240
5355509
5355552
5356100
5356160
5356169
5356233
5356271
5356389
5385630
5386323
5386568
5386872
5388299
5388463
5388990
5389431
5389969
5390921
5390947
5391612
5391650
5391737
5391870
5392106
5392698
5392733
5392941
5393847
5393861
5394051
5394554
5394931
5395259
5395264
5395330
5395360
5395586
5395803
5395861
5396248
5396457
5396587
5396695
5396852
5397118
5397297
5397334
5398526
5398619
5398810
5398837
5398969
5399173
5399653
5399841
5399873
5399890
5400585
5400731
5401119
5401208
5403296
5405772
5406470
5407751
5409566
5410732
5412144
5414214
5414375
5414671
5428490
5471432
5471623
5471653
5471894
5472063
5472129
5472508
5472722
5473326
5473941
5474177
5474196
5475389
5475452
5475779
5475817
5475885
5476596
5476683
5476806
5477140
5477517
5477766
5478104
5478149
5478504
5478507
5478512
5479092
5479206
5479302
5479610
5479951
5480139
5480320
5480481
5480533
5481042
5481214
5481244
5482017
5482342
5482599
5482614
5482641
5482728
5482739
5482914
5483687
5483933
5484203
5484476
5484774
5485099
5485132
5485275
5485343
5485470
5485857
5486325
5486797
5486976
5487337
5487416
5487907
5488102
5488432
5488575
5488860
5490469
5491319
5493791
5494260
5494787
5495798
5495813
5495916
5496410
5497797
5498715
5499385
5501453
5501740
5502278
5502488
5503293
5506219
5552461
5553979
5554279
5555467
5557675
5558142
5558158
5560801
5560982
5561116
5566130
5566451
5567550
5606265
5606573
5606708
5607068
5607245
5607741
5607757
5608062
5608340
5608442
5608465
5608812
5609815
5610081
5610280
5610562
5610733
5610823
5611558
5612093
5612685
5612998
5614087
5614768
5615326
5615351
5615900
5616438
5617075
5617553
5617885
5618592
5618665
5620061
5620067
5620828
5621206
5621357
5622333
5622818
5622926
5623047
5625230
5625258
5625390
5625716
5625720
5626256
5626519
5626841
5626856
5627009
5627450
5627464
5627566
5627651
5627673
5628237
5628312
5628464
5628811
5628843
5628844
5629087
5629186
5630120
5630124
5630398
5630428
5630503
5630691
5630953
5630998
5631240
5631463
5631663
5631789
5632179
5632494
5632581
5632624
5633026
5633061
5633488
5634058
5634223
5634545
5634770
5683361
5684319
5684343
5685083
5685330
5685450
5685467
5685513
5685744
5685917
5686219
5686337
5686715
5686751
5686796
5687173
5687330
5687402
5687854
5689033
5689175
5689600
5689621
5690644
5690699
5690843
5690866
5692108
5692704
5692934
5693046
5693746
5694107
5694451
5694513
5695042
5695360
5695536
5695546
5696195
5696374
5696466
5696901
5697054
5697060
5697189
5697196
5697923
5698469
5698507
5698961
5699352
5699438
5699459
5699522
5700094
5700347
5701201
5701395
5810095
5893172
5893544
5894099
5894228
5894888
5895669
5895828
5896038
5897743
5897965
5898068
5898781
5899813
5899858
5900013
5900356
5902229
5902610
5903369
5903849
5904797
5905359
5906135
5906814
5943534
5943581
5943624
5943738
5943954
5944233
5944343
5944549
5945219
5945221
5945454
5945475
5945988
5946552
5946746
5947629
5948088
5948921
5949148
5949254
5949929
5950203
5950232
5950251
5950762
5950765
5950860
5951061
5951448
5952293
5952539
5952672
5952896
5953268
5953992
5954762
5955161
5955305
5955853
5956070
5992904
5993792
5993852
5994128
5994819
5996395
5996783
5997480
5997656
5998644
5999406
5999506
5999775
6000210
6000476
6001577
6001865
6002286
6002902
6002934
6003026
6003467
6004188
6004939
6005459
6005612
6006059
6006778
6007000
6008389
6008513
6009422
6011090
6012299
6012435
6013398
6014431
6014464
6014993
6015809
6016275
6016828
6016860
6018130
6018139
6018176
6018576
6018613
6019007
6019080
6019141
6019349
6019375
6019509
6020074
6020268
6020517
6020532
6020635
6020742
6020954
6021068
6021814
6022216
6022237
6022289
6022676
6022697
6023132
6023501
6023563
6023943
6023958
6024350
6024740
6025089
6025266
6025648
6026268
6027370
6027528
6027774
6028017
6028064
6028229
6028286
6028478
6029052
6030012
6030127
6030181
6144376
6144396
6144647
6145625
6146146
6146280
6146933
6147516
6147952
6148007
6148505
6148856
6149004
6149117
6149145
6149290
6149695
6149866
6150256
6150382
6150384
6150437
6150565
6150705
6150853
6151178
6151625
6151822
6151866
6152072
6152753
6152776
6152970
6153014
6153166
6153344
6153766
6153866
6153877
6154397
6154490
6154599
6154904
6155015
6155047
6155062
6155156
6155895
6156104
6156766
6156796
6156978
6157116
6157202
6157381
6157382
6157439
6157489
6157685
6158172
6158412
6158448
6158789
6158839
6158916
6159074
6159882
6160201
6190472
6192162
6204454
6204597
6204708
6205368
6205407
6205442
6205733
6206000
6206086
6207018
6208387
6208681
6208884
6208886
6209423
6209454
6209687
6209728
6209734
6209884
6209908
6210066
6210486
6211177
6211312
6211546
6211619
6211665
6211967
6212089
6212107
6212111
6212514
6212637
6212711
6212780
6213231
6213248
6213600
6213765
6214481
6214604
6214921
6215409
6215441
6215800
6216294
6216365
6216657
6216749
6216913
6216974
6217369
6217904
6217907
6218079
6218415
6218534
6218581
6220063
6220331
6220731
6220789
6221563
6223501
6226054
6226160
6226716
6227075
6227139
6230596
6231239
6231251
6232256
6233670
6233680
6233801
6235277
6236370
6237387
6237785
6237815
6237921
6238035
6238166
6238188
6238885
6239158
6239186
6239537
6239697
6240095
6240147
6240156
6240361
6240555
6240595
6240901
6241197
6241275
6241347
6241427
6241430
6241876
6241877
6241996
6242021
6242331
6242443
6242482
6242510
6242793
6242881
6243527
6243563
6243624
6244005
6244610
6244919
6245176
6245235
6245289
6245622
6246131
6246216
6247314
6247497
6247925
6247944
6247991
6248234
6248294
6248770
6248774
6248982
6249438
6249624
6249634
6249638
6249756
6249821
6249830
6249858
6249909
6251334
6251821
6252059
6252165
6252289
6252483
6252494
6252569
6340174
6341310
6342326
6345370
6347232
6347827
6347836
6352588
6352649
6353614
6436838
6437160
6437275
6437558
6437805
6437843
6437883
6438022
6439243
6439615
6439825
6440397
6440557
6441501
6442151
6442415
6443118
6443120
6443425
6444442
6445458
6445796
6446468
6446497
6446598
6446661
6446727
6448356
6448374
6448786
6448990
6449009
6449714
6449985
6450747
6451214
6451538
6451599
6451734
6451861
6451923
6452614
6453194
6453718
6453744
6453834
6454356
6454403
6454425
6454602
6456371
6457021
6457384
6457714
6457993
6458500
6458897
6458972
6459900
6461979
6462052
6462167
6462422
6462498
6462939
6463151
6463565
6463763
6463942
6464016
6464034
6464526
6464563
6464786
6464890
6465180
6465374
6465457
6465709
6465807
6465999
6467202
6467294
6467509
6467635
6468148
6471270
6472956
6473114
6473251
6473353
6473587
6473739
6474572
6474661
6476958
6477227
6478188
6479549
6479652
6480138
6480453
6480732
6480777
6481650
6481702
6481828
6482754
6483369
6484114
6484216
6484282
6486184
6486812
6487505
6487615
6488052
6488559
6488628
6488933
6489836
6489911
6490061
6490460
6490865
6490893
6492508
6492742
6492840
6493087
6493186
6493312
6494080
6495005
6495150
6495304
6495332
6495817
6496365
6496375
6496464
6496747
6497312
6497582
6497590
6497852
6498000
6498011
6498073
6498616
6499129
6499477
6499531
6501332
6501755
6502545
6502717
6502720
6502724
6502773
6502981
6503163
6503191
6503285
6503494
6503585
6503965
6504074
6515625
6523092
6523360
6523706
6523731
6524025
6524465
6525083
6525756
6525925
6525944
6526140
6526253
6526923
6526998
6527043
6527145
6527418
6527471
6528141
6528198
6528211
6528267
6528348
6528483
6528552
6528927
6529016
6529304
6529513
6530237
6530284
6530313
6530505
6531043
6531294
6531788
6531865
6531887
6531944
6532015
6532249
6532424
6533158
6533268
6533788
6533820
6533865
6534121
6534460
6534472
6535256
6535380
6535617
6535746
6535794
6536011
6536508
6536565
6536747
6536845
6536876
6537013
6537016
6537271
6567046
6574071
6574411
6575835
6576027
6577188
6577283
6577457
6577479
6578151
6578214
6578363
6578381
6578453
6578535
6578651
6578670
6578725
6578814
6578854
6579113
6579678
6580012
6580404
6580637
6580882
6580951
6581032
6581081
6581093
6581224
6581522
6581933
6582149
6582456
6582467
6582504
6582526
6582739
6583909
6584097
6584468
6584933
6586313
6586392
6587482
6588040
6588249
6600030
6600260
6600784
6600968
6601666
6601694
6602415
6603069
6603429
6603447
6603514
6604136
6604696
6605454
6606122
6606748
6607175
6607354
6607394
6607632
6607716
6607829
6608108
6608384
6609151
6609366
6610275
6610400
6610516
6611598
6611663
6612519
6612524
6613278
6614040
6614099
6614160
6614430
6615102
6615389
6615435
6616220
6616580
6616641
6616763
6617100
6618481
6619846
6620311
6621011
6622358
6622637
6622878
6623088
6623383
6623454
6624026
6624217
6624657
6625353
6625397
6626521
6632687
6638197
6638315
6641984
6673289
6673432
6673643
6673654
6674189
6674794
6676408
6676565
6676590
6677770
6678086
6678449
6678929
6679896
6682396
6682431
6682753
6683108
6683339
6683357
6684117
6684172
6685311
6685343
6686298
6687498
6687900
6688004
6688498
6741952
6742196
6743080
6743797
6743951
6744087
6744223
6744807
6745155
6745333
6745507
6745746
6746784
6746898
6746944
6747894
6748606
6749994
6750088
6750347
6751879
6752297
6752658
6752900
6753751
6754235
6754293
6755114
6755509
6755724
6756342
6756577
6756708
6757754
6757763
6814351
6815371
6816713
6820254
6820735
6821768
6822936
6859096
6867692
6874103
6875792
6930282
6930476
6931553
6932629
6932995
6933192
6933415
6933421
6935020
6935985
6936166
6936890
6937051
6937062
6938804
6940092
6940745
6940791
6941165
6941568
6972458
6972547
6972761
6973045
6973144
6973258
6973331
6973391
6973879
6974916
6975214
6976127
6976263
6976336
6976808
6976847
6977611
6977749
6978987
6979188
6979301
6979374
6980143
6980413
6980438
6980491
6980511
6980827
6981544
6982075
6982227
6982236
6982238
6982246
6982452
6982586
6982663
6982812
6982899
6983118
6983251
6983453
6983757
6984107
6984197
6985069
6985270
6985551
6986222
6986278
6987261
6987683
6987803
6987927
6988003
6988747
6989121
6989678
6989775
6989892
6990718
6991202
6991372
6991374
6991647
6991778
6991975
6992452
6992541
6993022
6993168
6993483
6993492
6993521
6993634
6993720
6994246
6994451
6994464
6994992
6995400
6995444
6995462
6995466
6995537
6995773
6996414
6996909
6997186
6997397
6997450
6997500
6997903
6999086
6999595
6999728
6999806
7000365
7000432
7000890
7000932
7001237
7001501
7001557
7001649
7001744
7001761
7002143
7002409
7039955
7040887
7042513
7043334
7043488
7043666
7044631
7045554
7046507
7046573
7047173
7047363
7047592
7048317
7048870
7049023
7049207
7049223
7049422
7050426
7050649
7051435
7053003
7053767
7054059
7054225
7054504
7054592
7054856
7055034
7055917
7056256
7056566
7056587
7057252
7057591
7058212
7058248
7058368
7058439
7058604
7058807
7059593
7059926
7061135
7061671
7061714
7061802
7061973
7062351
7062702
7063084
7063312
7063902
7064073
7065253
7065870
7066129
7066972
7067869
7068117
7068206
7068233
7068405
7068871
7126517
7127325
7131039
7133548
7134475
7149077
7150086
7150284
7150363
7150822
7150982
7151152
7151239
7151272
7151634
7151704
7152142
7152972
7152992
7154264
7154633
7155407
7155632
7156078
7156087
7156190
7156395
7157230
7157283
7157522
7158227
7158405
7158599
7158749
7159676
7159761
7160584
7160892
7161534
7161707
7161874
7162444
7162707
7162795
7162804
7163242
7163683
7164266
7164373
7175065
7176138
7179350
7179357
7179424
7179439
7179720
7180149
7180250
7180823
7181009
7181939
7185105
7186112
7186506
7187044
7187099
7187578
7187670
7187971
7189968
7192069
7196194
7197197
7197407
7198019
7212565
7212903
7333064
7333932
7334280
7334676
7335035
7335322
7336291
7336944
7337229
7337251
7337412
7338873
7339050
7340002
7340922
7342241
7343156
7343460
7343552
7343913
7343958
7345205
7345396
7345939
7346334
7346702
7347228
7347302
7348928
7349049
7349238
7349943
7350057
7350149
7350400
7350401
7351687
7353031
7353303
7353462
7353534
7354585
7354921
7356201
7356220
7359138
7359267
7359295
7360914
7361417
7361433
7361921
7365946
7368024
7368040
7368680
7369875
7372895
7373329
7388382
7388863
7389220
7389644
7389855
7389879
7390233
7390298
7390587
7391102
7391187
7391227
7392036
7392390
7393441
7395244
7396349
7397781
7398449
7399501
7399557
7400082
7400239
7401610
7401642
7402212
7402527
7403086
7403277
7404110
7409222
7412328
7412773
7419135
7420711
7422449
7423256
7474235
7474535
7474638
7474654
7474920
7475340
7475519
7475524
7475578
7475615
7475765
7476039
7476271
7476314
7476752
7477147
7477874
7478465
7478793
7478940
7479218
7479583
7480402
7480495
7480637
7481122
7481261
7481602
7481663
7481677
7481791
7481822
7481848
7481990
7482153
7482562
7483100
7483188
7483472
7484388
7484427
7484457
7484805
7484888
7485024
7485144
7485257
7504514
7504905
7505028
7505096
7505227
7505289
7505768
7505960
7506597
7506756
7506783
7506830
7506934
7507160
7507358
7507439
7507628
7507707
7507787
7507803
7509113
7509280
7509747
7509946
7509972
7510129
7510178
7510762
7511444
7511692
7511823
7511839
7512999
7513090
7513133
7513198
7513767
7513875
7514312
7514514
7514549
7514870
7515004
7515068
7515081
7515148
7515163
7515170
7515467
7515863
7516033
7516087
7516121
7516136
7516274
7516721
7516995
7517862
7517944
7518163
7518319
7518479
7518526
7518553
7547972
7548377
7549182
7549423
7549536
7549538
7549558
7549706
7550028
7550069
7550434
7550450
7550527
7550535
7550864
7551096
7551421
7552105
7552234
7552522
7552568
7552783
7552969
7553709
7553717
7553992
7554033
7554493
7554781
7555218
7555641
7555815
7555888
7555903
7556168
7556339
7556694
7557957
7558272
7558508
7558672
7558893
7559444
7559764
7560023
7560187
7560633
7560659
7561798
7562131
7562147
7562237
7562826
7562917
7563143
7563229
7563231
7563824
7564256
7564687
7564700
7565263
7607835
7608166
7608390
7608417
7609814
7609994
7611151
7611219
7611240
7611712
7611789
7612046
7612656
7612941
7613202
7613211
7613329
7613641
7613723
7613822
7614159
7614209
7614491
7614613
7614667
7615248
7615647
7615744
7616004
7616556
7616736
7616907
7617167
7617356
7617384
7617950
7618125
7618353
7618393
7618829
7618958
7619040
7619519
7619597
7619790
7620091
7620438
7620677
7620875
7621001
7621131
7621505
7621593
7621676
7621774
7623208
7623270
7623792
7623833
7624075
7624578
7624756
7624901
7625525
7625815
7625922
7626408
7626607
7626618
7626688
7626692
7627550
7627642
7628725
7630051
7630144
7630988
7631577
7632142
7632257
7632960
7632968
7632982
7633097
7634079
7634196
7634415
7635164
7635600
7636154
7636487
7638423
7639474
7639495
7639631
7640337
7640978
7641135
7667131
7714052
7714077
7714521
7714633
7714757
7715084
7715203
7715835
7716721
7717038
7717348
7717775
7718173
7718491
7718570
7718906
7719719
7721004
7721455
7721892
7722372
7722682
7723042
7723649
7724201
7726536
7726597
7728943
7728988
7729160
7729439
7729843
7730588
7730995
7731244
7731471
7731923
7731976
7732524
7732573
7733330
7734370
7734901
7735246
7735615
7735765
7735809
7737096
7737301
7737316
7737502
7737868
7737885
7738091
7738275
7738573
7738720
7738862
7739197
7739316
7739624
7739700
7739854
7739928
7740225
7740860
7740885
7741241
7741436
7741460
7741583
7741691
7741979
7742228
7742646
7742682
7742799
7743023
7743226
7743384
7744729
7744833
7745150
7746980
7746994
7747003
7786832
7787419
7787888
7788456
7791209
7791672
7792386
7792816
7793040
7793793
7794459
7794703
7795251
7795683
7795987
7796441
7796479
7796768
7797030
7797459
7797614
7797629
7798545
7799167
7799738
7800104
7800273
7800292
7830400
7833321
7834585
7834590
7836491
7839664
7841744
7841877
7843681
7844306
7872291
7872496
7872848
7873519
7873901
7874288
7874900
7877447
7877935
7878581
7878930
7879081
7879966
7880645
7881340
7881511
7881732
7881765
7881840
7882475
7883126
7884392
7885335
7886541
7887834
7887924
7888134
7888193
7888359
7888648
7888772
7888971
7889247
7959317
7959426
7960772
7961258
7961448
7961803
7961839
7963115
7963440
7963784
7965149
7965248
7966802
7967457
7967589
7968404
7968467
7968545
8007202
8059165
8060895
8063678
8064857
8066412
8074325
8074938
8075501
8075541
8076725
8116844
8116977
8117075
8117150
8117158
8117551
8117813
8118158
8118234
8118472
8118500
8118535
8118795
8118993
8119365
8119641
8119876
8120064
8120739
8120770
8120956
8121008
8121035
8122445
8122810
8122862
8123297
8123304
8123427
8123461
8123513
8123914
8124097
8124232
8124326
8124354
8124976
8125326
8125331
8126075
8126312
8126499
8126950
8127353
8127462
8127665
8128017
8128274
8129123
8129151
8129364
8129542
8129820
8129855
8130197
8130399
8130419
8130453
8130525
8130701
8130734
8131225
8131545
8131798
8131870
8132220
8133175
8133427
8133437
8133498
8134584
8237071
8250920
8251257
8251693
8252137
8252289
8253213
8253497
8253532
8253544
8253820
8253840
8254108
8254435
8255399
8255466
8255715
8256131
8257379
8258027
8259167
8259236
8259940
8260157
8260577
8261956
8262179
8262400
8262412
8263052
8263058
8293351
8294066
8294190
8294273
8295984
8296362
8296910
8298819
8299568
8300890
8300980
8301510
8302184
8303371
8304860
8305643
8305678
8305942
8306912
8307064
8360306
8360947
8362345
8364999
8366014
8366957
8368870
8370512
8373171
8375497
8376342
8383375
8386928
8387495
8388624
8404837
8405010
8405424
8405668
8405739
8405816
8406200
8406287
8406311
8406352
8406473
8406625
8406773
8407359
8407591
8408064
8408438
8408607
8408850
8408851
8408983
8409388
8409680
8409875
8410499
8410606
8411008
8411092
8411221
8411537
8412222
8412756
8412907
8413361
8413625
8414107
8414310
8414841
8415087
8415109
8415113
8415311
8415356
8415615
8415867
8416092
8416172
8416367
8416409
8416454
8416926
8416956
8417250
8417921
8418063
8418229
8419164
8419695
8420192
8420213
8421049
8421138
8421355
8422211
8422604
8422830
8422984
8423208
8423488
8461749
8463227
8465700
8467034
8467252
8469607
8471627
8507101
8507471
8507492
8508083
8508445
8508464
8508848
8508896
8508992
8509018
8509166
8509639
8509916
8511558
8511841
8511877
8513064
8513875
8513903
8514526
8514829
8515013
8515634
8515641
8515791
8515902
8516091
8516152
8516530
8516932
8517029
8517058
8517067
8517574
8517698
8517745
8517769
8518098
8519122
8519290
8519352
8519818
8520438
8520712
8520944
8521091
8521158
8521269
8521498
8521565
8521653
8522276
8522886
8523112
8524547
8524615
8530690
8540407
8553637
8553674
8553696
8553718
8554873
8555742
8555762
8555804
8555938
8556762
8557017
8557027
8557253
8557319
8557409
8557483
8557681
8557684
8557963
8558312
8559034
8559075
8559180
8559313
8559787
8560262
8560430
8560672
8561392
8561607
8561787
8561957
8562908
8563167
8563232
8563470
8564052
8564205
8564697
8778084
8778575
8780550
8780868
8781634
8782220
8782281
8782546
8782666
8784439
8785083
8785790
8785857
8786881
8787871
8788016
8788534
8789105
8789574
8789968
8790484
8790566
8790669
8790944
8790998
8792210
8792465
8792483
8793177
8793557
8793952
8794040
8809665
8809961
8811116
8811236
8811321
8811441
8811875
8812246
8812879
8813111
8813188
8813785
8813920
8814847
8815206
8815680
8816115
8816252
8816401
8817397
8817611
8817912
8818082
8818217
8818917
8819535
8819845
8820303
8820682
8820898
8821412
8821619
8821673
8822101
8822529
8822778
8856172
8856372
8856535
8857531
8858088
8858838
8859086
8859391
8859493
8860486
8860879
8861113
8861116
8861915
8862018
8862252
8862498
8862636
8862808
8862984
8863276
8863473
8863892
8863917
8864216
8865154
8865822
8866599
8866742
8866804
8866847
8867127
8867368
8867412
8867705
8867985
8868122
8868589
8868940
8869260
8869566
8870157
8870519
8870755
8871379
8871409
8871416
8871858
8872215
8872435
8873007
8873097
8873164
8874040
8874153
8874304
8874361
8874488
8874520
8875057
8969189
8970100
8970896
8971081
8971114
8971139
8971284
8971456
8972012
8973025
8973411
8973442
8973480
8973713
8974834
8975049
8975408
8975526
8975561
8975928
8976406
8977179
8977297
8977375
8978306
8978377
8979391
8979506
8980566
8980624
8980717
8980736
8980851
8981518
8981567
8982049
8982459
8982690
8983663
8983959
8984524
8984688
8984852
8984876
8984943
8985112
8985289
8985340
8985621
8985660
8986045
8986411
8986511
8986661
8986764
8986769
8986774
8986915
8987166
8987826
8988633
8988678
8988825
8988920
8989168
8989180
8989411
8989927
8990286
8990297
8990496
8990845
8990994
8991172
8991502
8991549
8991617
8991713
8991880
8991882
8992356
8992774
8993048
8993336
8993549
8993691
8993714
8993984
8994076
8994262
8994715
8995093
8995148
8995176
8995604
8995672
8995760
8995766
8995792
8995869
8995892
8996340
8996722
8997387
8997553
8997814
8998287
8998471
8998753
8998869
8999781
9000487
9000563
9000607
9000790
9000917
9001078
9001396
9002069
9002615
9003167
9003825
9003918
9004099
9004795
9005270
9005507
9005655
9005703
9006167
9006194
9006431
9007036
9007186
9007532
9007708
9008050
9008052
9008126
9008144
9008549
9008623
9008762
9008847
9008871
9009055
9009059
9009078
9009171
9010130
9010336
9010533
9011545
9011573
9011719
9012057
9012080
9012166
9012179
9012189
9012203
9012271
9012402
9012682
9012915
9012977
9012990
9013039
9013081
9013119
9013557
9013582
9013887
9014270
9014711
9014747
9014916
9015035
9015276
9015375
9015527
9015618
9015733
9015778
9015976
9015980
9016121
9016427
9016681
9016907
9017746
9018218
9018221
9018272
9019356
9020502
9020855
9021229
9021776
9022048
9023561
9023819
9023846
9025153
9026293
9026889
9026898
9027187
9027280
9035838
9106196
9106215
9106410
9106561
9106705
9107497
9107838
9108850
9109434
9109704
9109736
9109741
9111926
9112155
9112227
9113906
9114280
9114526
9114781
9115674
9127435
9133852
9137287
9141195
9159523
9160710
9186689
9189032
9194375
9195351
9196889
9197351
9286808
9292226
9293606
9295062
9295085
9295338
9295644
9296227
9296612
9296642
9296854
9296987
9297579
9297697
9297728
9297770
9297804
9297815
9297894
9297908
9297971
9297973
9298302
9298631
9298804
9298992
9299261
9299947
9300548
9300752
9300964
9301148
9301228
9301377
9301576
9301627
9302124
9302126
9302299
9302362
9302522
9302713
9302936
9303129
9303327
9304126
9304495
9304932
9305075
9305497
9305686
9305739
9305910
9306389
9306461
9306639
9307305
9307778
9308077
9308909
9309092
9309348
9309790
9310214
9310220
9310297
9310340
9310450
9310517
9310747
9310803
9311057
9311183
9311280
9339899
9340255
9340369
9340376
9340537
9340660
9340769
9340862
9341045
9341056
9341124
9342073
9342514
9342533
9342614
9342902
9343010
9343942
9344028
9344218
9344555
9345266
9345713
9346164
9346696
9347306
9347407
9347511
9347784
9348248
9348259
9359719
9360189
9360392
9360397
9360432
9360521
9360934
9361134
9361229
9361270
9361306
9361610
9361745
9361931
9361999
9362180
9362649
9362763
9362945
9362954
9363382
9363634
9363838
9363985
9364017
9364163
9364238
9364333
9364828
9365077
9365438
9365444
9365471
9366099
9367315
9367853
9368000
9368124
9368211
9368398
9369332
9369340
9369492
9369641
9369807
9370163
9370616
9371193
9371816
9371882
9372198
9372558
9372965
9373534
9373621
9373676
9373846
9373854
9373920
9374140
9374156
9374443
9375168
9375280
9375338
9375952
9376200
9376265
9376980
9377161
9378892
9378909
9378954
9379155
9379426
9379436
9379486
9379838
9380241
9380316
9380422
9380453
9380517
9380975
9381190
9381321
9381583
9381587
9381623
9381830
9381988
9382213
9382579
9382711
9383124
9383244
9383717
9384211
9384299
9384598
9384656
9384713
9384993
9385208
9385490
9385537
9385728
9385853
9385890
9385911
9386055
9386567
9387283
9387418
9387655
9387796
9387950
9388118
9388194
9389422
9389433
9389687
9389716
9390332
9390634
9396816
9397880
9407258
9456453
9456511
9456737
9456828
9457041
9457229
9457625
9458160
9458720
9458924
9459257
9460058
9460707
9460846
9460860
9460864
9460912
9461025
9461430
9461930
9462279
9462816
9462885
9463307
9463524
9463827
9464126
9464496
9464535
9464721
9464909
9464919
9465016
9465406
9465691
9466646
9467073
9467131
9467440
9467694
9467826
9468082
9468168
9468322
9468998
9469123
9469289
9470013
9470405
9470692
9470798
9471134
9471161
9471473
9472025
9472115
9472305
9472339
9472351
9472905
9473180
9473295
9473647
9473936
9474071
9474729
9505580
9505704
9506342
9506362
9506904
9507090
9507112
9507259
9507550
9507623
9508235
9508591
9508988
9509495
9509560
9509612
9509962
9509965
9510095
9510540
9511029
9511232
9511514
9512131
9512324
9512330
9512839
9513360
9513369
9513406
9514553
9514731
9515067
9515944
9515964
9516121
9516362
9516635
9516830
9516839
9517138
9517234
9518740
9519031
9519219
9520280
9520864
9521128
9521675
9521708
9521934
9522443
9522867
9523655
9523709
9523726
9565114
9565137
9565466
9566463
9567345
9567702
9568191
9568195
9568560
9568707
9568809
9568972
9569593
9569740
9569963
9570022
9570813
9570954
9571394
9572032
9572070
9572254
9572525
9572615
9573345
9573381
9573694
9574268
9574845
9575022
9575166
9601003
9603296
9603302
9603347
9603560
9604475
9604671
9604701
9605076
9605566
9605638
9605827
9606102
9606187
9606404
9607082
9607133
9607234
9607650
9607813
9607989
9608006
9608124
9608152
9608215
9608274
9609267
9609474
9609669
9610025
9610328
9610385
9610766
9611013
9611352
9611516
9611632
9611758
9611968
9612012
9612097
9612220
9612255
9612329
9612654
9613163
9613263
9613522
9614065
9614188
9614466
9614646
9614707
9614974
9615123
9615462
9615482
9615598
9615638
9615722
9615843
9616541
9616848
9616920
9617392
9617522
9617524
9617940
9618224
9618418
9619476
9619575
9619981
9620243
9620398
9620585
9620775
9621094
9621121
9621161
9625199
9629095
9631001
9654233
9654604
9655028
9655067
9655292
9655605
9655704
9656029
9656227
9656310
9656500
9656647
9656700
9656806
9657314
9657415
9657606
9657628
9658052
9658199
9658321
9658986
9659072
9659185
9659475
9659569
9659665
9660110
9661050
9661150
9661840
9661895
9662029
9662247
9662612
9662824
9663001
9663140
9663148
9663285
9663611
9664751
9664994
9665466
9666098
9666160
9666362
9666608
9666625
9666844
9666947
9667623
9667678
9669184
9669312
9669572
9669836
9670096
9670287
9670557
9670717
9670810
9671569
9671919
9672054
9672318
9756850
9758003
9762414
9766909
9767328
9768713
9769822
9773950
9776150
9776246
9781432
9781477
9782585
9783973
9787000
9792332
9792907
9818923
9818964
9819384
9819512
9819541
9819990
9820208
9820228
9820397
9820475
9821063
9821619
9821697
9821793
9822051
9822360
9822372
9822508
9823158
9823391
9823957
9823995
9824246
9824440
9825013
9825942
9826592
9826651
9826678
9827057
9827122
9827611
9827751
9828440
9828726
9828883
9829539
9829756
9830412
9830954
9830961
9830993
9831471
9831524
9831902
9832123
9832281
9833225
9833619
9833693
9833861
9834117
9835400
9835529
9835813
9835871
9836020
9836170
9836797
9836828
9837209
9837618
9851691
9851949
9852048
9852728
9852753
9853104
9853215
9855191
9856578
9856829
9856954
9857359
9857487
9857549
9857643
9858242
9858343
9858425
9859118
9859822
9860042
9860436
9860492
9860650
9860849
9861228
9861332
9861736
9861790
9862112
9862121
9862993
9961986
9962188
9962310
9962551
9963060
9963255
9963967
9964076
9964278
9964318
9964589
9964787
9964926
9965026
9965428
9965513
9965680
9966093
9966096
9966500
9966938
9967081
9967281
9967317
9967774
9967912
9968686
9968816
9969020
9971309
9989439
9989548
9990393
9990413
9991112
9991322
9991873
9992160
9992432
9992563
9992855
9993077
9993224
9993419
9993633
9994014
9994313
9994670
9995056
9995304
9996706
9998588
9999593
9999930
10000083
10000106
10000712
10002935
10003082
10004766
10005311
10005575
10007128
10007545
10007684
10008027
10008164
10008407
10008633
10008801
10011333
10013628
10014021
10020793
10021268
10021533
10022634
10024660
10024661
10025370
10025420
10025748
10025820
10026145
10026695
10026850
10027310
10027340
10027631
10027768
10027863
10028351
10028465
10028842
10028969
10030296
10030314
10031691
10031741
10031874
10032097
10032401
10032527
10033677
10033861
10035173
10035271
10035332
10035341
10036004
10036276
10037670
10037846
10038881
10038922
10039118
10039190
10039471
10039523
10039992
10040094
10040098
10040584
10101921
10144023
10155081
10199093
10200114
10200453
10201508
10206468
10210933
10211478
10211693
10212404
10213770
10214710
10215702
10215962
10216391
10216418
10216489
10216702
10216993
10217160
10217163
10217207
10217767
10217980
10218557
10218798
10219381
10219914
10220049
10220059
10220106
10220434
10220794
10220945
10221233
10221594
10221702
10221713
10221723
10221727
10222267
10222281
10223173
10223770
10224309
10224388
10224449
10224800
10224880
10225076
10225618
10225823
10225910
10226211
10226532
10226552
10226670
10227629
10227911
10228488
10228768
10229065
10248871
10249324
10249859
10250424
10250648
10250813
10250910
10251505
10252103
10252324
10252808
10252926
10253016
10253896
10254571
10256223
10256341
10257363
10257519
10257773
10257775
10258012
10258228
10258286
10258811
10258905
10258943
10259171
10259243
10260045
10260167
10260375
10261565
10262258
10262612
10262856
10262957
10263403
10263412
10263544
10263639
10263884
10317845
10320686
10327757
10362697
10363697
10460034
10460283
10460303
10460834
10461594
10463939
10465875
10466705
10467564
10468099
10468500
10468824
10469071
10469165
10469828
10470532
10470618
10470647
10471644
10484747
10489027
10489082
10492468
10493505
10494517
10496411
10514597
10538912
10543658
10544648
10544865
10545993
10546056
10546368
10546788
10547305
10548649
10549149
10550158
10551279
10552838
10553527
10555711
10560798
10568330
10579646
10579702
10678332
10685854
10686552
10810532
10886909
10886922
10887732
10887804
10888640
10888923
10889714
10890234
10891353
10894983
10895014
10895559
10895779
10896602
10898286
10898297
10900588
10901444
10901495
10937640
10943369
10948644
10949386
10954719
10955005
11004130
11010006
11013807
11017492
11017497
11017664
11017834
11017879
11018027
11018101
11018237
11018412
11018672
11018772
11018887
11020257
11020464
11020529
11020601
11020694
11022068
11022193
11022302
11022469
11022945
11023050
11023096
11023272
11023309
11023310
11023343
11023646
11023745
11024554
11024598
11024784
11025166
11025339
11025619
11025668
11025834
11026069
11026237
11026268
11026336
11026959
11027164
11027199
11027203
11027209
11027242
11027373
11027425
11027537
11027663
11028209
11028242
11029504
11029963
11030557
11030939
11031104
11031222
11031525
11031609
11031764
11046120
11046545
11047633
11048942
11049025
11049674
11051405
11051445
11054906
11055138
11057652
11057834
11058389
11058671
11058683
11058757
11058847
11058946
11059272
11059638
11059841
11060061
11060416
11060432
11060572
11062403
11063273
11063612
11063867
11063985
11064144
11064443
11064625
11066424
11067212
11067498
11067545
11068055
11068530
11068618
11068776
11068856
11069230
11069393
11069439
11069928
11070202
11070992
11071092
11072193
11072514
11072827
11072881
11073222
11073562
11073710
11073757
11073872
11074071
11074315
11074586
11076004
11076202
11076251
11076362
11076440
11076448
11078246
11078411
11079030
11079125
11079397
11079544
11080072
11080762
11080951
11081203
11081460
11081501
11081993
11082293
11082583
11082603
11082929
11083336
11083656
11084134
11084652
11084922
11085288
11085408
11085426
11085681
11086204
11086210
11086327
11086782
11086987
11087131
11087147
11087323
11087328
11087733
11087977
11088100
11088113
11088180
11088236
11088251
11088784
11088916
11089055
11089856
11089962
11090289
11090292
11090382
11090892
11091192
11091555
11091571
11091587
11091763
11091768
11092080
11092276
11092553
11092599
11092673
11093288
11093565
11093754
11093904
11093954
11094529
11094604
11095275
11095357
11095801
11095980
11096016
11096415
11096534
11096651
11096893
11096897
11097045
11097329
11097636
11097848
11097868
11098039
11098105
11098297
11098910
11099136
11099353
11099741
11099955
11100250
11100275
11100476
11101079
11101090
11101245
11101354
11101735
11101798
11102517
11102694
11102927
11103082
11103681
11119119
11122515
11123883
11129535
11129691
11130019
11132178
11162427
11162880
11162975
11163339
11163502
11163582
11163989
11164723
11164976
11164991
11165059
11165309
11165743
11165840
11166062
11166486
11166969
11167424
11167426
11167566
11167947
11167966
11168289
11168408
11168964
11169166
11169718
11170348
11170378
11170874
11170882
11171261
11171650
11171849
11171873
11173203
11173254
11173387
11173502
11173627
11173634
11173730
11175224
11228057
11229428
11235783
11236322
11236865
11238997
11239129
11241115
11241582
11241788
11242004
11242097
11242595
11255791
11273779
11274386
11274639
11274811
11275090
11275582
11275833
11276038
11276084
11276098
11276672
11277379
11277730
11278027
11278394
11278406
11279227
11280521
11280523
11281173
11281870
11282752
11282863
11283659
11284427
11284543
11284783
11285046
11285066
11285904
11286402
11287044
11287133
11287209
11287528
11289317
11290414
11291638
11291876
11291887
11291997
11292756
11293700
11299695
11309970
11319808
11319952
11320189
11321358
11322198
11322428
11322528
11322618
11322916
11323645
11323743
11323915
11324065
11324103
11324767
11324881
11325061
11325103
11325153
11325154
11325382
11325739
11326490
11326716
11327119
11328271
11329060
11329307
11329848
11329852
11330357
11330659
11332262
11389563
11390778
11390814
11390861
11391032
11391099
11391160
11391269
11391275
11391510
11391631
11391726
11391793
11391835
11392063
11392359
11392704
11392795
11393191
11393363
11393479
11393494
11394424
11394542
11394721
11394903
11394946
11395666
11395676
11395838
11396180
11397331
11397374
11397575
11398420
11398517
11398823
11399027
11399090
11399298
11399380
11400036
11400106
11400355
11400888
11401276
11401600
11402437
11402630
11403061
11403076
11403198
11403737
11404084
11404247
11404550
11404847
11404929
11405853
11409204
11474106
11474299
11474537
11475585
11475673
11475860
11475886
11476097
11476150
11476794
11477397
11477529
11478124
11478287
11478407
11478831
11478847
11479377
11479627
11479680
11479924
11480321
11480407
11480429
11481423
11481970
11482016
11482253
11483020
11483113
11483217
11483502
11483585
11483619
11483911
11484256
11484488
11484524
11484855
11486656
11486882
11487217
11487259
11487357
11488170
11495181
11509375
11509695
11510184
11510427
11510600
11510794
11512619
11512965
11513044
11513089
11514171
11514187
11514237
11515287
11515754
11516564
11516565
11516624
11517351
11517356
11517815
11518038
11518277
11518449
11519638
11519748
11521641
11521657
11521711
11521965
11522671
11522706
11523360
11523709
11524126
11524696
11530151
11545082
11545671
11546878
11546954
11547118
11547395
11547851
11548254
11548355
11548456
11549509
11549546
11549737
11549820
11549996
11550149
11550880
11551646
11551814
11552143
11552419
11552581
11552779
11552969
11553216
11554071
11554353
11554607
11555355
11555358
11555698
11556062
11556262
11556279
11556297
11556757
11556860
11556894
11557617
11557718
11560533
11575925
11576581
11576672
11576975
11616941
11617073
11617211
11617262
11617270
11617592
11617593
11617644
11617656
11617694
11617816
11617946
11617985
11618233
11618472
11618680
11618902
11619200
11619253
11619526
11620198
11620403
11620494
11620627
11621095
11621615
11622099
11622154
11622302
11622386
11622881
11623106
11623488
11623608
11623709
11624074
11624120
11624266
11624409
11624756
11624873
11625276
11625421
11625688
11626402
11626540
11626775
11626851
11627191
11627218
11627460
11627513
11627638
11627710
11627761
11627803
11627913
11627942
11628140
11628310
11628605
11629017
11629119
11629146
11629275
11629445
11630074
11630252
11630440
11630564
11630611
11630709
11631646
11631650
11631712
11631830
11632024
11632136
11632891
11632978
11633746
11634461
11634483
11634753
11634787
11639738
11644293
11753558
11753567
11753982
11753993
11754031
11754187
11754212
11754252
11754555
11754630
11754669
11754865
11755054
11755090
11755377
11755584
11755585
11755611
11756426
11756617
11756787
11756941
11757182
11758698
11758742
11758769
11759249
11759599
11759634
11759752
11760306
11760384
11760477
11760919
11761116
11761530
11761601
11761762
11761770
11761891
11762008
11762753
11762905
11763397
11763463
11763517
11764895
11764926
11765173
11765535
11765990
11766055
11766426
11766712
11766861
11766942
11766964
11766968
11766989
11767314
11767493
11767875
11768234
11768768
11769045
11769101
11769289
11769302
11770975
11771247
11771463
11771745
11771801
11771948
11771983
11772616
11772742
11773595
11774904
11775421
11776299
11776753
11777204
11778196
11778230
11778708
11781040
11781233
11781821
11782482
11782534
11782537
11782857
11783499
11783861
11784091
11784424
11785187
11785393
11785776
11786428
11786685
11786930
11787643
11787741
11787905
11788068
11788182
11788240
11788919
11789016
11789070
11789176
11789592
11789686
11789845
11789893
11790045
11790098
11790407
11790684
11790856
11791464
11791614
11791653
11791971
11792056
11792086
11792120
11793301
11793360
11793426
11793434
11794124
11794433
11794701
11794938
11795136
11795764
11795895
11795963
11796473
11797140
11797258
11797379
11797736
11797896
11797914
11797971
11798854
11798938
11799031
11799227
11799445
11799449
11799636
11799701
11800210
11800653
11801194
11801270
11801406
11801558
11802044
11802131
11802321
11802552
11802821
11802858
11803087
11803102
11803145
11803473
11803668
11803875
11803936
11803950
11808570
11809220
11852283
11858819
11858821
12069048
12073281
12081697
12083961
12116640
12116695
12117063
12117648
12117649
12118212
12118259
12118361
12118919
12119410
12119698
12119725
12119776
12119786
12119838
12120007
12120175
12120515
12120614
12120744
12121813
12122098
12122188
12122247
12122451
12122541
12123170
12123176
12123278
12123646
12123649
12123689
12123697
12123958
12124002
12124516
12124802
12124923
12125211
12125368
12125579
12125586
12125606
12125847
12126396
12127076
12127166
12127660
12127677
12127818
12128037
12128239
12128289
12128510
12128549
12128845
12129114
12129134
12129442
12129927
12129955
12130221
12130240
12130619
12130839
12130869
12130881
12131054
12131443
12131482
12131699
12131700
12131744
12131776
12132009
12132043
12132141
12132151
12132204
12132432
12132490
12132503
12132523
12133124
12133707
12133734
12133881
12137443
12137842
12154044
12155444
12156237
12156280
12157107
12157174
12157522
12157949
12158134
12159259
12159634
12159881
12160462
12161117
12161905
12161908
12161933
12162095
12162165
12162289
12162401
12162656
12164237
12179785
12182787
12245043
12256525
12256616
12256906
12256938
12257004
12257167
12257265
12257872
12257971
12258255
12258390
12258958
12259806
12259852
12260008
12260583
12260850
12261699
12262160
12262825
12263246
12264835
12264883
12265039
12265455
12266390
12267037
12268611
12269770
12270710
12272755
12273401
12273640
12276990
12277814
12278115
12278529
12279572
12280457
12281872
12284098
12284547
12291061
12295392
12321924
12321984
12322610
12323804
12324456
12324958
12325478
12325752
12325881
12327345
12328749
12329107
12329530
12331521
12331854
12333295
12333440
12334449
12334656
12335927
12335957
12336031
12336279
12336651
12338216
12340079
12355296
12355776
12356050
12356400
12356546
12356601
12356622
12356707
12356769
12356772
12357043
12357325
12357518
12357667
12357672
12357886
12357889
12358178
12358515
12359045
12359124
12359426
12359632
12360084
12360234
12360325
12360467
12360647
12361900
12362605
12363710
12363738
12363801
12364502
12364653
12365835
12366013
12366663
12367695
12367784
12368046
12368361
12368894
12368929
12369291
12369472
12369490
12369546
12369577
12377362
12454014
12459013
12459937
12460205
12461073
12461357
12462044
12462830
12463679
12463859
12463952
12463974
12464098
12464216
12465930
12466879
12468905
12469551
12470447
12471115
12471632
12472686
12472824
12474562
12474703
12475526
12477551
12477786
12478096
12478921
12479175
12479816
12480387
12480418
12480660
12481351
12482570
12482913
12483111
12484310
12485329
12488604
12498749
12499189
12500289
12500340
12500641
12500727
12501180
12501277
12501290
12501330
12501643
12501970
12502110
12502431
12502732
12502832
12503473
12503664
12503840
12503998
12504541
12504856
12505803
12505845
12507473
12507745
12508076
12508166
12508292
12508568
12508836
12509160
12509302
12509550
12510912
12510942
12510990
12511023
12511068
12511192
12511523
12511696
12511958
12512102
12512565
12512811
12513428
12513538
12513638
12517702
12517996
12530047
12530073
12530194
12530202
12530632
12530886
12531248
12532046
12532132
12532305
12532474
12533779
12533875
12534203
12534931
12535051
12535211
12535430
12535481
12535808
12535872
12536273
12536319
12536720
12536925
12537011
12537108
12537182
12537764
12537869
12538741
12538783
12539239
12539280
12539413
12539429
12539581
12541007
12541210
12541214
12541435
12541574
12541714
12542228
12542233
12542258
12542436
12542505
12542606
12542912
12542923
12543614
12543855
12544177
12544454
12544751
12544820
12545109
12545131
12545242
12548532
12575165
12575280
12575453
12575468
12576124
12576489
12576693
12576919
12577170
12577329
12577418
12577905
12577908
12578451
12578736
12579110
12579497
12579529
12579624
12579634
12580083
12580111
12581274
12581362
12581701
12581811
12582484
12583199
12583337
12583380
12584055
12584464
12584698
12584789
12585202
12585225
12585672
12585836
12586038
12586152
12586217
12587690
12588579
12590027
12591363
12598036
12599494
12599637
12599771
12600670
12600818
12600930
12601377
12601404
12601706
12601968
12602381
12602531
12602552
12602699
12603449
12603679
12603934
12604062
12604076
12604118
12604181
12604364
12604377
12604470
12604810
12604927
12605089
12605231
12605418
12605532
12605704
12605763
12605777
12605923
12606367
12606931
12607205
12607337
12607601
12607628
12608314
12608607
12608714
12608855
12608950
12609004
12609272
12609444
12609533
12609667
12609780
12610006
12610630
12611652
12611808
12612004
12612069
12612431
12612448
12612597
12612627
12613272
12613445
12613660
12613838
12614458
12614831
12615238
12615430
12615512
12615674
12615708
12616125
12616480
12617576
12619633
12623427
12633035
12633223
12634227
12634458
12635423
12635688
12635739
12636612
12636867
12637093
12637162
12637287
12637305
12637362
12637569
12637805
12637857
12638059
12638556
12639137
12639600
12639724
12639871
12639937
12640323
12640909
12641070
12641340
12641512
12641676
12641942
12642142
12642162
12643984
12645235
12689278
12694655
12695782
12696023
12713531
12719899
12737813
12774328
12774922
12775155
12775400
12775636
12775687
12776267
12776332
12776542
12776751
12776763
12777046
12777054
12777071
12777099
12777549
12778450
12778673
12779210
12779301
12779492
12779495
12779692
12779780
12779842
12780228
12780763
12781167
12781440
12781521
12781635
12781702
12781812
12782225
12782252
12782834
12783043
12783093
12783113
12783533
12783690
12784097
12784900
12785830
12785878
12786045
12786304
12786388
12786786
12786965
12787294
12787342
12787699
12787783
12787885
12788582
12788828
12789053
12791784
12792507
12806337
12806422
12806468
12806990
12807288
12807567
12808083
12808605
12809269
12809371
12810422
12810973
12811293
12811383
12811515
12811847
12812196
12813705
12814198
12814413
12815305
12815815
12815987
12816439
12817201
12818476
12818918
12819123
12819262
12819288
12819302
12819398
12819473
12819831
12819897
12819931
12820401
12820881
12821116
12821162
12821356
12821918
12823640
12823821
12824120
12825190
12825430
12825672
12826192
12826813
12827744
12827756
12828244
12828315
12829679
12829960
12830265
12830320
12830476
12831165
12831235
12831710
12833210
12833638
12834395
12834397
12834807
12839935
12841377
12890858
12891524
12897879
12898362
12898641
12901004
12903173
12903575
12904366
12905268
12905367
12905910
12905987
12906206
12906946
12907303
12907408
12907802
12907823
12907918
12909707
12909838
12910525
12910657
12911148
12911298
12912474
12912872
12913061
12913140
12913507
12913542
12913813
12913815
12914290
12914462
12914885
12915028
12915125
12915317
12915472
12915730
12916259
12916297
12916560
12916640
12916959
12917026
12917354
12917419
12917445
12918471
12918568
12918654
12918822
12919876
12920691
12920727
12921070
12921242
12921791
12922788
12935032
13031529
13032742
13034748
13035685
13038320
13039032
13040171
13042291
13044026
13047656
13118980
13119716
13120743
13120893
13121345
13121516
13121679
13121956
13122324
13122872
13122989
13123037
13123536
13125260
13126171
13127239
13127351
13127576
13127802
13128362
13128435
13128743
13128969
13129098
13129716
13130219
13130317
13130347
13130958
13131706
13133161
13133331
13134936
13136508
13136669
13211491
13212280
13216110
13218454
13219228
13220019
13286545
13287019
13287142
13287760
13288737
13288769
13289228
13289251
13289331
13289634
13291381
13292393
13294229
13294246
13295510
13296234
13297070
13297313
13297591
13297813
13298943
13299073
13299379
13299491
13299644
13300804
13301580
13305805
13355390
13355645
13360901
13361074
13361088
13361662
13361975
13363346
13364021
13364559
13368320
13386864
13387095
13387630
13387782
13387975
13389441
13390722
13391968
13393344
13393789
13395791
13398637
13401404
13402675
13440834
13446603
13446720
13447309
13449584
13450037
13451337
13455801
13456061
13457578
13458266
13458575
13459613
13461106
13461268
13461394
13462189
13462298
13462705
13463343
13463487
13464012
13464210
13465121
13465168
13465340
13465587
13465769
13465893
13466474
13466574
13466961
13467324
13467798
13467973
13468020
13469005
13469297
13469299
13469382
13470100
13470303
13470459
13471070
13471116
13472420
13473278
13473841
13474228
13474392
13475214
13477301
13477606
13622663
13642402
13645344
13650232
13652604
13654989
13659322
13659959
13664537
13666695
13666935
13672742
13673215
13674260
13674285
13674323
13674597
13676159
13676795
13676805
13676869
13677609
13677661
13678128
13678347
13678618
13678865
13679015
13679166
13679208
13679395
13679729
13679740
13680094
13681215
13681231
13681328
13682550
13682589
13682924
13682951
13683351
13683929
13684294
13684412
13685292
13685482
13685893
13686248
13686294
13686414
13686502
13686987
13687263
13687371
13687576
13688002
13688044
13688444
13688495
13689246
13689357
13689555
13690006
13690729
13690890
13691356
13692149
13692282
13693230
13693696
13693901
13694012
13694488
13694969
13695218
13695751
13695829
13695900
13696014
13696142
13696145
13696265
13698431
13699581
13716577
13716792
13717189
13717196
13717210
13718832
13719367
13719715
13720896
13722066
13722291
13722407
13722933
13723159
13723959
13724362
13724469
13724532
13725501
13725721
13726291
13726339
13726400
13726416
13726478
13726520
13726826
13726876
13726890
13726978
13727523
13727691
13727761
13728419
13728491
13728501
13728937
13729473
13729476
13729542
13731725
13733081
13742402
13742561
13743245
13743445
13743586
13744022
13744090
13744225
13744873
13744921
13745345
13745869
13746010
13746055
13746413
13747215
13747401
13747773
13747827
13748789
13748855
13749178
13749377
13749441
13749584
13749610
13749902
13750257
13750307
13750565
13750856
13751065
13751134
13751400
13751693
13751973
13752269
13752313
13752870
13755021
13786864
13787075
13787091
13787279
13787746
13787845
13787993
13788387
13788631
13788721
13788766
13788973
13789439
13789532
13789766
13790324
13790387
13790516
13790706
13790761
13790816
13790981
13791205
13791268
13791666
13792475
13792593
13792759
13793708
13794201
13794324
13794560
13794966
13795309
13795590
13798503
13840190
13840317
13848559
13848801
13868782
13868859
13869231
13869529
13870163
13870431
13870467
13870657
13870878
13870957
13871247
13871668
13872094
13872634
13872702
13872838
13872890
13873593
13873943
13874589
13874601
13874760
13874870
13874975
13875376
13875616
13875703
13876193
13876462
13876615
13876771
13876951
13877104
13877216
13877219
13877624
13878535
13878864
13879811
13885391
13886055
13897079
13897455
13897879
13898116
13898215
13898301
13898824
13899168
13899384
13899556
13899786
13899953
13900033
13900264
13900320
13900331
13901099
13901218
13901296
13901306
13901789
13902517
13903567
13903799
13904626
13904798
13905801
13906094
13906236
13906428
13907128
13907424
13907976
13907982
13908159
13909557
13910046
13910901
13911291
13911612
13912019
13912641
13912825
13912920
13913178
13913401
13913499
13913690
13913980
13914104
13914208
13916878
13919322
13936384
13936771
13937487
13943039
13943140
13944017
13945506
13945786
13946878
13946884
13948970
13951822
13952203
13956347
14003419
14008945
14009759
14010666
14012432
14013276
14014356
14014957
14017652
14018801
14020398
14022311
14023238
14091784
14092126
14092562
14092678
14092703
14093247
14094023
14094057
14095349
14095931
14096996
14097465
14097489
14097732
14098458
14098784
14099233
14099762
14099905
14100125
14100276
14100623
14102365
14102835
14103029
14103287
14104341
14104554
14105057
14105593
14106867
14122696
14122754
14127755
14134670
14134757
14135648
14136169
14140173
14144613
14144953
14146763
14147832
14147877
14148536
14149077
14149341
14149534
14149588
14149792
14150335
14150367
14150381
14150411
14150947
14152223
14152774
14153877
14154151
14154228
14154324
14154383
14154390
14154611
14154664
14154925
14154961
14155404
14155683
14156778
14156793
14156899
14157086
14157535
14157717
14158031
14158459
14159626
14159696
14160271
14160568
14186089
14186306
14186574
14186778
14187135
14187374
14187521
14187615
14187748
14187886
14188416
14188903
14188906
14188972
14188987
14189567
14189589
14189675
14189702
14189912
14190163
14190354
14190762
14191291
14191302
14191585
14191668
14192661
14193180
14193466
14193541
14193965
14194607
14195181
14195204
14195477
14195880
14196225
14196353
14196778
14197268
14197331
14197522
14197790
14197995
14198073
14198264
14198429
14198438
14198642
14199359
14199605
14200393
14200586
14200648
14200896
14201100
14201708
14202124
14203769
14209114
14209127
14212308
14212530
14215110
14215197
14215483
14215486
14215992
14216083
14216277
14216607
14216841
14216942
14216988
14217264
14217408
14218613
14218779
14218863
14218933
14219381
14219475
14219652
14219749
14220355
14220635
14220662
14220884
14221227
14221730
14221847
14222074
14222197
14222433
14222644
14222914
14222949
14223351
14223366
14223570
14223768
14223963
14224138
14224348
14224878
14224945
14225012
14225273
14225448
14226070
14226400
14226411
14226445
14226464
14226596
14227131
14227452
14227906
14228589
14228651
14228862
14229974
14230012
14230105
14230122
14231005
14231474
14232085
14234387
14234798
14235196
14236133
14237016
14238596
14242147
14244072
14300108
14300341
14300802
14301165
14301319
14301539
14301555
14302585
14303240
14303755
14304120
14304216
14305178
14305700
14305987
14306005
14306033
14306043
14306217
14307102
14307664
14307865
14308466
14308685
14308712
14308866
14308991
14309205
14309376
14309649
14309920
14310664
14310996
14311158
14311190
14311285
14312017
14312164
14312670
14313027
14313051
14313337
14313970
14314378
14315762
14316214
14316597
14316599
14317944
14319846
14328407
14328595
14328676
14329915
14332369
14332555
14334273
14334682
14334742
14336884
14337206
14339512
14342980
14343807
14344010
14344279
14360545
14361221
14361233
14361283
14361294
14362123
14362333
14362569
14362585
14362611
14362672
14362781
14362919
14363230
14363719
14363721
14363995
14364325
14364977
14365239
14365535
14365930
14365936
14366025
14366092
14366248
14366453
14366543
14367194
14367213
14367237
14367243
14367524
14367878
14368004
14368597
14368686
14368750
14368763
14369099
14370073
14370182
14370216
14371381
14371453
14371572
14372062
14372063
14372436
14372457
14372665
14372881
14458312
14458583
14460192
14460898
14463216
14526002
14526393
14527242
14527477
14527809
14528301
14528941
14529367
14529558
14530029
14531496
14532057
14533934
14534896
14534985
14535404
14536463
14537324
14538319
14539435
14541165
14638900
14667783
14667886
14668200
14668206
14668446
14668725
14669520
14670204
14670272
14670685
14670758
14670789
14670964
14671113
14671120
14671173
14671518
14671569
14671654
14672435
14672512
14672517
14672540
14672674
14672686
14672718
14672751
14672844
14672969
14672979
14673248
14673395
14673506
14673721
14674008
14674290
14674341
14674510
14675301
14675599
14676524
14676573
14677149
14677273
14677902
14677963
14678317
14678369
14678502
14678716
14679012
14679157
14679194
14679651
14680052
14680135
14680200
14680477
14680699
14680917
14681460
14681653
14681965
14682240
14683314
14683324
14683474
14683629
14683900
14684364
14684468
14684493
14684598
14684602
14684611
14684612
14684644
14684830
14685199
14685436
14685728
14686202
14686318
14686400
14686711
14686853
14691270
14694808
14753699
14753884
14754103
14754105
14754346
14755366
14755948
14756452
14756598
14756637
14757692
14757897
14758015
14758230
14758467
14758590
14758787
14758845
14759178
14759370
14760018
14760061
14760127
14760133
14760359
14760750
14761078
14761218
14761448
14761697
14761715
14762376
14762641
14762804
14762851
14762869
14762907
14763226
14763507
14763558
14763841
14764129
14764614
14767195
14779596
14779628
14779977
14780005
14780116
14780287
14780307
14780625
14781590
14782118
14782234
14782698
14782942
14783235
14783960
14784027
14784745
14784773
14784880
14785188
14785234
14785505
14785541
14785574
14786112
14786332
14786473
14786750
14787761
14787835
14788266
14788281
14788371
14788732
14788813
14788843
14788847
14788906
14789089
14789143
14789201
14789243
14789566
14790028
14790127
14790304
14791399
14791503
14792419
14792640
14792849
14793215
14793459
14793560
14793830
14793947
14794064
14796133
14796542
14801464
14811654
14920518
14920723
14920888
14924821
14926399
14930293
14960196
14960435
14960677
14962097
14962351
14965675
14966525
14967884
14969092
14969121
14970336
14970675
14971091
14972090
14972656
14975122
15058489
15058519
15058627
15059582
15060330
15060944
15061806
15062332
15062961
15065092
15065131
15065228
15065727
15067746
15067799
15067997
15068181
15069076
15070230
15071118
15071625
15072104
15073243
15073737
15073877
15074478
15075212
15075298
15079004
15080898
15082513
15082947
15085878
15091713
15095207
15098610
15098751
15102841
15108785
15116673
15144127
15145610
15145615
15146514
15146519
15147175
15147518
15147578
15148094
15148322
15148766
15149146
15149316
15149495
15149851
15149893
15150187
15150214
15150484
15150871
15150895
15151093
15151916
15152103
15152394
15152441
15152954
15153015
15153060
15153433
15153721
15153786
15153834
15153996
15154133
15154261
15154726
15154746
15155104
15156051
15156225
15156673
15156695
15156761
15156824
15156891
15157154
15163492
15169103
15169210
15169875
15170311
15171319
15171596
15172551
15173172
15173453
15176387
15176452
15176646
15176714
15177058
15177320
15177556
15177897
15178382
15178824
15178897
15179432
15179677
15180055
15180628
15181212
15225933
15231946
15236938
15245323
15245739
15245897
15246081
15246704
15246880
15247011
15247056
15247371
15248325
15249192
15249886
15249907
15250027
15250144
15250193
15250247
15250302
15250339
15251147
15251701
15251837
15252181
15252387
15252691
15252728
15252896
15252944
15253378
15253541
15253553
15253788
15254062
15254183
15254823
15255069
15255598
15257166
15288532
15290664
15302654
15302722
15304379
15321979
15322766
15323834
15323909
15324836
15324908
15325033
15327926
15329021
15329672
15330602
15331010
15331438
15331461
15331512
15332036
15332629
15332945
15332984
15333081
15334112
15334544
15334810
15335659
15336780
15416007
15416023
15416578
15417002
15417040
15417694
15417723
15418082
15418531
15418563
15418570
15418815
15418929
15419421
15419565
15419897
15420061
15420083
15420803
15421254
15421323
15421422
15421435
15421460
15421566
15422027
15422070
15422224
15422740
15422786
15422907
15423230
15423307
15423476
15423563
15423652
15423822
15424331
15424660
15426068
15426415
15426672
15427008
15427109
15427317
15427322
15428116
15428725
15429008
15429082
15429260
15429383
15429416
15429815
15430106
15430367
15430607
15430678
15430875
15431380
15432290
15439452
15457794
15460511
15508318
15508436
15508545
15508605
15508646
15508995
15509117
15509192
15509757
15509835
15510326
15510394
15510442
15510921
15511071
15511731
15512138
15513065
15513077
15513372
15513900
15514333
15514698
15514780
15515207
15515296
15515743
15515792
15515839
15515912
15516223
15516647
15517128
15517152
15517323
15517352
15517523
15517983
15518376
15518597
15519577
15520013
15520022
15520515
15521986
15522243
15522742
15522841
15523228
15523365
15523687
15523739
15523761
15523889
15524245
15524764
15524796
15524923
15525372
15525806
15525807
15526262
15531096
15531593
15562626
15562907
15562940
15563411
15564078
15564099
15564212
15564605
15564655
15564751
15564905
15565237
15565342
15565482
15565820
15566388
15566874
15567119
15567362
15567521
15567648
15567791
15567806
15568295
15568804
15568891
15569258
15569432
15569516
15570007
15570114
15570182
15570251
15570651
15570790
15571140
15571143
15571351
15571394
15571485
15571573
15571675
15572530
15572831
15572968
15573058
15573096
15573323
15573535
15574177
15574409
15574439
15574553
15574640
15574854
15575867
15577081
15654208
15654778
15655226
15656202
15657041
15657105
15657168
15657196
15657602
15658658
15658977
15659150
15659506
15659671
15659787
15659946
15660225
15660275
15660276
15660607
15661493
15661555
15661881
15661940
15661995
15662090
15662283
15662328
15662570
15662901
15662961
15663029
15663131
15663520
15663721
15664430
15665091
15665241
15666162
15666479
15666751
15667156
15667872
15668041
15668278
15668304
15668774
15669592
15669672
15669772
15669920
15669989
15670286
15670497
15670604
15670789
15671883
15672140
15673412
15675028
15758243
15758244
15758258
15759514
15760151
15760178
15760824
15761150
15762585
15763927
15764851
15764911
15764945
15768263
15799849
15857742
15859065
15859223
15860138
15865084
15867397
15868997
15869419
15869976
15870621
15872452
15884885
15885488
15886852
15886866
15891591
15892457
15893251
15894560
15894872
15894973
15896936
15897419
15897848
15898501
15899942
15900005
15900600
15901334
15901663
15903095
15903242
15903292
15903331
15904356
15904809
15905063
15905180
15905455
15906364
15906645
15907380
15907533
15908009
15908138
15908474
15908794
15909351
15909733
15909846
15909908
15910809
15911285
15912150
15912956
15913088
15913398
15913699
15914089
15914561
15914713
15915504
15915743
15922114
16032897
16032947
16033290
16035603
16036650
16078353
16078531
16078840
16078848
16078919
16078929
16079447
16079846
16079972
16080063
16080701
16080902
16080941
16081496
16081621
16081836
16082126
16082181
16082345
16082405
16082763
16082806
16082863
16082959
16083095
16083188
16083369
16083376
16083578
16083668
16083880
16083978
16085055
16085123
16085289
16085372
16085424
16086081
16086285
16087013
16087605
16087713
16090493
16090700
16092732
16117572
16118126
16118443
16119719
16121256
16121413
16121664
16122422
16123866
16124115
16124980
16130699
16131358
16180965
16182346
16184121
16185441
16185514
16186905
16188507
16189311
16190494
16191384
16193066
16194026
16194259
16195176
16195401
16197568
16197986
16198898
16200024
16203762
16208145
16209793
16222942
16318603
16335513
16516784
16523200
16525864
16526215
16528700
16576665
16576809
16581258
16581288
16581516
16581635
16581889
16581911
16582026
16582955
16583406
16583731
16583738
16584020
16585089
16585180
16585466
16585588
16586037
16587206
16589220
16589868
16589889
16589993
16590065
16590301
16590656
16591823
16594774
16594916
16604286
16675857
16682134
16682423
16683234
16685733
16686026
16687408
16687882
16687970
16689212
16690422
16690715
16691319
16691338
16691698
16693568
16693675
16693855
16694035
16694282
16694413
16694766
16695500
16696894
16697125
16697650
16697809
16697822
16698287
16698408
16698578
16699893
16699953
16700182
16700246
16700756
16700884
16700984
16701049
16701279
16701527
16701812
16701973
16701978
16702799
16702825
16703242
16703311
16703499
16704273
16704643
16704772
16705091
16705275
16705700
16705944
16706153
16706507
16706938
16707425
16707541
16707550
16707640
16708236
16709720
16712256
16777939
16782151
16783300
16785507
16795346
16814393
16814868
16816469
16817161
16817328
16817484
16818490
16819659
16819811
16820591
16823749
16824881
16825391
16826967
16830240
16831371
16845452
16846181
16846241
16846268
16846304
16846973
16846985
16847027
16847060
16847155
16847174
16847228
16847296
16847394
16847398
16847488
16847619
16847951
16848111
16848196
16848208
16848705
16849242
16849330
16849549
16850184
16850507
16851148
16851290
16851398
16851565
16851700
16851717
16852115
16852706
16852974
16853633
16854180
16854488
16854500
16854578
16854649
16855189
16855316
16855539
16856399
16856736
16857114
16857609
16857951
16857983
16858391
16858639
16858855
16859111
16859405
16859420
16859503
16860336
16860794
16862292
16864870
16865033
16916919
16917893
16920147
16920985
16921454
16926057
16926952
16927923
16929103
16929222
16930081
16932016
16933575
16933849
16935568
16936345
16936441
16936816
16937495
16938137
16938532
16939603
16943234
16944675
16945832
16948588
17046749
17047263
17048714
17049775
17050169
17050895
17051020
17051169
17052327
17052398
17054285
17055727
17055935
17057487
17057667
17058020
17058847
17059890
17060058
17060232
17060507
17060643
17061214
17061976
17062042
17063363
17063456
17064069
17064257
17064808
17065027
17065372
17065601
17066250
17067731
17068100
17068138
17068469
17069085
17069240
17069629
17070146
17072059
17095187
17104533
17282959
17283349
17283440
17284039
17284197
17284414
17285633
17286134
17286513
17287527
17287831
17288286
17289014
17290102
17290498
17290602
17290767
17291100
17291907
17293128
17294146
17294264
17294422
17295014
17300213
17301032
17330761
17391207
17392045
17392163
17393320
17393507
17394387
17395666
17396126
17396378
17397350
17397771
17397953
17399746
17400146
17400401
17401427
17402226
17402524
17402750
17404102
17405309
17405624
17413023
17423611
17424730
17424759
17425064
17425683
17426439
17427011
17427381
17427682
17430313
17430889
17431061
17431710
17432930
17433559
17433782
17435428
17435844
17436916
17437699
17438266
17438939
17440077
17443865
17448704
17497965
17498456
17499035
17502009
17502255
17502771
17502896
17503184
17503424
17503432
17503721
17505020
17506695
17508772
17509560
17517120
17549264
17549350
17557196
17563717
17592151
17592298
17592752
17592936
17594670
17595230
17596439
17596499
17596559
17597128
17598560
17599646
17599666
17599894
17600439
17600712
17600743
17600759
17606808
17606921
17639845
17639958
17639987
17639989
17640684
17640813
17641527
17641967
17642189
17642567
17642601
17642946
17643121
17643136
17643247
17643488
17643808
17644215
17644246
17644610
17644640
17644810
17645509
17645752
17646836
17646853
17646888
17647178
17647242
17647480
17647659
17647680
17647985
17648416
17648594
17648787
17648842
17648921
17649160
17649372
17649647
17649718
17650014
17650081
17650432
17650664
17650724
17651053
17651130
17651248
17651478
17651490
17651724
17651981
17652028
17652061
17652151
17652276
17652629
17653091
17653207
17653305
17653443
17653493
17653789
17654326
17654382
17654943
17655175
17655202
17655464
17656036
17656495
17656643
17656670
17656966
17657097
17661507
17663189
17663831
17672764
17672779
17674169
17674173
17674296
17674384
17674706
17676018
17676113
17676493
17676602
17677661
17678209
17678300
17679150
17679647
17679932
17680438
17680456
17680582
17680954
17681361
17681705
17687726
17691926
17693791
17701527
17728063
17728299
17728559
17728596
17728700
17728777
17729265
17729462
17729513
17729769
17729890
17729912
17729930
17730077
17730324
17730373
17730704
17730857
17731509
17731625
17731635
17731660
17731730
17732621
17732940
17733320
17733419
17733910
17733921
17734148
17734748
17735187
17735400
17735443
17735980
17736089
17736409
17736829
17738018
17738132
17738378
17738576
17738958
17739166
17739186
17739715
17740244
17740267
17740472
17740504
17740515
17741036
17741602
17742178
17742212
17742294
17742383
17743012
17743141
17751412
17753525
17754488
17776828
17777841
17779602
17779978
17780683
17782280
17782640
17782961
17785107
17785189
17785747
17786082
17787030
17789481
17790951
17914916
17915129
17963184
17964533
17964790
17967664
17967740
17968018
17968282
17976166
17976236
18013038
18013387
18013703
18014606
18015630
18015641
18015738
18015984
18016647
18016776
18016862
18018385
18018409
18018813
18018816
18018826
18019227
18019682
18019962
18019988
18020445
18020645
18021209
18021265
18021608
18021860
18022504
18022607
18022804
18022875
18025244
18025636
18025895
18025911
18026292
18026300
18026488
18028125
18029231
18029761
18042950
18043840
18044759
18045779
18046162
18046199
18047743
18048914
18049287
18049572
18050630
18050760
18051438
18051859
18052073
18052316
18052993
18053007
18053516
18053846
18053978
18054066
18055348
18055390
18056242
18057780
18058439
18058461
18058546
18060947
18063036
18064666
18064869
18067793
18070293
18070485
18070604
18070846
18073732
18073938
18084975
18090671
18092153
18092331
18092724
18093233
18093698
18093942
18094268
18094550
18095030
18095358
18095371
18095421
18095743
18095998
18096074
18096241
18096316
18096488
18096543
18096609
18096698
18096876
18096941
18097167
18097212
18097282
18097382
18097629
18097657
18098057
18098845
18098914
18099246
18099291
18099776
18099996
18100565
18100635
18100660
18101321
18101860
18102243
18102593
18102596
18102822
18103615
18103714
18103761
18103800
18103992
18104214
18105505
18106120
18111258
18145656
18155023
18188086
18188585
18188655
18188662
18188885
18188903
18189298
18189545
18189682
18189848
18190299
18190742
18190760
18190817
18190956
18191042
18191211
18191365
18191705
18192057
18192069
18192614
18192756
18192790
18192932
18192980
18193169
18193251
18193312
18193360
18193990
18193999
18194106
18194524
18194565
18194804
18195029
18195262
18195410
18195518
18195939
18195940
18196387
18197315
18198007
18198576
18198904
18198907
18199767
18200638
18204934
18206598
18207256
18218604
18274661
18332942
18333421
18334704
18335015
18335137
18335888
18337378
18337745
18338591
18338939
18339259
18339716
18339961
18340483
18341033
18341873
18342229
18343002
18343367
18343534
18343582
18343681
18344210
18344219
18344416
18344519
18344601
18345168
18345580
18348161
18348376
18348387
18348673
18349245
18349644
18349954
18350545
18350963
18351302
18351378
18352268
18354249
18355507
18370652
18386154
18386318
18387428
18389409
18389724
18390310
18391621
18391767
18392243
18392826
18393957
18394386
18394694
18395871
18395969
18466432
18466436
18466898
18467189
18468057
18469207
18469214
18469508
18470364
18470719
18470726
18471926
18474410
18474499
18474666
18475055
18475406
18476375
18476971
18477296
18480302
18480680
18481059
18511378
18534777
18537219
18537492
18537568
18537957
18538212
18540094
18540184
18541890
18544743
18545193
18545339
18545443
18547413
18548583
18548589
18548699
18550485
18553858
