215
258
472
2685
7675
9648
10439
11843
14341
17045
17694
20061
21234
22845
23080
25091
28710
32237
32313
34539
35986
42910
42984
43267
44245
44599
45373
47162
49871
50309
53904
55066
58888
59150
60539
64296
66904
74756
75434
75842
81257
84081
86031
86575
88604
89882
89893
90303
90632
90638
91193
91295
93467
94083
94816
98474
99112
103589
104072
104410
104439
104565
105312
107637
113195
113326
116106
118872
119468
119820
120012
122346
125538
125607
133381
137199
137618
139839
148826
149325
154666
156879
162588
163252
165828
165934
166887
167781
168533
168570
169196
173763
175838
177315
179057
182654
183896
184266
185055
185391
186992
187631
188565
188586
188941
189391
191261
192677
197597
198382
199517
201918
203160
212798
214420
216245
217172
217182
217694
228932
232175
233271
234923
235680
236463
238530
240004
241462
247273
252721
254543
255686
256229
258114
258664
259094
259575
261289
262931
264156
264370
266654
268021
268263
272606
274002
276287
276828
281793
282912
283581
289791
290871
290992
295283
295475
296994
297865
302128
304801
305661
307157
308513
308952
312680
314902
318359
320215
321562
322511
322534
322537
326288
327414
327887
328515
330171
331609
331883
333510
333808
336592
337741
344900
345660
345873
351629
352403
354705
355486
357666
357760
365723
370060
371843
371888
372140
373253
374321
375229
375845
378495
379054
380684
383706
385011
389165
394939
398115
398465
401240
407800
408391
408855
409506
410213
412290
413362
415796
416772
419782
422347
427557
428330
428895
429176
437833
438435
438554
439635
442536
446609
448087
448131
448506
449324
451872
452494
453242
459318
459456
462669
462902
464045
466684
466810
468411
468468
469054
470092
476299
476664
480643
480648
481693
482839
484106
486088
487174
489022
493956
496454
497830
498459
499359
502826
504386
510510
513948
514629
515475
515504
516257
517352
519365
522056
522156
523983
526495
528318
528451
531066
532244
532930
533530
534188
534908
536907
542329
545195
546595
548264
549096
549845
549995
550156
550537
551728
553778
554262
556449
557231
561371
564083
567858
568545
572024
572068
574492
577537
579233
581192
583339
584146
584242
588232
588622
589608
589941
590494
591591
592474
593056
595724
597878
598283
600418
600981
603241
604681
606769
607672
609678
609709
610648
611719
617111
623022
624078
624638
624977
625555
627392
627745
627928
629063
629802
634613
635081
635091
636454
636952
640220
642239
645305
645927
646075
646490
647433
647859
651303
652472
653308
653658
654704
655715
657648
660383
661788
662455
663247
665650
666035
666258
666974
669272
671335
671576
674977
675040
675484
677064
678029
678381
681741
683556
684819
685427
687672
692197
693222
697339
699350
699397
700951
706342
707719
707825
708812
710052
711433
714214
716729
717065
717525
718372
722569
723639
727071
727435
730333
731607
732533
735651
736617
738736
741956
743360
747894
749743
750892
752003
752539
752685
753736
754449
758582
762656
763139
764210
764861
767424
771964
772118
772420
772734
773866
773940
775544
778048
778322
781436
781630
782149
783495
785748
786205
786582
786847
788302
788322
788560
791505
792553
793998
796463
796860
797084
799758
801266
801985
805305
807065
808639
810368
810627
814357
819111
820640
820925
825624
825651
826888
827282
828352
831979
832480
833333
833959
834604
836385
839246
841088
842495
842926
844919
846457
850530
851457
851643
853783
858788
859505
866931
869072
871688
872447
873457
875862
876760
877214
881810
882149
882255
883012
884614
885492
887998
890140
894007
906943
911839
912054
913197
913880
917630
922556
924283
925339
925935
925959
928547
928589
928808
929597
931410
933606
935403
937674
938611
944019
946846
949205
951008
951550
954119
954165
955559
955981
961300
961764
966306
968139
976122
980114
981141
981931
983566
983828
987452
988224
988492
990577
996028
997036
997800
999912
1002032
1002715
1005834
1005950
1008453
1011496
1018365
1018726
1018896
1021278
1026172
1027481
1027534
1029061
1030900
1035798
1036238
1037773
1039234
1043227
1044339
1044396
1044658
1046456
1048310
1060958
1061203
1062340
1064927
1072760
1075783
1078322
1079040
1079211
1079843
1081756
1082079
1083305
1090598
1092738
1095751
1096407
1097474
1101706
1102532
1104411
1105671
1109808
1109968
1110676
1112490
1121857
1121923
1123659
1123915
1124718
1126120
1127717
1128808
1131749
1134786
1135336
1137241
1137517
1138233
1138531
1139140
1144384
1145055
1146660
1151348
1157373
1158377
1159458
1159966
1160030
1160230
1162357
1163105
1164048
1165115
1166829
1167651
1167924
1169808
1170433
1173332
1174003
1174598
1177557
1179700
1181722
1182519
1183666
1184182
1184309
1190531
1195926
1198251
1198926
1198951
1200049
1200691
1201028
1201327
1204077
1206532
1210084
1211957
1212500
1226341
1228857
1229784
1230550
1231294
1235132
1235499
1236502
1237758
1238457
1239773
1242611
1249189
1249790
1250332
1253663
1254961
1257101
1257582
1259258
1259623
1260172
1265698
1266069
1266098
1273750
1276629
1280507
1280893
1281092
1284255
1286266
1288713
1289582
1291421
1293446
1298838
1299356
1301705
1302498
1302759
1303313
1308719
1308936
1310673
1313257
1314702
1320300
1325693
1328710
1331182
1332525
1334796
1335512
1336377
1342429
1342519
1344838
1352955
1356832
1360604
1360847
1362366
1364315
1364545
1366723
1369670
1372079
1372792
1374000
1378885
1378968
1379191
1379222
1379841
1380101
1386557
1391153
1392265
1393804
1396032
1396945
1398649
1400086
1400595
1401474
1403348
1403808
1408488
1408998
1413325
1414567
1414993
1415018
1421893
1423771
1424239
1429621
1431631
1432452
1433488
1433625
1435568
1436032
1441180
1442763
1444162
1444198
1446349
1449505
1453369
1454810
1454893
1455975
1457869
1460900
1462330
1467774
1470510
1470884
1471194
1472378
1473047
1473771
1474099
1477594
1478976
1479908
1482699
1483473
1484763
1485150
1486948
1488622
1488633
1491428
1491575
1491653
1492411
1494968
1495917
1497412
1499246
1499780
1500243
1504996
1510335
1510557
1511418
1511600
1513612
1513640
1522573
1522708
1525466
1527021
1527203
1527613
1528523
1529491
1532867
1535666
1537260
1538072
1538849
1540861
1541283
1542934
1543963
1544498
1546151
1546315
1547702
1551884
1553812
1555291
1555681
1555838
1556790
1558259
1559391
1560450
1564484
1565530
1568345
1570736
1571459
1571640
1572367
1572379
1578093
1580819
1582105
1586086
1593619
1594298
1596813
1597371
1597645
1600699
1604790
1607524
1608272
1608950
1609631
1611091
1611505
1612164
1613012
1613527
1614294
1616564
1616697
1616710
1616873
1618218
1621603
1622242
1623156
1624226
1629031
1632504
1634954
1638984
1644499
1644846
1646964
1648376
1651009
1652340
1654432
1655278
1655636
1655813
1658512
1660814
1662385
1662877
1663027
1663701
1667870
1668868
1675635
1675765
1677901
1680192
1687287
1687824
1688096
1694071
1696187
1696961
1696972
1699508
1700299
1700697
1700739
1703744
1704905
1707386
1707978
1710899
1711056
1718844
1719255
1723140
1723654
1724297
1725140
1726245
1729473
1730830
1733031
1736946
1739490
1740858
1741176
1742991
1744058
1746510
1746779
1748140
1752130
1755012
1756003
1758065
1759509
1761803
1762384
1764230
1764894
1765774
1766238
1769639
1771489
1772574
1777935
1780258
1783514
1784276
1786126
1786687
1790806
1791684
1793203
1794004
1794949
1796093
1800263
1802516
1802607
1803165
1803419
1804035
1804192
1807235
1810131
1810316
1810904
1813414
1815551
1817695
1818642
1823542
1824160
1824404
1830109
1831598
1831966
1834873
1835838
1838012
1839849
1842238
1844541
1844749
1847578
1848611
1848976
1849222
1852366
1853130
1856130
1860412
1863387
1864554
1869110
1872112
1872201
1872540
1873032
1873863
1876491
1876789
1876885
1881966
1885144
1885272
1888135
1890131
1890241
1891522
1893326
1894005
1899119
1899545
1900232
1901729
1907097
1909837
1910192
1911949
1915812
1916143
1916594
1921759
1922599
1923642
1925172
1928677
1930179
1932192
1933529
1934302
1934669
1938914
1939385
1940191
1941724
1942649
1947397
1951041
1952562
1954685
1959077
1967147
1971370
1972740
1972971
1973826
1974550
1975101
1976126
1976172
1977649
1978351
1982351
1982693
1986740
1987809
1991092
1994052
1994685
1994794
1999840
2000253
2000350
2002208
2003872
2004369
2005016
2008010
2008612
2009663
2009775
2009903
2011015
2012089
2014890
2015364
2016009
2016614
2018750
2019369
2023630
2027831
2031126
2035743
2039836
2040208
2043070
2047267
2047833
2048443
2049614
2052512
2056509
2057263
2057374
2057597
2060711
2061485
2064333
2065602
2065907
2067291
2068508
2073084
2077744
2079907
2088430
2090640
2095363
2099079
2099221
2099222
2100080
2100408
2101024
2101665
2104340
2105810
2108653
2109499
2110306
2112452
2113031
2119379
2121750
2127832
2128147
2128323
2128998
2129939
2129987
2130902
2131343
2133350
2135860
2136813
2137348
2138634
2138683
2139701
2142780
2145086
2147272
2150459
2152079
2155327
2160286
2170951
2173358
2173812
2174510
2175730
2176651
2178961
2184313
2184375
2184867
2186319
2186647
2192237
2193089
2193750
2196702
2196843
2197122
2200129
2200432
2203471
2205758
2212546
2215341
2216249
2217328
2218642
2221147
2222066
2223259
2225933
2226750
2236414
2238382
2242939
2243988
2244006
2245640
2247715
2247780
2248416
2251084
2253232
2254124
2254988
2255774
2260414
2260578
2260776
2267053
2268034
2268149
2268569
2269238
2270512
2276724
2281112
2285322
2286297
2286467
2289083
2292843
2297096
2298210
2299861
2303215
2311904
2312346
2313116
2313664
2316395
2317309
2318424
2319858
2322495
2322792
2324352
2329787
2329978
2331311
2335567
2340869
2341236
2342474
2344441
2344564
2344781
2346738
2347180
2351519
2352645
2353314
2353757
2355669
2360076
2363530
2365104
2366301
2367382
2368095
2369876
2370482
2373553
2377185
2378493
2382219
2383863
2387840
2388727
2389323
2389334
2389576
2390398
2390741
2390841
2392135
2395700
2396904
2397355
2398445
2399688
2400144
2400649
2402937
2408689
2410133
2410454
2410572
2411533
2411638
2411652
2416501
2417749
2424133
2426181
2426219
2429446
2429895
2433401
2434289
2437271
2437432
2438083
2441925
2442076
2442312
2444374
2446097
2446705
2446842
2447382
2448581
2448694
2450374
2451264
2456944
2457883
2458376
2458484
2458609
2459516
2460287
2462418
2462942
2463122
2466739
2466817
2467546
2470109
2470708
2471456
2473596
2474283
2475231
2475284
2476706
2477014
2478309
2481990
2492598
2495172
2495458
2498280
2501913
2505296
2505730
2512505
2512782
2513293
2513412
2514018
2517321
2519791
2521165
2522448
2523395
2524355
2525269
2528391
2529404
2531365
2532359
2540500
2547845
2551974
2552322
2558859
2559042
2564779
2567546
2568276
2568647
2569019
2570988
2576326
2576629
2577840
2578174
2578747
2580346
2583551
2584607
2584632
2584642
2589800
2590731
2591404
2593084
2597416
2599836
2601864
2602257
2606505
2608332
2612513
2618691
2618727
2619218
2621639
2622745
2624148
2624265
2625298
2625319
2627010
2628315
2628515
2629080
2631825
2631994
2633115
2639535
2639584
2640258
2641021
2642995
2643740
2647753
2648089
2648443
2649144
2649235
2650732
2652587
2653089
2653892
2655535
2664970
2665744
2667307
2668347
2673046
2676856
2677948
2678079
2678970
2679606
2682072
2682751
2684249
2684379
2684732
2685369
2689173
2689201
2691480
2692771
2693978
2699263
2699429
2703342
2705471
2705572
2707008
2708352
2708649
2722346
2723914
2726934
2727866
2733021
2734781
2735689
2737963
2738515
2738715
2738828
2741835
2743938
2745895
2746577
2747636
2747744
2748738
2748812
2750113
2750685
2756617
2757340
2762163
2762191
2762553
2764440
2767031
2767542
2768699
2775737
2779129
2779588
2779947
2782699
2784532
2784693
2785384
2786353
2788529
2790827
2791077
2791864
2791969
2792379
2792536
2794188
2794595
2796519
2800749
2801813
2803718
2809281
2811728
2812723
2814038
2818333
2819054
2819443
2820945
2822416
2825633
2831430
2831999
2833774
2840505
2840550
2841936
2846648
2847083
2847687
2848388
2850331
2861564
2862033
2863821
2866928
2868275
2870306
2871032
2874032
2875862
2876409
2876639
2878490
2885241
2886865
2887351
2892392
2892663
2903080
2905473
2905933
2913653
2916351
2917787
2920196
2920938
2921518
2925671
2926671
2928555
2928805
2929355
2932495
2935044
2935987
2937120
2938445
2939426
2942083
2943236
2944026
2945214
2946727
2950324
2951016
2951116
2952709
2955622
2955729
2956456
2958026
2958718
2959675
2960254
2963569
2964238
2967589
2970909
2971187
2971577
2973426
2974779
2974864
2975554
2976431
2978120
2984947
2985204
2986649
2987670
2989088
2993404
2993714
2994157
2994804
2999181
2999657
3005764
3006223
3007303
3008235
3011415
3011674
3014984
3023321
3023807
3024089
3026348
3026911
3027083
3029367
3029735
3030719
3030810
3032016
3032098
3032187
3034672
3034677
3043003
3045468
3047331
3048062
3048392
3050594
3053342
3053545
3056343
3057045
3058079
3064400
3065116
3069815
3070833
3073924
3075745
3076531
3078729
3079402
3080587
3081989
3082466
3084859
3086521
3087095
3088230
3088464
3089760
3091649
3093118
3095472
3097804
3098126
3100064
3105264
3107588
3110032
3110624
3112735
3116715
3120346
3121725
3121946
3122431
3122481
3122846
3128417
3128552
3129549
3131714
3131947
3132367
3133895
3134759
3135975
3137634
3138519
3145517
3149670
3151406
3151537
3156400
3158085
3158324
3161256
3162039
3162553
3163572
3163944
3164247
3165979
3169193
3172283
3173531
3175194
3175615
3178449
3178808
3179364
3183379
3186205
3186760
3194825
3195365
3195802
3200567
3201788
3202471
3203624
3204086
3204389
3204969
3207081
3215442
3215587
3217242
3217595
3219063
3221795
3222224
3222963
3223528
3225679
3226622
3229642
3229912
3230202
3231152
3231534
3233013
3235174
3235966
3240199
3240281
3240974
3241962
3243305
3244768
3247296
3247554
3249182
3250103
3251437
3252563
3255408
3256034
3256073
3257340
3257620
3261306
3261758
3262405
3263264
3266944
3268747
3269604
3271481
3272147
3272192
3272552
3275424
3276285
3276593
3279040
3281064
3281837
3281918
3283616
3284936
3287140
3287477
3287562
3287684
3288921
3292335
3292415
3296704
3296936
3298206
3303852
3309008
3310868
3315225
3318790
3321763
3325623
3329430
3329743
3331654
3336833
3338343
3339036
3339381
3340680
3342015
3342163
3342233
3342936
3343630
3344597
3344613
3344682
3345886
3348574
3349803
3352658
3353574
3354325
3358971
3359524
3360295
3361849
3372954
3373625
3373917
3374704
3374919
3382015
3383722
3390405
3391132
3398176
3400052
3403702
3405749
3406936
3408094
3409555
3411529
3415467
3416290
3417687
3418109
3418613
3420740
3421772
3428218
3429341
3432199
3432750
3433029
3434108
3434595
3437926
3438399
3438980
3440767
3441914
3442355
3442925
3443989
3449207
3449371
3450331
3453614
3454994
3456998
3457925
3463639
3464424
3464634
3464771
3467157
3467553
3468517
3469128
3470830
3474767
3475739
3479696
3479919
3481692
3481767
3482393
3482507
3485464
3492687
3495146
3495855
3497090
3500025
3500141
3501218
3503576
3503983
3507729
3507952
3510163
3513047
3515732
3516103
3517366
3519048
3524212
3525730
3526610
3528203
3529483
3530020
3531302
3532046
3534592
3539399
3540694
3540815
3544049
3544548
3547578
3553993
3557452
3559079
3559938
3561300
3563815
3564036
3564411
3566377
3570877
3572155
3573025
3575654
3577500
3581945
3582340
3587541
3589596
3590473
3591481
3593137
3593600
3598054
3598986
3600199
3601215
3601216
3603034
3605724
3606059
3607208
3611695
3612673
3614685
3615450
3615469
3619808
3621402
3621900
3623571
3627974
3630648
3632383
3636077
3636102
3637664
3641880
3643749
3643799
3643903
3644788
3645717
3646338
3647447
3648975
3651575
3652604
3653900
3654731
3655378
3656899
3659202
3661036
3662420
3665711
3667341
3667438
3669777
3669987
3671625
3679133
3680174
3682735
3683835
3686899
3687794
3688810
3689859
3690370
3694232
3694405
3694701
3697201
3697313
3698535
3699057
3699946
3700612
3703720
3704231
3705079
3706381
3709052
3710214
3710725
3710739
3713706
3716653
3721031
3727855
3728111
3729487
3731149
3731766
3732112
3733161
3733662
3735886
3736299
3737279
3737737
3737891
3738107
3738125
3746692
3749026
3749353
3754839
3754856
3755761
3761918
3762806
3768625
3768907
3769243
3770004
3770084
3773461
3776759
3777174
3777376
3777693
3778009
3779741
3780782
3784874
3785330
3788391
3788507
3790800
3791592
3792477
3799398
3799413
3800191
3801943
3804088
3804434
3810508
3816722
3817793
3819898
3823381
3824376
3825046
3825769
3828238
3832870
3833867
3835773
3836061
3836982
3840390
3841628
3846420
3849203
3851213
3857464
3858715
3858771
3859989
3862767
3866824
3867212
3867740
3871218
3872425
3874332
3875859
3877226
3879041
3881179
3881826
3886883
3893203
3893764
3894155
3894696
3895739
3900584
3903319
3903450
3909421
3911891
3914963
3917809
3922529
3923135
3924279
3926152
3926185
3926217
3926371
3927518
3927592
3927700
3930257
3931308
3933081
3934211
3940140
3943117
3943928
3944827
3946700
3947168
3948468
3950414
3952195
3953776
3956043
3956173
3956948
3957627
3957860
3959281
3960876
3962934
3965718
3967750
3969305
3971473
3972027
3972680
3973555
3977973
3980025
3982052
3984232
3986089
3987780
3988017
3990762
3992559
3992724
3997883
3998848
4001363
4006929
4007387
4010803
4013974
4014069
4017245
4018194
4019960
4019995
4024195
4026715
4031972
4035557
4037475
4037543
4038689
4039782
4041106
4044238
4049734
4050474
4051937
4052474
4053088
4053312
4054341
4055455
4056326
4056458
4056562
4056601
4059515
4059644
4060099
4061957
4064313
4064717
4065628
4068078
4068483
4070334
4072606
4073750
4078233
4078597
4079858
4080918
4080952
4083016
4091010
4091241
4091298
4093339
4094275
4096233
4096265
4097461
4097590
4098257
4100859
4101296
4104996
4107485
4109510
4111578
4113221
4113328
4117085
4117364
4117744
4118318
4124862
4128378
4131696
4135993
4136093
4136810
4138209
4138409
4142006
4144321
4154024
4155133
4157394
4157564
4159802
4160859
4160894
4161235
4168866
4171671
4173892
4176711
4177143
4177569
4179294
4179993
4181998
4184000
4185134
4185959
4186663
4191090
4192020
4192639
4194395
4196040
4198711
4199829
4209877
4213389
4214456
4218804
4219369
4220722
4220844
4225690
4226103
4232263
4232964
4233137
4234436
4235831
4242242
4244036
4247105
4248694
4249351
4249623
4249962
4251646
4253327
4259062
4263608
4265641
4266301
4267173
4274688
4276953
4279263
4280102
4281598
4283054
4285929
4286495
4286906
4287658
4290162
4292398
4297366
4298162
4300877
4303581
4304892
4305172
4306490
4309032
4309957
4310259
4310751
4312181
4313117
4313622
4316776
4317086
4317618
4318556
4319283
4321271
4321380
4324848
4325762
4326412
4327918
4328751
4330932
4331690
4331954
4336784
4337696
4338211
4342660
4343203
4343547
4344802
4346288
4347069
4349198
4349819
4352108
4354651
4357304
4360329
4366415
4366678
4367119
4368852
4373011
4375610
4375981
4376830
4378429
4383564
4384375
4385039
4386196
4387154
4391497
4392442
4393745
4394199
4397613
4400957
4401424
4401607
4403015
4403547
4404147
4404815
4410452
4411197
4417066
4420169
4422097
4423473
4424838
4427808
4428810
4429857
4430345
4430790
4433872
4436619
4438110
4439052
4442994
4443194
4448712
4452411
4453472
4455181
4460052
4460914
4462715
4467309
4467657
4469532
4471494
4471514
4475120
4478767
4482186
4482887
4482926
4483630
4484055
4487936
4488010
4488174
4489049
4490770
4491320
4491335
4492147
4495599
4498391
4499014
4499460
4503776
4507527
4507570
4513368
4515029
4522522
4522572
4524454
4524704
4527426
4533154
4534107
4534192
4535347
4536245
4538163
4539581
4540220
4540354
4542597
4543104
4543943
4545190
4548046
4549025
4549342
4549825
4550270
4553776
4554377
4556025
4556259
4557965
4560785
4561412
4564767
4567096
4567531
4568600
4570825
4570973
4572060
4573148
4576773
4581802
4586668
4588424
4588860
4589638
4592550
4595470
4596731
4600227
4604099
4604190
4608894
4610918
4613309
4614095
4616216
4626933
4629429
4630445
4630795
4635172
4638586
4638825
4640500
4641035
4641747
4647178
4647470
4651316
4651801
4654177
4654283
4655946
4656553
4659235
4659402
4661208
4662616
4663019
4664183
4664967
4665915
4666815
4668114
4668711
4669120
4669753
4680142
4686273
4688674
4698825
4702424
4707256
4708503
4711865
4714479
4716024
4717698
4718046
4719169
4719473
4722253
4722860
4723979
4726720
4729161
4730877
4733333
4733424
4737722
4740413
4740685
4740687
4741587
4741886
4743285
4743696
4745504
4746275
4749397
4755181
4756383
4757958
4760341
4762130
4763386
4764140
4764705
4772478
4774662
4778783
4781370
4781689
4784076
4784431
4785856
4787806
4789432
4793674
4794717
4800739
4801372
4801452
4801868
4805951
4806539
4807900
4810783
4811778
4814243
4816403
4821548
4821669
4824096
4825709
4827500
4828547
4828726
4828866
4831743
4832224
4832787
4833606
4833966
4837076
4837734
4838001
4838051
4843560
4844471
4849969
4852390
4852891
4859921
4859956
4860737
4862547
4862556
4863023
4863597
4864548
4865848
4865875
4866940
4867769
4868464
4869663
4870922
4873049
4873288
4874753
4874893
4876547
4877377
4877561
4878725
4885642
4885904
4888456
4890493
4893851
4894269
4895896
4898754
4899507
4900230
4900234
4900361
4901539
4904592
4905414
4905910
4906376
4907592
4908500
4910589
4911817
4912042
4913243
4913524
4914004
4914539
4915253
4918949
4925101
4930692
4931252
4932458
4934595
4934899
4935661
4936017
4937229
4938011
4939794
4942421
4944428
4944769
4944898
4945600
4946023
4950394
4952533
4953977
4954769
4955357
4955952
4958320
4958501
4959941
4961039
4962095
4962617
4964013
4964736
4965761
4966163
4966983
4968745
4969980
4970073
4972909
4978036
4978286
4980589
4981415
4984109
4985880
4986047
4986941
4987379
4991476
4992715
4993393
4995878
4997975
4998198
5000942
5004559
5005059
5005705
5007995
5011241
5011853
5012033
5013666
5017559
5025545
5028337
5028576
5034944
5042655
5042691
5042832
5044103
5046270
5048770
5050195
5051265
5051346
5051387
5051800
5055333
5055956
5056198
5056591
5056788
5056840
5057125
5061134
5062141
5063611
5065154
5065209
5065528
5066124
5068746
5073428
5073542
5074165
5074569
5075764
5077587
5079047
5079212
5082282
5083827
5084301
5086020
5088656
5092344
5093422
5094038
5094734
5097464
5097659
5100028
5102044
5106366
5107916
5108060
5110871
5115784
5121046
5121392
5135862
5141463
5142003
5142297
5143694
5147375
5148646
5148807
5153643
5155027
5161463
5161509
5162599
5164184
5165286
5167090
5169375
5169611
5170596
5171544
5171807
5180112
5181959
5184513
5185404
5187048
5187971
5190780
5200171
5203504
5207713
5212513
5216008
5219134
5220632
5221687
5222907
5223067
5224778
5225496
5227850
5229083
5231105
5231233
5232428
5232637
5233207
5234058
5236047
5238897
5243943
5249669
5249853
5250351
5250579
5252250
5255192
5255722
5260805
5266890
5268698
5270039
5274078
5279450
5282061
5282739
5284305
5285227
5286564
5289540
5289899
5292562
5292673
5295448
5297683
5299245
5301701
5302803
5302856
5302937
5304812
5307696
5308588
5310837
5314826
5315349
5315763
5316053
5316613
5318463
5319103
5320961
5321341
5323454
5323575
5324144
5325187
5325309
5331212
5333945
5337294
5340426
5343822
5344552
5345613
5355129
5356842
5357044
5357066
5358064
5360549
5361511
5362025
5363817
5371300
5375074
5377469
5378496
5378851
5384026
5388582
5393456
5394192
5396477
5396503
5398389
5398821
5399601
5399866
5404291
5404369
5412027
5416019
5416984
5418852
5420981
5421202
5421299
5421475
5422965
5424387
5427136
5427210
5434918
5437992
5439663
5440617
5440684
5440936
5442116
5442328
5442384
5444706
5446714
5453172
5453755
5453860
5455955
5456613
5457335
5457352
5460220
5462465
5464650
5468076
5471499
5473873
5474595
5483434
5483729
5487777
5492067
5492071
5492214
5492690
5494351
5495498
5496961
5498868
5499031
5504522
5504657
5508008
5508230
5511220
5513976
5514980
5515685
5519080
5519648
5520434
5522095
5528090
5528477
5532612
5538615
5540370
5542778
5542925
5543107
5546394
5553581
5556882
5557919
5558110
5567233
5570174
5576646
5577344
5582123
5582290
5583465
5587601
5590375
5592399
5592717
5596889
5600316
5602753
5602903
5604976
5606715
5607423
5608617
5612390
5613187
5613321
5614627
5618756
5620833
5625145
5627571
5628080
5628527
5630529
5632482
5637245
5639187
5640537
5646434
5651052
5651108
5651306
5652851
5656802
5657733
5658156
5659543
5660935
5662020
5663741
5664426
5665525
5665584
5666475
5667114
5670438
5670589
5670994
5674208
5676561
5679072
5680663
5682394
5684156
5684510
5689415
5690346
5690952
5691886
5692674
5695200
5696542
5696730
5698813
5698904
5699675
5700386
5700787
5701624
5706623
5708263
5708902
5711377
5711566
5715000
5716461
5716592
5721251
5721454
5725831
5727138
5727650
5728668
5730450
5733626
5734860
5736287
5737156
5739982
5740510
5740580
5740948
5741671
5742929
5744095
5747349
5748950
5749034
5749104
5750382
5751345
5751655
5753541
5753873
5756355
5757492
5757596
5760559
5762139
5762687
5763070
5763601
5764414
5765412
5765698
5766016
5769207
5772078
5772273
5779607
5780310
5782353
5783341
5785076
5785649
5787403
5789702
5790137
5791424
5799762
5800690
5800897
5801386
5801766
5802309
5802601
5806590
5806782
5807023
5812196
5812429
5813992
5817208
5817587
5818828
5820117
5823407
5823550
5825117
5825123
5829088
5829384
5831065
5833892
5834111
5838082
5839017
5840672
5842512
5844957
5845873
5846906
5848988
5851146
5852329
5852954
5853156
5853490
5855328
5856822
5858819
5860821
5864598
5869291
5870065
5872371
5873469
5877799
5878087
5878092
5878302
5879780
5880154
5885687
5887948
5891146
5892083
5893522
5894275
5894765
5894927
5895274
5895853
5898609
5900573
5901146
5903869
5905486
5906072
5907383
5908487
5910018
5911722
5914291
5916539
5925142
5925587
5926650
5926767
5927336
5929459
5931265
5932069
5939023
5940192
5940307
5940671
5943600
5946434
5947280
5952552
5952738
5957050
5957828
5959029
5965825
5968241
5970889
5972886
5982028
5984413
5984906
5987782
5989843
5993254
5995876
5996331
5997386
5997391
5999955
6002699
6004434
6004714
6005004
6010630
6011040
6011553
6012751
6014062
6020273
6021205
6021286
6021601
6022465
6023086
6023760
6026502
6028854
6031078
6031194
6038008
6039500
6046338
6050486
6051357
6053224
6053549
6054210
6057757
6057995
6058936
6062420
6063141
6063519
6068248
6073039
6073181
6074785
6076094
6076620
6077550
6078056
6078278
6082195
6083192
6083864
6087029
6089504
6093051
6095437
6096802
6099273
6099477
6101400
6103663
6106450
6108978
6113434
6116296
6116871
6119025
6119873
6120443
6123634
6130731
6131375
6140258
6140656
6141056
6145167
6159221
6160081
6166551
6171211
6173069
6175080
6178748
6179779
6182442
6183549
6184065
6184308
6184582
6185110
6187027
6189292
6191197
6193800
6195558
6196632
6205420
6206113
6206979
6207744
6208400
6209160
6210911
6212185
6212242
6213934
6223535
6224550
6225560
6229717
6230924
6235069
6235361
6243837
6244284
6247173
6247865
6248659
6252767
6254153
6255936
6256002
6256784
6258048
6259295
6259714
6261083
6261938
6262281
6263198
6264832
6266440
6271748
6272370
6273018
6275172
6275339
6275852
6276067
6278037
6278090
6278308
6281248
6282171
6292223
6293188
6293677
6293760
6297311
6298799
6304731
6306567
6308242
6308416
6308581
6312075
6312279
6313790
6317956
6318164
6322179
6324987
6325001
6327189
6329491
6329570
6330994
6332184
6333439
6337805
6340080
6340468
6342452
6342932
6344004
6346315
6347017
6348248
6350515
6351643
6351693
6356749
6357122
6358152
6359742
6360747
6362136
6362392
6364314
6364523
6365054
6365259
6367587
6367771
6367787
6368120
6369761
6369834
6371534
6374311
6375141
6375221
6375320
6375450
6380255
6380607
6381830
6382465
6385335
6385944
6386092
6388905
6389246
6391072
6393973
6394116
6397571
6400734
6401054
6404004
6407177
6407742
6408320
6414843
6422447
6431808
6438189
6441091
6441251
6441355
6444262
6446142
6446764
6453834
6454016
6457355
6458082
6460355
6461637
6464610
6465467
6468502
6468927
6470837
6471968
6472211
6475844
6477733
6480009
6481061
6485920
6486025
6489627
6490890
6491814
6492654
6493967
6500618
6503950
6505653
6510143
6515313
6518958
6520048
6522102
6525808
6528771
6528834
6529049
6529296
6529718
6535261
6535537
6541040
6542506
6545697
6546586
6549538
6551782
6558474
6558689
6558707
6560047
6560591
6564439
6567167
6568344
6569256
6569709
6570246
6571671
6573160
6574269
6574297
6578317
6578798
6585392
6585715
6585825
6589268
6589702
6590783
6591453
6593140
6593233
6594600
6594892
6597359
6597855
6598338
6599199
6599810
6600712
6600722
6601976
6607604
6608840
6609584
6609796
6610919
6611889
6615556
6617321
6622101
6625220
6625426
6625902
6625946
6627543
6631617
6637428
6641440
6641485
6641816
6642689
6642702
6645061
6645988
6648475
6653420
6655767
6656082
6658858
6659273
6660171
6660340
6661359
6663871
6664820
6667358
6667519
6668875
6670491
6670777
6671100
6675632
6679697
6681507
6682030
6683979
6685306
6686659
6687100
6690384
6694949
6695241
6696919
6697180
6697556
6698154
6698750
6699749
6700149
6703381
6703752
6708214
6709908
6712381
6719936
6720979
6722126
6726827
6728426
6730370
6732038
6732271
6733381
6733485
6735542
6737401
6745325
6745649
6749461
6751245
6753789
6755350
6755355
6756198
6757802
6758438
6761164
6761332
6762788
6763326
6765864
6767453
6768234
6768677
6768751
6769602
6773361
6773947
6773992
6774200
6774342
6774350
6774467
6778222
6778732
6782388
6783545
6784944
6786356
6789738
6791049
6793082
6793166
6793384
6793952
6794034
6794281
6796374
6797946
6800442
6804730
6807810
6811410
6813064
6813352
6814416
6815195
6816295
6818569
6820802
6820905
6822772
6823196
6823554
6825522
6829241
6831103
6832867
6835352
6843571
6846833
6848100
6849360
6849914
6849948
6850257
6851152
6851383
6851658
6851717
6851883
6853077
6854080
6854357
6855679
6857006
6857918
6859582
6860083
6863950
6866785
6867678
6868307
6871002
6872810
6875637
6875999
6878098
6881684
6881985
6882470
6885211
6886622
6889882
6893380
6893887
6896414
6897022
6897836
6898341
6899033
6899418
6900102
6901366
6901409
6901442
6902441
6903976
6906268
6906316
6906983
6909438
6909985
6912997
6914074
6914718
6922120
6922207
6922440
6922867
6924605
6927104
6928005
6938814
6943334
6943869
6944186
6944242
6947339
6951353
6952297
6952721
6953000
6953911
6954494
6954567
6954646
6954702
6954787
6955392
6957786
6962895
6963796
6967019
6970282
6971329
6972293
6972457
6974114
6976030
6976696
6978028
6979313
6983807
6984961
6987382
6987417
6988752
6990257
6990485
6993339
6993531
6996285
6997306
6999409
7000702
7000749
7003984
7005245
7005778
7007451
7009065
7012073
7012522
7013051
7016177
7017831
7022203
7023231
7023421
7025224
7026081
7026302
7030398
7031143
7034932
7039392
7039840
7040510
7042512
7042921
7043329
7043602
7045060
7046828
7047557
7051482
7052918
7056011
7059042
7060781
7061265
7062752
7063669
7069408
7074146
7075140
7078097
7079199
7081481
7081973
7088665
7090692
7092590
7095615
7097788
7100738
7103889
7104324
7104955
7107766
7108395
7111169
7111231
7114644
7115667
7116268
7126426
7127889
7131184
7131520
7131776
7133673
7135096
7139985
7140775
7141395
7141975
7144201
7144865
7144956
7146042
7147148
7149095
7150180
7151952
7154319
7156770
7157968
7158323
7163678
7170485
7170515
7170602
7171420
7172094
7172265
7178595
7179319
7179962
7180376
7184022
7188196
7189886
7190073
7190885
7192022
7194456
7196397
7205870
7206175
7208175
7209004
7212286
7213426
7213721
7214566
7217138
7219114
7219204
7219603
7221349
7221621
7223084
7225265
7225525
7226589
7228616
7229337
7229691
7230368
7230899
7232683
7232866
7237455
7237747
7238443
7239114
7244456
7247069
7250284
7252226
7252365
7254741
7258064
7259460
7263321
7263942
7264481
7265091
7265185
7265975
7266086
7267627
7273216
7273557
7273621
7274567
7275599
7277776
7277779
7279563
7283306
7288290
7288931
7289096
7292131
7295575
7297422
7300434
7301660
7303034
7303787
7304791
7309232
7309727
7311231
7311686
7312550
7315166
7320617
7325139
7329409
7329988
7330782
7331172
7332218
7333835
7333939
7334493
7340156
7342955
7343070
7343709
7348161
7349159
7350132
7356609
7358164
7370438
7371103
7376134
7382230
7382240
7382632
7384012
7390554
7394943
7394956
7395158
7395963
7399386
7399648
7401014
7402059
7403053
7404568
7404868
7406526
7409431
7411573
7412863
7414675
7416286
7420889
7423064
7423947
7427941
7430587
7434980
7436499
7437591
7438142
7439911
7440442
7441367
7445249
7445363
7445546
7446843
7448340
7451343
7454028
7454070
7456200
7457264
7458439
7458443
7461532
7461929
7465306
7465315
7466506
7468154
7470814
7471315
7471923
7474558
7476077
7479560
7480487
7481534
7482754
7483599
7486549
7486671
7487736
7489985
7490786
7491808
7494358
7496795
7498413
7502252
7503036
7504865
7507432
7508070
7508406
7510644
7513567
7515871
7519278
7521094
7522152
7522463
7523302
7523760
7524724
7526574
7527203
7531443
7532121
7537598
7539109
7540585
7542581
7543002
7547165
7550024
7552770
7554159
7554535
7554915
7556581
7556649
7560454
7561201
7561565
7562089
7563924
7565115
7565507
7565628
7568331
7568680
7569394
7570519
7573627
7577128
7580926
7581681
7584953
7586230
7589715
7593788
7594022
7596535
7598156
7600006
7601125
7601543
7605237
7608433
7610085
7611020
7612728
7612811
7615829
7615968
7616850
7618483
7618564
7619035
7623198
7623413
7625161
7625604
7626367
7631080
7634860
7639309
7650739
7651292
7653974
7654593
7656365
7657125
7666553
7666610
7671298
7671776
7672591
7672619
7672689
7675411
7675621
7675740
7678139
7679478
7682158
7684949
7684978
7687702
7690214
7690261
7690327
7690515
7690536
7690776
7696325
7696923
7698006
7698522
7701516
7701921
7704737
7705862
7706361
7707561
7707822
7708436
7709928
7711531
7713360
7714206
7722096
7723397
7725791
7731498
7733141
7738725
7740234
7742116
7743154
7743331
7744482
7746627
7749615
7751004
7753422
7756399
7756487
7762337
7770271
7771830
7773889
7773988
7774127
7777219
7780982
7782328
7782527
7783259
7784944
7789869
7790903
7791132
7791364
7792256
7795763
7796172
7797641
7799728
7802397
7804061
7806854
7806872
7807897
7809196
7812220
7813420
7823713
7824505
7825452
7825881
7826697
7827222
7830536
7830727
7831564
7840015
7842311
7845547
7846173
7847733
7848997
7850115
7850774
7858586
7861000
7863415
7864670
7866525
7869243
7870210
7872533
7873262
7875800
7877208
7878952
7881883
7882885
7882888
7885138
7888581
7889396
7889415
7889782
7890135
7894170
7894242
7896013
7899585
7901865
7905488
7907796
7908693
7908828
7909130
7912021
7912819
7913440
7915821
7916681
7922177
7922717
7931638
7935158
7938341
7939104
7940627
7941888
7944904
7946949
7950157
7951125
7953056
7955018
7956439
7957657
7958072
7959318
7961109
7961157
7962600
7962618
7964623
7967557
7969277
7969796
7972489
7973632
7974632
7975121
7975700
7976961
7977113
7977363
7977863
7978496
7983840
7987577
7987933
7989087
7989195
7989938
7993645
7997018
7997474
7999752
8004886
8006465
8007653
8008840
8011213
8015473
8017362
8020285
8021557
8022574
8022876
8024505
8028842
8030307
8031759
8033158
8038575
8040793
8042633
8042886
8042895
8043244
8047595
8049141
8049180
8050204
8050938
8056292
8058101
8060095
8061506
8063135
8064357
8067213
8069771
8070130
8071365
8071813
8074394
8074934
8077970
8081129
8081562
8083584
8084570
8084962
8086963
8089910
8091723
8093563
8094268
8094618
8095277
8095745
8097512
8100427
8102668
8103408
8108234
8109665
8109746
8114470
8114512
8116111
8116620
8119069
8121969
8124809
8124926
8127450
8129455
8131088
8134247
8135885
8136098
8136239
8136533
8138841
8139705
8139910
8143393
8143844
8144218
8144765
8146723
8147651
8150090
8151837
8154107
8154180
8154610
8156583
8157811
8157857
8160031
8161256
8163892
8164071
8165649
8166301
8167035
8167844
8172156
8175719
8177819
8179547
8183579
8183712
8186421
8187533
8189556
8190397
8193196
8196263
8198745
8198864
8201871
8203282
8205708
8205841
8206815
8207573
8207852
8208961
8209372
8211126
8212031
8219683
8224166
8224933
8224952
8224971
8225581
8226670
8227140
8227585
8228251
8228675
8233920
8235917
8236978
8237588
8240187
8240875
8242554
8244654
8248865
8249907
8251823
8252672
8256688
8258067
8259397
8259702
8259889
8261365
8262409
8263155
8263556
8264613
8266577
8266827
8268783
8269018
8281043
8281105
8282492
8282909
8285896
8288297
8295328
8295383
8295512
8297618
8301148
8305755
8306005
8306139
8311501
8312397
8312664
8315798
8319113
8322662
8323218
8325710
8326211
8327812
8328210
8331950
8332078
8332082
8332681
8335197
8335960
8336329
8339627
8341024
8343969
8345381
8345557
8348836
8350606
8351726
8353774
8354953
8356359
8358636
8359119
8361688
8362257
8363246
8363979
8365047
8366385
8370910
8372411
8372488
8373839
8380248
8380260
8381200
8381639
8383483
8384630
8385864
8386013
8391305
8392202
8393947
8394061
8395836
8398839
8401483
8409307
8410198
8410293
8412404
8413236
8414490
8417752
8418236
8419910
8430993
8431039
8431300
8432891
8435649
8436486
8438133
8440829
8441782
8441864
8445652
8447631
8448746
8451376
8455049
8455152
8455329
8455873
8457574
8459520
8460738
8463587
8464022
8466341
8469003
8470299
8471452
8478763
8481582
8482624
8483137
8487486
8487683
8488659
8490251
8491185
8491519
8493223
8493434
8494686
8500446
8502377
8505212
8505883
8506326
8506862
8507573
8508089
8508482
8509216
8510737
8510966
8511764
8512921
8514460
8515031
8515494
8519350
8519722
8520622
8521239
8523296
8523907
8525365
8526528
8526979
8530357
8530729
8530990
8534177
8534412
8538090
8539745
8541083
8546496
8548097
8548227
8549233
8551191
8555489
8556081
8557713
8558059
8560765
8561780
8562427
8563684
8564349
8565530
8568692
8571512
8576239
8576766
8576892
8578371
8578443
8579306
8579609
8581191
8583252
8584435
8586958
8593213
8599191
8604093
8606271
8607780
8608449
8611090
8612843
8613109
8619512
8620216
8620840
8624763
8624817
8632341
8633421
8635137
8638568
8639035
8640091
8640961
8642298
8642502
8643275
8646258
8646274
8648807
8651969
8655263
8655483
8655570
8657518
8659910
8661626
8662722
8664925
8669576
8673776
8678643
8683079
8683965
8685766
8687053
8687844
8689769
8690072
8691331
8691481
8691960
8692756
8696330
8698528
8700208
8709548
8710630
8714131
8715220
8719998
8723588
8726440
8727290
8728875
8732575
8733266
8733285
8733340
8733545
8737216
8741130
8742918
8745252
8746257
8746792
8747960
8747965
8751593
8753716
8754137
8755792
8756930
8757227
8761002
8761557
8763016
8763860
8764057
8765024
8771428
8773065
8774209
8777362
8781999
8782286
8782527
8784844
8785317
8788323
8789582
8790040
8792879
8795433
8797636
8799027
8802773
8805935
8807723
8809150
8810875
8813203
8814188
8815030
8815556
8816612
8819591
8823474
8829367
8830243
8830998
8832039
8832776
8835052
8836140
8836161
8836950
8837039
8837848
8842424
8842522
8845776
8847139
8847450
8850657
8853224
8854184
8855227
8855369
8856134
8856289
8858658
8858838
8860007
8860701
8863416
8866107
8870475
8870646
8873213
8873777
8874474
8881709
8881992
8886971
8887390
8887588
8891834
8893014
8894253
8897778
8898462
8899458
8899750
8902544
8903365
8908069
8908098
8908220
8909632
8909702
8912731
8912766
8912938
8912999
8914195
8914512
8915383
8915911
8916676
8916724
8917795
8919460
8920102
8922507
8924467
8924682
8924714
8926395
8927891
8928372
8930386
8933788
8934005
8935433
8938082
8938229
8938979
8939066
8940313
8941619
8942274
8942713
8942901
8943809
8944273
8947576
8949049
8949160
8952251
8954657
8955662
8956510
8957558
8961902
8965049
8966618
8971430
8975114
8976200
8978499
8979795
8982879
8983255
8983849
8985208
8987407
8989069
8989277
8993696
8993883
8994643
8998680
8999437
9004683
9006696
9010236
9010761
9011602
9012513
9013018
9013639
9014667
9014990
9016470
9017881
9019256
9019534
9020226
9024598
9025487
9025798
9029620
9032757
9036565
9036864
9038886
9040192
9047895
9051593
9051954
9053463
9054789
9056006
9056307
9057641
9057665
9058894
9069802
9077309
9079218
9079493
9080163
9081129
9084227
9084841
9085365
9087901
9089097
9093449
9101571
9104574
9106743
9107280
9108363
9111057
9111476
9112630
9114274
9114909
9115137
9118225
9121766
9123082
9126175
9128882
9130817
9132198
9136150
9136543
9141422
9141805
9142312
9142844
9149943
9153146
9153915
9156280
9157887
9159847
9161695
9163372
9163746
9168003
9169612
9171889
9172686
9172751
9173062
9175156
9175228
9177439
9178340
9178451
9180970
9185977
9186428
9187331
9190602
9192766
9200900
9202862
9203363
9203773
9207828
9210638
9211856
9211910
9212003
9213178
9214115
9214764
9215246
9215960
9216685
9219158
9219438
9220344
9220411
9221996
9222032
9223419
9224339
9227507
9234815
9241883
9242133
9242949
9243884
9247701
9248597
9248916
9252340
9254476
9254831
9257494
9259978
9260148
9263741
9266006
9267044
9269174
9269917
9269987
9270686
9272339
9272404
9274705
9276058
9279351
9280131
9283097
9283268
9283409
9283893
9284104
9284167
9284854
9285867
9286131
9286903
9289967
9291336
9291451
9291456
9293263
9293655
9293720
9294369
9295292
9296522
9297652
9299937
9303631
9303904
9303959
9311237
9315120
9322459
9325557
9327387
9329980
9330303
9341721
9342187
9343871
9346637
9349032
9350207
9350511
9351510
9358122
9359159
9360574
9366698
9367636
9368583
9370240
9371106
9372730
9372881
9372886
9373190
9381363
9382910
9384255
9389179
9391415
9392387
9396275
9398378
9401903
9402993
9404525
9404852
9406342
9408108
9410269
9411057
9411735
9423199
9425712
9429117
9430312
9433557
9435196
9437814
9438779
9439010
9439206
9439957
9441496
9443175
9445224
9446782
9448303
9448391
9449021
9449917
9450296
9450844
9451088
9451752
9455531
9456177
9459129
9464317
9469520
9470063
9473596
9480354
9482732
9482948
9483088
9483093
9483921
9489321
9491591
9491798
9493039
9497153
9499863
9500963
9502752
9504294
9505325
9506340
9506953
9508442
9508904
9509245
9510022
9517277
9519527
9520897
9528059
9528657
9532641
9533612
9535297
9535846
9537688
9538908
9538967
9539397
9544741
9546453
9551617
9552471
9554501
9554659
9555310
9555375
9556155
9557921
9557972
9559761
9562717
9563418
9564622
9565940
9567181
9569909
9572764
9575992
9580121
9580649
9581902
9583080
9584150
9584367
9585183
9586133
9586311
9590497
9590956
9591185
9595299
9599109
9600681
9601161
9603546
9607533
9608023
9608462
9609294
9610084
9613579
9614085
9614503
9615644
9620185
9621476
9622554
9625386
9626545
9627385
9627701
9627730
9631916
9634139
9635836
9636756
9638363
9639073
9642005
9646268
9646671
9648273
9650669
9651303
9651342
9651384
9652429
9652858
9656975
9657188
9659235
9660585
9660641
9660864
9663856
9676105
9676437
9678988
9680146
9680484
9680788
9681757
9682575
9684761
9685958
9689591
9689886
9693033
9694294
9696918
9697209
9698405
9698807
9699869
9700532
9700877
9703377
9708334
9711388
9716606
9717226
9719357
9719986
9720633
9725415
9725448
9725454
9728402
9732758
9733729
9737835
9740239
9742521
9744701
9745069
9746203
9749546
9749684
9752863
9753618
9754923
9755642
9756646
9757347
9761088
9764932
9767480
9769980
9771791
9774129
9776681
9778443
9782382
9783341
9786511
9786786
9787402
9788576
9789626
9789842
9791643
9792862
9795940
9796704
9797072
9799039
9800413
9800538
9803981
9804012
9805119
9818589
9819621
9824538
9826758
9828213
9828801
9831435
9831747
9832082
9835395
9840599
9843400
9843691
9847875
9848368
9850062
9850162
9851354
9852895
9852957
9854037
9854267
9856601
9857972
9858559
9858662
9860758
9860992
9860997
9869205
9871139
9873230
9875313
9877468
9877470
9879128
9885119
9886825
9889277
9890114
9890528
9890920
9892339
9894827
9894911
9897212
9898272
9899806
9899848
9900142
9903485
9903788
9904513
9905715
9906199
9909064
9911744
9912286
9912395
9914701
9916308
9917049
9919181
9924875
9924972
9930159
9930331
9932005
9933250
9933522
9934683
9943603
9943604
9944269
9946930
9947989
9948447
9949363
9950755
9953349
9955688
9957060
9957428
9959247
9959994
9963419
9964179
9965117
9967360
9967963
9968941
9971743
9972957
9977744
9981407
9986477
9986893
9990140
9990782
9992096
9994479
9994715
9999377
10002347
10003624
10004142
10004622
10013352
10014129
10015387
10017382
10018319
10018770
10020523
10021217
10021391
10021886
10022350
10030654
10034670
10037865
10040323
10040368
10042521
10043124
10047657
10048636
10048812
10050684
10050817
10051782
10055764
10057488
10057680
10060334
10061512
10062286
10063071
10065341
10065518
10067555
10072037
10073466
10074206
10079661
10080165
10081540
10082106
10083326
10084887
10089650
10090786
10090819
10091193
10091737
10094550
10097331
10097908
10098089
10101531
10103395
10104957
10107246
10107312
10109862
10110411
10113529
10113925
10122757
10124097
10126003
10127049
10127677
10131469
10132796
10136103
10136756
10138059
10144165
10144749
10146320
10150888
10155607
10156951
10161602
10163019
10167160
10174927
10175442
10175966
10177493
10180842
10184811
10184880
10185436
10189822
10191758
10195054
10196402
10199887
10207663
10212116
10212123
10214733
10217176
10218798
10222781
10222996
10227305
10228676
10230927
10233104
10233561
10241633
10242072
10242486
10242600
10242898
10243108
10244965
10245186
10246898
10246979
10247021
10247725
10253637
10257721
10258144
10259189
10261921
10262325
10263640
10264616
10269159
10269459
10273545
10278527
10284511
10285167
10287468
10289428
10289638
10290234
10292538
10296890
10300914
10300947
10301230
10309454
10309940
10314232
10315695
10316103
10316345
10322348
10322782
10330859
10331443
10332196
10333878
10335522
10338987
10345763
10345829
10345830
10346676
10346885
10349251
10350809
10354343
10359458
10362221
10366663
10366791
10367297
10367564
10367854
10369756
10370508
10375425
10376204
10377383
10378407
10378851
10380842
10381754
10382228
10389822
10396918
10398081
10399889
10399934
10400771
10401184
10402190
10404061
10404873
10408863
10410080
10413275
10413425
10415120
10415452
10416661
10423431
10423765
10425202
10428584
10429516
10432422
10434780
10436382
10436441
10439040
10439843
10443866
10444228
10444729
10446781
10447540
10447684
10447986
10451213
10451595
10452424
10455148
10455646
10458703
10460283
10460420
10460439
10463464
10464238
10465412
10467911
10469299
10472680
10473366
10477265
10479373
10480588
10484623
10485864
10486809
10487705
10488389
10491143
10491477
10491683
10492310
10494845
10495037
10496185
10496680
10499962
10500333
10501166
10503097
10504664
10510038
10511066
10512185
10513465
10519577
10520722
10524671
10528859
10530460
10530650
10531865
10532202
10533026
10534157
10534642
10535823
10536952
10540003
10545060
10546534
10547557
10551938
10552631
10558923
10560830
10565963
10566253
10566367
10568322
10571026
10572332
10572886
10577989
10579226
10580322
10580400
10582628
10584787
10585667
10585808
10588361
10588629
10591358
10594643
10597443
10598909
10600331
10600935
10601825
10604800
10607575
10607696
10608515
10608662
10609091
10612159
10612300
10613136
10613662
10613993
10617390
10619300
10620677
10621121
10622113
10622287
10622419
10625966
10626756
10629561
10632073
10633067
10634175
10637744
10638462
10640329
10643096
10644892
10645783
10647547
10649990
10655349
10655502
10655569
10656204
10657603
10658668
10659001
10663634
10664302
10667412
10668246
10674543
10679129
10681053
10681501
10688627
10688799
10689714
10690208
10690803
10691722
10694527
10695082
10696064
10698152
10698599
10699343
10704703
10705338
10706295
10707320
10707848
10708992
10709210
10711076
10712341
10713916
10714392
10714676
10718246
10718748
10719066
10719286
10719758
10719864
10721161
10723467
10723763
10725330
10727136
10728149
10728892
10729327
10729513
10731189
10734877
10735349
10735740
10738098
10743433
10744475
10746130
10746325
10747498
10748818
10751920
10752949
10754637
10760460
10761269
10767597
10767924
10768414
10769843
10771034
10771947
10774586
10775286
10777887
10778415
10785274
10786811
10787316
10787441
10789847
10790532
10796652
10796825
10797220
10797479
10801884
10803268
10809330
10815888
10818342
10819086
10821806
10822834
10828177
10832823
10834100
10835231
10836635
10838507
10838730
10838868
10839679
10840202
10843186
10844110
10844578
10846184
10850344
10852485
10854796
10855006
10855055
10857329
10858657
10860808
10861093
10862450
10863295
10864727
10864975
10867299
10869729
10871482
10877699
10878061
10879955
10880328
10882259
10883285
10885531
10888320
10888427
10889038
10890003
10890359
10892737
10893088
10899106
10899194
10902371
10904250
10905882
10907940
10909744
10910720
10910812
10913310
10913603
10914275
10917077
10920362
10925132
10926439
10929116
10929169
10930328
10934147
10935685
10937817
10938017
10938678
10941982
10943290
10947972
10948658
10954504
10954606
10954698
10956903
10957032
10959416
10959777
10962982
10965148
10965542
10966776
10966964
10978385
10980236
10984798
10985321
10994869
10995918
10998117
10998413
10999607
11001081
11003871
11005630
11007281
11009725
11009772
11010095
11010147
11010717
11010913
11014223
11014404
11018103
11019114
11019657
11022613
11025219
11026916
11027588
11028879
11035435
11035679
11037772
11038166
11039808
11048821
11050732
11051186
11052645
11054814
11055930
11061734
11064516
11066381
11066693
11068107
11068203
11071652
11071955
11072481
11074233
11078819
11078842
11083802
11085222
11085551
11086810
11087760
11088477
11089554
11090762
11092060
11097809
11099526
11103191
11108134
11108753
11110049
11111567
11113287
11114213
11114758
11114887
11115214
11117544
11117558
11120662
11121908
11122913
11123967
11124174
11126593
11127139
11127855
11128996
11130631
11130714
11131450
11131932
11134694
11135166
11136804
11137112
11139551
11139812
11142979
11143938
11144113
11144753
11145632
11146953
11147612
11150584
11152598
11154946
11155478
11155676
11155705
11157179
11158238
11159395
11161789
11162456
11168799
11169636
11170827
11172534
11172705
11178617
11180384
11182025
11184117
11186193
11186665
11187267
11187987
11193160
11194620
11196383
11200350
11200972
11201804
11203197
11205162
11206799
11207949
11208206
11210680
11210741
11212090
11219269
11219744
11225685
11227884
11234450
11235795
11236280
11239521
11241595
11244285
11244573
11246986
11247969
11248326
11256147
11258443
11258445
11259525
11265072
11268743
11269748
11269839
11271523
11272309
11275011
11276285
11277910
11282333
11285251
11286624
11288939
11290201
11292542
11296051
11296481
11299254
11300546
11305689
11305932
11309001
11311320
11313065
11313923
11314600
11315592
11316556
11317383
11317495
11317738
11319630
11319886
11320210
11324200
11326200
11327515
11329541
11332284
11332673
11334962
11335860
11335927
11339881
11340973
11341178
11342462
11343574
11345577
11346047
11346761
11349875
11350132
11352931
11352958
11354265
11354269
11356645
11357498
11361129
11366252
11366783
11373693
11377420
11381646
11384778
11388049
11389623
11392093
11392912
11394228
11395875
11396310
11396824
11400122
11401493
11402535
11403553
11403714
11406276
11409252
11409501
11409917
11412260
11413057
11413341
11415954
11418756
11419949
11424953
11425910
11426116
11427575
11428552
11430219
11430405
11432389
11433802
11434331
11444526
11447290
11447626
11448267
11450143
11451592
11454592
11454785
11455556
11455601
11456428
11460413
11462148
11464360
11464990
11469212
11470173
11471559
11479225
11479560
11481710
11482712
11486324
11486444
11493453
11501349
11501539
11502522
11507208
11508083
11510623
11512608
11512904
11513722
11514214
11514332
11515417
11517026
11518429
11520969
11521052
11524356
11525412
11530583
11532508
11533969
11534526
11534676
11536510
11537125
11537389
11538191
11538414
11540057
11542496
11543816
11544313
11544744
11545910
11548306
11550701
11552815
11555062
11555540
11555720
11558215
11559599
11564026
11566270
11566929
11568898
11570144
11570450
11570917
11573920
11574164
11575532
11575938
11577155
11580090
11581737
11584654
11584886
11586613
11588204
11588309
11589506
11590477
11591845
11592221
11593555
11596025
11598068
11600423
11601861
11603477
11605983
11607917
11609804
11611054
11612961
11613858
11614427
11620050
11620756
11622314
11624596
11624756
11629350
11633884
11636126
11637726
11643290
11644986
11648555
11648744
11649331
11651111
11652549
11652696
11652792
11653593
11655786
11656145
11657794
11657831
11659543
11660072
11660143
11665127
11665211
11667707
11669812
11672777
11673398
11677073
11677314
11678274
11682398
11683971
11687996
11689154
11690777
11692639
11692790
11693326
11694302
11695264
11695518
11696016
11696391
11697796
11701766
11704358
11708250
11708527
11710802
11711019
11712167
11714438
11715341
11715705
11718241
11719745
11720964
11722410
11726807
11726988
11727145
11732894
11735185
11735731
11740078
11742421
11747709
11748325
11748358
11748382
11749213
11752868
11753230
11761834
11762889
11763158
11763500
11764298
11766609
11768031
11769498
11769504
11770387
11772096
11772452
11773961
11775496
11776614
11778432
11778794
11779500
11779949
11781569
11781587
11785868
11786607
11789937
11793110
11800633
11809883
11814680
11816714
11818059
11819640
11821780
11822369
11825375
11826213
11826227
11827806
11828672
11828884
11836331
11836582
11838815
11841482
11841608
11843129
11847588
11847711
11849650
11851455
11851640
11855700
11856101
11856426
11859386
11860265
11862612
11864516
11865434
11865497
11866499
11867868
11868271
11869517
11875084
11875911
11878814
11881078
11881667
11886672
11891601
11897176
11899297
11903699
11904114
11906844
11907209
11909512
11910383
11910866
11910929
11912706
11914066
11914494
11917506
11918467
11918656
11918711
11919122
11919850
11921368
11924013
11928953
11929503
11931463
11933858
11934535
11935987
11940852
11944087
11945240
11947950
11948741
11949627
11951815
11955774
11955903
11957908
11958004
11958779
11959738
11959982
11961377
11962977
11964090
11966923
11967113
11971248
11977033
11985416
11985955
11986770
11988557
11992009
11993553
11996070
12007370
12008011
12008748
12015587
12016192
12017075
12017115
12018272
12020028
12023003
12024373
12025613
12026594
12029230
12030737
12033710
12037840
12039835
12040253
12040640
12042882
12047279
12048260
12049096
12050682
12055153
12057847
12060111
12061602
12067084
12067540
12068317
12070504
12071347
12071909
12072185
12073461
12074092
12075436
12076776
12076950
12080914
12081084
12081494
12082020
12084032
12085631
12086955
12091379
12091549
12093895
12095712
12096164
12096415
12096999
12102926
12103735
12108274
12108943
12110542
12111180
12111187
12111431
12111579
12112281
12113120
12114400
12115452
12119613
12121365
12125945
12131354
12132270
12136327
12136377
12138569
12139316
12141768
12142442
12146545
12147709
12148318
12150200
12155530
12156791
12159925
12161571
12162908
12164809
12165602
12174208
12174292
12178894
12179822
12180154
12184529
12186394
12186887
12187807
12189919
12190194
12196171
12196780
12197855
12199516
12200752
12200809
12201374
12202175
12203507
12206902
12208241
12209123
12209672
12212387
12213520
12215601
12216427
12216644
12221741
12221745
12223305
12226982
12231712
12233199
12242537
12243345
12243543
12245352
12246379
12246721
12247499
12248370
12249325
12252373
12256118
12256307
12258848
12263203
12264653
12265985
12267310
12267914
12269224
12271812
12272081
12275960
12281240
12286200
12286512
12290193
12290622
12294308
12297455
12298740
12303821
12304183
12305081
12307157
12310408
12310455
12313492
12313636
12317572
12326248
12327086
12328770
12330207
12333473
12334947
12338134
12344236
12348063
12349840
12353418
12356534
12356562
12356890
12364247
12368051
12368618
12369286
12369424
12370687
12371228
12373384
12373797
12375411
12375661
12376514
12377454
12377639
12379411
12379762
12381550
12392161
12393045
12393180
12394049
12399253
12402733
12404865
12405928
12406325
12406671
12408415
12412418
12414804
12414878
12417062
12417466
12419346
12419481
12420853
12422105
12429537
12429751
12432846
12433155
12434971
12436799
12438285
12442632
12442789
12447355
12447890
12449614
12450837
12455026
12455398
12456231
12458292
12463236
12469170
12471994
12474007
12474032
12474370
12476049
12476333
12478074
12478810
12480438
12482662
12483921
12484576
12485728
12486274
12490940
12491051
12495021
12496064
12500053
12500710
12502229
12502446
12503903
12504220
12504652
12505092
12513004
12513538
12515057
12516019
12518472
12519610
12521317
12521793
12522988
12523711
12526394
12528950
12529031
12531082
12531382
12532270
12534966
12538443
12540335
12544786
12546960
12547377
12547567
12548156
12556090
12556262
12556977
12557663
12558022
12558876
12559638
12561587
12561594
12565284
12566871
12567962
12570316
12570703
12570817
12575388
12576522
12576913
12579651
12580329
12585431
12587566
12588612
12588752
12588899
12590380
12593046
12593989
12594540
12595076
12599456
12599540
12600801
12601127
12601360
12601982
12607997
12608070
12610832
12611356
12613771
12615121
12615219
12616077
12622753
12623309
12624678
12627610
12631270
12631764
12631931
12633050
12633337
12636029
12637977
12642177
12645596
12648959
12649604
12650903
12652781
12652991
12653668
12654498
12659290
12660249
12663624
12664584
12668433
12669408
12673232
12675463
12675681
12682765
12684439
12687288
12692352
12694057
12696385
12698025
12700010
12700190
12701392
12701522
12705468
12705517
12707426
12708052
12710138
12710820
12711331
12717604
12718523
12718648
12719287
12719510
12723042
12728360
12729315
12730469
12730795
12731295
12731643
12733177
12740079
12740181
12745677
12745781
12746560
12751268
12752228
12752356
12754737
12756706
12757762
12759303
12759593
12760933
12763596
12765766
12765941
12768023
12768288
12769791
12772706
12775949
12779606
12782216
12782706
12782981
12785270
12787341
12787883
12789360
12791867
12794432
12794494
12798716
12799831
12800914
12800918
12800994
12801300
12805976
12807197
12812649
12812799
12816642
12817917
12818174
12818610
12818933
12823522
12824187
12826074
12830985
12835061
12836424
12836812
12840196
12843606
12843962
12845979
12849898
12850465
12852710
12852719
12854791
12855711
12857623
12858276
12861651
12862177
12863535
12865289
12870033
12870821
12872099
12872785
12874369
12875298
12875631
12877777
12879853
12881989
12883263
12883803
12887057
12887597
12887911
12892109
12894407
12898469
12899138
12899977
12905455
12908219
12908429
12910002
12913673
12915755
12917534
12919378
12919441
12919814
12920864
12921144
12922028
12923124
12923513
12925549
12927450
12928079
12930495
12936404
12936856
12938555
12942798
12943072
12944365
12946462
12947153
12948462
12948499
12949273
12949975
12951448
12952525
12957702
12958150
12963893
12966674
12968616
12968693
12968900
12969656
12969824
12970591
12971304
12971693
12972193
12972652
12973894
12976078
12978571
12979873
12982934
12985567
12986910
12987456
12988100
12995762
12996610
12998266
13002287
13006731
13007247
13008421
13010262
13012000
13019176
13023274
13025132
13025293
13025956
13027220
13027902
13028439
13029017
13029695
13030457
13033264
13034384
13035092
13037286
13043902
13044860
13045390
13049263
13049320
13050663
13057265
13058178
13059930
13062552
13063044
13064815
13067343
13076631
13077402
13079755
13084698
13091625
13093742
13093775
13098766
13099547
13104115
13104600
13105325
13106718
13111771
13114735
13115404
13118168
13122468
13133466
13138431
13139321
13139710
13141351
13141624
13142647
13143409
13145615
13146203
13151024
13151217
13151665
13155204
13158678
13160556
13162502
13164871
13165705
13169916
13172011
13172952
13173463
13176047
13177213
13179240
13183174
13187282
13187315
13188301
13188770
13188975
13191063
13193046
13199510
13202862
13203182
13203550
13205414
13205527
13207147
13219634
13224267
13224775
13226168
13228832
13231709
13234410
13236035
13236224
13242162
13249555
13251446
13252559
13255711
13257160
13261356
13261513
13261789
13263726
13264341
13268757
13270989
13276365
13278106
13278207
13279027
13280849
13288117
13291151
13293837
13296552
13297684
13300612
13301006
13301018
13301937
13309292
13309358
13309599
13311328
13313091
13313851
13316791
13319934
13321645
13328295
13328734
13329313
13334728
13337967
13338726
13344637
13348482
13349363
13351063
13351444
13352775
13353639
13354360
13356561
13359019
13360194
13362232
13363774
13364563
13364646
13365198
13369255
13370006
13370318
13370421
13371998
13373224
13377142
13377150
13378480
13379091
13380960
13382098
13385980
13387826
13388780
13390031
13390075
13390114
13391650
13392448
13399230
13400486
13400598
13401039
13402253
13403325
13411904
13414148
13417519
13417873
13418921
13421679
13422575
13423710
13426498
13427013
13428803
13430338
13431757
13432602
13432825
13434750
13435437
13439817
13442091
13444257
13448463
13448671
13450721
13450992
13451239
13451770
13452119
13453643
13455396
13455832
13458865
13458960
13458964
13465671
13465879
13470789
13471105
13474970
13475833
13478700
13480952
13483824
13484364
13486895
13487213
13490162
13491048
13492351
13494581
13494614
13499672
13499793
13501593
13502528
13504263
13504947
13509133
13509137
13509195
13511266
13514294
13514764
13520033
13520277
13520630
13521224
13521788
13523755
13525099
13527279
13531085
13531632
13534085
13534097
13540653
13543926
13544160
13545381
13546124
13548220
13554186
13559171
13559596
13560177
13561013
13562665
13563575
13567873
13571894
13573802
13575407
13575611
13578011
13580156
13580322
13583156
13584755
13585176
13586004
13586955
13587943
13589152
13589614
13590106
13595614
13596874
13598637
13606535
13606866
13607610
13607889
13609692
13612728
13613963
13614059
13619295
13620166
13622134
13623908
13626703
13630417
13630601
13633668
13635743
13635889
13636997
13645801
13647217
13649291
13649324
13651133
13651156
13653951
13654012
13654201
13654295
13659030
13660624
13660690
13664816
13667780
13671977
13674421
13678769
13681064
13682813
13683051
13683683
13687431
13692364
13696560
13696812
13697126
13697508
13698861
13699803
13699825
13702724
13705197
13705700
13707577
13708081
13710854
13712917
13713967
13715238
13715322
13715474
13716061
13716353
13716683
13718439
13719258
13720308
13720539
13721041
13724674
13727149
13729082
13729857
13732928
13733326
13734309
13739150
13739345
13740072
13740535
13740753
13743431
13748437
13749221
13751322
13755969
13756682
13758655
13759073
13759488
13759949
13761610
13763616
13763842
13764076
13764516
13765211
13765457
13767180
13767461
13767664
13770349
13772479
13773043
13778484
13780968
13781568
13783246
13783631
13783840
13785007
13791694
13793379
13793840
13795469
13800103
13801520
13802097
13804162
13805952
13806381
13811429
13811594
13811770
13819114
13821572
13825261
13825600
13827075
13828289
13828773
13829368
13834835
13835296
13835376
13836814
13838096
13841560
13841893
13842776
13844873
13844874
13846088
13846693
13847141
13847246
13849927
13849972
13851436
13853583
13854450
13856903
13861127
13868352
13870504
13871425
13871756
13872370
13875420
13875476
13876525
13878424
13879721
13880136
13884727
13888176
13889017
13890400
13890571
13892286
13893785
13896947
13898548
13903542
13905001
13908670
13917017
13920156
13920167
13924131
13925795
13925858
13926121
13927340
13927467
13927899
13934581
13934630
13934680
13935391
13937071
13938340
13941797
13942062
13942385
13942702
13944067
13946053
13949874
13952653
13956769
13959008
13959649
13959720
13962856
13964823
13967483
13970701
13971297
13971327
13979799
13980873
13985085
13986362
13986706
13988337
13990918
13991037
13994478
13994491
13995367
13997465
13999089
14003451
14004196
14010936
14013360
14016410
14016992
14017246
14017377
14020667
14021310
14023441
14027253
14028575
14029325
14030283
14032372
14035414
14035938
14038381
14039961
14041961
14042558
14046526
14047776
14048898
14052358
14052359
14052421
14055033
14056241
14056317
14056392
14056925
14056963
14057977
14063178
14064082
14064352
14066625
14068415
14068966
14070199
14070978
14072510
14076079
14076257
14077910
14083454
14086737
14088622
14089660
14090059
14093854
14095815
14098154
14098198
14098635
14098992
14104907
14105876
14107417
14114714
14117407
14118169
14121308
14129839
14130957
14132352
14136761
14138878
14143678
14144858
14148612
14151591
14154827
14155058
14155645
14157988
14160217
14165650
14168946
14171755
14172307
14176554
14179869
14180104
14181705
14182534
14183591
14183760
14185797
14186842
14189097
14193066
14196214
14197033
14197593
14197820
14198427
14201358
14202302
14202836
14203483
14204818
14206070
14206072
14210900
14211043
14212281
14212730
14213738
14213909
14216158
14222244
14225052
14225078
14228104
14229574
14230500
14232042
14234982
14236543
14236561
14238287
14242168
14242261
14244030
14244704
14250977
14250984
14256409
14258194
14259520
14260420
14262371
14268832
14269683
14270110
14271400
14276577
14279038
14281612
14282348
14282370
14282977
14283130
14296784
14296807
14300350
14301303
14302769
14307144
14307949
14310491
14310668
14310670
14312116
14314065
14318360
14320116
14320313
14321890
14321935
14324359
14326387
14332503
14336184
14342488
14346113
14346296
14346678
14346914
14348646
14348681
14348749
14350225
14352011
14360456
14362903
14364238
14364786
14370152
14374279
14377038
14378308
14381080
14382145
14384615
14385110
14385261
14386708
14390469
14392653
14393160
14398131
14398411
14398460
14398702
14400976
14405824
14406489
14408674
14414560
14415283
14416895
14417758
14418642
14418926
14422788
14423344
14424948
14425688
14427553
14430375
14431276
14433673
14436088
14436934
14437198
14438594
14439786
14440704
14442910
14449326
14450224
14453179
14455016
14457499
14458927
14460953
14461778
14465867
14466162
14467021
14468372
14469546
14470936
14474629
14474688
14478707
14479489
14480037
14480414
14483606
14491477
14492758
14493741
14494654
14496224
14502134
14505110
14505717
14506287
14507311
14508265
14509734
14511930
14512094
14515577
14520125
14524744
14525968
14526251
14528651
14528909
14530188
14532804
14533755
14536497
14537660
14538230
14539250
14540752
14541068
14542928
14544824
14547266
14550017
14552606
14553095
14555230
14560335
14561751
14563142
14564923
14567448
14567684
14567899
14571643
14575926
14576212
14577064
14580110
14580521
14582436
14583225
14583686
14585642
14587103
14594568
14596088
14596468
14597057
14603278
14608787
14608798
14609613
14610241
14610670
14614380
14615186
14616583
14618030
14619624
14622420
14626019
14626955
14628784
14629255
14630244
14633553
14636890
14637018
14638716
14639418
14640878
14641407
14642231
14642238
14642254
14643157
14643426
14644913
14645554
14649073
14650700
14655941
14659111
14659267
14661414
14661889
14662348
14664112
14671146
14673552
14675062
14677788
14678353
14679395
14680252
14680523
14682142
14682316
14682833
14683038
14685268
14688651
14689399
14692739
14692889
14693281
14695366
14696028
14699476
14704924
14705662
14708575
14712918
14714030
14714537
14716869
14716901
14718047
14720147
14721634
14721754
14725073
14726231
14726457
14726774
14729871
14730559
14730691
14732191
14734107
14736441
14737592
14738217
14739669
14740261
14741979
14742400
14743028
14743084
14745203
14750263
14751041
14753115
14755278
14756670
14758343
14758893
14759542
14760152
14765240
14765678
14770814
14771137
14775765
14778750
14781206
14787505
14788909
14789947
14790522
14801565
14803616
14815921
14816415
14816587
14817595
14818611
14820825
14822470
14822790
14823606
14825994
14826169
14834285
14835053
14837117
14837648
14838874
14839479
14840449
14841665
14842357
14844402
14846843
14847274
14847584
14848884
14848939
14849444
14853182
14853845
14854945
14854986
14855389
14856674
14859406
14863438
14865140
14866514
14866705
14867736
14867874
14869500
14871065
14872683
14874224
14876506
14878082
14879350
14880603
14881661
14888697
14890395
14892947
14894480
14896803
14898631
14899583
14899765
14902447
14903958
14904441
14905262
14905263
14907460
14908677
14914303
14914387
14916023
14916343
14917770
14921277
14921551
14925023
14925225
14925754
14928596
14933108
14933383
14935828
14936455
14938580
14939923
14942565
14949069
14949128
14951128
14951612
14954006
14954242
14957138
14957318
14958060
14965058
14971210
14974383
14974592
14976469
14977536
14980894
14983247
14983630
14984691
14986685
14987730
14988825
14988932
14990696
14991279
14994103
14997865
14999076
15001129
15002074
15005055
15006699
15006739
15010127
15011069
15018775
15020063
15020696
15022491
15025901
15025950
15026960
15028529
15029226
15029702
15029749
15029869
15029950
15033314
15033410
15033474
15034631
15034799
15035445
15035778
15041212
15042010
15042244
15043732
15044019
15045199
15048411
15051013
15052821
15053061
15054122
15056972
15058142
15063054
15066086
15070851
15072054
15073366
15076603
15078465
15079567
15079978
15082789
15089002
15089626
15089700
15092753
15093216
15094954
15097956
15100527
15104013
15105548
15107419
15108901
15110523
15111138
15116065
15119130
15119755
15120608
15124507
15126076
15126913
15129212
15129550
15130420
15131698
15137791
15137870
15141171
15144009
15145773
15145920
15146256
15148405
15150282
15154004
15156065
15156308
15156779
15159475
15159743
15160419
15162621
15164781
15165060
15170860
15173599
15173606
15173747
15176828
15177065
15177821
15184698
15186101
15186412
15188172
15193714
15194134
15195703
15198231
15198906
15200692
15201046
15204926
15206273
15206618
15208229
15210532
15210863
15212012
15214788
15215151
15215314
15215664
15216547
15216718
15217445
15219609
15220759
15223234
15225111
15225556
15227108
15227173
15228306
15230658
15232289
15233454
15234863
15237206
15238469
15242292
15244349
15244393
15244723
15247864
15248233
15248679
15248784
15253062
15254762
15258206
15258514
15264067
15264071
15264526
15265406
15271948
15273190
15275455
15281735
15282611
15287651
15290594
15290633
15291666
15293359
15295766
15296640
15297626
15298141
15299636
15300930
15309302
15310346
15315617
15317441
15317990
15320075
15322133
15324573
15329252
15330725
15332537
15333375
15333525
15333731
15334905
15337960
15339210
15341958
15347689
15353581
15353954
15354761
15357406
15357671
15373031
15376939
15380136
15380316
15382389
15382692
15385590
15389989
15395208
15396646
15404462
15404581
15404870
15407200
15412628
15414622
15418521
15419242
15425419
15425820
15427756
15428084
15428714
15431649
15431814
15432400
15438787
15439892
15443278
15443485
15445842
15449886
15451727
15453405
15455871
15459799
15460726
15461980
15463106
15464167
15466990
15468275
15470743
15471368
15472276
15473866
15474785
15475170
15478258
15480506
15481050
15483422
15485680
15490710
15492987
15494761
15496723
15501669
15503347
15505780
15506496
15508815
15510259
15512473
15514136
15516718
15518645
15518971
15528912
15529118
15532580
15534609
15535633
15537622
15538469
15538820
15542908
15543874
15546412
15546865
15552070
15554115
15554230
15554743
15556953
15557224
15558861
15566807
15569230
15569403
15571782
15573252
15573406
15574572
15575179
15575737
15582513
15583599
15591862
15591882
15592738
15594251
15599360
15600123
15600732
15601010
15603943
15604890
15608264
15609776
15612855
15615379
15615512
15617372
15618492
15618600
15622611
15626562
15629487
15631198
15631622
15632116
15638827
15642187
15642501
15645236
15647208
15649335
15650709
15651223
15654005
15656276
15657135
15658104
15661237
15663539
15664208
15664487
15665470
15665597
15673019
15674075
15674388
15676110
15677597
15678836
15681671
15683080
15684364
15685733
15686142
15690227
15691654
15692333
15693673
15694360
15698806
15701088
15702287
15710559
15711191
15711759
15723920
15729271
15730247
15730893
15731178
15731424
15739372
15739955
15741763
15742426
15746123
15746350
15749244
15750012
15750495
15753758
15755971
15759052
15761442
15763041
15769311
15770608
15771800
15772703
15775797
15778615
15779404
15780599
15781491
15783975
15784336
15787784
15788271
15789821
15792346
15792684
15794430
15794945
15795358
15796668
15797420
15798390
15800671
15803980
15807907
15808255
15808389
15808971
15809621
15815488
15816251
15816713
15817563
15818026
15819192
15819376
15820522
15820719
15821151
15822875
15823786
15838745
15841189
15841924
15842056
15842071
15845412
15846342
15846486
15850872
15852223
15854649
15854802
15857033
15863876
15865267
15867190
15871668
15875103
15878056
15879749
15880037
15885080
15885898
15888242
15888822
15888835
15888928
15892660
15893394
15894736
15894861
15895970
15900744
15903376
15903399
15904288
15906228
15910496
15912087
15914805
15918598
15920192
15920374
15923382
15927321
15927529
15928113
15928948
15929341
15929620
15930425
15932802
15936726
15938313
15941535
15943748
15946007
15949591
15949666
15958380
15958507
15959168
15964620
15965535
15968670
15972118
15974040
15974483
15979281
15981572
15988834
15990887
15993189
15994176
15996190
16001752
16003231
16003450
16007396
16007861
16008103
16008875
16012594
16012614
16013317
16016128
16021019
16023359
16027292
16027916
16030517
16030635
16033206
16034172
16034617
16036017
16037107
16038793
16039556
16040534
16046653
16048417
16049953
16053492
16055132
16056001
16056952
16057531
16059443
16060592
16060750
16061121
16063848
16065793
16067650
16067791
16069318
16069866
16071126
16071462
16077446
16079204
16082870
16083515
16084116
16093460
16097138
16097584
16097729
16099066
16099183
16100613
16103213
16104017
16104337
16107472
16111001
16111866
16115119
16116089
16116386
16117044
16119284
16121383
16123396
16124422
16126742
16127154
16127426
16128087
16130311
16130508
16130796
16136246
16136337
16136432
16137681
16141255
16141581
16142337
16144024
16144988
16147958
16148693
16152005
16152102
16152618
16155770
16159988
16160409
16160880
16166326
16167311
16168672
16172333
16173068
16175926
16175974
16177204
16177860
16179940
16180954
16182653
16183173
16183376
16184976
16186330
16188131
16189384
16193260
16194269
16194661
16198017
16208993
16210543
16210733
16216685
16221289
16222508
16225143
16226105
16227633
16229647
16231621
16232657
16238941
16242621
16243952
16243987
16244007
16247553
16250118
16250279
16250637
16253247
16253680
16253797
16255925
16258023
16261698
16262022
16262914
16265424
16266041
16268494
16268600
16270044
16270159
16271560
16275996
16277100
16277299
16278273
16278697
16282637
16283152
16283808
16284790
16285871
16288622
16292579
16298079
16300532
16300863
16301924
16301995
16302291
16303194
16304048
16308734
16309532
16311572
16314203
16314506
16315986
16318696
16320708
16324458
16325303
16327451
16328047
16328863
16329619
16329866
16333045
16334640
16337878
16338335
16338818
16340344
16340901
16341030
16343237
16344948
16346961
16349081
16349613
16353759
16355011
16356251
16362844
16363571
16364455
16364942
16365461
16366335
16366462
16370579
16371331
16371729
16372838
16380078
16380180
16385693
16387847
16388961
16389337
16389455
16389658
16391492
16391926
16392104
16392907
16393443
16398116
16398220
16400208
16400987
16407900
16410851
16411678
16411742
16413748
16416986
16417855
16417931
16419326
16419591
16420468
16420646
16421665
16422903
16423605
16426125
16426464
16428205
16428400
16428577
16431728
16432551
16434972
16435123
16436696
16438560
16440614
16444133
16446193
16447166
16448184
16448631
16448951
16449287
16449603
16450780
16451849
16454877
16454998
16455410
16457157
16461463
16462455
16463069
16464834
16465808
16466801
16466816
16468621
16470978
16473006
16474371
16478660
16484613
16490230
16490967
16491612
16492305
16493283
16497295
16498060
16498365
16503794
16504176
16505300
16514315
16516834
16518380
16518395
16519440
16519724
16519740
16520735
16520931
16521085
16521242
16522758
16523160
16524151
16528071
16529171
16530146
16530839
16531644
16532877
16533259
16534158
16535501
16535751
16537040
16539453
16540981
16543632
16545673
16551420
16557822
16561474
16565438
16565485
16567973
16569041
16571498
16573072
16576952
16577105
16580339
16581379
16583489
16589907
16593419
16593631
16595146
16595405
16595951
16596081
16605180
16607933
16607995
16609040
16611728
16613432
16614601
16615301
16615711
16616390
16616953
16617683
16620237
16622312
16624783
16625008
16625280
16626432
16628966
16634642
16637179
16638051
16642964
16646984
16647064
16650250
16651807
16652790
16654834
16658084
16660051
16660317
16662223
16663290
16664923
16665009
16667054
16672206
16672464
16673796
16674555
16678037
16684329
16684737
16687109
16688673
16688867
16691445
16693637
16694587
16695397
16696766
16697223
16701591
16704716
16706602
16707190
16707215
16712123
16713189
16713618
16716328
16718906
16721000
16727122
16727755
16727985
16729287
16729711
16735281
16737687
16739397
16741332
16744976
16745373
16747903
16752228
16755027
16755636
16756888
16765363
16767971
16768230
16770271
16771035
16772976
16773392
16773880
16774183
16774387
16776069
16778878
16782686
16785055
16786035
16786155
16787533
16790794
16794102
16794111
16795051
16800804
16802664
16808919
16811589
16812814
16814416
16814569
16814699
16815397
16815778
16819440
16819658
16819816
16824644
16825563
16828512
16831442
16837952
16843067
16845514
16845981
16846545
16850912
16852794
16857218
16862089
16867399
16868976
16869020
16870016
16870885
16871229
16876367
16878214
16878671
16879801
16882730
16883146
16886811
16888123
16893690
16893949
16893988
16898011
16899552
16900134
16901813
16905076
16905750
16909365
16912835
16912871
16914167
16914649
16915368
16918627
16919169
16921501
16921585
16923975
16924339
16925168
16932733
16933013
16935529
16936088
16937688
16940354
16940972
16941839
16952530
16954296
16957116
16959080
16960622
16961749
16962644
16962810
16963494
16964351
16966611
16968101
16974692
16976737
16978219
16983552
16984477
16988173
16991522
16991745
17000550
17002339
17006898
17006902
17007414
17007755
17007771
17009799
17009936
17010268
17015780
17017817
17019375
17020801
17021458
17022161
17024021
17024820
17026908
17032261
17033130
17033276
17036995
17039173
17040213
17044343
17047343
17049621
17052698
17055506
17059514
17060227
17060728
17061294
17061890
17062985
17064035
17066653
17067701
17071876
17072765
17073538
17073791
17073984
17075410
17076268
17076785
17077483
17087086
17087577
17088996
17096035
17097416
17101841
17104892
17105026
17107681
17108074
17108321
17110037
17115041
17116524
17117347
17119432
17125107
17125326
17126320
17126974
17127360
17129078
17130845
17133776
17135987
17137200
17139597
17142385
17145622
17146944
17149032
17153739
17153974
17156167
17159841
17161385
17161629
17173399
17174681
17175866
17175972
17176753
17178989
17179504
17181304
17182867
17182979
17184483
17187167
17187513
17188979
17189389
17191084
17192255
17194147
17196455
17196839
17201612
17203921
17204468
17207669
17208112
17208912
17210737
17214801
17215437
17217720
17219299
17220291
17223826
17224898
17227775
17232544
17233674
17234046
17234873
17241245
17244193
17244486
17246014
17246451
17248044
17250351
17250673
17250880
17251146
17252101
17254910
17257070
17258419
17259503
17262162
17263428
17263957
17265318
17267853
17268325
17270769
17273821
17273848
17274537
17279887
17281257
17282208
17282367
17285164
17285592
17287023
17291309
17292494
17293559
17293918
17295794
17296322
17299154
17299385
17301899
17303400
17303529
17304908
17305399
17306986
17307377
17309915
17318525
17318875
17321275
17323575
17325374
17327163
17327436
17328279
17328299
17328901
17332912
17336154
17338267
17340672
17343367
17343374
17343415
17346312
17349157
17350410
17353021
17353183
17353185
17353463
17355351
17356770
17357898
17359769
17360011
17361231
17361273
17363933
17368228
17373805
17373890
17374467
17380657
17380663
17384228
17386606
17387450
17387640
17399147
17400511
17403354
17403821
17404065
17404640
17404886
17405484
17407368
17409116
17410697
17420566
17423069
17425767
17426137
17426407
17430499
17431264
17432896
17434585
17435468
17437559
17440196
17441372
17442909
17443306
17443410
17445554
17445967
17449093
17451460
17451900
17452620
17460891
17463690
17464335
17464438
17467217
17468382
17473202
17475030
17478556
17480579
17481606
17487294
17488635
17488876
17493247
17494085
17494873
17495677
17497991
17499799
17503719
17506817
17508174
17508417
17509903
17511172
17514510
17517055
17520182
17520912
17522089
17523871
17524333
17525654
17525869
17526419
17527871
17531382
17532226
17532451
17534661
17535486
17535513
17536229
17536542
17536801
17539470
17542312
17544830
17545923
17548197
17548430
17548797
17550589
17552198
17552320
17558383
17559041
17561153
17566043
17566991
17568088
17569236
17579246
17587067
17589618
17590804
17591914
17592645
17593866
17595769
17600380
17601226
17602401
17603313
17605120
17605142
17610847
17612873
17613457
17614500
17615377
17618147
17619483
17621578
17621732
17623501
17630295
17633718
17636615
17639366
17639496
17646429
17647278
17647764
17650822
17654821
17659591
17659631
17660919
17661086
17666389
17669093
17671117
17673926
17675000
17676841
17679153
17686863
17688460
17693949
17695283
17697476
17698620
17700117
17701405
17702191
17703765
17706188
17709039
17710426
17713122
17713669
17714598
17715191
17715802
17716819
17717600
17717846
17723175
17723993
17726636
17732822
17734051
17734802
17735087
17737065
17738133
17739241
17740257
17740764
17741059
17745650
17749325
17749500
17753551
17757287
17757739
17758812
17763166
17764861
17768637
17770554
17771143
17771184
17771949
17772219
17774882
17775787
17775806
17777476
17779793
17783748
17784938
17785715
17791310
17791880
17791937
17796345
17796877
17796935
17797359
17799222
17799962
17800311
17803013
17805388
17805537
17805683
17806669
17806922
17808029
17811007
17815990
17818139
17818213
17818878
17821535
17822969
17823705
17824906
17827297
17831914
17832520
17832957
17833448
17833919
17836462
17837676
17840518
17840768
17840850
17843378
17843405
17844098
17845014
17847833
17849207
17852668
17854880
17855593
17856973
17859675
17861874
17864807
17865034
17866147
17869487
17870776
17870991
17872203
17875555
17880180
17886538
17888477
17895588
17895716
17897638
17899287
17902395
17903634
17904463
17904856
17906253
17906339
17907132
17909678
17911573
17911644
17915181
17915972
17922444
17924361
17925597
17927598
17928227
17928725
17928843
17930992
17931955
17934754
17939021
17939228
17941212
17942227
17942581
17942647
17943356
17946036
17947562
17949299
17951455
17955218
17955451
17956812
17959213
17960277
17961006
17961797
17964265
17965385
17974994
17975485
17975590
17976593
17976895
17978952
17979695
17980601
17981380
17982151
17988033
17988206
17991142
17996772
17997630
18000518
18001934
18001940
18003744
18004771
18008731
18009982
18010899
18015280
18015597
18016667
18018680
18019035
18019900
18023228
18024559
18027342
18028360
18029255
18029401
18030205
18030413
18030643
18030815
18037884
18038381
18038581
18044389
18044680
18047083
18047174
18047650
18050234
18051005
18051303
18051680
18052149
18057317
18060340
18060614
18061150
18062052
18065835
18066007
18067695
18069861
18070869
18071485
18071783
18073442
18074692
18076987
18079814
18086297
18089636
18091340
18094830
18096241
18099655
18101214
18101887
18103367
18108602
18109230
18110287
18111201
18112527
18113339
18115209
18116297
18117866
18118214
18125312
18127320
18127537
18130484
18130791
18132017
18132744
18137789
18138803
18139444
18140253
18140293
18140626
18146303
18150157
18153072
18153226
18153767
18154981
18158541
18160435
18163141
18165454
18166094
18167514
18171955
18172049
18177660
18178206
18179047
18182221
18182729
18184460
18189717
18198694
18199725
18200362
18201776
18203327
18211515
18214092
18215163
18216220
18216624
18217179
18219435
18219732
18220273
18221350
18221357
18221365
18225304
18226149
18226437
18228384
18229278
18231647
18231999
18232132
18233037
18234220
18234319
18236030
18236166
18239387
18239597
18240997
18243233
18246934
18249570
18251622
18254277
18254611
18256802
18258115
18259578
18261907
18261919
18262038
18262517
18263973
18269215
18272200
18273310
18273709
18277403
18281217
18284555
18288752
18289969
18290288
18291021
18291230
18292557
18292766
18296038
18296933
18297238
18299286
18301291
18302529
18304492
18305441
18309470
18312587
18313219
18316807
18319802
18321127
18325322
18326098
18326814
18332116
18332135
18336133
18336286
18341331
18342123
18343821
18344568
18346688
18350158
18352732
18353737
18355299
18355708
18357187
18357237
18358309
18360109
18361393
18363612
18364271
18368487
18371123
18380275
18384064
18387165
18387233
18391867
18392118
18393021
18393807
18394909
18395488
18396693
18397845
18398120
18398373
18398620
18398806
18398874
18399934
18400872
18401428
18402547
18406212
18407442
18407929
18410052
18410065
18414448
18415732
18418688
18421325
18422712
18423709
18424791
18425202
18427147
18427690
18430237
18432089
18433015
18434342
18434945
18435483
18435542
18435842
18435909
18436442
18436966
18437987
18440220
18441204
18442042
18443018
18443861
18448047
18451971
18455598
18463986
18464674
18465954
18468814
18469288
18471444
18472573
18472847
18473422
18473598
18477340
18479715
18484384
18484786
18485217
18490653
18490966
18491561
18492375
18493238
18496739
18506468
18512568
18514127
18515130
18517514
18519460
18521274
18524104
18524817
18527689
18528890
18529927
18529987
18531592
18531657
18538901
18540336
18542317
18546648
18549534
18552312
18554160
18554571
18557423
18562785
18564003
18566988
18569058
18573339
18575349
18576597
18581938
18582948
18584599
