13.0
17.0
10.0
5.0
33.0
34.0
38.0
28.0
37.0
34.0
37.0
31.0
29.0
42.0
41.0
55.0
55.0
69.0
73.0
61.0
64.0
80.0
92.0
98.0
97.0
94.0
89.0
98.0
85.0
87.0
100.0
104.0
117.0
118.0
105.0
101.0
110.0
108.0
102.0
132.0
135.0
128.0
120.0
120.0
134.0
139.0
127.0
135.0
148.0
152.0
164.0
177.0
198.0
180.0
186.0
191.0
217.0
200.0
206.0
215.0
214.0
206.0
204.0
205.0
210.0
220.0
233.0
232.0
227.0
224.0
226.0
222.0
224.0
229.0
256.0
254.0
251.0
259.0
258.0
255.0
256.0
254.0
258.0
263.0
271.0
269.0
279.0
260.0
265.0
277.0
272.0
272.0
293.0
287.0
292.0
280.0
280.0
283.0
288.0
292.0
291.0
315.0
305.0
313.0
306.0
307.0
306.0
317.0
313.0
308.0
339.0
322.0
330.0
334.0
356.0
356.0
343.0
355.0
341.0
348.0
352.0
341.0
356.0
375.0
367.0
361.0
375.0
369.0
376.0
370.0
375.0
360.0
382.0
397.0
387.0
386.0
382.0
386.0
395.0
398.0
382.0
412.0
419.0
404.0
403.0
402.0
407.0
415.0
414.0
402.0
437.0
420.0
434.0
437.0
458.0
451.0
458.0
444.0
458.0
454.0
459.0
440.0
442.0
471.0
466.0
460.0
463.0
480.0
487.0
484.0
493.0
504.0
501.0
512.0
511.0
534.0
536.0
553.0
553.0
550.0
558.0
558.0
540.0
551.0
559.0
547.0
577.0
575.0
578.0
574.0
568.0
567.0
562.0
561.0
569.0
581.0
583.0
580.0
589.0
594.0
590.0
599.0
586.0
580.0
616.0
607.0
605.0
612.0
606.0
618.0
611.0
611.0
611.0
632.0
638.0
630.0
631.0
637.0
630.0
635.0
634.0
622.0
644.0
651.0
642.0
645.0
649.0
640.0
650.0
653.0
657.0
669.0
665.0
660.0
665.0
661.0
673.0
665.0
669.0
675.0
696.0
694.0
683.0
687.0
715.0
714.0
701.0
714.0
716.0
703.0
716.0
713.0
709.0
723.0
735.0
730.0
722.0
753.0
746.0
755.0
750.0
758.0
741.0
758.0
749.0
755.0
774.0
772.0
772.0
769.0
789.0
786.0
796.0
790.0
787.0
780.0
787.0
787.0
785.0
818.0
813.0
811.0
801.0
812.0
806.0
814.0
818.0
810.0
806.0
817.0
809.0
806.0
807.0
801.0
807.0
800.0
800.0
816.0
806.0
805.0
809.0
807.0
819.0
802.0
810.0
810.0
805.0
809.0
807.0
810.0
812.0
801.0
800.0
807.0
804.0
804.0
814.0
803.0
814.0
814.0
801.0
803.0
808.0
816.0
812.0
812.0
804.0
807.0
810.0
804.0
808.0
802.0
801.0
818.0
804.0
805.0
809.0
808.0
835.0
827.0
824.0
821.0
827.0
825.0
839.0
822.0
827.0
846.0
850.0
851.0
854.0
841.0
843.0
845.0
841.0
847.0
844.0
857.0
846.0
849.0
845.0
845.0
845.0
848.0
853.0
850.0
845.0
853.0
842.0
849.0
851.0
848.0
848.0
843.0
844.0
845.0
862.0
875.0
875.0
862.0
868.0
863.0
876.0
860.0
873.0
878.0
860.0
862.0
876.0
860.0
878.0
868.0
873.0
861.0
862.0
899.0
891.0
896.0
898.0
888.0
893.0
887.0
893.0
883.0
896.0
889.0
887.0
884.0
886.0
891.0
899.0
887.0
892.0
894.0
896.0
899.0
891.0
896.0
885.0
889.0
884.0
886.0
896.0
886.0
908.0
912.0
907.0
906.0
917.0
902.0
918.0
911.0
901.0
927.0
922.0
935.0
927.0
920.0
928.0
927.0
932.0
930.0
924.0
934.0
937.0
938.0
922.0
925.0
939.0
924.0
927.0
920.0
940.0
942.0
957.0
956.0
947.0
941.0
947.0
951.0
959.0
966.0
977.0
973.0
961.0
967.0
965.0
964.0
960.0
978.0
972.0
967.0
975.0
973.0
960.0
965.0
961.0
978.0
967.0
969.0
965.0
969.0
978.0
964.0
978.0
973.0
968.0
979.0
970.0
972.0
992.0
985.0
989.0
991.0
996.0
999.0
991.0
989.0
997.0
987.0
980.0
992.0
984.0
999.0
995.0
987.0
993.0
991.0
984.0
997.0
997.0
981.0
994.0
996.0
991.0
995.0
990.0
999.0
996.0
1000.0
1000.0
1012.0
1009.0
1003.0
1017.0
1014.0
1010.0
1003.0
1011.0
1009.0
1005.0
1018.0
1018.0
1000.0
1007.0
1017.0
1001.0
1018.0
1009.0
1008.0
1015.0
1018.0
1008.0
1001.0
1003.0
1001.0
1008.0
1006.0
1029.0
1038.0
1038.0
1022.0
1020.0
1036.0
1038.0
1023.0
1036.0
1033.0
1025.0
1029.0
1033.0
1028.0
1031.0
1034.0
1032.0
1024.0
1030.0
1021.0
1021.0
1029.0
1038.0
1035.0
1034.0
1028.0
1039.0
1021.0
1024.0
1025.0
1033.0
1035.0
1026.0
1021.0
1029.0
1034.0
1023.0
1025.0
1024.0
1032.0
1020.0
1028.0
1030.0
1030.0
1038.0
1039.0
1037.0
1036.0
1024.0
1035.0
1028.0
1025.0
1037.0
1039.0
1037.0
1021.0
1037.0
1031.0
1027.0
1056.0
1046.0
1047.0
1048.0
1041.0
1040.0
1056.0
1048.0
1040.0
1057.0
1050.0
1057.0
1052.0
1042.0
1050.0
1054.0
1042.0
1047.0
1051.0
1044.0
1054.0
1059.0
1047.0
1045.0
1049.0
1044.0
1042.0
1056.0
1053.0
1058.0
1059.0
1045.0
1053.0
1054.0
1051.0
1054.0
1053.0
1054.0
1051.0
1058.0
1040.0
1052.0
1047.0
1052.0
1040.0
1048.0
1048.0
1051.0
1047.0
1046.0
1050.0
1059.0
1059.0
1051.0
1046.0
1056.0
1042.0
1058.0
1049.0
1054.0
1043.0
1053.0
1055.0
1040.0
1052.0
1045.0
1049.0
1044.0
1044.0
1073.0
1068.0
1064.0
1077.0
1069.0
1075.0
1071.0
1067.0
1063.0
1065.0
1067.0
1068.0
1063.0
1078.0
1060.0
1068.0
1060.0
1066.0
1065.0
1071.0
1076.0
1078.0
1071.0
1068.0
1078.0
1075.0
1072.0
1077.0
1069.0
1092.0
1080.0
1091.0
1095.0
1097.0
1084.0
1097.0
1085.0
1080.0
1098.0
1091.0
1080.0
1083.0
1092.0
1095.0
1096.0
1096.0
1087.0
1096.0
1087.0
1080.0
1086.0
1086.0
1086.0
1097.0
1099.0
1084.0
1084.0
1080.0
1098.0
1081.0
1081.0
1094.0
1086.0
1084.0
1086.0
1099.0
1095.0
1099.0
1117.0
1118.0
1113.0
1111.0
1110.0
1105.0
1105.0
1106.0
1113.0
1123.0
1123.0
1123.0
1124.0
1121.0
1130.0
1134.0
1137.0
1135.0
1157.0
1141.0
1152.0
1156.0
1160.0
1178.0
1177.0
1171.0
1184.0
1193.0
1196.0
1181.0
1190.0
1193.0
1185.0
1198.0
1189.0
1183.0
1192.0
1181.0
1186.0
1198.0
1183.0
1198.0
1180.0
1196.0
1184.0
1200.0
1217.0
1202.0
1210.0
1214.0
1201.0
1203.0
1203.0
1202.0
1219.0
1214.0
1214.0
1213.0
1201.0
1215.0
1201.0
1213.0
1203.0
1212.0
1226.0
1221.0
1225.0
1227.0
1221.0
1222.0
1235.0
1231.0
1237.0
1239.0
1234.0
1235.0
1237.0
1231.0
1237.0
1222.0
1235.0
1220.0
1232.0
1239.0
1236.0
1238.0
1234.0
1239.0
1230.0
1230.0
1225.0
1239.0
1235.0
1240.0
1258.0
1255.0
1251.0
1251.0
1251.0
1257.0
1249.0
1243.0
1255.0
1244.0
1253.0
1253.0
1240.0
1258.0
1241.0
1259.0
1245.0
1249.0
1266.0
1274.0
1274.0
1264.0
1268.0
1271.0
1278.0
1267.0
1273.0
1271.0
1270.0
1278.0
1270.0
1275.0
1263.0
1263.0
1273.0
1262.0
1261.0
1266.0
1270.0
1276.0
1265.0
1266.0
1278.0
1273.0
1263.0
1275.0
1268.0
1290.0
1282.0
1290.0
1281.0
1299.0
1287.0
1293.0
1284.0
1297.0
1288.0
1289.0
1296.0
1283.0
1293.0
1287.0
1294.0
1282.0
1294.0
1287.0
1319.0
1300.0
1313.0
1319.0
1313.0
1305.0
1302.0
1310.0
1316.0
1339.0
1337.0
1331.0
1339.0
1340.0
1358.0
1344.0
1354.0
1366.0
1362.0
1362.0
1363.0
1381.0
1382.0
1380.0
1390.0
1386.0
1387.0
1397.0
1397.0
1391.0
1403.0
1408.0
1419.0
1414.0
1405.0
1417.0
1407.0
1407.0
1418.0
1421.0
1436.0
1427.0
1439.0
1437.0
1438.0
1422.0
1429.0
1424.0
1451.0
1445.0
1442.0
1445.0
1468.0
1479.0
1467.0
1461.0
1469.0
1468.0
1463.0
1471.0
1472.0
1480.0
1489.0
1486.0
1480.0
1491.0
1487.0
1489.0
1498.0
1482.0
1507.0
1512.0
1522.0
1524.0
1528.0
1527.0
1549.0
1545.0
1548.0
1549.0
1543.0
1549.0
1548.0
1550.0
1540.0
1574.0
1575.0
1560.0
1570.0
1582.0
1596.0
1594.0
1598.0
1583.0
1582.0
1587.0
1580.0
1599.0
1614.0
1603.0
1602.0
1611.0
1626.0
1624.0
1658.0
1642.0
1658.0
1651.0
1648.0
1648.0
1654.0
1649.0
1645.0
1678.0
1663.0
1669.0
1671.0
1692.0
1699.0
1690.0
1693.0
1681.0
1694.0
1699.0
1698.0
1691.0
1706.0
1702.0
1708.0
1713.0
1721.0
1737.0
1729.0
1730.0
1733.0
1727.0
1722.0
1737.0
1730.0
1752.0
1749.0
1758.0
1742.0
1763.0
1760.0
1791.0
1780.0
1782.0
1789.0
1814.0
1813.0
1819.0
1808.0
1836.0
1831.0
1821.0
1833.0
1845.0
1843.0
1851.0
1847.0
1841.0
1850.0
1845.0
1856.0
1844.0
1841.0
1844.0
1843.0
1841.0
1853.0
1856.0
1844.0
1851.0
1843.0
1843.0
1855.0
1842.0
1853.0
1853.0
1850.0
1856.0
1841.0
1846.0
1840.0
1841.0
1872.0
1878.0
1864.0
1864.0
1898.0
1890.0
1893.0
1888.0
1881.0
1888.0
1881.0
1887.0
1882.0
1919.0
1909.0
1904.0
1911.0
1904.0
1919.0
1906.0
1914.0
1913.0
1933.0
1923.0
1921.0
1921.0
1935.0
1924.0
1935.0
1931.0
1929.0
1941.0
1948.0
1957.0
1951.0
1957.0
1941.0
1955.0
1943.0
1944.0
1965.0
1961.0
1969.0
1977.0
1969.0
1965.0
1961.0
1960.0
1967.0
1992.0
1985.0
1994.0
1991.0
1998.0
1992.0
1981.0
1987.0
1988.0
1981.0
1980.0
1989.0
1980.0
1992.0
1994.0
1999.0
1995.0
1980.0
1980.0
