21396
28897
30144
30965
34947
35898
35979
36611
36891
37169
37176
37733
38077
38190
38465
38565
38614
38851
39580
40706
40796
40960
41291
41525
41987
42155
42430
42462
42737
42912
43209
43555
43970
44509
44774
44942
45573
45697
45703
46204
47554
47554
47980
48044
48253
49117
49686
50214
50454
50539
50694
51805
51991
52169
52250
52293
52370
52671
52678
52803
53584
54030
54391
54741
54847
55002
55354
56231
56323
57421
57443
57983
58024
58554
58555
58727
58892
59090
59369
59785
60135
60308
60334
60604
61263
61589
61617
62015
62130
62286
62424
62871
62921
62935
63054
63290
63351
63524
63972
64031
64032
64512
64622
64891
65067
65113
82325
97283
97301
97366
97528
97695
97780
98017
98099
98279
98466
98705
98741
98919
98994
99371
99417
100794
100803
100876
100924
101136
101189
101891
102330
102466
103087
103180
103666
103673
103728
104158
104338
104462
104488
104562
104579
104616
104780
105625
106203
107172
107376
107841
109579
109800
112569
115643
115990
117450
127931
128465
155730
161441
164814
197291
220041
220281
220300
220550
220584
221251
221747
221869
221966
222049
222264
222453
222590
222674
222853
222886
224186
224392
224865
225028
225291
225909
226215
226467
227584
227697
227916
227984
228211
228231
228440
228790
229146
229341
229480
229718
229758
229862
230018
230770
231177
231732
231759
231910
232096
232639
233377
233877
234037
234226
234829
235414
236063
236238
236845
236935
237227
240383
240693
240775
241067
241248
241873
243105
244002
244950
245451
246545
246641
246827
247562
247720
248003
248312
248612
249507
250163
250269
250404
250491
250555
250735
251187
253159
253541
254929
255260
255389
255664
255877
256804
257216
261063
261170
263122
263305
264483
265826
265916
266321
283023
283031
283141
283447
283735
284088
284171
284363
284457
284785
284799
285136
285537
285920
286670
287110
287285
287634
287710
287773
287837
288011
288095
288166
288477
288763
289083
289098
289321
289421
289447
289763
290098
290284
290773
290787
291272
291487
291777
291991
292122
292159
292376
292890
293382
293813
293844
304249
314779
315782
317209
318683
321774
322215
386013
473063
473163
473440
473443
473766
474509
474746
474760
475245
475357
475371
475399
475875
475964
476215
476461
476572
477161
477190
477200
477231
477581
478149
478198
478301
478442
478489
478888
479260
480079
481498
482233
482396
482958
483109
483314
483325
483500
483966
484419
484471
484485
485067
485098
485145
485567
485642
485661
492885
523914
562907
565143
565482
566628
581273
581363
581443
582466
583017
583106
583835
584223
585043
585700
586307
587174
587461
587796
588637
590570
590889
591185
591578
592020
592107
592111
592352
592428
683310
688931
722456
722687
722703
723138
723774
724434
724435
724604
724902
725180
725944
726335
726381
726935
727456
727457
727604
727796
727890
727963
728658
728961
728986
729224
729635
731006
731345
732002
732148
732752
733187
733783
734055
734909
735509
735643
735909
736471
736806
736877
736951
736989
737083
737975
738227
738253
738401
738514
738545
738804
739360
739441
739470
739942
739964
740232
740363
740410
745125
828301
828359
829980
830646
832462
833718
837800
838927
838955
839096
840775
841310
843184
917609
917697
917748
917767
917992
918343
918483
918542
919355
919702
919846
920156
920586
920621
920694
920709
922073
922391
922496
922887
923677
923853
924391
926001
926113
927017
927400
927884
928390
928859
957504
960516
962875
963366
964686
965386
965982
970072
972302
989001
989112
989162
989408
989471
990758
991100
991157
992452
992998
993305
994071
994554
994667
994679
994735
995872
995974
996118
996845
997112
997881
997921
997973
997981
998114
998481
998664
998701
998730
998987
999056
999283
999547
999610
999618
999903
1000427
1001321
1001580
1001733
1002028
1002040
1002112
1002221
1002413
1002430
1002441
1002508
1003025
1003216
1003654
1003699
1003743
1004461
1004559
1004615
1004811
1004819
1005689
1005876
1006171
1006862
1007012
1007110
1007372
1007572
1007621
1008003
1008697
1008699
1008813
1009395
1009400
1009435
1009533
1009968
1010308
1010625
1010643
1010647
1010762
1010975
1011191
1011219
1011250
1012402
1012476
1012534
1012669
1012927
1012995
1013785
1014180
1014248
1014335
1014414
1014630
1014741
1015016
1015600
1015635
1015810
1016002
1016140
1016176
1016183
1016373
1016604
1017082
1017112
1155299
1155665
1155790
1155847
1155937
1156438
1156515
1157564
1158271
1158658
1159552
1160225
1160442
1160883
1160899
1160936
1161039
1161092
1161248
1161470
1161830
1161872
1161891
1162093
1162316
1162521
1162683
1162713
1163096
1163195
1163619
1164341
1164964
1165155
1165498
1165812
1166004
1166703
1166992
1167516
1168235
1168280
1168375
1168919
1169494
1169638
1169675
1169715
1169922
1170059
1170106
1170605
1170777
1170804
1171046
1171488
1171897
1171982
1172046
1172149
1172160
1172181
1172223
1172553
1173340
1173457
1173486
1174141
1174539
1185444
1187137
1195671
1214943
1215946
1217459
1217467
1218846
1218922
1218939
1219306
1219442
1219498
1219526
1220406
1220669
1222279
1222358
1223259
1223359
1223500
1223588
1223671
1223673
1224104
1224216
1225216
1225570
1225697
1226035
1226122
1226614
1226776
1227281
1228202
1229006
1229116
1229192
1229330
1229419
1229528
1229556
1229801
1229843
1230034
1230242
1230303
1230664
1231460
1231987
1232439
1232700
1247990
1257542
1261754
1262354
1263412
1263511
1266000
1267031
1267072
1268048
1269005
1270824
1271406
1272094
1273038
1273744
1273964
1274771
1275192
1276475
1277310
1279416
1280626
1281404
1281804
1282388
1284212
1294829
1295115
1295568
1296654
1297950
1298148
1299459
1299905
1300808
1302468
1302490
1303879
1303922
1304874
1305827
1307666
1309108
1309442
1310934
1311066
1312159
1312575
1313289
1343964
1344139
1344565
1344912
1345992
1345998
1346319
1347088
1347298
1347366
1347549
1348063
1348100
1348299
1348387
1348604
1348632
1348678
1348971
1349276
1349305
1349467
1349501
1349561
1349593
1349707
1349840
1350047
1351431
1351454
1351797
1352270
1352287
1352606
1352741
1352915
1353405
1353884
1353888
1354196
1354219
1354398
1354504
1355385
1355640
1356235
1356375
1357030
1357775
1357832
1357977
1358032
1358072
1358090
1358607
1358611
1358670
1358674
1358839
1359070
1359232
1359655
1359703
1410622
1415595
1416312
1416401
1416837
1418274
1418370
1418470
1419726
1419813
1421203
1421632
1421827
1422196
1423638
1423679
1423798
1424581
1424878
1425751
1425782
1425924
1426243
1426725
1426991
1427001
1427062
1427358
1427420
1427603
1427656
1428982
1429215
1430254
1430382
1430673
1457375
1457397
1457921
1458200
1458413
1458494
1459911
1460094
1460295
1460385
1460900
1462177
1463365
1463471
1463697
1463829
1464079
1464119
1464255
1464373
1464396
1464879
1464978
1465117
1465170
1466211
1466305
1466830
1466912
1466952
1467005
1467300
1467544
1467654
1467967
1468032
1468133
1468594
1468692
1469196
1469376
1469381
1469451
1469514
1469611
1470180
1470996
1471568
1535361
1538648
1548278
1549756
1551368
1604258
1604276
1604307
1604412
1604792
1605108
1605217
1605341
1605363
1605574
1606337
1606487
1606594
1606953
1607109
1607565
1607616
1607695
1607768
1607855
1607986
1608244
1608256
1608412
1608445
1608461
1608937
1609145
1609504
1609539
1609724
1609802
1609911
1609961
1610033
1610130
1610400
1610536
1611384
1612372
1612789
1613054
1613215
1613366
1613612
1613658
1613796
1613949
1614039
1614476
1615015
1615366
1615736
1615744
1616091
1616120
1616233
1616940
1617000
1617130
1617422
1617764
1618014
1618219
1618297
1618362
1618600
1619142
1619371
1619436
1619587
1619710
1619738
1619986
1620581
1620611
1620634
1621198
1621205
1621401
1621551
1621572
1676494
1730969
1731109
1731219
1731385
1731465
1731578
1731667
1731885
1732312
1732542
1732598
1732906
1733051
1733163
1733429
1733475
1733779
1733933
1734055
1734128
1734174
1734652
1734674
1734936
1735328
1735405
1735523
1735676
1735813
1736167
1736237
1736491
1736534
1737864
1738124
1738384
1738501
1738565
1738951
1739292
1739381
1739426
1739623
1740102
1740129
1740163
1740384
1740868
1740932
1741074
1741217
1741313
1741414
1741708
1741747
1741811
1742806
1742826
1782130
1891436
1891723
1892633
1894004
1894678
1894734
1895204
1895387
1895938
1896475
1896534
1897410
1897811
1897812
1899405
1899689
1899929
1901493
1901731
1902042
1902619
1903082
1935254
1941728
1945260
1945307
2011325
2011355
2011882
2012047
2012084
2014274
2014655
2014892
2015041
2015118
2015901
2016627
2017672
2017702
2018424
2018717
2019081
2019423
2019436
2019640
2019850
2020113
2020334
2021513
2022565
2022596
2023235
2023353
2023475
2023605
2024130
2024231
2025047
2025238
2025474
2025638
2026115
2026197
2027340
2027842
2027946
2028308
2053807
2053812
2054215
2054300
2056223
2059726
2060645
2062869
2065465
2066285
2067545
2211810
2219608
2222431
2255591
2257046
2257066
2257504
2258654
2258860
2259849
2262246
2263162
2264737
2264883
2265537
2265575
2266566
2266680
2316957
2317369
2317900
2318319
2318969
2319181
2320022
2320446
2320595
2320789
2321214
2321277
2322258
2322491
2322655
2322791
2323046
2323839
2323851
2323870
2324200
2324986
2325530
2325562
2325682
2325707
2326090
2326167
2326213
2326398
2327370
2327458
2327560
2327896
2327969
2328314
2328335
2328357
2328771
2329271
2329351
2329813
2329856
2330400
2330827
2331007
2334453
2336829
2340277
2448651
2449202
2449397
2449844
2450472
2451003
2451101
2451505
2451574
2451603
2451643
2452134
2452458
2452700
2452784
2452808
2453430
2453755
2453761
2453995
2454363
2454444
2454516
2454698
2454741
2454832
2454835
2455231
2455298
2455315
2455384
2455642
2455879
2456383
2456489
2456499
2456788
2456992
2457136
2457262
2457335
2457703
2458008
2458109
2458174
2458737
2459372
2459409
2459560
2460788
2462603
2463183
2463295
2463432
2463474
2463640
2493804
2493942
2496795
2497469
2497634
2497840
2499535
2499572
2500056
2500096
2500583
2500670
2501443
2501851
2502800
2503594
2504042
2504392
2519602
2520082
2524228
2524269
2529574
2530220
2563039
2563419
2565430
2568306
2569730
2574080
2574155
2574418
2574819
2575582
2650243
2651025
2651368
2651638
2652237
2652309
2653304
2653955
2655996
2658601
2658766
2658856
2658984
2659095
2659246
2659468
2663130
2663392
2665287
2668360
2671360
2717497
2719030
2719118
2719961
2720151
2720413
2720872
2720922
2721184
2721704
2722919
2723431
2724096
2724581
2724607
2724707
2724944
2725589
2726262
2726600
2726792
2728236
2728237
2728400
2728675
2728949
2729104
2729477
2729968
2730051
2803462
2803653
2803664
2803742
2803790
2803886
2803981
2804008
2804222
2804839
2805541
2805620
2805940
2806019
2806267
2806539
2806723
2806817
2807079
2807492
2807911
2807987
2808772
2809120
2809243
2809745
2809977
2810246
2810758
2811160
2811627
2811712
2811982
2812123
2812561
2812592
2812761
2813090
2813113
2813690
2813903
2814053
2814521
2814690
2815114
2815542
2815611
2815931
2816075
2816178
2816251
2816331
2816479
2816539
2816624
2817606
2817621
2817632
2817859
2833546
2833625
2833752
2833784
2833855
2834105
2834159
2835049
2835371
2835494
2835560
2835783
2836303
2836335
2836549
2836584
2836592
2837139
2837301
2837408
2837705
2838260
2838861
2838908
2839176
2839646
2839769
2840180
2840397
2840576
2840847
2840940
2841139
2841364
2841702
2842296
2842435
2842502
2843215
2843602
2843658
2844139
2844277
2844366
2844536
2844555
2844626
2844657
2844704
2844795
2844824
2844904
2845106
2845621
2845693
2846036
2846072
2846514
2885038
2885132
2885232
2885269
2885400
2885437
2885486
2885718
2886211
2886646
2886758
2887355
2887748
2888032
2889160
2889904
2890459
2890548
2890902
2891533
2891621
2891792
2891850
2892200
2892274
2892385
2892392
2892755
2893304
2893531
2893599
2893653
2895320
2895673
2896105
2906670
2908105
2909795
2911087
2917261
2920001
2935891
2936259
2941985
2945405
3010753
3014011
3014216
3016547
3016678
3017617
3019371
3022818
3218351
3219220
3339986
3340113
3340266
3340798
3340818
3341636
3342193
3342639
3342902
3343243
3343993
3344011
3344127
3344594
3347150
3347213
3347232
3348013
3348537
3348726
3350414
3350530
3350796
3351089
3351896
3352169
3352283
3353591
3354431
3357110
3357199
3374334
3477503
3478682
3479599
3479608
3479707
3481318
3481468
3482041
3482415
3482707
3483197
3483433
3483726
3484116
3484367
3485071
3485476
3485636
3485984
3486545
3487070
3487180
3487405
3487874
3487978
3488451
3488515
3488797
3506730
3512445
3519432
3519738
3519889
3520032
3520598
3520774
3521677
3521737
3522244
3522781
3523759
3524036
3524211
3524231
3525142
3526077
3527782
3528397
3528449
3528656
3528977
3529264
3530043
3530246
3530540
3530772
3531426
3531630
3531835
3532339
3532487
3532547
3532768
3534202
3534649
3535342
3535493
3535572
3537840
3537928
3538196
3552367
3553546
3554237
3555788
3556326
3557145
3558137
3559383
3559620
3561163
3562127
3562195
3562894
3562979
3563296
3564387
3565462
3565701
3566436
3566473
3567503
3568491
3568608
3569679
3570415
3570798
3571732
3571965
3572204
3572704
3573039
3573209
3573574
3573648
3574192
3574358
3575114
3575464
3575515
3575562
3575935
3576103
3576607
3576804
3577128
3577540
3577642
3577791
3577826
3577956
3578000
3578179
3578443
3579440
3580236
3580277
3580582
3582423
3582902
3582915
3582941
3583152
3583381
3583445
3583878
3583983
3584076
3584131
3584517
3584890
3585628
3585913
3585995
3586001
3586336
3586677
3587587
3587813
3589041
3589720
3589780
3590018
3591004
3591092
3591774
3591927
3612078
3612505
3613668
3613989
3615529
3616714
3617430
3618030
3618478
3618652
3619917
3620016
3621633
3622105
3624702
3624885
3626007
3626165
3626611
3628354
3628818
3653508
3670661
3672188
3672229
3672733
3673135
3674232
3674272
3674700
3676481
3678350
3685387
3685493
3687749
3688862
3737077
3737403
3738156
3738880
3738970
3739017
3739270
3739791
3740402
3740494
3740625
3741195
3741201
3741313
3742239
3742793
3742879
3743249
3743271
3743754
3744622
3744650
3744706
3744776
3745602
3746023
3746452
3747357
3747483
3782707
3783140
3783355
3783590
3783906
3784005
3784422
3784698
3784858
3784912
3785219
3785899
3786343
3786511
3786647
3786683
3787045
3787360
3787446
3787858
3787862
3787968
3788129
3788418
3788567
3788748
3788773
3788850
3788853
3789144
3789744
3789817
3789949
3789981
3790291
3791022
3791384
3791703
3792593
3792615
3792803
3792811
3793347
3793641
3793760
3793938
3794601
3794676
3794692
3794925
3794953
3795731
3795767
3796239
3796868
3797099
3797196
3797316
3797445
3797618
3797751
3797762
3798037
3856034
3856566
3856647
3856658
3856769
3856916
3857582
3857814
3858006
3858021
3858485
3859240
3859493
3859580
3859679
3859774
3860166
3860371
3860488
3860820
3860830
3860891
3861104
3861524
3861593
3861758
3861871
3862112
3862306
3862366
3862840
3863310
3863433
3863540
3863725
3863947
3864014
3864282
3864635
3864697
3864906
3865088
3865719
3866004
3866708
3867163
3867322
3867366
3867515
3868274
3869773
3869803
3869884
3870043
3870105
3870526
3871153
3879326
3883382
3883449
3883526
3883645
3883682
3883713
3883749
3884758
3884946
3885160
3885549
3885734
3886438
3886671
3886882
3887252
3887583
3887688
3888188
3888415
3888526
3888599
3888982
3889355
3889579
3889835
3889938
3890421
3890555
3890602
3890800
3891083
3891274
3891634
3891903
3892316
3892497
3892694
3892810
3893462
3894335
3894480
3895019
3895340
3895443
3895712
3896515
3896723
3896738
3896882
3942218
3958626
4053305
4053449
4053530
4053587
4055176
4055425
4055696
4055727
4055847
4057385
4057406
4057936
4058083
4058844
4058981
4059419
4060228
4061276
4061727
4061902
4062224
4062275
4062578
4130403
4131240
4132728
4133028
4133388
4133572
4133867
4134172
4135114
4136178
4140323
4140874
4141243
4141452
4143033
4144884
4146337
4146690
4147160
4147605
4148279
4182620
4182763
4182907
4182937
4183022
4183341
4183441
4183949
4184201
4184300
4185207
4185783
4185936
4185988
4186449
4187062
4187391
4187564
4187591
4187622
4187642
4188185
4188299
4188439
4188494
4188567
4188757
4188925
4189085
4189544
4189717
4191044
4191351
4191568
4191613
4191686
4191919
4192382
4192386
4192517
4192715
4192786
4193033
4193049
4193081
4193188
4193413
4193592
4193914
4193943
4194347
4194381
4194536
4194606
4194724
4195106
4195269
4195431
4196251
4196765
4197118
4197505
4197527
4197631
4197906
4198356
4198397
4198563
4198925
4199387
4199490
4199677
4200197
4200435
4200441
4200982
4201533
4201635
4202066
4202448
4202460
4202701
4203369
4203944
4204163
4204319
4204372
4205023
4205153
4206379
4206784
4207164
4208170
4208766
4208795
4209571
4210038
4210155
4211065
4211584
4211603
4211630
4211808
4212164
4212296
4286332
4286425
4287042
4288520
4289214
4290525
4291508
4292432
4293587
4293971
4294187
4294690
4295148
4295271
4295427
4295679
4295793
4295879
4296473
4297381
4297814
4298325
4298542
4298714
4299110
4299254
4300023
4300112
4300244
4300316
4300387
4301006
4301101
4301101
4301243
4301657
4302171
4302272
4303130
4303196
4303393
4303833
4304080
4304108
4304654
4305225
4305324
4305700
4305867
4305912
4306032
4306379
4306515
4306611
4306987
4307009
4307078
4307337
4307359
4307681
4308429
4308726
4308899
4309015
4309365
4309461
4309515
4309958
4310154
4310413
4311033
4311277
4311855
4312327
4312394
4312765
4312901
4313061
4313126
4313193
4313721
4313822
4314482
4315075
4315218
4315346
4315356
4316211
4316385
4316604
4316865
4316871
4317057
4317661
4317682
4318856
4319298
4320341
4320999
4322431
4323726
4324155
4326061
4326855
4327005
4356374
4440304
4441200
4441361
4442013
4443193
4443366
4444343
4445421
4446484
4450761
4451787
4451903
4452658
4453366
4454097
4454631
4454874
4456131
4456779
4457280
4457734
4458493
4469499
4477057
4477530
4478726
4479645
4480384
4481136
4481299
4481819
4483335
4484824
4485301
4485864
4486209
4486327
4487083
4487138
4487250
4490808
4490834
4493812
4493935
4494659
4496224
4496462
4496491
4496654
4498125
4498188
4498246
4498326
4499269
4499412
4501162
4501547
4503302
4503698
4503873
4504467
4506819
4506959
4507311
4507449
4507650
4507939
4508600
4508858
4509184
4509575
4511255
4539045
4539330
4539395
4539680
4539708
4539993
4540312
4540350
4540357
4540534
4540698
4540996
4541355
4541870
4542178
4542236
4543693
4543778
4544196
4544232
4544311
4544468
4544587
4544677
4545192
4545458
4545785
4545895
4545907
4546271
4547111
4547182
4547250
4547326
4547338
4548018
4548167
4548272
4548987
4549222
4549352
4549407
4549415
4550015
4550334
4550889
4550933
4551321
4551574
4551823
4551973
4552264
4552288
4552751
4553001
4553834
4553972
4554118
4554223
4554269
4554716
4554994
4555284
4555587
4555643
4555677
4555751
4556294
4556890
4576887
4621984
4624497
4629696
4630045
4631116
4631217
4631436
4631598
4632888
4633668
4634334
4634544
4634630
4634903
4634907
4635332
4636392
4636870
4637226
4637341
4637354
4637354
4637450
4637744
4640074
4653695
4653886
4654738
4655743
4656907
4657164
4658619
4661260
4663303
4663620
4664079
4665587
4665692
4665816
4667783
4667857
4667963
4668470
4668960
4670235
4670739
4670940
4670977
4671160
4671727
4671833
4672154
4672331
4672479
4672823
4672852
4673198
4673280
4673514
4673734
4673871
4674012
4674172
4674299
4674327
4674476
4674823
4674853
4675939
4676744
4677054
4677324
4677627
4678467
4678527
4678630
4678810
4679048
4679190
4679240
4679497
4679897
4680192
4680836
4680875
4696263
4745770
4769561
4770879
4771100
4771104
4772085
4772345
4772698
4772799
4772810
4773161
4773326
4773359
4773842
4774051
4774158
4774407
4774554
4775005
4775355
4775379
4775478
4775639
4776023
4776360
4776514
4776660
4776774
4776958
4777091
4778023
4778028
4778283
4778337
4778719
4778881
4779143
4779467
4779501
4779716
4779788
4779884
4780031
4780223
4780408
4780462
4780734
4780829
4780918
4781127
4781191
4781414
4781608
4781780
4782047
4782135
4782935
4783763
4783895
4784156
4784389
4784449
4784468
4784927
4785165
4785716
4785946
4786086
4786731
4786967
4787834
4787851
4787991
4788280
4788357
4788713
4788720
4790091
4790569
4791186
4791687
4791995
4792678
4792755
4793012
4793141
4793701
4794342
4794366
4795319
4795433
4795695
4795708
4795760
4795917
4796618
4796986
4797143
4797165
4797274
4797345
4797524
4797744
4798132
4798352
4799062
4799092
4799117
4799724
4800324
4800341
4800481
4800834
4801182
4801493
4802023
4802371
4802378
4802581
4802881
4803036
4803627
4803841
4804291
4804739
4804904
4805000
4805548
4805859
4806058
4806946
4806978
4807014
4807622
4808202
4808216
4808830
4808852
4808949
4808955
4808966
4809284
4809655
4809716
4810364
4810576
4810740
4810991
4811060
4811164
4811198
4811229
4811478
4811519
4811634
4811741
4812145
4812459
4813809
4814134
4814401
4814524
4814580
4814625
4814696
4815088
4815192
4815204
4815286
4815547
4815921
4816659
4817068
4817200
4817562
4817898
4818945
4819165
4819447
4819869
4820028
4820362
4820873
4821077
4821107
4821794
4822451
4822833
4824147
4824177
4824374
4824719
4825080
4825355
4825398
4825486
4827151
4827569
4828011
4828907
4829241
4829617
4830285
4830927
4846209
4846377
4846393
4846492
4846824
4848405
4848462
4849161
4849662
4852244
4852704
4854262
4854372
4854501
4855909
4856320
4857053
4858536
4858762
4858786
4859082
4859497
4859538
4859772
4860554
4861618
4861656
4861708
4861740
4861986
4862361
4862475
4863693
4864163
4864195
4864227
4864557
4864696
4864902
4864966
4865137
4865162
4865623
4865758
4866762
4867144
4867401
4867794
4867918
4868808
4868915
4868979
4869719
4869778
4869882
4869925
4869929
4870070
4870836
4871006
4871069
4871083
4871345
4871346
4871752
4872306
4872316
4872330
4872446
4872610
4872763
4873183
4873742
4873998
4874204
4874344
4874499
4874789
4874831
4874969
4875301
4875439
4876283
4876302
4876701
4877229
4877306
4877394
4877549
4877610
4877659
4878077
4937745
4938090
4938746
4939772
4942103
4942947
4943039
4943258
4943428
4944839
4945351
4945440
4945984
4947716
4947875
4949128
4949473
4950060
4950402
4951054
4951402
4951638
4952571
4952611
4968024
4968517
4969270
4971117
4972416
4974269
4974929
4975032
4975388
4979314
4979576
4980638
4982904
4983280
4983901
4983943
5020266
5020309
5020485
5020677
5021082
5021398
5021774
5022043
5022298
5024157
5024696
5024722
5024752
5024924
5025277
5025324
5025370
5025376
5025633
5025673
5026054
5026200
5026269
5026280
5026554
5026572
5026883
5027495
5027692
5027704
5027717
5027801
5027951
5028736
5028853
5029329
5029524
5030493
5030586
5030654
5030832
5031150
5031200
5031262
5031964
5032121
5032308
5032578
5033156
5033337
5033589
5033689
5033806
5033817
5034804
5034966
5035094
5035097
5035435
5035483
5035724
5035835
5036921
5037007
5037209
5037357
5037415
5037458
5037780
5038578
5038990
5039189
5039341
5039362
5039372
5039398
5039917
5040376
5040377
5040417
5040622
5040966
5041201
5041831
5043243
5043246
5043451
5043631
5043894
5044663
5044763
5045202
5045825
5046709
5047047
5047356
5047388
5047735
5047810
5047844
5048158
5048617
5048620
5048695
5049090
5049783
5049876
5050326
5051254
5051400
5051489
5052011
5052082
5052245
5052642
5053126
5053233
5053614
5053757
5053803
5054258
5054550
5054558
5055378
5055452
5055495
5055879
5056076
5056472
5056715
5056744
5057408
5057538
5057813
5058139
5058302
5058681
5058817
5059107
5059467
5059597
5059982
5060031
5060091
5060282
5060469
5060998
5061004
5061165
5061487
5062120
5062184
5062598
5063187
5063610
5063963
5064728
5194007
5195094
5196114
5196201
5197873
5199114
5200692
5201109
5201225
5201289
5201354
5201518
5201864
5202781
5203168
5203550
5204102
5204167
5205712
5206007
5206071
5206382
5206703
5206751
5207053
5207361
5209162
5209753
5211278
5212001
5212075
5212522
5241027
5241832
5242154
5242921
5242958
5244540
5245738
5245886
5246491
5246849
5247325
5247610
5247633
5248802
5249187
5249406
5252229
5253990
5254007
5254104
5254262
5254603
5254624
5254853
5254866
5255111
5255397
5255406
5255544
5255738
5255765
5255817
5255965
5256294
5257606
5257810
5257849
5258272
5258344
5258444
5258683
5259222
5259817
5260367
5260445
5260838
5261046
5261685
5261908
5262953
5263526
5263822
5264043
5264206
5264265
5264552
5264784
5265127
5265517
5265668
5265935
5326343
5335804
5359207
5359296
5359464
5359640
5359868
5359988
5360105
5360274
5360886
5361089
5361570
5362078
5362227
5362737
5362804
5362926
5363239
5364085
5364138
5364350
5364957
5365020
5365279
5365292
5365714
5365961
5366601
5367173
5367450
5368395
5368573
5368614
5368645
5369963
5370036
5370732
5371489
5372481
5372788
5372897
5373838
5374363
5374563
5375209
5375212
5390240
5392128
5392985
5393226
5395013
5395526
5395763
5395986
5398195
5398733
5398926
5399222
5402111
5402196
5402502
5402585
5403813
5403906
5404044
5404519
5466280
5466576
5467114
5467274
5467611
5468051
5468186
5468954
5470143
5470461
5471049
5471078
5471156
5471991
5472428
5472842
5473726
5473863
5474080
5474255
5474350
5474725
5474971
5475077
5475658
5475956
5476354
5476682
5477075
5477329
5477592
5477698
5478170
5478363
5478477
5479002
5479150
5479641
5479782
5480042
5480361
5481043
5481082
5481094
5481122
5481147
5481567
5481946
5482295
5482531
5482584
5482880
5484566
5485108
5485826
5487464
5491557
5491814
5492886
5493945
5499942
5502124
5502176
5502312
5502457
5502654
5503099
5503342
5503467
5504125
5504260
5504676
5504816
5505053
5505964
5505985
5506023
5506137
5506339
5506551
5506671
5506704
5507740
5508253
5508276
5508531
5508540
5508569
5508608
5508922
5509037
5509147
5509184
5509520
5509681
5509986
5510352
5510434
5510772
5511402
5512046
5512201
5512205
5512412
5512893
5513118
5513122
5513524
5513597
5513862
5513992
5514396
5514430
5514662
5515424
5515606
5515655
5516057
5516194
5516208
5516472
5516764
5516820
5517023
5517362
5517749
5517879
5533892
5534014
5534113
5534251
5536007
5536264
5536422
5536459
5536619
5537235
5537502
5537724
5537890
5538041
5538154
5538272
5538339
5538652
5538721
5538753
5538860
5539026
5539358
5539436
5539607
5539665
5540046
5540177
5540372
5541258
5541480
5542113
5542163
5542532
5543591
5543608
5544034
5544501
5544573
5544705
5545007
5545616
5545924
5546367
5546466
5546683
5546818
5546940
5547050
5547456
5547813
5548310
5548468
5548504
5549472
5549664
5550759
5550770
5550885
5551449
5551509
5551523
5552082
5552176
5552390
5552600
5553713
5554226
5554993
5555194
5555474
5555661
5555787
5556326
5556575
5556691
5557253
5557282
5558160
5558546
5558727
5560054
5560065
5560319
5561936
5562295
5562445
5562724
5562838
5563508
5564410
5564827
5564991
5565034
5565140
5565325
5567762
5567918
5569117
5569425
5570585
5585175
5585400
5585463
5585597
5586111
5586815
5586857
5587341
5588644
5589005
5590202
5590498
5590661
5591236
5591546
5591607
5591987
5593143
5593196
5593345
5593488
5594289
5595454
5595736
5597007
5597258
5597782
5597956
5598263
5599168
5599187
5599207
5599601
5599834
5600483
5601147
5637129
5637529
5638251
5638319
5639953
5640128
5640656
5640817
5640920
5640931
5641646
5641889
5641920
5642341
5643840
5643992
5644346
5644716
5644791
5645315
5645702
5646036
5646677
5646784
5646789
5646872
5646889
5647124
5647470
5647480
5648053
5648201
5648398
5648572
5648713
5648816
5648966
5648988
5649394
5650648
5650667
5650739
5650972
5651490
5651782
5651786
5651912
5652161
5652294
5652462
5652642
5653556
5762291
5770467
5776983
5781658
5803829
5804033
5804745
5805373
5805663
5805705
5805943
5806498
5806752
5807493
5807735
5808397
5808547
5808839
5808926
5809582
5809676
5811415
5812034
5812186
5812358
5812482
5812700
5813219
5813221
5813376
5813599
5813684
5814868
5815045
5815714
5815987
5816227
5816468
5816549
5816919
5817335
5817748
5817868
5818222
5819198
5819231
5819375
5819968
5820937
5866031
5866541
5867073
5867415
5868894
5869099
5869736
5869808
5870053
5870770
5871682
5873525
5874788
5875649
5876835
5879648
5879829
5880626
5880918
5880940
5881234
5882770
5884470
5885287
5885693
5887355
5887382
5887765
5889282
5890612
5893471
5893731
5958664
5962219
5962502
5969149
5971811
5972250
6009883
6011918
6012083
6012959
6013831
6014348
6014395
6014903
6017992
6018758
6020319
6021524
6024459
6024520
6025924
6028641
6036116
6037655
6039668
6040612
6043111
6043416
6044620
6045261
6125036
6125717
6125889
6126540
6126647
6127128
6129450
6130009
6130512
6130562
6130784
6131516
6132090
6132328
6132894
6134282
6135162
6135289
6135422
6136049
6136341
6136367
6136706
6136761
6136851
6137491
6137800
6137801
6138259
6139078
6139206
6139221
6139612
6139659
6139877
6140088
6140339
6140565
6140583
6140745
6140893
6141657
6142211
6142665
6143719
6144285
6144412
6144442
6144875
6144938
6145228
6145760
6146744
6147101
6147457
6147762
6148185
6148513
6149596
6149646
6149757
6150103
6150191
6150307
6151641
6152059
6152291
6153363
6153529
6154284
6238858
6238936
6238960
6239365
6239641
6240225
6240911
6240985
6241175
6241460
6242131
6242431
6243491
6243681
6243776
6243888
6243912
6244199
6244666
6244748
6244940
6244981
6245069
6245576
6245950
6246074
6246701
6246843
6247076
6247922
6247995
6248304
6249094
6249377
6249559
6249909
6249941
6250393
6251027
6251426
6251780
6252036
6252609
6252914
6253250
6253612
6253940
6254373
6254398
6254808
6254865
6255195
6255498
6262044
6299752
6300794
6309322
6310709
6328298
6328452
6328576
6330153
6330203
6330414
6330806
6331445
6331531
6331725
6331760
6332130
6332243
6332549
6332684
6332716
6332851
6332854
6332966
6333275
6333688
6334084
6334202
6334337
6334682
6334905
6335095
6335147
6335270
6335350
6335724
6335850
6336266
6336373
6336384
6337188
6337953
6338054
6338530
6338684
6338741
6338878
6339712
6339727
6340388
6340540
6340584
6340902
6341001
6342891
6344043
6350348
6356258
6356369
6356418
6356424
6356637
6357060
6357071
6357315
6357850
6357915
6358696
6359722
6359798
6359917
6361916
6362549
6362739
6362883
6362945
6363012
6363046
6363377
6363794
6363819
6364158
6365590
6366349
6366352
6366570
6366695
6366802
6367164
6367246
6367299
6367607
6367872
6370439
6370518
6370538
6370823
6371009
6371913
6371944
6372178
6372743
6373195
6374177
6374325
6374416
6375075
6375300
6376481
6376669
6376728
6377089
6378961
6379043
6379081
6379212
6379434
6379954
6380379
6380460
6381019
6381136
6381855
6383447
6383681
6383900
6383914
6384171
6384457
6384675
6385043
6385329
6385359
6385780
6385880
6385923
6386045
6386163
6387759
6388649
6389159
6389883
6390967
6391001
6391019
6391138
6391966
6392620
6393050
6393135
6393467
6394602
6395122
6395726
6396932
6397095
6397203
6399020
6399306
6399322
6401895
6402449
6402478
6402649
6403146
6403929
6404736
6405779
6410705
6419833
6448779
6449037
6449367
6450232
6451227
6451670
6451740
6452091
6452179
6452194
6452246
6452295
6452968
6453049
6453328
6454660
6455403
6455850
6456105
6456279
6456443
6456735
6457175
6457323
6457414
6457620
6457901
6458441
6458651
6459141
6459260
6459871
6460091
6460516
6460542
6460620
6461264
6461436
6461604
6462154
6462734
6462880
6463002
6467501
6467612
6475029
6475637
6529998
6530142
6531094
6531591
6531915
6531964
6532005
6532039
6532598
6532742
6533055
6533569
6533935
6534078
6534670
6534769
6534946
6535053
6535211
6535998
6536488
6536500
6536762
6537044
6537125
6538247
6539048
6539103
6539718
6539792
6539873
6540026
6540423
6541305
6541378
6542102
6542347
6542458
6542563
6542610
6542615
6542622
6543335
6543653
6543849
6544002
6544799
6544863
6545387
6545565
6545679
6545705
6587381
6589096
6591276
6591555
6598629
6599743
6601106
6602798
6604034
6605058
6605311
6605479
6605738
6605966
6605973
6606202
6606272
6606673
6607436
6608977
6609362
6609563
6610469
6610514
6610897
6610937
6612364
6612381
6613046
6613298
6613687
6613786
6613906
6614007
6614473
6614571
6614775
6616367
6616601
6703207
6709872
6710322
6711712
6712643
6753861
6754022
6756641
6756682
6758911
6761154
6763561
6767538
6767605
6824370
6825533
6827536
6827620
6830229
6831883
6832813
6833248
6834596
6834597
6835260
6835838
6836607
6837096
6838048
6838176
6838835
6839573
6839738
6840305
6840377
6868130
6868148
6868217
6869142
6869440
6869544
6869635
6870412
6871271
6872241
6872436
6873197
6873265
6873900
6873932
6874133
6874316
6874348
6874540
6875209
6875219
6875369
6875780
6875911
6876705
6877110
6877280
6877423
6877870
6879205
6879562
6879688
6880563
6880619
6881270
6881812
6881964
6882045
6882673
6882784
6883216
6883257
6883401
6883442
6883507
6883746
6884055
6884066
6884480
6884600
6884992
6885294
6885486
6885665
6886194
6886599
6886693
6887176
6887221
6887299
6888451
6888466
6888695
6889365
6889467
6890857
6891031
6891177
6891744
6891962
6892044
6892455
6892773
6892847
6893117
6893205
6893908
6894403
6894537
6894703
6894750
6894829
6894875
6895121
6895581
6895605
6895763
6895823
6896127
6896267
6896275
6896597
6897207
6897395
6897703
6897750
6898346
6898874
6898897
6899183
6899288
6899320
6899425
6899570
6900245
6900553
6900582
6900756
6901878
6903052
6907089
6908439
6914040
7091875
7093751
7094128
7094350
7099846
7100481
7102257
7102890
7104233
7106038
7139131
7139341
7140489
7140556
7140701
7140827
7141358
7141391
7141889
7142204
7142209
7142757
7143626
7143874
7143978
7144307
7144348
7144477
7144657
7145662
7145957
7146637
7146668
7146680
7146823
7146898
7147105
7147237
7147563
7147636
7148058
7148062
7148653
7149050
7149110
7149386
7149688
7150255
7150567
7150862
7151241
7151985
7152047
7152544
7153135
7153157
7153528
7154152
7154341
7154864
7155174
7155296
7155628
7155727
7156041
7156134
7156837
7157243
7157492
7158060
7158204
7158598
7163937
7193999
7195562
7196387
7197087
7197988
7198867
7202285
7202548
7302212
7303548
7303588
7303751
7303963
7304703
7304744
7304994
7305151
7305528
7307136
7307235
7307391
7307411
7307596
7308989
7310092
7311071
7311330
7312077
7312474
7313501
7313589
7313786
7313990
7314214
7314234
7314464
7315510
7315791
7316170
7316688
7316793
7316832
7317023
7317477
7318233
7318343
7318753
7318756
7318854
7318998
7319007
7319307
7320009
7333924
7334311
7334510
7335250
7336348
7336383
7336619
7336694
7337996
7338098
7338341
7338426
7338974
7340192
7340301
7340347
7340670
7341180
7342210
7342364
7342525
7343952
7344266
7344497
7344642
7417904
7418231
7418300
7418531
7421305
7421748
7421903
7422524
7422599
7422954
7425662
7425783
7426188
7427107
7490137
7490462
7490722
7491141
7491232
7491697
7492053
7492903
7493709
7494814
7495664
7495886
7497037
7498599
7498691
7499192
7499436
7500086
7500128
7501040
7501766
7501861
7502668
7503006
7504146
7504340
7505154
7505562
7505644
7506805
7506897
7508006
7623625
7630317
7630332
7719876
7719933
7720136
7720198
7720523
7720733
7720828
7721215
7721362
7721506
7721986
7722017
7722126
7722200
7723172
7723297
7723387
7723428
7723835
7723943
7724227
7724273
7724338
7724561
7724692
7724701
7725230
7725414
7725713
7725732
7726048
7726105
7726408
7726519
7726742
7726983
7727188
7727237
7727433
7727614
7727617
7727934
7728095
7728135
7728408
7728524
7728694
7728809
7728817
7728873
7728922
7729591
7729641
7729996
7730056
7730067
7730075
7731136
7731145
7731381
7731748
7732230
7732463
7732924
7733093
7734048
7769696
7772780
7774295
7774766
7782778
7783234
7785442
7786413
7786958
7787616
7787966
7816787
7817825
7818818
7818844
7819096
7819166
7819340
7819619
7820620
7820644
7820931
7821172
7821288
7821422
7821463
7821663
7822126
7822651
7823152
7823223
7823342
7823538
7823717
7824019
7824101
7824200
7824271
7824280
7824865
7825247
7825756
7825869
7825935
7825936
7825984
7826018
7826666
7826871
7827077
7827093
7827341
7827563
7828136
7828388
7828887
7829220
7829228
7830319
7831012
7831238
7831260
7831768
7832551
7832701
7832704
7833558
7834461
7835084
7836258
7837681
7838345
7838784
7839325
7839708
7839910
7840329
7840852
7841677
7842243
7842413
7842581
7842621
7842933
7842941
7843075
7843466
7844292
7844371
7844958
7845842
7846906
7848199
7848513
7878314
7879320
7879507
7879675
7880292
7880698
7880723
7880912
7881768
7882510
7882515
7883016
7883119
7883214
7883444
7883468
7884145
7884443
7884679
7885187
7885398
7885876
7886252
7886747
7887076
7887289
7887311
7887327
7887552
7887726
7889338
7889610
7901951
7902340
7903600
7904353
7904392
7904653
7904890
7905202
7905665
7906116
7906369
7906522
7906611
7906796
7907148
7907325
7907367
7907592
7907654
7908077
7908516
7908755
7908897
7908902
7909262
7909788
7909941
7910293
7910544
7911173
7911191
7911255
7911752
7911862
7911924
7912161
7912268
7912290
7912298
7912320
7912494
7912789
7913313
7913360
7913721
7913734
7913906
7914057
7914382
7914929
7915018
7915505
7915888
7915962
7915963
7916128
7916163
7916243
7916699
7917022
7917101
7917368
7917704
7917759
7917954
7918448
7918532
7918677
7968252
7969131
7969570
7969796
7970255
7970818
7972230
7972409
7974661
7974729
7975247
7975402
7975678
7975755
7975775
7976062
7976120
7976401
7977312
7978148
7979190
7979783
7980609
7981388
7981991
7982392
7982941
7983249
7983452
7983479
7984064
8065701
8065756
8065788
8066282
8066434
8066533
8066561
8066691
8067343
8067721
8068170
8068532
8068709
8069116
8069203
8069314
8069821
8070678
8070736
8071252
8071344
8071390
8072022
8072080
8072596
8072712
8072794
8072998
8073155
8073157
8073298
8073632
8073801
8074041
8074858
8074893
8075062
8075114
8075481
8077368
8077399
8078062
8078596
8096894
8173303
8174542
8175403
8176756
8180256
8184909
8213585
8217862
8217899
8219239
8225735
8226178
8227296
8262987
8264799
8264805
8270787
8324689
8324881
8325141
8325526
8325623
8325731
8325827
8325871
8326086
8326463
8326487
8326645
8327164
8327366
8329375
8329832
8329909
8330063
8330369
8330579
8330674
8330892
8330909
8331668
8332239
8332676
8332767
8333306
8333456
8333459
8333587
8333865
8333947
8334104
8334316
8334335
8334892
8335355
8335695
8335703
8335912
8336305
8336401
8336874
8337722
8337905
8338052
8338113
8338170
8338486
8338718
8338936
8339121
8339426
8340011
8340305
8340654
8341346
8341450
8341553
8342296
8342894
8342950
8385011
8385120
8385324
8385997
8386367
8386369
8386444
8386938
8387874
8388539
8389382
8389398
8390020
8390139
8390211
8391003
8391143
8391209
8391238
8391266
8391649
8391905
8392495
8392519
8393353
8393588
8394368
8394532
8394658
8394683
8394916
8394939
8395144
8395322
8395980
8395984
8396106
8396157
8396214
8396684
8396696
8396874
8397503
8397562
8397635
8398220
8398437
8398607
8399452
8399689
8399770
8400230
8400319
8400527
8400568
8401141
8401244
8418586
8419051
8420913
8421449
8422311
8422531
8423737
8424260
8424684
8424716
8425844
8427100
8429388
8430378
8430582
8431040
8434015
8464507
8464584
8465230
8465623
8466085
8466182
8466256
8467344
8467854
8467955
8468022
8468035
8468517
8468835
8469371
8469412
8470012
8470318
8470504
8470584
8470912
8471011
8471409
8471655
8472184
8472301
8472704
8472827
8472942
8473156
8473360
8473589
8473725
8473838
8474181
8474969
8474971
8475284
8475425
8475686
8476116
8476263
8477067
8477646
8477674
8477819
8478198
8478358
8478568
8479170
8479318
8479319
8479387
8479610
8479772
8479890
8480246
8480584
8481106
8482203
8482579
8483166
8483500
8484406
8484519
8485089
8485482
8486929
8488153
8488837
8489420
8489459
8490262
8490338
8490839
8562490
8564489
8564708
8566017
8567215
8567528
8568343
8568966
8569209
8569793
8570013
8570483
8571739
8572609
8573497
8573876
8576215
8576725
8579349
8583400
8583986
8687691
8691847
8693516
8707548
8710917
8711123
8712713
8712987
8714206
8714216
8715210
8715545
8715562
8715879
8716649
8717366
8719765
8721702
8724327
8724800
8725213
8832483
8832581
8832982
8833542
8834063
8834429
8834437
8834578
8834707
8834708
8835003
8835059
8837081
8837108
8837177
8837247
8837294
8837886
8837959
8838008
8838173
8838531
8838594
8838654
8838732
8839782
8839857
8839974
8840153
8840247
8840595
8841077
8841240
8841758
8841807
8842036
8842254
8842283
8842310
8842628
8842879
8843056
8843271
8843326
8844212
8844438
8845163
8845259
8845334
8845627
8845960
8845987
8846759
8847022
8847430
8848174
8848394
8848504
8848680
8848705
8848940
8849216
8849227
8849471
8849937
8849940
8850170
8852675
8856159
8856473
8856591
8857359
8858034
8858321
8859753
8860182
8860649
8862180
8862571
8863511
8863645
8863918
8864059
8865261
8867647
8867989
8868060
8870762
8871384
8872873
8874491
8874569
8875218
8875254
8875331
8875624
8875668
8875910
8876709
8877319
8877331
8877715
8936217
8936493
8936659
8937345
8937824
8937837
8937881
8938695
8938833
8938922
8939023
8939137
8939255
8939398
8940078
8940235
8940570
8940954
8941331
8941334
8941941
8941956
8942054
8942072
8942285
8942474
8943085
8943136
8943216
8943794
8943866
8943993
8944198
8944457
8944508
8944558
8945004
8945162
8945518
8945746
8945947
8946568
8946908
8947443
8947783
8947821
8948299
8948426
8949177
8949472
8949693
8949745
8949757
8950092
8950994
8951141
8951170
8951195
8981512
8982081
8982995
8983375
8985223
8985939
8986449
8986491
8986686
8988654
8989690
8990060
8990303
8990460
8991531
9011247
9011935
9013935
9014067
9014126
9014517
9014685
9014750
9015022
9015051
9015680
9015845
9016005
9016586
9016755
9017275
9017300
9017592
9019338
9019925
9020421
9020586
9024447
9024517
9024936
9024982
9059660
9059972
9062708
9106196
9106359
9106460
9106562
9106598
9106821
9107007
9107052
9107263
9107382
9107512
9107797
9107857
9107964
9108016
9108273
9108344
9109157
9109451
9110106
9110110
9110127
9110322
9110991
9111030
9111384
9111401
9112245
9112543
9112602
9112671
9112826
9112996
9113002
9113039
9113305
9113573
9113703
9114193
9114586
9114809
9114958
9115530
9115664
9115713
9116139
9116164
9116366
9117427
9117599
9117960
9118144
9118337
9118430
9118510
9118905
9119078
9119289
9119348
9119433
9119464
9119776
9120069
9120317
9120551
9120651
9121510
9121855
9122118
9122219
9122229
9122400
9122493
9122660
9122687
9123180
9123208
9123224
9123363
9123389
9123429
9123636
9124050
9124113
9124175
9124729
9125324
9125793
9126485
9126616
9128129
9129238
9129331
9129614
9132776
9133647
9134544
9134843
9135288
9136739
9137208
9137295
9167524
9170353
9171991
9174442
9175074
9175131
9176654
9178222
9179130
9185940
9192064
9192443
9192900
9193178
9195964
9196200
9197485
9197650
9198076
9199492
9199940
9203366
9203677
9225917
9233776
9271484
9271760
9272116
9272865
9274347
9275155
9275780
9276959
9277026
9277282
9277301
9277929
9278375
9280605
9280797
9280956
9281223
9282265
9282328
9282959
9283329
9284242
9284393
9285030
9286011
9286471
9286745
9287091
9287895
9288406
9288484
9288550
9302351
9302438
9302748
9303032
9303318
9303720
9304066
9304600
9304672
9305544
9306312
9306585
9306590
9306619
9306681
9307513
9307626
9307754
9308011
9308143
9308707
9308770
9308892
9309077
9310157
9310282
9310485
9311081
9311386
9311472
9311487
9311860
9311976
9312284
9312443
9312494
9312527
9312977
9313486
9314025
9314290
9314367
9314638
9315064
9315169
9315344
9315929
9316300
9316440
9317123
9317469
9317703
9317928
9318370
9318435
9318665
9318702
9319175
9319468
9319656
9319989
9334451
9336710
9336881
9337428
9338051
9338620
9339090
9339190
9340620
9340773
9341050
9341224
9343026
9343985
9345052
9445575
9446847
9448350
9479315
9479704
9480038
9480507
9481695
9481765
9482609
9483911
9484087
9484140
9484569
9484680
9484845
9485430
9485520
9485543
9485659
9486304
9486444
9486558
9487486
9487846
9489236
9558586
9564554
9565212
9566180
9567259
9567807
9687941
9688297
9689015
9689141
9689192
9689603
9690005
9690498
9690549
9692323
9692983
9693442
9695786
9696877
9698130
9711725
9711895
9711934
9712713
9712921
9713108
9713316
9713328
9713386
9713769
9713973
9713988
9714201
9714569
9714715
9714852
9715021
9715155
9715674
9716008
9716483
9716698
9717008
9717016
9717032
9717037
9717059
9717391
9717404
9717489
9717670
9717719
9718171
9718447
9718944
9719035
9719039
9719254
9719549
9721318
9721367
9721985
9722233
9722726
9723103
9741770
9746666
9746860
9749146
9749792
9754459
9754751
9768344
9769600
9770959
9772387
9776509
9778003
9778211
9778546
9779873
9781338
9782344
9785718
9785844
9786041
9787839
9788501
9789101
9789251
9851977
9856313
9859785
9861717
9861905
9862081
9862274
9862358
9862520
9862997
9863250
9863351
9864250
9864286
9864344
9864437
9864643
9864779
9864793
9865379
9865447
9865768
9866094
9866183
9866822
9867311
9868012
9868272
9868412
9869053
9869103
9869396
9869918
9870739
9870958
9871016
9871285
9871484
9871664
9871897
9872034
9872094
9872405
9936669
9939602
9940274
9942605
9943687
9945624
9947922
9948042
9951730
9952072
9952268
9952620
9952902
9953256
9954048
9954874
9955822
9956529
9956600
9957425
9957891
9959991
9960557
9960686
9961089
9961386
9962423
9962454
9963252
9963572
9963936
9964140
9964401
9964573
9964624
9964671
9964679
9965119
9965812
9966052
9966225
9966245
9966496
9966572
9966725
9967181
9967338
9967344
9967514
9968914
9968940
9969142
9969271
9969425
9969481
9970005
9970442
9970519
9970791
9970923
9971209
9971230
9971365
9971979
9971988
9972083
9972227
9972889
9973019
9974029
9974689
9974776
9974831
9975100
9975325
9976444
9977014
9977580
9977601
9977684
9977909
9977916
9978023
9978040
9978105
9978247
9978666
9978881
9979418
9979591
9980241
9980262
9980390
9980630
9980914
9980935
9981048
9981433
9981837
10103558
10103742
10103964
10104099
10104511
10104651
10104715
10105066
10105112
10105429
10105858
10106035
10106254
10106366
10106542
10107316
10107653
10108035
10109197
10109248
10109512
10110444
10110445
10110772
10111049
10111215
10111518
10111636
10112747
10113414
10113541
10113569
10114069
10114573
10115380
10115432
10164663
10181861
10217865
10218457
10218526
10218543
10218682
10218773
10218794
10218881
10218955
10219104
10219701
10219819
10220456
10220565
10220606
10221055
10221148
10221167
10221323
10222106
10222152
10222211
10222936
10223202
10223538
10223793
10223880
10224925
10224954
10225193
10225346
10225544
10225763
10225862
10226247
10226350
10226985
10227111
10227197
10227350
10227520
10227615
10227741
10227771
10228158
10228354
10228770
10228806
10229222
10229601
10229890
10230155
10230185
10230253
10230717
10230941
10231078
10231205
10231304
10231418
10231480
10232142
10232236
10232442
10232445
10233358
10233453
10233461
10233525
10233635
10233817
10233868
10234108
10234160
10234183
10234333
10234370
10234737
10234874
10234994
10235194
10459429
10460140
10463569
10464323
10466112
10525360
10527415
10529600
10530303
10531170
10532899
10532975
10534563
10534702
10539000
10540441
10541132
10541904
10543369
10543393
10544102
10544212
10544657
10545899
10546214
10546848
10547586
10547673
10547916
10549491
10549618
10550563
10550574
10550756
10550883
10551172
10551314
10552202
10552447
10552523
10553132
10553183
10553364
10553742
10555088
10555290
10555531
10555740
10555999
10556654
10556906
10556919
10557539
10558095
10558333
10558794
10559410
10559445
10559493
10559521
10560086
10560380
10560514
10560737
10560804
10560920
10561691
10562550
10563249
10563464
10564905
10565595
10566247
10566339
10566699
10567782
10567796
10567955
10568473
10569093
10569145
10569470
10569591
10569720
10570014
10570083
10570906
10571035
10571287
10572057
10572419
10572471
10572724
10572888
10625521
10629618
10631930
10632117
10632470
10632643
10633272
10633773
10633796
10633846
10634135
10634273
10634475
10634511
10634576
10634965
10635239
10635580
10635760
10635974
10636077
10636100
10637345
10637710
10638728
10639374
10640021
10640186
10640207
10640554
10640699
10640731
10640789
10641026
10641325
10641895
10642049
10642235
10644648
10708991
10709095
10711809
10713369
10714530
10734229
10734265
10734328
10734763
10736667
10737138
10737141
10738009
10738664
10738707
10739209
10739482
10741089
10741099
10741556
10741699
10742099
10742152
10743582
10745438
10746266
10746944
10764952
10765054
10765152
10765498
10765783
10766086
10766260
10767134
10767194
10767227
10767447
10767605
10767623
10767662
10768821
10769045
10769132
10769566
10769691
10769820
10770356
10770689
10770807
10770851
10771485
10771623
10771872
10772060
10772132
10772263
10772374
10772448
10772519
10772527
10773180
10773275
10773527
10773573
10774008
10775987
10776424
10776632
10777128
10777736
10777783
10777851
10779048
10779931
10780068
10780082
10780233
10780282
10780329
10780385
10780463
10781878
10782420
10782496
10782512
10783415
10783496
10783742
10783912
10784007
10784230
10784413
10785387
10785846
10785848
10785860
10786059
10786302
10786589
10787090
10787156
10787189
10787231
10787344
10787547
10787700
10787705
10787743
10788396
10788864
10789314
10789346
10789748
10790170
10790473
10790644
10790967
10791516
10791788
10791989
10792695
10793454
10793491
10793831
10794258
10794571
10794752
10794994
10795161
10795439
10795908
10795987
10796551
10796762
10796932
10797287
10797627
10798187
10798357
10798715
10798979
10799215
10799368
10799589
10799751
10799850
10847983
10847997
10848231
10850838
10852002
10852030
10852085
10852130
10852141
10852208
10853369
10853424
10853596
10853948
10854051
10854070
10854230
10855784
10855996
10856164
10856226
10856662
10856694
10856856
10857020
10857422
10857446
10857600
10857927
10858016
10858032
10858405
10858468
10858579
10859126
10860216
10860253
10860581
10860812
10860981
10861101
10872038
10896527
10896687
10896786
10896881
10897230
10897380
10897740
10897944
10898033
10898282
10898628
10899195
10899587
10900748
10900984
10901238
10901612
10902334
10902592
10902794
10902808
10903265
10903529
10903581
10903919
10904135
10904486
10904591
10905183
10905279
10905313
10905543
10905650
10906215
10906379
10906773
10907194
10907230
10907936
10908160
10908324
10908551
10908568
10908807
10909095
10909285
10909300
10909538
10909674
10909861
10909884
10910212
10910567
10910594
10910795
10911203
10911342
10912143
10912529
10912951
10913107
10913148
10913266
10913373
10949100
10949585
10950262
10951531
10954321
10955809
10956435
10958181
10960398
10960984
10963007
11030384
11032180
11032390
11051980
11052202
11053387
11054223
11054304
11054808
11054885
11055000
11055028
11055269
11055408
11055445
11055498
11055545
11055848
11056072
11056305
11056670
11057046
11057207
11057655
11057860
11058238
11058701
11058965
11059110
11059283
11059523
11059728
11059804
11059925
11060159
11060244
11060434
11060504
11060993
11061153
11061447
11061706
11061870
11061931
11062348
11119610
11174661
11176204
11177114
11177123
11177271
11177313
11177766
11178165
11178364
11178433
11179060
11180085
11180092
11181465
11182123
11186117
11187452
11188201
11188776
11189905
11190867
11197477
11245207
11245268
11245884
11245901
11246192
11246379
11246649
11247175
11247183
11248514
11248533
11248988
11248994
11249147
11249306
11250028
11250313
11250704
11250875
11251148
11251162
11251979
11252012
11252190
11252194
11252195
11253249
11254275
11254548
11255570
11255829
11256622
11258166
11258242
11259032
11259127
11259192
11259644
11259850
11260403
11260438
11260439
11260815
11260824
11260840
11260967
11260985
11363007
11363529
11363603
11363832
11363872
11364990
11365671
11365942
11367385
11368068
11368180
11368522
11368560
11368626
11368656
11369221
11369400
11369484
11369819
11370093
11370144
11370176
11370205
11370502
11370678
11371057
11371258
11371637
11371799
11371914
11372089
11372956
11373157
11373210
11373981
11374580
11374859
11375810
11376077
11376333
11376832
11377107
11377136
11377407
11377597
11378109
11378555
11378882
11378946
11379094
11379284
11379425
11435061
11435149
11435921
11436119
11437742
11437899
11438374
11438950
11439062
11439093
11439777
11440120
11441745
11442312
11443721
11445550
11446935
11447038
11448838
11449114
11452285
11453278
11454117
11455403
11455429
11455752
11457279
11457659
11457728
11458042
11458650
11458729
11458961
11460056
11460736
11461030
11462437
11464111
11464664
11466024
11466126
11466264
11466285
11466824
11467448
11467660
11468540
11468549
11469017
11469232
11469281
11469629
11469783
11470616
11470696
11470703
11470910
11471496
11473261
11473616
11474188
11474550
11475009
11475191
11475661
11475769
11476151
11476315
11476372
11476435
11476715
11476733
11476856
11477316
11477416
11477488
11477838
11478148
11478587
11478700
11478867
11479053
11479393
11479583
11539302
11541197
11544491
11544688
11544916
11546324
11547274
11547407
11547671
11547985
11548285
11548697
11548921
11549165
11549431
11549667
11549701
11549965
11550180
11550539
11550750
11551506
11551929
11552037
11552503
11552553
11553559
11553654
11553658
11553835
11553939
11554016
11554078
11554150
11555193
11555453
11555942
11556061
11556358
11556619
11557436
11557711
11557751
11574408
11574454
11574660
11575466
11575712
11575829
11577062
11577242
11577853
11578269
11578539
11579645
11579717
11580160
11580176
11580209
11580815
11581355
11581611
11582010
11582332
11582746
11582897
11583837
11584050
11584413
11584622
11585532
11585897
11587457
11587971
11587979
11588482
11588653
11588686
11589213
11589483
11590164
11590184
11591027
11602360
11602442
11602481
11602904
11602910
11603171
11603179
11604220
11604267
11604281
11604603
11604615
11604800
11605285
11605528
11605560
11605602
11606215
11606244
11606346
11606444
11606681
11606759
11606905
11607496
11607596
11607753
11607766
11607855
11608246
11608478
11609376
11609503
11610175
11610445
11610803
11610854
11611115
11611539
11626681
11626686
11626802
11627223
11628042
11628290
11628724
11628835
11628900
11629019
11629671
11629768
11630040
11630099
11630125
11630133
11630317
11630468
11630543
11631176
11631185
11631283
11631561
11631800
11631809
11631822
11632061
11632754
11632858
11633112
11634834
11634889
11635059
11635118
11635783
11636128
11636230
11636248
11636353
11636726
11636803
11636929
11637064
11637131
11637919
11637939
11638049
11638089
11638278
11638320
11638507
11638953
11639085
11639210
11639447
11639755
11639949
11640522
11640623
11640701
11640849
11641262
11641270
11641273
11641538
11641701
11641803
11660040
11660892
11661893
11663656
11664498
11665117
11665686
11665887
11666693
11667504
11667842
11667844
11668160
11669000
11669683
11672096
11672229
11672475
11672931
11739225
11743966
11754762
11775691
11851159
11851256
11851734
11852200
11853372
11853617
11854598
11854725
11854855
11855508
11855661
11858381
11860866
11861167
11861443
11861692
11861728
11861841
11863772
11866674
11867005
11942463
11943678
11943727
11944916
11946711
11946783
11946837
11947618
11948114
11948209
11948474
11950258
11950641
11951054
11951245
11952098
11953014
11953650
11954528
11954589
11955068
11955351
11955434
11955566
11955649
11955713
11955980
11956183
11956315
11956869
11957202
11957862
11957991
11958227
11958265
11958412
11958725
11958964
11959066
11959335
11959355
11959693
11959763
11959791
11959837
11960700
11960740
11960777
11960972
11961141
11961414
11961535
11961541
11961643
11961657
11961661
11961776
11961847
11961889
11961994
11962218
11962335
11962465
11962616
11962787
11962997
11963714
11964901
12110634
12111366
12111919
12112338
12112351
12112671
12113439
12114801
12114821
12115309
12115314
12116176
12117698
12117957
12118117
12118499
12118703
12118722
12119004
12119058
12120636
12120751
12120804
12121321
12121333
12121688
12121845
12121868
12122633
12122831
12123361
12123372
12123613
12123962
12123992
12124063
12124498
12124696
12124754
12125148
12125981
12126237
12200557
12201061
12202846
12202867
12203026
12204872
12204921
12205170
12205389
12206185
12207024
12207093
12207262
12207407
12207999
12208722
12209964
12210067
12210244
12211404
12212986
12213235
12213385
12215357
12215847
12215985
12216237
12216270
12216460
12216592
12216593
12217152
12217270
12217381
12217424
12217668
12217697
12217767
12217964
12217965
12218470
12219183
12219448
12219936
12220000
12220061
12220287
12220294
12220328
12220357
12220552
12220583
12220794
12220828
12222016
12222235
12222334
12222868
12223106
12223210
12223233
12223601
12223864
12223938
12224619
12224821
12225003
12225078
12225658
12271060
12272177
12272617
12274149
12276670
12278919
12282023
12282388
12285273
12289441
12304640
12304831
12307539
12308580
12308649
12311911
12312835
12314862
12319356
12319838
12333318
12333663
12392464
12392509
12392569
12392577
12392695
12392764
12392813
12393152
12393499
12393674
12393735
12393746
12393983
12394242
12394495
12394645
12395079
12395113
12395167
12395548
12395596
12395748
12396173
12396439
12396818
12396880
12396978
12397350
12398012
12398151
12398382
12398687
12399467
12399702
12400163
12400852
12400868
12401455
12402213
12402272
12402505
12402853
12402892
12402896
12402944
12403600
12403925
12404568
12404826
12422202
12422277
12422604
12422699
12422953
12422990
12423037
12423493
12424060
12424352
12424576
12424593
12424675
12424734
12424966
12425100
12425136
12425397
12425697
12425788
12425993
12426392
12426740
12427041
12427692
12427827
12428194
12428536
12428626
12428676
12428739
12430057
12430112
12430153
12430189
12430196
12430513
12431177
12431218
12431364
12431518
12431639
12431671
12431831
12433065
12433092
12433336
12433884
12434171
12434229
12434417
12434485
12434698
12434822
12434997
12435685
12435912
12436336
12436656
12436887
12437186
12437342
12437371
12437381
12437452
12438980
12439631
12444514
12449904
12473848
12474293
12474885
12479025
12479487
12479977
12480125
12486107
12500541
12500849
12500935
12501300
12501743
12502570
12503039
12503470
12503505
12503909
12503933
12503956
12504065
12504220
12504526
12505144
12505188
12505482
12505571
12505802
12505975
12506086
12506119
12506641
12506940
12507052
12507300
12507590
12508197
12508742
12508993
12509531
12510154
12510164
12510353
12510439
12510681
12511289
12511826
12512845
12512938
12513611
12513922
12514141
12514745
12515375
12515679
12516528
12516550
12516647
12517133
12518604
12519146
12519253
12519327
12519341
12519410
12519475
12596604
12634488
12694090
12694266
12694269
12694791
12695051
12695849
12695893
12696011
12696158
12696401
12697249
12697355
12697501
12697889
12698235
12698322
12698735
12698784
12698866
12699859
12700160
12700937
12701138
12701685
12702306
12703019
12703183
12703401
12703412
12703652
12704069
12704081
12704262
12704337
12704363
12704375
12704566
12704871
12705152
12705351
12705417
12705852
12706556
12707128
12707397
12707669
12718300
12733002
12745675
12748404
12750515
12750597
12750829
12752536
12752912
12752944
12755988
12756658
12758121
12759493
12759608
12763140
12763408
12780873
12780944
12781051
12781126
12781217
12781683
12781881
12782247
12782423
12782542
12783652
12784129
12784441
12784672
12784862
12785300
12785482
12785537
12785999
12786322
12786672
12786901
12787030
12787561
12787657
12787675
12788100
12788242
12788990
12789137
12789147
12789251
12789489
12790324
12790431
12790481
12790553
12790611
12894280
12894328
12895549
12895570
12896158
12896841
12896969
12897596
12898497
12898508
12898566
12899189
12899211
12899698
12899796
12900308
12901199
12901731
12902130
12902747
12902913
12903697
12903952
12904447
12905927
12906115
12907251
12907891
12907959
12908636
12908726
12908912
12909225
12909281
12909441
12909635
12909645
12909732
12914498
12984836
12986415
12992241
12992254
12992646
12992824
12992987
12993339
12993775
12993890
12993984
12994118
12994755
12995132
12995259
12995656
12995999
12997569
12997724
12998130
12998302
12998449
12998633
12999022
12999150
12999267
12999745
12999757
12999897
13000429
13000593
13000597
13000663
13000800
13000818
13000819
13002234
13002315
13002618
13002649
13003063
13003075
13003251
13003642
13004057
13004100
13004531
13005098
13005381
13005831
13006511
13006891
13007010
13007054
13007313
13007345
13007577
13007633
13119820
13119894
13119939
13119943
13120004
13120427
13120520
13120646
13121480
13121604
13121818
13121837
13121851
13122029
13122199
13122352
13123073
13123118
13123191
13123786
13123832
13124089
13124264
13124434
13124782
13124812
13125047
13125220
13125500
13126106
13126217
13126305
13126386
13126646
13127155
13127767
13128227
13128600
13128608
13128610
13128789
13129175
13129595
13129635
13129893
13130390
13130769
13130883
13130981
13131369
13131963
13132106
13132373
13132409
13132487
13132560
13132663
13132897
13132930
13133242
13133367
13133417
13133518
13133585
13133705
13133782
13134551
13135135
13135315
13135532
13135703
13175091
13194474
13194766
13195104
13195507
13196778
13197646
13198577
13199188
13201741
13202457
13202867
13203369
13204278
13205050
13205322
13206674
13214064
13221202
13221282
13221446
13221650
13222634
13223008
13223976
13224010
13224278
13224658
13225299
13225635
13225967
13226515
13226654
13226981
13227138
13227522
13227749
13227998
13228294
13228459
13228880
13229496
13230421
13230438
13230603
13230662
13230677
13231186
13232666
13232773
13232900
13233387
13233874
13233938
13234186
13234515
13234670
13235287
13235385
13288218
13301890
13302553
13348389
13348396
13349042
13350055
13350179
13350278
13350290
13350464
13351031
13351148
13351170
13351444
13351528
13351863
13351883
13352406
13352751
13353149
13353196
13353399
13353953
13354459
13354685
13354914
13354936
13354980
13355113
13355813
13356340
13356552
13356737
13356857
13356902
13357053
13357667
13358678
13358755
13359421
13359841
13359864
13360107
13360249
13360272
13360323
13360341
13360385
13360545
13360790
13361061
13361349
13361475
13361603
13362386
13362389
13365391
13366607
13366690
13366881
13369043
13370624
13371659
13375524
13376492
13376700
13376916
13427626
13427898
13428233
13428659
13428678
13429091
13429109
13430557
13431170
13431508
13431585
13431825
13432446
13432789
13432934
13433058
13433373
13433456
13433648
13433744
13433794
13434349
13434986
13435104
13435110
13435230
13435599
13435685
13435752
13436693
13436827
13436832
13436886
13437889
13438284
13438416
13438594
13439150
13439295
13439618
13439848
13439893
13440801
13441574
13441708
13442168
13442339
13442507
13442528
13442550
13442558
13442658
13443039
13443087
13443251
13443336
13443496
13505077
13506681
13506712
13507410
13507683
13507988
13508001
13508168
13509056
13509068
13509359
13509877
13510100
13510543
13511610
13511651
13513835
13517633
13519995
13521365
13523375
13524665
13525978
13526964
13527775
13527802
13547264
13562138
13563879
13567228
13567871
13567879
13568005
13568371
13570207
13571233
13573170
13573909
13574329
13576729
13664333
13664540
13664544
13664983
13665148
13665411
13665612
13666736
13666929
13669018
13669321
13669945
13670306
13670399
13671086
13671553
13671721
13673956
13674069
13674657
13675238
13677064
13677896
13678592
13679127
13743139
13743728
13745750
13745851
13745986
13745992
13747615
13747949
13748557
13749782
13751471
13751764
13751981
13752625
13752820
13752826
13753907
13754461
13754602
13755103
13755848
13834377
13834446
13835321
13835709
13835761
13835954
13836158
13836192
13836479
13836707
13836914
13837177
13837187
13837346
13837511
13837615
13837800
13837839
13838406
13838655
13838724
13838753
13838758
13838758
13838868
13838922
13839380
13839528
13839641
13839695
13839786
13840056
13842817
13842869
13842886
13843136
13843277
13843365
13843809
13844251
13844310
13844388
13844682
13845094
13845393
13845601
13846348
13846387
13846818
13846929
13848812
13848927
13849290
13849593
13850368
13850579
13850608
13850674
13853032
13854060
13854239
13855097
13855864
13856331
13856760
13857735
13858461
13858788
13859106
13859762
13862227
13892305
13892959
13893672
13893899
13894445
13895718
13895832
13899564
13899796
13900053
13900511
13902268
13902476
13922200
13923068
13923418
13924637
13926186
13926392
13927971
13929111
13929751
13930494
13933020
13933710
13934078
13934674
13935123
13935375
13935688
13935792
13936794
13937168
13937418
13937630
13937715
13937730
13938230
13938365
13938406
13938460
13938559
13938816
13938942
13938961
13939040
13939088
13939114
13939290
13940143
13940166
13940197
13940281
13940329
13940360
13940804
13940937
13941450
13941817
13942567
13942980
13943307
13943351
13943538
13943965
13944178
13944631
13944936
13945074
13945233
13945958
13946520
13946985
13947313
13948089
13948289
13948545
13948615
13949404
13949570
13949660
13950115
13950365
13950386
13950823
13950900
13951115
13951352
13951575
13952040
13952252
13952883
13952982
13953129
13953209
13953350
13953409
13953832
13954126
13954380
13954837
13954871
13955265
13955372
13956000
13956053
13956118
13956479
13956485
13956596
13956965
13957541
13958007
13958913
13959217
13959787
13960737
13960901
13961086
13961116
13961755
14029398
14030287
14032686
14033840
14034446
14037306
14037430
14037497
14038737
14038888
14118195
14119000
14119017
14119422
14119910
14120233
14120707
14120850
14121337
14121578
14122031
14122084
14122392
14122689
14122811
14122882
14123479
14123655
14123870
14124009
14124068
14124171
14124458
14124872
14124875
14124889
14124946
14125340
14125755
14125773
14125962
14126035
14127093
14127183
14127858
14127909
14128182
14128567
14128672
14128752
14129139
14129155
14129841
14130197
14130256
14130716
14131044
14131311
14131627
14131704
14131761
14132153
14132535
14132740
14133018
14133410
14133566
14133625
14133855
14133865
14133882
14134884
14153690
14156881
14157224
14159809
14160054
14160472
14160765
14161754
14163164
14164067
14166551
14167310
14167344
14167805
14170890
14172698
14172709
14174186
14174221
14174375
14174966
14175191
14175616
14175659
14175684
14175971
14176327
14176578
14176627
14176680
14176682
14176722
14176929
14177756
14178351
14178374
14178513
14178889
14178899
14178904
14180013
14180270
14180276
14180432
14181331
14181537
14181562
14181921
14181965
14182324
14182643
14183313
14183325
14183353
14183386
14183394
14183579
14183735
14183831
14184294
14184300
14184733
14184980
14185519
14185867
14186041
14186212
14186329
14186345
14186498
14186859
14187703
14187739
14188401
14188574
14188593
14188757
14188881
14189582
14189636
14189796
14189816
14189818
14252934
14253941
14254779
14254947
14255026
14255113
14255134
14255752
14255890
14256236
14257793
14257926
14258134
14258385
14258431
14258767
14258881
14259091
14259248
14259703
14260617
14260851
14261240
14261692
14262214
14262520
14262717
14263046
14263429
14264470
14265089
14265455
14266018
14266054
14267468
14267490
14268016
14268305
14268448
14268451
14268552
14268627
14268712
14269651
14270197
14270224
14270796
14271125
14271252
14271536
14271539
14271684
14272156
14273524
14273731
14274320
14274405
14274868
14275002
14276050
14276149
14276748
14279901
14282704
14283249
14287892
14324476
14325462
14325906
14326163
14326600
14327148
14327580
14327610
14327650
14328230
14330357
14330953
14332368
14333170
14333386
14335525
14335665
14336894
14337469
14337980
14338952
14339173
14339240
14340903
14340930
14342635
14344970
14345090
14345164
14347979
14348095
14350009
14351166
14351997
14354128
14355486
14358913
14360563
14396369
14422884
14422995
14426467
14426627
14426684
14427283
14430694
14431181
14432096
14433008
14434022
14434193
14434359
14434411
14434818
14434914
14435291
14435827
14435875
14436050
14437032
14437168
14437359
14437691
14437951
14438150
14438568
14439226
14439559
14439835
14440247
14441280
14441310
14442997
14443056
14443174
14443341
14443704
14443789
14443900
14444466
14444720
14444823
14444852
14444855
14444990
14445283
14445543
14445608
14445776
14445806
14446214
14447160
14447611
14447696
14447825
14447924
14448083
14448233
14448247
14462914
14463404
14463665
14464012
14464149
14464918
14465939
14466410
14466429
14466857
14467004
14467051
14467054
14467131
14467498
14467815
14467833
14469176
14469815
14469859
14470172
14470185
14470371
14470543
14470625
14471035
14471160
14471349
14471530
14471530
14471895
14471901
14472314
14472352
14472448
14472856
14473221
14473394
14473865
14474159
14474627
14475017
14476212
14476649
14477154
14477333
14477639
14477993
14478904
14479089
14479193
14479393
14479525
14479810
14480269
14481316
14481374
14481716
14482005
14482095
14482193
14499718
14500249
14501101
14501280
14501995
14503031
14504190
14505121
14507870
14508437
14512826
14518445
14520326
14520576
14521350
14523787
14570009
14574252
14588769
14589351
14589505
14589518
14589550
14589605
14589657
14589784
14590099
14590681
14590681
14590887
14592206
14592480
14592625
14592780
14592992
14593079
14593755
14594771
14594971
14595124
14595681
14595997
14596204
14596983
14597048
14597285
14597563
14597597
14597616
14598032
14598035
14598313
14599634
14599927
14600255
14600618
14601716
14601835
14602286
14602918
14602921
14603088
14603123
14603268
14638669
14652484
14667918
14668009
14668130
14668388
14668569
14668701
14668850
14668888
14669136
14669180
14669291
14669496
14669695
14669779
14670391
14670760
14671459
14671794
14672070
14672170
14672254
14672760
14673042
14673467
14673619
14673682
14674538
14674559
14674636
14674723
14674856
14674936
14675080
14675117
14675481
14675932
14676770
14677186
14677304
14677322
14677580
14677863
14678346
14678760
14678984
14679087
14679333
14679586
14679729
14680003
14680249
14700776
14701961
14702064
14721038
14721393
14723153
14724389
14724818
14724931
14726874
14726936
14727222
14728051
14728060
14728062
14728454
14728611
14728674
14728684
14729125
14729516
14730008
14745640
14745641
14745693
14746299
14746771
14747166
14747900
14748460
14749269
14749394
14749832
14749977
14750332
14751003
14751024
14751642
14751875
14752046
14752407
14752803
14753026
14753956
14754067
14754183
14754307
14754521
14754964
14755338
14755554
14756150
14756222
14756989
14757227
14758050
14759035
14808343
14822559
14861291
14861383
14862520
14862615
14862740
14863423
14863727
14863881
14864522
14866096
14866515
14868560
14868711
14869050
14869306
14869465
14869531
14869609
14869937
14870546
14872238
14872307
14872575
14872578
14872713
14872850
14872870
14872915
14873230
14873878
14873896
14875032
14875160
14875291
14875459
14922068
14922248
14923986
14923991
14925505
14925544
14929216
14931231
14932222
14932647
14933214
14938829
14939519
14941831
14944210
14948518
14983396
14984935
15069357
15070455
15071056
15071443
15071591
15073783
15074808
15075417
15076481
15076670
15076938
15077878
15079339
15079476
15080557
15080978
15081168
15081173
15101215
15101665
15101683
15101944
15102398
15102540
15102550
15102628
15102774
15102835
15103063
15103110
15103192
15103306
15103350
15104370
15104456
15104542
15104604
15104730
15104881
15104969
15104997
15105214
15106105
15106493
15107126
15107194
15107699
15107752
15107778
15107941
15108230
15109131
15109296
15109557
15109810
15109990
15110005
15110253
15110275
15110855
15111063
15111600
15111602
15111733
15111759
15111800
15111857
15112401
15112506
15112722
15113223
15113330
15114246
15114251
15114689
15115053
15116002
15116114
15116392
15116560
15116870
15117283
15117805
15117946
15118150
15118264
15167258
15168063
15171761
15171762
15173439
15178796
15179204
15180602
15180799
15181230
15181519
15181736
15182075
15182227
15182527
15182592
15182707
15182930
15183123
15183243
15183271
15183308
15183685
15183846
15183920
15183965
15184347
15184473
15184712
15184913
15184994
15185049
15185359
15185424
15185428
15185537
15185585
15185613
15186382
15187423
15187552
15187558
15187943
15188151
15188250
15188736
15188861
15188900
15189075
15189150
15189325
15189567
15190310
15190345
15190667
15190669
15190681
15190703
15190912
15191187
15191240
15192906
15193459
15193528
15193806
15194189
15194786
15195337
15195568
15195650
15195677
15196039
15196239
15196240
15214592
15271848
15276617
15279659
15279783
15280292
15284004
15300963
15301338
15302696
15302937
15303900
15305014
15307868
15307984
15311668
15312697
15377647
15386878
15394689
15396806
15400524
15402400
15406415
15409732
15411813
15412467
15434773
15435159
15435193
15435551
15436981
15437491
15437582
15437694
15437985
15438191
15438386
15438898
15439408
15439463
15440026
15440505
15441665
15442239
15442956
15443242
15444111
15444886
15444906
15444908
15444953
15445577
15445623
15445906
15446555
15446726
15447770
15447799
15448049
15450005
15450188
15451768
15453592
15454584
15460746
15462373
15467413
15467530
15467538
15467746
15468236
15468367
15469164
15469328
15469429
15469475
15469487
15469638
15469860
15470171
15470244
15470403
15470720
15470856
15470895
15471335
15471401
15471428
15471478
15471561
15471627
15471639
15471680
15472503
15472524
15472577
15472655
15472705
15472756
15472941
15473045
15473056
15473799
15473823
15474151
15474200
15474901
15475162
15475740
15476009
15476330
15477155
15495542
15607809
15607990
15608044
15608074
15608200
15608300
15608352
15608368
15608795
15609525
15610859
15610903
15610928
15611765
15611803
15611849
15612267
15612996
15613018
15613373
15613895
15613924
15613979
15615510
15615615
15615755
15616133
15616779
15616997
15617312
15617391
15617871
15620107
15620670
15622021
15623380
15625715
15629954
15633117
15633823
15651191
15651372
15651785
15652294
15653250
15653735
15655408
15655475
15660693
15663766
15663883
15664798
15665997
15751094
15751803
15752577
15756319
15774698
15774746
15774882
15774931
15775202
15775773
15776734
15777457
15777562
15777636
15778139
15778549
15778921
15780341
15780438
15781393
15782102
15782128
15782390
15782421
15782449
15783011
15783141
15783476
15783639
15783800
15784071
15784441
15784473
15784646
15784719
15784941
15785110
15786256
15786753
15786891
15786900
15787054
15787181
15787351
15787717
15787892
15787911
15788022
15788200
15788517
15789162
15789441
15789580
15790160
15898666
15900140
15901024
15901065
15901517
15901645
15901767
15901874
15902161
15902644
15902906
15903788
15903864
15905068
15906108
15906709
15907199
15907632
15909740
15909750
15909935
15910381
15910683
15910964
15911519
15911859
15912090
15912644
15913204
15913996
15914500
15915373
15915471
15916161
15916594
15917009
15917433
15917760
15918051
15918279
15918314
15945962
15946091
15946242
15946621
15946806
15947256
15947281
15947368
15947396
15947459
15947495
15947949
15948028
15948261
15948382
15948701
15948770
15948902
15948937
15948957
15949645
15949989
15950024
15950392
15950423
15951031
15951139
15951189
15951661
15951882
15952101
15952285
15952306
15952500
15952608
15953746
15953782
15954425
15954460
15954701
15954709
15955258
15955355
15955434
15955490
15955633
15955661
15955701
15956559
15956687
15956739
15957002
15957110
15957117
15957187
15957295
15957365
15957861
15958224
15969328
15969660
15969969
15970030
15970173
15970792
15970937
15971296
15971684
15971758
15972107
15972136
15972217
15972225
15973052
15973283
15975097
15975473
15975551
15976398
15976498
15976543
15977339
15977793
15977966
15978070
15979239
15980026
15980653
15980936
15981074
16016430
16019535
16020431
16081689
16082626
16086009
16086765
16088858
16089207
16089330
16093558
16096094
16273638
16273808
16274623
16275634
16275966
16276221
16276556
16276982
16277006
16277098
16277214
16277345
16277606
16277944
16278202
16278762
16278916
16279390
16279713
16280111
16280770
16281000
16281112
16281308
16282234
16282376
16282552
16282736
16282931
16317874
16318386
16319193
16319239
16319916
16320227
16320227
16320247
16321369
16321566
16322274
16322630
16322688
16322881
16323162
16324977
16325022
16325246
16325618
16326000
16326081
16326170
16326352
16326392
16433894
16433956
16434327
16435004
16435732
16435784
16435880
16436828
16436859
16436942
16437184
16437224
16437449
16437461
16437668
16437772
16437814
16438578
16438843
16438844
16438951
16439218
16440032
16440317
16440355
16440488
16440569
16440827
16440878
16441427
16441572
16441640
16442349
16442634
16443076
16443887
16444412
16444744
16444787
16444909
16444954
16444976
16445141
16446042
16446338
16446506
16446609
16446624
16446644
16446831
16447040
16447124
16447430
16448476
16448512
16449024
16449284
16449788
16450012
16450021
16450438
16450834
16451079
16451506
16451741
16451773
16477788
16478141
16478305
16478588
16478924
16479183
16479963
16480728
16481161
16481214
16481365
16481536
16482527
16482632
16482724
16482772
16482854
16482902
16483366
16483798
16484078
16484426
16484769
16484893
16485091
16485250
16485533
16485605
16485931
16485965
16486308
16486367
16486552
16486629
16487434
16487760
16488697
16488808
16488812
16490094
16490838
16490849
16491486
16491679
16492281
16492319
16492835
16493791
16493823
16493843
16493883
16494138
16494182
16494385
16494478
16494754
16494991
16495030
16495246
16495272
16496158
16496218
16496820
16496906
16496962
16497676
16497710
16498519
16498757
16499202
16499293
16501721
16501781
16501828
16502429
16502442
16502736
16503159
16503209
16503517
16503895
16504722
16505693
16505820
16505866
16506209
16506536
16506658
16507010
16507129
16507711
16507812
16508017
16508560
16509927
16510062
16541838
16542015
16542597
16542616
16542993
16543530
16543629
16545044
16545232
16546220
16546994
16547123
16547424
16547547
16547635
16548092
16548517
16548519
16549708
16551141
16551295
16551440
16552951
16553815
16553875
16554296
16554364
16587754
16597780
16601271
16624094
16624137
16624309
16624495
16625220
16625342
16627005
16627841
16629859
16629997
16630846
16631465
16632326
16632638
16632644
16633434
16633573
16633677
16633720
16633792
16634098
16634117
16634521
16635075
16635450
16635585
16636027
16636320
16636494
16637649
16638063
16639976
16641128
16641250
16641273
16641785
16641805
16641972
16642168
16643036
16725579
16906004
16907627
16919858
16925692
16930356
16930910
16931072
16931327
16931850
16932057
16933217
16934131
16934382
16936273
16937830
16976841
16977253
16979329
16979767
16981669
17003595
17003643
17003900
17004289
17004838
17005188
17005272
17005379
17005543
17005806
17006419
17006660
17007161
17007345
17007606
17007922
17007944
17008069
17008130
17008871
17009116
17009313
17009375
17009494
17009570
17009680
17009848
17009986
17010044
17010216
17010322
17010402
17010496
17010707
17010820
17011055
17011097
17011237
17011658
17012175
17012736
17012757
17013750
17013860
17014041
17014473
17014506
17015343
17015594
17016171
17016654
17017266
17017309
17017777
17017999
17018038
17018168
17018565
17018663
17183886
17186172
17187757
17188076
17191714
17192698
17195474
17270772
17271141
17271584
17272310
17272392
17273040
17273351
17273424
17274354
17274796
17275536
17275599
17276191
17276200
17276866
17277523
17278269
17278976
17279692
17280729
17281001
17281041
17281783
17282531
17282570
17282585
17283871
17284773
17284886
17286314
17287144
17337170
17337301
17337560
17338299
17339068
17341944
17342177
17342731
17342775
17343396
17343565
17343591
17343790
17346354
17346966
17347022
17347674
17347904
17347927
17348725
17349317
17350176
17383677
17384297
17385135
17386660
17387726
17389410
17391243
17396263
17397415
17397415
17400084
17400474
17439955
17440519
17444934
17445000
17445275
17446905
17452532
17453246
17471723
17473478
17477374
17504911
17504990
17505516
17505570
17505626
17505693
17506414
17506463
17506597
17506824
17507000
17507053
17507143
17507671
17507936
17508021
17508199
17508208
17508635
17509256
17509425
17509660
17509743
17509771
17510045
17510061
17510259
17510374
17511268
17511477
17511808
17512426
17512607
17512803
17512838
17513086
17513277
17513294
17513385
17513391
17513545
17513565
17513645
17513892
17513966
17514667
17514767
17515159
17515395
17515409
17515459
17515828
17516527
17516608
17516634
17516839
17516918
17517005
17517186
17517262
17517276
17543526
17590002
17590985
17594094
17602081
17602353
17603227
17604460
17605008
17605242
17605515
17606071
17606358
17606666
17606765
17606780
17606910
17607211
17607327
17607608
17607644
17607800
17608914
17608956
17609096
17609587
17610491
17610822
17611150
17611520
17611850
17611862
17611883
17611945
17612045
17612240
17612296
17612799
17613280
17613431
17613511
17613599
17614522
17615654
17616705
17616807
17617154
17617485
17617557
17617653
17617695
17617781
17618075
17618439
17618615
17619243
17619764
17619799
17619850
17620271
17620340
17620678
17620721
17621539
17622061
17622091
17623435
17624010
17624058
17625126
17625893
17625904
17625926
17626061
17626719
17627024
17627082
17628104
17628805
17629240
17629416
17629818
17630294
17631120
17631719
17632186
17632311
17632351
17632508
17632724
17632769
17632997
17633260
17633278
17633406
17633465
17633517
17634272
17634630
17634898
17635320
17636443
17636462
17636984
17637524
17637724
17638162
17638600
17639197
17640196
17640216
17640439
17640567
17640633
17640668
17640850
17640994
17641016
17641071
17641192
17641413
17641844
17641848
17641878
17642020
17642073
17643023
17643241
17643399
17643538
17643589
17664810
17664923
17665004
17666085
17667336
17668076
17668381
17669042
17670013
17670117
17670202
17670367
17670471
17671000
17671760
17671868
17672369
17672540
17672661
17672673
17673488
17673594
17673662
17686566
17686951
17692685
17693500
17694336
17694757
17694860
17696687
17696872
17696895
17697604
17698362
17699780
17700239
17700280
17703399
17703893
17705031
17705746
17707166
17789808
17789854
17790316
17790918
17791036
17791132
17791174
17791216
17791347
17791409
17791644
17791747
17791767
17791990
17792105
17792377
17792673
17792757
17792854
17792938
17793164
17793302
17793429
17793697
17793925
17794272
17794546
17795173
17795471
17795677
17795702
17795846
17796252
17797613
17798175
17798213
17798380
17798699
17798735
17798893
17799506
17799629
17800360
17800643
17800740
17800856
17801049
17801182
17802471
17802639
17803399
17804013
17804291
17804525
17804557
17805120
17805242
17805253
17805321
17805358
17805463
17805595
17805641
17805745
17805787
17806014
17825876
17826179
17827313
17827580
17828451
17829246
17829301
17829427
17829575
17831596
17834673
17834756
17835050
17835570
17837502
17837620
17839117
17839388
17839441
17840009
17840317
17841311
17868650
17868724
17868829
17871235
17871369
17871416
17871427
17872108
17873461
17873477
17873531
17873950
17874423
17875009
17875621
17875638
17876047
17876593
17876679
17877425
17877435
17877478
17877660
17877760
17877901
17878029
17878448
17878841
17878966
17879015
17892531
17892861
17893022
17893067
17893473
17894207
17894329
17894345
17894998
17895032
17896477
17896483
17897108
17897115
17897537
17898248
17898397
17898737
17898923
17899013
17899182
17899372
17899398
17899773
17900319
17901141
17901367
17901414
17901612
17901817
17902107
17902392
17903071
17903285
17903877
17904760
17904943
17905313
17905323
17905432
17905806
17906274
17906611
17906800
17906866
17907159
17907488
17907997
17909142
17909269
17909306
17909351
17909516
17909917
17910057
17910734
17910815
17911110
17912780
17912994
17915439
17915481
17916660
17917205
17917261
17918484
17921995
17942458
17942625
17942863
17944174
17944218
17944582
17944884
17946625
17948297
17949739
17949787
17950157
17950665
17951997
17952820
17952889
17953966
17954448
18001087
18002415
18003198
18003317
18003651
18006797
18006969
18009825
18010366
18010885
18012321
18013109
18015755
18016361
18037421
18043904
18044035
18044118
18044626
18044674
18045916
18045950
18046013
18046233
18046676
18047261
18047351
18047354
18047387
18047421
18048081
18049197
18049596
18050110
18050509
18050764
18051872
18052018
18052220
18052396
18052833
18052898
18053668
18220434
18221025
18221095
18221333
18221548
18221913
18222371
18223022
18223487
18223547
18223549
18223736
18224009
18224177
18224281
18224453
18224705
18224804
18225940
18225991
18226094
18226234
18226743
18226989
18227259
18227348
18227379
18228009
18228017
18228147
18228201
18228720
18229463
18229550
18229580
18229658
18229722
18229741
18229776
18230388
18230683
18230894
18230984
18231304
18231494
18231644
18231804
18232062
18232119
18232616
18232864
18233119
18233141
18233177
18233210
18233314
18233578
18234424
18234510
18273030
18274527
18275866
18276403
18277361
18279371
18281286
18284256
18353937
18354873
18358740
18358945
18359709
18359949
18360201
18361436
18361493
18362159
18364007
18364437
18364460
18364496
18364739
18364844
18365258
18365549
18365668
18365783
18366411
18367065
18367145
18367263
18367325
18367467
18367581
18367803
18368063
18368370
18368481
18369399
18369428
18369803
18369884
18369954
18370095
18370120
18370625
18370715
18371140
18371259
18371743
18372383
18372385
18372904
18373098
18373137
18373466
18373658
18373699
18373858
18374125
18374796
18375530
18375709
18376005
18376089
18376189
18376346
18377181
18377414
18378318
18378365
18378488
18379121
18379152
18379273
18379497
18379826
18380580
18383644
18385741
18385794
18397152
18397798
18398375
18399016
18399448
18399454
18401696
18402040
18402758
18403093
18403451
18403629
18404631
18404991
18405312
18405383
18405469
18405803
18405968
18407421
18407498
18408454
18408952
18409145
18409558
18409901
18410053
18410158
18410199
18410513
18455144
18456907
18457730
18459136
18461066
18461527
18469649
18472547
18474696
18475999
18478456
18479182
18480183
18480315
18480475
18480910
18481176
18481478
18481561
18482642
18482984
18483267
18483294
18488632
18488848
18490838
18490901
18491241
