0.0
10.0
18.0
6.0
28.0
34.0
22.0
39.0
50.0
50.0
46.0
50.0
45.0
52.0
47.0
42.0
49.0
66.0
69.0
66.0
63.0
94.0
81.0
85.0
81.0
82.0
97.0
84.0
96.0
88.0
115.0
107.0
101.0
103.0
128.0
138.0
128.0
123.0
152.0
152.0
169.0
163.0
169.0
174.0
179.0
169.0
171.0
176.0
161.0
180.0
194.0
183.0
192.0
180.0
193.0
184.0
184.0
194.0
217.0
200.0
206.0
206.0
202.0
215.0
214.0
211.0
211.0
223.0
238.0
224.0
233.0
236.0
231.0
225.0
229.0
235.0
250.0
258.0
241.0
254.0
250.0
254.0
253.0
253.0
240.0
262.0
261.0
275.0
260.0
284.0
290.0
284.0
285.0
287.0
290.0
294.0
286.0
282.0
313.0
310.0
314.0
312.0
314.0
307.0
302.0
302.0
300.0
337.0
320.0
338.0
336.0
336.0
332.0
330.0
336.0
328.0
344.0
351.0
358.0
341.0
346.0
351.0
352.0
356.0
347.0
353.0
355.0
353.0
354.0
352.0
346.0
355.0
345.0
349.0
354.0
369.0
373.0
366.0
368.0
379.0
378.0
363.0
370.0
363.0
382.0
395.0
404.0
415.0
412.0
406.0
426.0
437.0
421.0
434.0
456.0
456.0
453.0
459.0
475.0
469.0
477.0
472.0
460.0
460.0
479.0
460.0
462.0
491.0
493.0
499.0
492.0
499.0
484.0
490.0
495.0
485.0
502.0
501.0
514.0
515.0
509.0
514.0
515.0
505.0
515.0
526.0
534.0
536.0
522.0
538.0
520.0
525.0
529.0
521.0
556.0
555.0
551.0
540.0
572.0
579.0
563.0
576.0
566.0
568.0
569.0
567.0
560.0
595.0
588.0
582.0
596.0
600.0
603.0
600.0
604.0
626.0
622.0
623.0
622.0
631.0
621.0
631.0
627.0
635.0
656.0
655.0
654.0
641.0
643.0
656.0
647.0
655.0
649.0
679.0
669.0
660.0
674.0
691.0
685.0
684.0
680.0
680.0
699.0
684.0
692.0
683.0
707.0
704.0
718.0
705.0
716.0
713.0
707.0
719.0
710.0
733.0
721.0
725.0
723.0
752.0
758.0
752.0
759.0
746.0
749.0
759.0
759.0
753.0
774.0
768.0
766.0
779.0
779.0
777.0
776.0
763.0
775.0
789.0
790.0
786.0
794.0
815.0
811.0
801.0
815.0
818.0
814.0
818.0
801.0
800.0
828.0
839.0
822.0
839.0
823.0
824.0
835.0
839.0
821.0
844.0
858.0
846.0
845.0
846.0
840.0
842.0
842.0
847.0
876.0
875.0
876.0
871.0
867.0
878.0
875.0
867.0
864.0
863.0
869.0
874.0
860.0
861.0
860.0
865.0
869.0
876.0
863.0
892.0
894.0
889.0
893.0
898.0
880.0
896.0
882.0
892.0
889.0
897.0
887.0
895.0
891.0
882.0
887.0
888.0
883.0
891.0
899.0
894.0
886.0
883.0
893.0
885.0
892.0
896.0
884.0
881.0
891.0
895.0
889.0
890.0
895.0
883.0
896.0
886.0
892.0
891.0
896.0
880.0
889.0
884.0
887.0
884.0
899.0
892.0
896.0
880.0
906.0
910.0
917.0
907.0
919.0
911.0
909.0
902.0
901.0
900.0
916.0
915.0
919.0
911.0
906.0
918.0
905.0
900.0
917.0
907.0
912.0
901.0
906.0
904.0
913.0
903.0
918.0
901.0
910.0
916.0
902.0
901.0
910.0
901.0
909.0
914.0
915.0
912.0
911.0
903.0
902.0
910.0
900.0
900.0
916.0
906.0
905.0
916.0
917.0
921.0
935.0
927.0
930.0
928.0
933.0
933.0
931.0
925.0
939.0
922.0
935.0
938.0
924.0
926.0
938.0
924.0
926.0
933.0
952.0
943.0
941.0
941.0
952.0
953.0
942.0
951.0
952.0
952.0
950.0
940.0
949.0
947.0
945.0
951.0
948.0
956.0
946.0
966.0
970.0
971.0
963.0
978.0
972.0
965.0
977.0
963.0
970.0
970.0
975.0
967.0
970.0
992.0
990.0
999.0
983.0
981.0
994.0
984.0
988.0
986.0
981.0
995.0
997.0
987.0
988.0
989.0
994.0
994.0
981.0
987.0
981.0
987.0
997.0
986.0
993.0
982.0
981.0
983.0
994.0
980.0
984.0
999.0
981.0
997.0
996.0
980.0
993.0
984.0
980.0
982.0
997.0
983.0
981.0
999.0
985.0
990.0
992.0
989.0
988.0
989.0
985.0
997.0
997.0
997.0
989.0
983.0
985.0
997.0
999.0
987.0
985.0
981.0
989.0
992.0
991.0
986.0
988.0
989.0
985.0
996.0
1016.0
1010.0
1012.0
1019.0
1016.0
1011.0
1009.0
1003.0
1019.0
1011.0
1010.0
1004.0
1000.0
1000.0
1019.0
1000.0
1018.0
1002.0
1018.0
1013.0
1019.0
1011.0
1019.0
1017.0
1000.0
1005.0
1015.0
1007.0
1004.0
1024.0
1023.0
1036.0
1037.0
1022.0
1039.0
1026.0
1021.0
1033.0
1026.0
1023.0
1034.0
1024.0
1022.0
1030.0
1024.0
1033.0
1021.0
1036.0
1052.0
1050.0
1056.0
1058.0
1052.0
1048.0
1045.0
1055.0
1054.0
1076.0
1064.0
1061.0
1060.0
1060.0
1068.0
1068.0
1070.0
1060.0
1072.0
1068.0
1074.0
1061.0
1062.0
1064.0
1063.0
1069.0
1073.0
1075.0
1070.0
1068.0
1073.0
1065.0
1060.0
1070.0
1074.0
1074.0
1067.0
1078.0
1073.0
1070.0
1070.0
1061.0
1076.0
1074.0
1075.0
1072.0
1073.0
1068.0
1065.0
1073.0
1067.0
1067.0
1079.0
1071.0
1071.0
1064.0
1071.0
1064.0
1093.0
1094.0
1093.0
1089.0
1089.0
1096.0
1084.0
1083.0
1099.0
1091.0
1088.0
1087.0
1085.0
1092.0
1081.0
1086.0
1082.0
1080.0
1087.0
1085.0
1092.0
1081.0
1088.0
1095.0
1090.0
1081.0
1094.0
1090.0
1097.0
1100.0
1106.0
1106.0
1109.0
1109.0
1104.0
1109.0
1102.0
1116.0
1132.0
1139.0
1134.0
1135.0
1134.0
1137.0
1121.0
1136.0
1136.0
1139.0
1124.0
1132.0
1122.0
1136.0
1132.0
1127.0
1136.0
1121.0
1133.0
1149.0
1150.0
1140.0
1157.0
1140.0
1144.0
1150.0
1150.0
1143.0
1141.0
1156.0
1157.0
1153.0
1140.0
1141.0
1157.0
1155.0
1143.0
1158.0
1150.0
1155.0
1149.0
1146.0
1149.0
1145.0
1146.0
1157.0
1144.0
1153.0
1178.0
1165.0
1165.0
1172.0
1173.0
1163.0
1160.0
1174.0
1177.0
1188.0
1195.0
1184.0
1194.0
1186.0
1195.0
1191.0
1182.0
1185.0
1188.0
1187.0
1186.0
1194.0
1190.0
1198.0
1181.0
1189.0
1191.0
1182.0
1180.0
1186.0
1188.0
1192.0
1199.0
1190.0
1187.0
1192.0
1199.0
1197.0
1189.0
1180.0
1184.0
1181.0
1191.0
1186.0
1181.0
1186.0
1193.0
1191.0
1207.0
1219.0
1213.0
1214.0
1205.0
1209.0
1202.0
1201.0
1212.0
1219.0
1217.0
1214.0
1214.0
1206.0
1206.0
1218.0
1204.0
1204.0
1216.0
1237.0
1224.0
1227.0
1230.0
1224.0
1234.0
1223.0
1231.0
1234.0
1256.0
1246.0
1254.0
1244.0
1253.0
1252.0
1249.0
1253.0
1243.0
1243.0
1257.0
1247.0
1249.0
1240.0
1257.0
1247.0
1253.0
1257.0
1256.0
1262.0
1269.0
1264.0
1263.0
1269.0
1276.0
1271.0
1272.0
1277.0
1281.0
1297.0
1284.0
1293.0
1300.0
1302.0
1316.0
1310.0
1339.0
1334.0
1330.0
1321.0
1327.0
1338.0
1330.0
1327.0
1333.0
1348.0
1344.0
1359.0
1352.0
1358.0
1349.0
1341.0
1340.0
1342.0
1366.0
1374.0
1365.0
1364.0
1392.0
1388.0
1391.0
1380.0
1417.0
1417.0
1408.0
1418.0
1434.0
1420.0
1433.0
1428.0
1425.0
1420.0
1433.0
1430.0
1438.0
1452.0
1448.0
1458.0
1450.0
1451.0
1442.0
1443.0
1459.0
1458.0
1477.0
1460.0
1474.0
1463.0
1472.0
1477.0
1474.0
1461.0
1467.0
1484.0
1481.0
1490.0
1487.0
1505.0
1510.0
1513.0
1518.0
1508.0
1500.0
1516.0
1513.0
1501.0
1530.0
1559.0
1543.0
1556.0
1551.0
1554.0
1552.0
1552.0
1542.0
1558.0
1562.0
1569.0
1570.0
1572.0
1565.0
1570.0
1564.0
1560.0
1568.0
1584.0
1584.0
1593.0
1592.0
1609.0
1610.0
1609.0
1603.0
1612.0
1608.0
1615.0
1618.0
1609.0
1627.0
1620.0
1639.0
1621.0
1636.0
1637.0
1626.0
1621.0
1634.0
1645.0
1651.0
1651.0
1656.0
1667.0
1676.0
1675.0
1670.0
1672.0
1680.0
1693.0
1695.0
1696.0
1689.0
1695.0
1680.0
1682.0
1699.0
1709.0
1719.0
1734.0
1735.0
1752.0
1752.0
1741.0
1756.0
1741.0
1743.0
1754.0
1745.0
1741.0
1778.0
1779.0
1774.0
1776.0
1775.0
1775.0
1772.0
1762.0
1779.0
1791.0
1796.0
1781.0
1783.0
1785.0
1785.0
1780.0
1781.0
1795.0
1806.0
1800.0
1819.0
1804.0
1820.0
1835.0
1830.0
1830.0
1830.0
1836.0
1832.0
1831.0
1838.0
1839.0
1820.0
1827.0
1821.0
1839.0
1820.0
1839.0
1825.0
1827.0
1829.0
1825.0
1822.0
1834.0
1830.0
1835.0
1820.0
1837.0
1823.0
1839.0
1834.0
1852.0
1848.0
1849.0
1850.0
1860.0
1873.0
1871.0
1871.0
1882.0
1892.0
1892.0
1884.0
1894.0
1885.0
1886.0
1881.0
1892.0
1909.0
1902.0
1913.0
1907.0
1918.0
1918.0
1909.0
1910.0
1909.0
1920.0
1938.0
1945.0
1955.0
1940.0
1954.0
1955.0
1955.0
1951.0
1941.0
1943.0
1967.0
1971.0
1973.0
1964.0
1979.0
1968.0
1966.0
1965.0
1971.0
1977.0
1963.0
1975.0
1963.0
1969.0
1974.0
1977.0
1960.0
1963.0
1968.0
1999.0
1988.0
1987.0
1988.0
1995.0
1992.0
1980.0
1985.0
1998.0
