1775
5359
5434
14148
14275
14936
17953
19284
21376
22222
22580
22757
25456
27758
29329
29821
29971
30645
34814
35812
37849
40879
47294
49326
49518
51037
51908
56171
58844
59704
61200
62556
62995
66101
66210
69678
70592
71242
72748
73581
75762
76520
76784
81614
82526
83881
87514
87809
90956
92217
94841
95132
96328
96730
97792
98455
98800
99940
101442
101758
103618
105514
107956
110707
113296
113785
114833
115735
119518
119690
121378
123544
124552
125168
125466
127125
128375
130843
132184
136223
141595
144206
144884
146450
147372
148709
149622
150123
150533
154588
157398
158616
158670
158763
159938
160451
166558
167017
168097
169029
172209
172468
175778
177265
177759
178354
179273
182078
182633
183615
185703
186150
186894
192800
194757
195439
196498
196606
197600
197674
198975
199547
205479
208235
212530
218107
218192
218769
220596
222117
226576
226699
228638
230443
230628
236100
237143
243165
243798
243878
244294
250029
254417
258627
259602
259772
262388
266148
267142
268797
270637
273082
273998
275031
277113
279271
280454
281079
281281
287100
288659
289662
292046
293992
295806
302479
309179
310567
313948
314634
318533
320641
321856
325891
331771
334308
335180
340093
342964
344007
348852
351587
351718
358888
360822
362709
363959
365866
366763
367332
372955
373661
375465
376284
377334
377565
378067
381700
384175
386108
386883
389954
390352
391335
391635
392406
392451
393278
397263
398998
401210
401840
405176
405944
406427
409690
411903
414984
417374
419008
430051
432102
439860
444464
445683
448318
449280
450808
452822
454599
458866
459073
461057
462072
462426
462492
463201
465881
467407
469603
469938
471087
475574
476552
478564
479329
479348
483687
485281
485845
489207
491821
493366
495040
495388
496511
496815
499595
500202
501321
505707
508281
509286
510848
511257
512736
512786
513858
513966
515195
526065
532243
532279
532770
535191
536297
537700
537817
538850
538871
540562
541867
542067
542632
544429
546311
550735
555606
560678
563840
567134
567354
567441
569389
571781
573497
574593
576796
580262
585601
585823
586684
586866
588878
588906
589431
590268
591915
594611
595564
595646
599434
601413
602528
605158
608831
610815
611596
616164
616649
617374
618767
621875
623416
625698
627274
628542
629795
630853
637889
639587
645290
646322
651239
653459
654914
655502
658136
658448
658783
660296
660915
662671
664316
666987
668105
679393
679832
680246
680360
680658
680868
682725
682946
684658
684739
684781
685485
689141
691284
693306
694103
695250
695766
695893
702115
707850
708433
708538
710633
711291
712013
712030
714898
717143
719328
723300
727127
728904
732482
735598
735626
735954
738702
738776
739059
740037
740391
741165
742954
745663
746101
752270
755003
758352
761484
764880
766386
766915
767739
767746
767762
768665
768934
770421
771062
774581
776208
781449
784619
784775
785717
788977
792475
792982
795509
796117
797043
799621
801715
807837
808470
808700
810002
810426
814719
815505
820145
820309
820507
826784
827765
827880
828300
828969
830243
834923
835566
837697
841509
842831
843581
844539
845308
850871
853318
854313
855628
859554
864214
866072
868083
874404
874666
877218
879255
882613
883031
884658
887840
889271
889352
894076
894118
897095
906108
908019
908473
911481
912758
913276
913756
922486
923263
924521
924963
929365
929780
932510
932875
935178
936049
936532
936595
938372
939732
940160
943172
944133
944322
944377
945042
945163
945575
947322
951628
952620
953234
954999
955973
956966
956981
958786
966793
966843
968725
968975
971697
978429
981657
985786
986314
987567
988745
989815
990969
991005
993156
996312
1000176
1001617
1001700
1002782
1004676
1007707
1009128
1009825
1010301
1010348
1010468
1010549
1013913
1014009
1014073
1015230
1015398
1016044
1016377
1021811
1022609
1027179
1027844
1030029
1035915
1036638
1038250
1039113
1039750
1041620
1042708
1044277
1044625
1051723
1052607
1053086
1053882
1057456
1059654
1061334
1070674
1074230
1075478
1081862
1083910
1083948
1086664
1090653
1091310
1092829
1093046
1094503
1094820
1095252
1095692
1103604
1104138
1105378
1107068
1107255
1108067
1109204
1111638
1113579
1122085
1123429
1128080
1129497
1133019
1136281
1137548
1138808
1139362
1139396
1139705
1140600
1140831
1141106
1141165
1141331
1142525
1143187
1144246
1148280
1149326
1152141
1154532
1155255
1155436
1156163
1156175
1160310
1162473
1163865
1165538
1166088
1166737
1167347
1170609
1171954
1175339
1175978
1176892
1177962
1182767
1188845
1191230
1191723
1194599
1196660
1204212
1207811
1212643
1221524
1226539
1227454
1230589
1234037
1235959
1236402
1241200
1243530
1245250
1246176
1246721
1246850
1247177
1249507
1249521
1252625
1253871
1254876
1255930
1256137
1257654
1259473
1260220
1263645
1264405
1265343
1267586
1268189
1269167
1274403
1276030
1276889
1278251
1280766
1280987
1281362
1283328
1289423
1290303
1290444
1292997
1293265
1295994
1300894
1306287
1309304
1311776
1313119
1314787
1315288
1317512
1317925
1318905
1319363
1319517
1319733
1319751
1329784
1331157
1333472
1334734
1337075
1340939
1342025
1344324
1345620
1348704
1349080
1349674
1351033
1353232
1354894
1355102
1359521
1359708
1361250
1362593
1363139
1363783
1371445
1372293
1373949
1378222
1380194
1382321
1383695
1384209
1386991
1389262
1390121
1391090
1394223
1395334
1395338
1395396
1397467
1400495
1400965
1406234
1406478
1406831
1407919
1410358
1412105
1414375
1414448
1414878
1416851
1418079
1418125
1420299
1421524
1425095
1425874
1427053
1428077
1428521
1430512
1431424
1431898
1437803
1438722
1441671
1444601
1449783
1450659
1451414
1452455
1453192
1456152
1460352
1463771
1467134
1467779
1469078
1470956
1471166
1471843
1472673
1476184
1476258
1478442
1478846
1480726
1480861
1482233
1483485
1490917
1491131
1499972
1506124
1508457
1510826
1511178
1511311
1512216
1513399
1513498
1515209
1515345
1518566
1518776
1520176
1522412
1523046
1523693
1525214
1527517
1529351
1530735
1534026
1535656
1535753
1540476
1544256
1548705
1558729
1560858
1560959
1562395
1563739
1564036
1572580
1572628
1573543
1573984
1575991
1578501
1579454
1579989
1581275
1581324
1582342
1588683
1588978
1589837
1591188
1592362
1593752
1597445
1597504
1601523
1603125
1603879
1603990
1604213
1607327
1608101
1610949
1612218
1612523
1613907
1615124
1619700
1621647
1622202
1630267
1630807
1631244
1635603
1637017
1638568
1646756
1649333
1650511
1650746
1652939
1656613
1658157
1658401
1675534
1680176
1682143
1682409
1684315
1685382
1687015
1687101
1689199
1691365
1691759
1692993
1693181
1704602
1706453
1708431
1711905
1713783
1715729
1718098
1719768
1725330
1726809
1727028
1730974
1731439
1731681
1732453
1735549
1737338
1738594
1739348
1739913
1747686
1751591
1755014
1757388
1758110
1766949
1767244
1770396
1773018
1773473
1774528
1774533
1777097
1779017
1780320
1786426
1787010
1788581
1793149
1794082
1794992
1799290
1803311
1805219
1806824
1807028
1810102
1811745
1811852
1815609
1815888
1816268
1816842
1823386
1824807
1828234
1830671
1830821
1832894
1834633
1835341
1836535
1840760
1841179
1842333
1843977
1844612
1844840
1847928
1851469
1852785
1854869
1855419
1857324
1857600
1858316
1858614
1859223
1864467
1865138
1866743
1869042
1869647
1870617
1871833
1872525
1874570
1877011
1877442
1877752
1879052
1879107
1879612
1883350
1884013
1887181
1889178
1890239
1890849
1893448
1894136
1895815
1897915
1902126
1903391
1904991
1910555
1912251
1921989
1922434
1923497
1923614
1924183
1926306
1928112
1928916
1930233
1930450
1933397
1933704
1934930
1935657
1940702
1941716
1942636
1943047
1946932
1947446
1948089
1948932
1950037
1953265
1954622
1956823
1957928
1958433
1959125
1959510
1960194
1961458
1961501
1961534
1962533
1964068
1966360
1966408
1967075
1969530
1970077
1973089
1976486
1977996
1978689
1979034
1980333
1981668
1981816
1981886
1982589
1983283
1984250
1984266
1984335
1985539
1988227
1989456
1990587
1995407
1997235
2000761
2002784
2003811
2007687
2012975
2013591
2013624
2013648
2014479
2018134
2018496
2027962
2028736
2030299
2031339
2031876
2032033
2035076
2037972
2038157
2038745
2041255
2043392
2044825
2047295
2049338
2051693
2053131
2054747
2056409
2059027
2059992
2060223
2060419
2061170
2062709
2064388
2066437
2067995
2069399
2078187
2078880
2079746
2080511
2081167
2081927
2083678
2084952
2085009
2091416
2095432
2096611
2096754
2097992
2098441
2099449
2099620
2101869
2107955
2110763
2110789
2114179
2114348
2115469
2121889
2121938
2122612
2123375
2125349
2126094
2127093
2127976
2128558
2131226
2133380
2133785
2135920
2136483
2138743
2140183
2142271
2143174
2144139
2148585
2150867
2152066
2160338
2160970
2161538
2163453
2164530
2169707
2170155
2175898
2178679
2181576
2182474
2185429
2187266
2189749
2191177
2193203
2194028
2195245
2195993
2196936
2198003
2199717
2200539
2200812
2202696
2203321
2206220
2206891
2207486
2210016
2212071
2212948
2213956
2215612
2216075
2220529
2221461
2222674
2223690
2223691
2225509
2228414
2228870
2229375
2231663
2237415
2238859
2239180
2239298
2240259
2240364
2240378
2244932
2245659
2252703
2254579
2257570
2258515
2259411
2260095
2262849
2263183
2263389
2264016
2266551
2266743
2267891
2268386
2271668
2272039
2272872
2274803
2276659
2276739
2279925
2281482
2282465
2284509
2288116
2289206
2290738
2291065
2292555
2294321
2296482
2297270
2297948
2304546
2310484
2317877
2319768
2321547
2324051
2326287
2331255
2332051
2334766
2337470
2342333
2342974
2343711
2353661
2354120
2354479
2357231
2359064
2359225
2359916
2360885
2363052
2367160
2367193
2368179
2368648
2368853
2370941
2372924
2379388
2380126
2380301
2380941
2381820
2383141
2383800
2386772
2388786
2390912
2391749
2394048
2394386
2395256
2396534
2402627
2402706
2405523
2406367
2406564
2407531
2413935
2415572
2416716
2419869
2423836
2429644
2429935
2432338
2432429
2432905
2433926
2437913
2438403
2438842
2439674
2440464
2443959
2444465
2444883
2446024
2447409
2448309
2449608
2450205
2450614
2451247
2461636
2463665
2466246
2466365
2469806
2469819
2470695
2472793
2474417
2478779
2481302
2481980
2487082
2489217
2496532
2498082
2498272
2503184
2504126
2511832
2513120
2513753
2515548
2518958
2519007
2520017
2521871
2525567
2528916
2529139
2538195
2540628
2541344
2543663
2545107
2547321
2548984
2551566
2553493
2553819
2557651
2558487
2558837
2559883
2560894
2562827
2565562
2566967
2567634
2568426
2570829
2571214
2571437
2571770
2572037
2572087
2577596
2578507
2584005
2586426
2586927
2589095
2589467
2592329
2596526
2597092
2597702
2598873
2601771
2605882
2606317
2607386
2609611
2609759
2610846
2611934
2615559
2620588
2625958
2628922
2629591
2632355
2636655
2639935
2643455
2646638
2647401
2648924
2650185
2653201
2655246
2659174
2660055
2661755
2662136
2663467
2664331
2665052
2667253
2669711
2670886
2672924
2675054
2675056
2676714
2682705
2684411
2686863
2687700
2688114
2688506
2690060
2690392
2694767
2696632
2697125
2698045
2700157
2700432
2706936
2708247
2710280
2710364
2710582
2711150
2711232
2711479
2713572
2715144
2717640
2721928
2725716
2726489
2726570
2728268
2729588
2731792
2732129
2732214
2732336
2733573
2735263
2737904
2739657
2739923
2745636
2747298
2747872
2749007
2749241
2750537
2752426
2753895
2756249
2758581
2758903
2761313
2762890
2762934
2763930
2764799
2765143
2770281
2772128
2773722
2773766
2774203
2774560
2780475
2781444
2782985
2785874
2787311
2787820
2788699
2790573
2791033
2795713
2796223
2800550
2801792
2802218
2802243
2805677
2806789
2806846
2807108
2808906
2810760
2822387
2824954
2825914
2826957
2827099
2827864
2828019
2830388
2830568
2831737
2832431
2834839
2835468
2836115
2840897
2840930
2840936
2843884
2847883
2848016
2849876
2850996
2851104
2855115
2864050
2864715
2869746
2873289
2874250
2875636
2883302
2883637
2885787
2886789
2890134
2892592
2892637
2894790
2895393
2899926
2900905
2901081
2902953
2903086
2904051
2908116
2913250
2914829
2916017
2917204
2919577
2923888
2925469
2927609
2928198
2931204
2932042
2932056
2933560
2935401
2937079
2939545
2943473
2944400
2945654
2946780
2947841
2950664
2951949
2956948
2957864
2961921
2961971
2964163
2964910
2967362
2968036
2970691
2977093
2980745
2984914
2985425
2985439
2988406
2991353
2995731
3003137
3003352
3003370
3004710
3005254
3009102
3011830
3013007
3013919
3014902
3015202
3016860
3019765
3021907
3023197
3025009
3028861
3029707
3030882
3031794
3033601
3033623
3039328
3041354
3041938
3042981
3043858
3046381
3048413
3049968
3052136
3052690
3053343
3054218
3058636
3060089
3060574
3063815
3065889
3068579
3068867
3071280
3072747
3073245
3076513
3078532
3081598
3082220
3082368
3082783
3083726
3084152
3087596
3089775
3091204
3091944
3097399
3097903
3099278
3099844
3101064
3102625
3104833
3105222
3107511
3108409
3108476
3112430
3113522
3113727
3115011
3116123
3118126
3118596
3120364
3126426
3132984
3135438
3136182
3136895
3140756
3141377
3141916
3142526
3142620
3143410
3143521
3145062
3150651
3150992
3151056
3152002
3153034
3153735
3154435
3154845
3155524
3156087
3156817
3159371
3161446
3163917
3164142
3164414
3165566
3168100
3168290
3169347
3169751
3170306
3172562
3172859
3173400
3174477
3174484
3174492
3178431
3179276
3179564
3181511
3183913
3189639
3189823
3190321
3190549
3192220
3196212
3197813
3202807
3204266
3207935
3211752
3212427
3214213
3214567
3218447
3219794
3220139
3221750
3224053
3227125
3227749
3230350
3230468
3233039
3234005
3234450
3238728
3240722
3244621
3245342
3247481
3247529
3248759
3249415
3251495
3252509
3254208
3254728
3254931
3256531
3256918
3259454
3260958
3262177
3263623
3268020
3268201
3268358
3269583
3272966
3273714
3277054
3277204
3277596
3279681
3280343
3284653
3284853
3290371
3294070
3295131
3296069
3298321
3301193
3301733
3304264
3304582
3307531
3308417
3309720
3311950
3311983
3316029
3317750
3318435
3319534
3319593
3320484
3321123
3324447
3324598
3325003
3328217
3330570
3332741
3338115
3339143
3340262
3341542
3347654
3354319
3355362
3356509
3361210
3362809
3369976
3371573
3377062
3378396
3380589
3381733
3382090
3384068
3385136
3386244
3387260
3387767
3388062
3392653
3396328
3396503
3400554
3401346
3403607
3406805
3407742
3409181
3409934
3410424
3410586
3410933
3411512
3414268
3416232
3416805
3418825
3419156
3420029
3420042
3422401
3423328
3425815
3430760
3433107
3433422
3437326
3441014
3442092
3442708
3443404
3446134
3446434
3447495
3457011
3458989
3459470
3461146
3461511
3462060
3467586
3467957
3467986
3472100
3480488
3481176
3482456
3485316
3485790
3487946
3489075
3489349
3489924
3490100
3493101
3494535
3495271
3496472
3498863
3503480
3504086
3504523
3505014
3505485
3509974
3510353
3511594
3512883
3516173
3516316
3517883
3517889
3519877
3521288
3524702
3526261
3526934
3528414
3533649
3534277
3535334
3536248
3537574
3538395
3538524
3540731
3542442
3544455
3546575
3547107
3551253
3552494
3553715
3559167
3559317
3563160
3564435
3564692
3565128
3565451
3570040
3570705
3571184
3572383
3572496
3574176
3575066
3580746
3581685
3582178
3582286
3582411
3583318
3584089
3587595
3592325
3593812
3603150
3603958
3604156
3606410
3606413
3608197
3611940
3618742
3618822
3623111
3623343
3624613
3641578
3644022
3644757
3644889
3644904
3651463
3652578
3653661
3653665
3653741
3654047
3658654
3658907
3658916
3659265
3663616
3665162
3665201
3666225
3666959
3672551
3676008
3676273
3676596
3676913
3678278
3680264
3684085
3686864
3691590
3693946
3694350
3695261
3697711
3698116
3699967
3702239
3703383
3705597
3707407
3707930
3709879
3711206
3712559
3713000
3716284
3720849
3721141
3722819
3723080
3723455
3724585
3727514
3727930
3731595
3732907
3736964
3737316
3738539
3739174
3742044
3742653
3742801
3745614
3745955
3747781
3750682
3750825
3752808
3753959
3754584
3756036
3756628
3758346
3758767
3759395
3759451
3761570
3766630
3767408
3770009
3774220
3776315
3777256
3777767
3780351
3781517
3783544
3786553
3787638
3792999
3795322
3798578
3799340
3800749
3801422
3803102
3807434
3809854
3811046
3816490
3819226
3819600
3819910
3821094
3821763
3822487
3822815
3826310
3827907
3828193
3828511
3831702
3834573
3834768
3842102
3842805
3844848
3845836
3848217
3851152
3852799
3855716
3855948
3857675
3859266
3859371
3860568
3861539
3862907
3863283
3864958
3866010
3870171
3871923
3876503
3880382
3883384
3883473
3883812
3884304
3885135
3887763
3888061
3888157
3893238
3896358
3900479
3903066
3903385
3905772
3906127
3907552
3909502
3911128
3914402
3916463
3916706
3917177
3919873
3920141
3920817
3923019
3925093
3927462
3929478
3933800
3935350
3935494
3941901
3942454
3945136
3945755
3947527
3948287
3957921
3960995
3962666
3963620
3963687
3963939
3965119
3965331
3965387
3967709
3969717
3975058
3975953
3976969
3978018
3978529
3982391
3982564
3982860
3985360
3985472
3985656
3992918
3994971
3997273
3998260
4002352
4004988
4007040
4009695
4010695
4013785
4015033
4016696
4017117
4019951
4020310
4020866
4024881
4028492
4028665
4031044
4032514
4032668
4033834
4034441
4034999
4041454
4041916
4043237
4043452
4044002
4045454
4048965
4049809
4050034
4052244
4053069
4053096
4053812
4054125
4054384
4057053
4059895
4061603
4063563
4065411
4067088
4067462
4071719
4073328
4075605
4076008
4078361
4083304
4090231
4092348
4092381
4097354
4097829
4098288
4100052
4107689
4109093
4113627
4115476
4116625
4117736
4118272
4118418
4119469
4120182
4124315
4126847
4127299
4127550
4128134
4134061
4134870
4139409
4140078
4141677
4142315
4142322
4142566
4142714
4143416
4144255
4145053
4147360
4147682
4147889
4148155
4149110
4151919
4154079
4155428
4156512
4157358
4162485
4162735
4165038
4165864
4168558
4170329
4170496
4171390
4171828
4177454
4181298
4183846
4186346
4188157
4191008
4196370
4197588
4200573
4203594
4205168
4206365
4207446
4208159
4209940
4210546
4213617
4217249
4218557
4225076
4228490
4228729
4230404
4230939
4231651
4237082
4237374
4239218
4241508
4244754
4245366
4245546
4247179
4251072
4255747
4257742
4258160
4258547
4260789
4264918
4265634
4266499
4272551
4272641
4275039
4275661
4276493
4277886
4279851
4281488
4282638
4282895
4285369
4285430
4286779
4293159
4293429
4296092
4296997
4297016
4298686
4301003
4306016
4310912
4311127
4312270
4312953
4317728
4318116
4318644
4322122
4323329
4325236
4326763
4328130
4329945
4332083
4332730
4335456
4335539
4338557
4338696
4339578
4341211
4341292
4341763
4345926
4346141
4347889
4348332
4349095
4353060
4353787
4356060
4357342
4360315
4361172
4364207
4364632
4366542
4367673
4368423
4368897
4369542
4370147
4372283
4372902
4377163
4379738
4380941
4382253
4385490
4387352
4388454
4388865
4391676
4393618
4395924
4398110
4401297
4402917
4404384
4406930
4411737
4413032
4413153
4416387
4419226
4422389
4422709
4425659
4428832
4429397
4429975
4436693
4442259
4442717
4446133
4449304
4449399
4450066
4450345
4451454
4451865
4453619
4454524
4462547
4465238
4469606
4469777
4472344
4472908
4473605
4477543
4482139
4483251
4484790
4487018
4487931
4491233
4493456
4495153
4496073
4497680
4498390
4501322
4512153
4514945
4515184
4521552
4522213
4522775
4523051
4524327
4524958
4526302
4527642
4527816
4531780
4531950
4532360
4532886
4534898
4537003
4537299
4538866
4540672
4541685
4542428
4542863
4543049
4544725
4547419
4547540
4549340
4550275
4552010
4552694
4557267
4558534
4560516
4561602
4563450
4568384
4570882
4572258
4572887
4573787
4578388
4581361
4585221
4589028
4589341
4591252
4595337
4595458
4597885
4599498
4601289
4602336
4602515
4602655
4605532
4606013
4606576
4607395
4607755
4610865
4613413
4616815
4617032
4618460
4621109
4621256
4622006
4622093
4623340
4624646
4625301
4625740
4625928
4626836
4627300
4631412
4636150
4637144
4640101
4641203
4643485
4643977
4648079
4648219
4648366
4649847
4652513
4653456
4654007
4654543
4658923
4659007
4660268
4660594
4660827
4661449
4664674
4665676
4665679
4667929
4671372
4672187
4672206
4672573
4672926
4676961
4677033
4678804
4681433
4682002
4683777
4690508
4690553
4691939
4696651
4697086
4697434
4698069
4699026
4700051
4700579
4701723
4701941
4703807
4705072
4706647
4707123
4707407
4710977
4711479
4711797
4712017
4712489
4712595
4713892
4716866
4718028
4721850
4722112
4723501
4728986
4729902
4730653
4735299
4735852
4736623
4738177
4739694
4740825
4742229
4744101
4744324
4744462
4745273
4745796
4748780
4749704
4750172
4751778
4755938
4758079
4760571
4763909
4768106
4769323
4769642
4770375
4770584
4771343
4773813
4776885
4779731
4782115
4785151
4788310
4788743
4790765
4791751
4792143
4794144
4797091
4799695
4799715
4800418
4803229
4808120
4810460
4811953
4816866
4822128
4822474
4832802
4833292
4833567
4835856
4837927
4838469
4839946
4842453
4845018
4845080
4850015
4850088
4852850
4853374
4855789
4857139
4857237
4858095
4864771
4870057
4870313
4871689
4873351
4873968
4874314
4875807
4880432
4886790
4891958
4893122
4893731
4895613
4900943
4902204
4905338
4908868
4910432
4910626
4913204
4915396
4916346
4917156
4918525
4918982
4924784
4925670
4927471
4928758
4929549
4931474
4931777
4933036
4937694
4942216
4946486
4947065
4947859
4949337
4956144
4956174
4956261
4957079
4957753
4957924
4961692
4961894
4961916
4962914
4965399
4966361
4966875
4968667
4971887
4972785
4973239
4977835
4978174
4978280
4979037
4980639
4981517
4984023
4986165
4988939
4989736
4989870
4991176
4995305
4997382
5001694
5004436
5007389
5009082
5009370
5014413
5015231
5017575
5018155
5018168
5018261
5021993
5022727
5023996
5024330
5024903
5026502
5029707
5030763
5030788
5030798
5035956
5037115
5037325
5038963
5046471
5047512
5050073
5051173
5053203
5056003
5057469
5058891
5059495
5060385
5063360
5066135
5067633
5074972
5078070
5079900
5082493
5082816
5083993
5085142
5092301
5093061
5093274
5099030
5099804
5102566
5103854
5104640
5106214
5108637
5111488
5112875
5115571
5116118
5117047
5117640
5118251
5119268
5120049
5120295
5121671
5124886
5126828
5126967
5129343
5132666
5135910
5138601
5138701
5140528
5143040
5144863
5144996
5147611
5148789
5149475
5150075
5150733
5151453
5153814
5154333
5157026
5158169
5159169
5159658
5160237
5161498
5161650
5161900
5162400
5163033
5168377
5169873
5169955
5170648
5171636
5172979
5174442
5176970
5177228
5178856
5181594
5185877
5186163
5187015
5190061
5190472
5192387
5193176
5193637
5195593
5196989
5198223
5199650
5200519
5203345
5203873
5203943
5204311
5205034
5206292
5207458
5210712
5212313
5212397
5212467
5213745
5216198
5216408
5216457
5218731
5220059
5222210
5222495
5223852
5224697
5226129
5226377
5228701
5231131
5232931
5234436
5234664
5237518
5237710
5240464
5241485
5243588
5244881
5244928
5248163
5249424
5249957
5251630
5253140
5254325
5255390
5255749
5257625
5258153
5260985
5261216
5263730
5265231
5265360
5266739
5267230
5268817
5279732
5285083
5286059
5286705
5286990
5288180
5290630
5294660
5300175
5300522
5302640
5304052
5307677
5308807
5309179
5310006
5316378
5319326
5319619
5321147
5321584
5323068
5325259
5326572
5328035
5330364
5330376
5330495
5330974
5332430
5335634
5341904
5343201
5344393
5345296
5348390
5351208
5351999
5354366
5355539
5357150
5357385
5359396
5364935
5365039
5367027
5367806
5374719
5377670
5378497
5378561
5380567
5389088
5395948
5396463
5397958
5399252
5407624
5408668
5418918
5424519
5425059
5425353
5426750
5434086
5434710
5434784
5437837
5438300
5440038
5443040
5445683
5446938
5448793
5451511
5452478
5454801
5455530
5458068
5459476
5461220
5463403
5466880
5468772
5473223
5475397
5475814
5476004
5476593
5479029
5481931
5482091
5482195
5485102
5486982
5487604
5494674
5494856
5495822
5501756
5504580
5508952
5510735
5510780
5511032
5512145
5513213
5514121
5514737
5517387
5517946
5519576
5522598
5523543
5529546
5531301
5533709
5533856
5534038
5537325
5540899
5542516
5543102
5544413
5545517
5547048
5548752
5551321
5553569
5555414
5562921
5564830
5565105
5565775
5569096
5569544
5570214
5572216
5572625
5573033
5573306
5574764
5576532
5577261
5579718
5580266
5580643
5583835
5591851
5592983
5595911
5596305
5596317
5597236
5604591
5604657
5604898
5606627
5608390
5609036
5611588
5613350
5617289
5618248
5620028
5625419
5626796
5626902
5627889
5629129
5630510
5635790
5635981
5636818
5645269
5647565
5649939
5650715
5651431
5656733
5656752
5660750
5660903
5663124
5663457
5664340
5666437
5666438
5667652
5668257
5668705
5668810
5671491
5671536
5673000
5675147
5676014
5678467
5680918
5682014
5683666
5684423
5685206
5687273
5688747
5690205
5695432
5698251
5699293
5699806
5704155
5704352
5705328
5706920
5707854
5708188
5709051
5710638
5711729
5714083
5714470
5714584
5719155
5720289
5720680
5722169
5724988
5725420
5725846
5727571
5728270
5730275
5732277
5733411
5734236
5734940
5739367
5740755
5741147
5741268
5743971
5744320
5745034
5746159
5749267
5752768
5756566
5757321
5760033
5760658
5761566
5763156
5764075
5764460
5767548
5769796
5770340
5772716
5772760
5773135
5773953
5776501
5777123
5777871
5783947
5784085
5787298
5787531
5788735
5792379
5793900
5796023
5800415
5801260
5801867
5802437
5803461
5804415
5805884
5808080
5808244
5811727
5819551
5819907
5821061
5821169
5821912
5825619
5828992
5829448
5831713
5833272
5835331
5835430
5835569
5838661
5842484
5844200
5847631
5848098
5849154
5850024
5851361
5851565
5852338
5855321
5855337
5865752
5869085
5873294
5876416
5876650
5879163
5880784
5882634
5883753
5884171
5887865
5891061
5892713
5893648
5896317
5896479
5896481
5896759
5898647
5900066
5901194
5903065
5903307
5904527
5904569
5906643
5907614
5911720
5914124
5917376
5917621
5918758
5921345
5929178
5932201
5935316
5935487
5935628
5936112
5936323
5936386
5937073
5938086
5938350
5939122
5942186
5943555
5943670
5943675
5945482
5945874
5945939
5946588
5947511
5948741
5949871
5952156
5956169
5958419
5959789
5966951
5967549
5973306
5973665
5976328
5976439
5979214
5981449
5983011
5987342
5988542
5998835
5999627
6000574
6001003
6001819
6002344
6003937
6006482
6009609
6010339
6011516
6014631
6021500
6021861
6022031
6024413
6026121
6027789
6028022
6029132
6029236
6031293
6033152
6041076
6041400
6043735
6045762
6047942
6049799
6051490
6051727
6054763
6056087
6060511
6060681
6063027
6065811
6067400
6068181
6068624
6068698
6069549
6073308
6073894
6073939
6074147
6074289
6074297
6074414
6078573
6084598
6085602
6086683
6087191
6087255
6087455
6091148
6095301
6097037
6097168
6101627
6102446
6102593
6103022
6106090
6106231
6107067
6107593
6107924
6111321
6113231
6114608
6115052
6116044
6116218
6116350
6117772
6118451
6119949
6120079
6120432
6121069
6124873
6124901
6127180
6128471
6129678
6134963
6135129
6136682
6143781
6146984
6147753
6150118
6153641
6155115
6156138
6160519
6161212
6164588
6164814
6165048
6165488
6166183
6166429
6168152
6168433
6168636
6171321
6173451
6174015
6179600
6181440
6182145
6182495
6183154
6183622
6185389
6188304
6190545
6191285
6193178
6196021
6196867
6197674
6199820
6200399
6207768
6207977
6209854
6210921
6214279
6216632
6217015
6218076
6220070
6221115
6222210
6222317
6224081
6224664
6229072
6231447
6236116
6236518
6236949
6242385
6242698
6243293
6256061
6256921
6261757
6261966
6265238
6266133
6266438
6268486
6270491
6271729
6273692
6274641
6285367
6287760
6288220
6299356
6299822
6301506
6304272
6307387
6311870
6312637
6312656
6312675
6313285
6314374
6314844
6315289
6315955
6316379
6329100
6332076
6332311
6333912
6334741
6335798
6335967
6338004
6339049
6341304
6344291
6347389
6348003
6348527
6351063
6352259
6356611
6357369
6357861
6359632
6362160
6371448
6372663
6373020
6380841
6383137
6383139
6387208
6387971
6388433
6389283
6389746
6390912
6391096
6392242
6392439
6392871
6394595
6395506
6400983
6403270
6410058
6412853
6413761
6414840
6416154
6418733
6421775
6422299
6424742
6426322
6428060
6431177
6431809
6435397
6438392
6439717
6445050
6445895
6448043
6448639
6449455
6450211
6450458
6453637
6455232
6458470
6458927
6459410
6460936
6461826
6463042
6463950
6466039
6467267
6467492
6468693
6468974
6469454
6469989
6470703
6474399
6477691
6478840
6481616
6481979
6482142
6482492
6483375
6483546
6484273
6486437
6487587
6490062
6497978
6500437
6501146
6502381
6503425
6503450
6503788
6505467
6505751
6507492
6508228
6509856
6512080
6513339
6515392
6516903
6518379
6520375
6520796
6524959
6528031
6528701
6529424
6531893
6536525
6537522
6539428
6539716
6540358
6542729
6548811
6549126
6549302
6549977
6553972
6554308
6554662
6555363
6555454
6556951
6558806
6559308
6560111
6561754
6565300
6565312
6566252
6566691
6568535
6569682
6570916
6571065
6576759
6577320
6581439
6582317
6583836
6584637
6585582
6586726
6590896
6593149
6593240
6593798
6594052
6598321
6598328
6600938
6603381
6605003
6608536
6611386
6612556
6617468
6620500
6625075
6627759
6628105
6629571
6629981
6631676
6632847
6634739
6640753
6641154
6643090
6643418
6644048
6646983
6647148
6647734
6650829
6656251
6659117
6660517
6662186
6663018
6663767
6663917
6664078
6664459
6665650
6666574
6676175
6677190
6678200
6679145
6680340
6681232
6683716
6684077
6687525
6688012
6689562
6692087
6692425
6696989
6701189
6706056
6711984
6713110
6713779
6714222
6716134
6720541
6723491
6724386
6724532
6725336
6725544
6725774
6725946
6733015
6733512
6734870
6740073
6740616
6744149
6747389
6748247
6751135
6752551
6752557
6754361
6755388
6759348
6760599
6761516
6763650
6763775
6764884
6769658
6772290
6772313
6773202
6775276
6779519
6779793
6781086
6783183
6783874
6785183
6785220
6785994
6786696
6788818
6792580
6793791
6795844
6796789
6799770
6801414
6801454
6804246
6808236
6809453
6812648
6812798
6814493
6814825
6816034
6823544
6823610
6825346
6825602
6826405
6827807
6829404
6830495
6833436
6838106
6841357
6841404
6844441
6844585
6848521
6853774
6854583
6854623
6854956
6860633
6864487
6865722
6866789
6871021
6871847
6873726
6874986
6878827
6879580
6880303
6880307
6880434
6881612
6884665
6885487
6885983
6887209
6889012
6889554
6892123
6892169
6893563
6893985
6899802
6902497
6902504
6902545
6905442
6908287
6909540
6914637
6914971
6916408
6919790
6920722
6923628
6924430
6925361
6925967
6926901
6927689
6930215
6931557
6931745
6933828
6933919
6934690
6935401
6935802
6936639
6938075
6946023
6946606
6948414
6949077
6952774
6953001
6958993
6961156
6969679
6971889
6973799
6974414
6974678
6975480
6975703
6977346
6979785
6981105
6981602
6982033
6983199
6984279
6984763
6986437
6997520
6997566
6997827
6999418
7009300
7010191
7010286
7012397
7013229
7014483
7016979
7017169
7028062
7028626
7030593
7031937
7034117
7037923
7038470
7038894
7039682
7040960
7041646
7043230
7044159
7044492
7046638
7048714
7050850
7052124
7052664
7055918
7056458
7056772
7062384
7062529
7064184
7064537
7066005
7068737
7069166
7072561
7073803
7074173
7074962
7075298
7076899
7077538
7078472
7078493
7078848
7079298
7080393
7082800
7083254
7083952
7085172
7086093
7088403
7093628
7098153
7099654
7099731
7101082
7105541
7109990
7110533
7110877
7112132
7113618
7114399
7116528
7117149
7123519
7125673
7126787
7127163
7127281
7127484
7129318
7129752
7129930
7130733
7131269
7134019
7134962
7136095
7137420
7138401
7141058
7142211
7143001
7144189
7145702
7149299
7149991
7150091
7151290
7152511
7153194
7154347
7154809
7155112
7155692
7157804
7164220
7165862
7167087
7167301
7169585
7170952
7171194
7175537
7176933
7179218
7179759
7181838
7181918
7185295
7188593
7189008
7189210
7189527
7189843
7191575
7192616
7196708
7197164
7198376
7199912
7203451
7205091
7205960
7206911
7207490
7209402
7210551
7210709
7211080
7213542
7216093
7217279
7218389
7219120
7220341
7222244
7233711
7238231
7238766
7239083
7239139
7241994
7242445
7243348
7246619
7248783
7256917
7258689
7258790
7259610
7261432
7268700
7271734
7274420
7276964
7277810
7278074
7279470
7280662
7281580
7283786
7290901
7292197
7293350
7299533
7299979
7300124
7301461
7301578
7303008
7305608
7306412
7306732
7309867
7313396
7314261
7320826
7322614
7324948
7325953
7326488
7327656
7327661
7330016
7332102
7332784
7333295
7339568
7340487
7340612
7341251
7341474
7345006
7346069
7354186
7357781
7358425
7365827
7365914
7366147
7366574
7368312
7370811
7371712
7377990
7379907
7381143
7383144
7383773
7384271
7384389
7386538
7387501
7390627
7390718
7395422
7397446
7399683
7400105
7401756
7402785
7403320
7404973
7405137
7406524
7410706
7412634
7414113
7414503
7414660
7415612
7417081
7418027
7421435
7422673
7427465
7435662
7435834
7436549
7437235
7437594
7438448
7439210
7441159
7441166
7445287
7448920
7452303
7452737
7468524
7470290
7473881
7474051
7476289
7477346
7477381
7477722
7485353
7488158
7490435
7491834
7497251
7499469
7501851
7503652
7504905
7508781
7509790
7510182
7513538
7519938
7520381
7521181
7523006
7527070
7527706
7529989
7532058
7534765
7536700
7538081
7542033
7542426
7547305
7547688
7548195
7554142
7555398
7555510
7555951
7557165
7558237
7564238
7565983
7566841
7567518
7568510
7569474
7570301
7570413
7570656
7572548
7572804
7573128
7575953
7576483
7581566
7587651
7589403
7590189
7592310
7603027
7605523
7606539
7606889
7608832
7609067
7612745
7614400
7615738
7620727
7624312
7626230
7626298
7627444
7628537
7629861
7632928
7634470
7635501
7636516
7637129
7638618
7639080
7639421
7640198
7646082
7647138
7648679
7648969
7650309
7652972
7655142
7655317
7657399
7657664
7660644
7660773
7662778
7662874
7663649
7664608
7664852
7666247
7667847
7668869
7670785
7671634
7675650
7677029
7678359
7678664
7678851
7680327
7683069
7686217
7687036
7687596
7687823
7688430
7691361
7692305
7692839
7693486
7694821
7696073
7696075
7702621
7705347
7706633
7710614
7714395
7714584
7717125
7721480
7722930
7724262
7725587
7726191
7727501
7730089
7730358
7734099
7735834
7736114
7736404
7742030
7742440
7742953
7744151
7745462
7751673
7753362
7753846
7756033
7756815
7760955
7763667
7763798
7764832
7771153
7771869
7776568
7777586
7778282
7779153
7781121
7782895
7785690
7789404
7789588
7797299
7797604
7799604
7800433
7803715
7806901
7809886
7810996
7811395
7815089
7816718
7818087
7821019
7824679
7825173
7825340
7826459
7826746
7829438
7830896
7835515
7836739
7837022
7839422
7839680
7840959
7843575
7844526
7847268
7848431
7849001
7850730
7852486
7852922
7853700
7856612
7859532
7860793
7864289
7866661
7866754
7868523
7869197
7875470
7875477
7880879
7881991
7882498
7884830
7884862
7886008
7888108
7889595
7889715
7901173
7905970
7908004
7910773
7911494
7911883
7913385
7914856
7918073
7922910
7928406
7929146
7930609
7931146
7931760
7931984
7933013
7934127
7934998
7935130
7935234
7935273
7938187
7938316
7938771
7941643
7943544
7944173
7946589
7952498
7952950
7954761
7954940
7956518
7957170
7957904
7958713
7963025
7967165
7968496
7968531
7968551
7972097
7974662
7974823
7975181
7977791
7978224
7978341
7981085
7981458
7982265
7984910
7985175
7993049
7996720
7998802
8000581
8002425
8002488
8002861
8003911
8004191
8005075
8006171
8006560
8016813
8017484
8017776
8020432
8021430
8022403
8028880
8030435
8037661
8039077
8043997
8044782
8045917
8048318
8049560
8058021
8058338
8059408
8061421
8061776
8062641
8065969
8067300
8070083
8070345
8070918
8072672
8074971
8075406
8076693
8085031
8085959
8086166
8086655
8092910
8093404
8093576
8094584
8095600
8097814
8099459
8100222
8100935
8102143
8107028
8107111
8107334
8107365
8107984
8108244
8117675
8118198
8132582
8133751
8133866
8134230
8137159
8138334
8138567
8138987
8140515
8141379
8142595
8144254
8145139
8150489
8153499
8156064
8161274
8162047
8164762
8165019
8166464
8167485
8168903
8173219
8173529
8173972
8174619
8178996
8180070
8183789
8185651
8187415
8189900
8197144
8201273
8201621
8208158
8208341
8213607
8213622
8214667
8214951
8214967
8215962
8216158
8216312
8216469
8217985
8218387
8219378
8223298
8224398
8225373
8226066
8226871
8228104
8228486
8229385
8230728
8230978
8231319
8233941
8238623
8238737
8239360
8239764
8240959
8242018
8242543
8243384
8244295
8244800
8245421
8246449
8246772
8248252
8249663
8251038
8251316
8252008
8256380
8257269
8257580
8257891
8258182
8262366
8262859
8264553
8264653
8265845
8267386
8267448
8268528
8268758
8271543
8271620
8271827
8272583
8272751
8273518
8274231
8274620
8275120
8275579
8276821
8279005
8281498
8282800
8285861
8287485
8287520
8287692
8287753
8288949
8289266
8290137
8290665
8291430
8291478
8292549
8294214
8294856
8297261
8299221
8299436
8299468
8301149
8302645
8303126
8304335
8305511
8307048
8307445
8307549
8309693
8310106
8313232
8315599
8316240
8316519
8322319
8325058
8325065
8325206
8328287
8328524
8329280
8335356
8338333
8339144
8340043
8341916
8342384
8343684
8345630
8347960
8349468
8350187
8353507
8355267
8356591
8361158
8363233
8364710
8366452
8368692
8370488
8371379
8373143
8375586
8380945
8381098
8381165
8381800
8383199
8384264
8384597
8388554
8388886
8391437
8392595
8392933
8393237
8394206
8395024
8397210
8400170
8407395
8409936
8410640
8411264
8415187
8415241
8422765
8424058
8427830
8428073
8429592
8431541
8431771
8433949
8436896
8440361
8440762
8441087
8444047
8444926
8447273
8449177
8450095
8450158
8451370
8455524
8461298
8464474
8464824
8468240
8471921
8478225
8481850
8482033
8482415
8482651
8484383
8484418
8484486
8485962
8486857
8488460
8490289
8491135
8499025
8500326
8501720
8504872
8506321
8510517
8510674
8510950
8512887
8513502
8515139
8518147
8518596
8519125
8522251
8523905
8530380
8530711
8531162
8536327
8537167
8538210
8539740
8543245
8544747
8546760
8547256
8547720
8552262
8554095
8562977
8565890
8565997
8566724
8568294
8568986
8569943
8570522
8573837
8574506
8577857
8579391
8579485
8585096
8585642
8586483
8589657
8590165
8591896
8595482
8596856
8600317
8602529
8603242
8604622
8607324
8609523
8610692
8612165
8612276
8615367
8617773
8618778
8619626
8620674
8625018
8625602
8631819
8632181
8634075
8634448
8636379
8637405
8639651
8641415
8642133
8642304
8642936
8644849
8645172
8646398
8653691
8655831
8658844
8661847
8664242
8666356
8668603
8669081
8669261
8671756
8673140
8683220
8683282
8684669
8685086
8688073
8690474
8697889
8700305
8702953
8704950
8712194
8716519
8719318
8719927
8721179
8727341
8730538
8730718
8732791
8733094
8735992
8745191
8745246
8745375
8747481
8751011
8755618
8755868
8756002
8762169
8762377
8766392
8769200
8769214
8771402
8773704
8773783
8775207
8776397
8777652
8782277
8783658
8788083
8791134
8791268
8793627
8794922
8798603
8806015
8806934
8808127
8810801
8811618
8821282
8823250
8826698
8833018
8833579
8833970
8835205
8835986
8838166
8838260
8846223
8848792
8851654
8852229
8854383
8855231
8855801
8858992
8866089
8868707
8868945
8869886
8873370
8874091
8874469
8879198
8883593
8884552
8887927
8888887
8892736
8893711
8897535
8900418
8900484
8900485
8901331
8901540
8903906
8905464
8908998
8914846
8914918
8915781
8916084
8917666
8919727
8920910
8923433
8929688
8930570
8931298
8932816
8935461
8940401
8940951
8942911
8945306
8945983
8947435
8948612
8948677
8948988
8951082
8951154
8953365
8954266
8954377
8956896
8963224
8965023
8966812
8967085
8967928
8967948
8968550
8972561
8975803
8977916
8980786
8989231
8991678
8995572
8998835
8999882
9000846
9001010
9002667
9004583
9005249
9005940
9008272
9008356
9010746
9011110
9011939
9019296
9020162
9020374
9027821
9028072
9030305
9032972
9034469
9035414
9036717
9037171
9040585
9043929
9044396
9044579
9045987
9046519
9047119
9047787
9052627
9054087
9054252
9057322
9058867
9059341
9061060
9062883
9067151
9068742
9071460
9075253
9077345
9078108
9078717
9078995
9081928
9082875
9086249
9087761
9090840
9092800
9093237
9096937
9099426
9101451
9104964
9105080
9106157
9108515
9108922
9112668
9112891
9115102
9117986
9120671
9121042
9121816
9126551
9128145
9128211
9132337
9135301
9138242
9138542
9142628
9147610
9153594
9154250
9156871
9158218
9160249
9160975
9163975
9165805
9166352
9166582
9168433
9172190
9172344
9172885
9174099
9177659
9179553
9182259
9184572
9185212
9186632
9191214
9191381
9191894
9192109
9194079
9194132
9194350
9197290
9198213
9204344
9206859
9207195
9207655
9208502
9212699
9213769
9220546
9224262
9224404
9224405
9225263
9225591
9226207
9226848
9229523
9233614
9244867
9245568
9245607
9246311
9246736
9250617
9250691
9250855
9251730
9253451
9254001
9254016
9254828
9259363
9260570
9264715
9265007
9273137
9273910
9274277
9278522
9278993
9279799
9281332
9282257
9286420
9286635
9293731
9295438
9302374
9302909
9304633
9305856
9310045
9310417
9311250
9313311
9318111
9318812
9320755
9331988
9332457
9334245
9336595
9337576
9338412
9339998
9344469
9347163
9352657
9355118
9357692
9358428
9358450
9359057
9359210
9362319
9363665
9363864
9364596
9366281
9371206
9372240
9372469
9372701
9373593
9377100
9377509
9379646
9381016
9381247
9382102
9382826
9383377
9384402
9384448
9385925
9386627
9390627
9391466
9392209
9392279
9392978
9394631
9394696
9396997
9398350
9401643
9402423
9405704
9406246
9406355
9408661
9410268
9411009
9413141
9418835
9418932
9422311
9423547
9424291
9424503
9425626
9426596
9430263
9432028
9436808
9440480
9443023
9445676
9448701
9454787
9455050
9455491
9457224
9460026
9462941
9466184
9469841
9470923
9472652
9472911
9476641
9481395
9482924
9483209
9487984
9489450
9492641
9493530
9496482
9498726
9501783
9502221
9507357
9507680
9513555
9514981
9515638
9516341
9518201
9519000
9521088
9526441
9529748
9533043
9537660
9540813
9541228
9542126
9542295
9543314
9545826
9546775
9549313
9549474
9550830
9552446
9552732
9553055
9557587
9560512
9564728
9566597
9566647
9566751
9567636
9568565
9569186
9570295
9571823
9574423
9575452
9576748
9579916
9581485
9586297
9594953
9599855
9602033
9603542
9604029
9606185
9609948
9610181
9611542
9613943
9615007
9615736
9616527
9620062
9621726
9621789
9622052
9623271
9623398
9623830
9630512
9630561
9630611
9631322
9633002
9635776
9643299
9645709
9645718
9646909
9648557
9651217
9651718
9652326
9654961
9656480
9658041
9658793
9659191
9660300
9667540
9667642
9668351
9670189
9671683
9673680
9675682
9679459
9684152
9684926
9688008
9690846
9692610
9692757
9693093
9695242
9697119
9699320
9699836
9700229
9700963
9702484
9702713
9703511
9704668
9706207
9706778
9707241
9711097
9711469
9712682
9712833
9714406
9716270
9718324
9721843
9723903
9724876
9725894
9726341
9726661
9726997
9727313
9728490
9729559
9734773
9735563
9738368
9740880
9741874
9742982
9746551
9747269
9749136
9750164
9751311
9751752
9752322
9753386
9758604
9758768
9759728
9763011
9764391
9766395
9767324
9768514
9769291
9774886
9775456
9775513
9779921
9780453
9780511
9780935
9782798
9783206
9783457
9784360
9785146
9786248
9786827
9788032
9789184
9789459
9789712
9789959
9790145
9790213
9791273
9792211
9792767
9793886
9797551
9798781
9799268
9801391
9801404
9802973
9806965
9807992
9808782
9810417
9810679
9814303
9815075
9815343
9817428
9824190
9826488
9826738
9827525
9827630
9828040
9828197
9829849
9830256
9832180
9836410
9837474
9838911
9839373
9839865
9845373
9846633
9848396
9856294
9856625
9857852
9859661
9861655
9863066
9864695
9865917
9868773
9871331
9871690
9872925
9873373
9875954
9878304
9879242
9880189
9881846
9882712
9884336
9884487
9884492
9884796
9895285
9896562
9900047
9903213
9905452
9906093
9906164
9909300
9911267
9913927
9917145
9917741
9917771
9919204
9919245
9919648
9920933
9923665
9927697
9929399
9930773
9930964
9931995
9932133
9933759
9935324
9937916
9940283
9942734
9943932
9944287
9949818
9950687
9950763
9952158
9952423
9953300
9953478
9954497
9955735
9956437
9958957
9959296
9961037
9961232
9961409
9964560
9965383
9968317
9968882
9970235
9970357
9975203
9975616
9981776
9982477
9982650
9983515
9984058
9984350
9988339
9988531
9988772
9993945
9994178
9995741
9997274
9998282
9999046
10001158
10003278
10003961
10007080
10007196
10009699
10015001
10016106
10019492
10019699
10022056
10027275
10028501
10029875
10030628
10031632
10036073
10036568
10038072
10038527
10039391
10042007
10047277
10048586
10048639
10050166
10052005
10056903
10057343
10058878
10060339
10062695
10065334
10066034
10068635
10069163
10077407
10078521
10080172
10083526
10088820
10093366
10095399
10096059
10096931
10104446
10106835
10106847
10113403
10115904
10116836
10119627
10120401
10121691
10122078
10123876
10125550
10125561
10128356
10130026
10130710
10131706
10131998
10134792
10135613
10140317
10140346
10140468
10141880
10141950
10148878
10149161
10154140
10154559
10154757
10159003
10160183
10161422
10165633
10167931
10171993
10172662
10173501
10178979
10181743
10181953
10185144
10186177
10186542
10186788
10189932
10190696
10200476
10208202
10208415
10208556
10208850
10211158
10212022
10212227
10215710
10216161
10216535
10217082
10219040
10220713
10223119
10224829
10226764
10230408
10230805
10237223
10239624
10254219
10254242
10257785
10258738
10260594
10260675
10260990
10261854
10262475
10263149
10265891
10268243
10270467
10270583
10277397
10278889
10281163
10281437
10284909
10285111
10285640
10288482
10293445
10294473
10299816
10304462
10307368
10308461
10310735
10310968
10311335
10313127
10314736
10314858
10320921
10322139
10323402
10324010
10326255
10330780
10331805
10335922
10337933
10337980
10341110
10343110
10344425
10346451
10349355
10349964
10351039
10352700
10353936
10353993
10354558
10355359
10356691
10360086
10361425
10362307
10362856
10367290
10367932
10369246
10371629
10371865
10376527
10377883
10378212
10379471
10380421
10381138
10382215
10383423
10384721
10390470
10392187
10394179
10394516
10395340
10396471
10396956
10398137
10399266
10402317
10404506
10407044
10415654
10416004
10418404
10421002
10421800
10423840
10426471
10426774
10428254
10430964
10432976
10434760
10434862
10440358
10440462
10441241
10445949
10446909
10447037
10449418
10458409
10458544
10461302
10468443
10469327
10469462
10470331
10475908
10478130
10481587
10483443
10484790
10485739
10485762
10485765
10486736
10488916
10489284
10490418
10493761
10493899
10497078
10497833
10499138
10499857
10500861
10501562
10506449
10509514
10510139
10510992
10514891
10517628
10520553
10522264
10522688
10523182
10529893
10533253
10533567
10536346
10537192
10542464
10542650
10546962
10547740
10548941
10553722
10554514
10556212
10556959
10559079
10562670
10565649
10568885
10569116
10569703
10572046
10574275
10584107
10586860
10586922
10587967
10590655
10592359
10593562
10595314
10597459
10597805
10603879
10608442
10609389
10614289
10614907
10615151
10618979
10619768
10619851
10620403
10624460
10625211
10625523
10625626
10627203
10628429
10634621
10634781
10635489
10637303
10645556
10645615
10647615
10648099
10650493
10650729
10653625
10653805
10654547
10655520
10655801
10664458
10665060
10665179
10666260
10669161
10673234
10681905
10682979
10687191
10688468
10688812
10688994
10690023
10691711
10697534
10698343
10704671
10704998
10705488
10706917
10708108
10710087
10713686
10714622
10716451
10716922
10717911
10721220
10724557
10724685
10726383
10727085
10730408
10731335
10732382
10733602
10734447
10737397
10737519
10738584
10740007
10740215
10745125
10745441
10749306
10750169
10759807
10762946
10762957
10768864
10770432
10773452
10774384
10779533
10779975
10780745
10781293
10784024
10784938
10786053
10787487
10790124
10790421
10791981
10794536
10800954
10804466
10804678
10806193
10806452
10806998
10807128
10808516
10813672
10815532
10819889
10824401
10824447
10825537
10827122
10828224
10830028
10832313
10832549
10833534
10834482
10834745
10836192
10838436
10839095
10841064
10842310
10842616
10843083
10846086
10846330
10847698
10848104
10852981
10853645
10856221
10856327
10857280
10858174
10858926
10858963
10860863
10861532
10861811
10862794
10862921
10870343
10871399
10871712
10873434
10874921
10876701
10879641
10882784
10884495
10891558
10891768
10891887
10894286
10895625
10898305
10901096
10901125
10903849
10906361
10906408
10906474
10906662
10911335
10912675
10914581
10915627
10916255
10920047
10921374
10924681
10926072
10927025
10927110
10928265
10929163
10931081
10932499
10933138
10933272
10935515
10936022
10936861
10938108
10940964
10941943
10943187
10944257
10944338
10944379
10944792
10948325
10948948
10949190
10949583
10949780
10949832
10950117
10954126
10955133
10956603
10958146
10958201
10958520
10959204
10962037
10962227
10966362
10972147
10978116
10983320
10987114
10988204
10989890
10990653
10991631
10997750
11001042
11002057
11002704
11003961
11004626
11005807
11008969
11011789
11016516
11017043
11017169
11017812
11018355
11032512
11035922
11036278
11038295
11042214
11042781
11045026
11045035
11047107
11047844
11047887
11048101
11050314
11055304
11057277
11058068
11059472
11061970
11064674
11066103
11073214
11073342
11075264
11076913
11080021
11083432
11087530
11089388
11089549
11090212
11091476
11092158
11093513
11095613
11097341
11101373
11101506
11104215
11105327
11107350
11108191
11109363
11110081
11112435
11113668
11115690
11115818
11117013
11117222
11117792
11118643
11120632
11123482
11128251
11131716
11144474
11144680
11148142
11150171
11151195
11155524
11155894
11156164
11160256
11161021
11162653
11164342
11165225
11167316
11168905
11169577
11172379
11175664
11180202
11183202
11185480
11188557
11191365
11195373
11195995
11196715
11204986
11207785
11208430
11208533
11211312
11214977
11216578
11216708
11217714
11219672
11223970
11224562
11226194
11226540
11230171
11230398
11231511
11234851
11236140
11236355
11237567
11240539
11244692
11245692
11247576
11247826
11248376
11251516
11254202
11255571
11255974
11257220
11262787
11263614
11266517
11268781
11269370
11273894
11279064
11282709
11283799
11286369
11288333
11289875
11291002
11291897
11292063
11292747
11293604
11295864
11297354
11299083
11300322
11301000
11303485
11305582
11305805
11308549
11312166
11312666
11316799
11317637
11319321
11320758
11324024
11325498
11328685
11334405
11335541
11335574
11335948
11336492
11339305
11342086
11342663
11342844
11345712
11349207
11352333
11353831
11354886
11356106
11356266
11357604
11357883
11359686
11362722
11363957
11364053
11369077
11372054
11372142
11377992
11390245
11391120
11393660
11395645
11395941
11396759
11397251
11397369
11398454
11400063
11401466
11404789
11406362
11410387
11411545
11413168
11415030
11415181
11415717
11416693
11417655
11417909
11418407
11418782
11422830
11423302
11423693
11426051
11431386
11432428
11434083
11434278
11435451
11436771
11440934
11440965
11441904
11442975
11448367
11453521
11455433
11456086
11459461
11459987
11461345
11463099
11469381
11474545
11475399
11477429
11477587
11478238
11478303
11479083
11480849
11480900
11482199
11484344
11484510
11487344
11488943
11489364
11490192
11491143
11492131
11495919
11497740
11498526
11500724
11501397
11502582
11503984
11504461
11509285
11512603
11516900
11517000
11517717
11519116
11519316
11522913
11525228
11526093
11527023
11527167
11531553
11532904
11535330
11535483
11535946
11539546
11541200
11541488
11542552
11543331
11544431
11546705
11548938
11549041
11550908
11551332
11551690
11553674
11555471
11555636
11560795
11561760
11565696
11567205
11569087
11570125
11570302
11571453
11573598
11576586
11577975
11581421
11584901
11587033
11588096
11588493
11588839
11590583
11594586
11596115
11596326
11597578
11603338
11605269
11608104
11608775
11609218
11609754
11610143
11611174
11613837
11614944
11615460
11615703
11615977
11616505
11618422
11620687
11622592
11625195
11626953
11629576
11634487
11638563
11639926
11640314
11640655
11641085
11643858
11645150
11650293
11650536
11653605
11656007
11657651
11661628
11662515
11663111
11663122
11663364
11664186
11664529
11664629
11665923
11669488
11670692
11671143
11672233
11675516
11675791
11676407
11677581
11678631
11678847
11680648
11681867
11684945
11685709
11686077
11688044
11689418
11689543
11694064
11698620
11703494
11704230
11706515
11706541
11708427
11708859
11709639
11709904
11712497
11715264
11715994
11716365
11716737
11718706
11724044
11724347
11724553
11725538
11726380
11726906
11727962
11730941
11734824
11739155
11741182
11743080
11746105
11747450
11752669
11754107
11761923
11762042
11762331
11764661
11767747
11770845
11772202
11772445
11773931
11775200
11778158
11778662
11781435
11783498
11784548
11785819
11785903
11786055
11786642
11786934
11787264
11791010
11791088
11798746
11803420
11815464
11817939
11821486
11823872
11825237
11826974
11827423
11830929
11831817
11834799
11834960
11835611
11839453
11839604
11839840
11841902
11843625
11844233
11844370
11844865
11845011
11848730
11850908
11851948
11860245
11862536
11863082
11867429
11870035
11872862
11879345
11882684
11884388
11887646
11891927
11893937
11895185
11900526
11901536
11903187
11906097
11908994
11911745
11911875
11918808
11919657
11920143
11924858
11926121
11927045
11927885
11929198
11935849
11939181
11940884
11941753
11943638
11944676
11945075
11948870
11950831
11961963
11963426
11966721
11967057
11967313
11969210
11970633
11970899
11971382
11971827
11975333
11975934
11977582
11977816
11979522
11982342
11982969
11986324
11990100
11991226
11991699
11992327
11993983
11995421
11995695
11997322
11997620
12001646
12003237
12004968
12006730
12007084
12013097
12013479
12014603
12023618
12026137
12027991
12028640
12029122
12029836
12030561
12033034
12033314
12034220
12034287
12035872
12035908
12037295
12038215
12041383
12046122
12049357
12050510
12053220
12054011
12054897
12057085
12061939
12066023
12066446
12067491
12070223
12070627
12071942
12072918
12079100
12081699
12082070
12082919
12084518
12089653
12090464
12091128
12092285
12093243
12097045
12097208
12102699
12102834
12106185
12106407
12109397
12116166
12117457
12118535
12121367
12122526
12123366
12123682
12123711
12129707
12133496
12136597
12136665
12145919
12146709
12147329
12147909
12150135
12150799
12150890
12151976
12153082
12155029
12156114
12156862
12159508
12163901
12165420
12166512
12167063
12170182
12171072
12171461
12173102
12173375
12174398
12175160
12177366
12177954
12182775
12182968
12183416
12188414
12188970
12191462
12191963
12193564
12193962
12197702
12197830
12197834
12198433
12200949
12201712
12202081
12205619
12205803
12205819
12206152
12207793
12207866
12209566
12212343
12213173
12213253
12213352
12213482
12219905
12221241
12223336
12223490
12225259
12232053
12233787
12234784
12235866
12236277
12238222
12238765
12241312
12243164
12244090
12245417
12246020
12246558
12246617
12246917
12246984
12247517
12248041
12249062
12252498
12252790
12255257
12255753
12256236
12257097
12257708
12258610
12258620
12259874
12264818
12267262
12271610
12273905
12275654
12275892
12276524
12280272
12284071
12285073
12286120
12286608
12287053
12290135
12292882
12294373
12295315
12298245
12300884
12301010
12302611
12302668
12303254
12304292
12310499
12310864
12314843
12314848
12315893
12316659
12317643
12318481
12319457
12320300
12324486
12328410
12331859
12333991
12334191
12334852
12338156
12339464
12344146
12344832
12347246
12349574
12351214
12353199
12353379
12354581
12354711
12358657
12358706
12360615
12362044
12366970
12368697
12369753
12370349
12370373
12372961
12373003
12373222
12374011
12375824
12378020
12379164
12379639
12385580
12387779
12394345
12394954
12395318
12398216
12399490
12400416
12403534
12404500
12406619
12411676
12411972
12413653
12416480
12416699
12420670
12421420
12422967
12424312
12429236
12431472
12432444
12436332
12438435
12440286
12440563
12441885
12443212
12444124
12445788
12446289
12450156
12460545
12463048
12465130
12465172
12467302
12468366
12469541
12469545
12472634
12473031
12476333
12481781
12483603
12484746
12485289
12487174
12487724
12488154
12488635
12494902
12494937
12495718
12497528
12497537
12498004
12498578
12499529
12500829
12500856
12502499
12502526
12503763
12504157
12505227
12508854
12509355
12510208
12510834
12511479
12513260
12516121
12517963
12519849
12525358
12525369
12526184
12526812
12527241
12530951
12531757
12533154
12534601
12536195
12540278
12542414
12542769
12545432
12547916
12548086
12551679
12553944
12554982
12558400
12558594
12559113
12560459
12562712
12563169
12563546
12563811
12565266
12565286
12565524
12568469
12569517
12570962
12573427
12573824
12574048
12574731
12577477
12578866
12579242
12579622
12581288
12581356
12585161
12585908
12586272
12586796
12588631
12588947
12592613
12593258
12593859
12603203
12610731
12610903
12612577
12613822
12614094
12615255
12621932
12623402
12624328
12625870
12628810
12630371
12630389
12632115
12639436
12641076
12641715
12644190
12644379
12647813
12649274
12649405
12655699
12656083
12660856
12663165
12663712
12667503
12668787
12671743
12674380
12678285
12678342
12679685
12686287
12687200
12688952
12691383
12691623
12697172
12697770
12698853
12699369
12702363
12702768
12705584
12706709
12707208
12708408
12708669
12709283
12710316
12714363
12715432
12718715
12721675
12722308
12724460
12724945
12727321
12727427
12729090
12729697
12732379
12732546
12734352
12735760
12736163
12737327
12738111
12742814
12743632
12746275
12752461
12753690
12754441
12756598
12756681
12759985
12761041
12766212
12768137
12769598
12770155
12770305
12774261
12777710
12778551
12779934
12780105
12781820
12783319
12783755
12783817
12784309
12785761
12786089
12791679
12792531
12793192
12796144
12796285
12796564
12799571
12799874
12804388
12807684
12810493
12811045
12815292
12819274
12819551
12820062
12820181
12820787
12824090
12826560
12827934
12829217
12830164
12831124
12832038
12835160
12836173
12839022
12843979
12847033
12852251
12852871
12854098
12855642
12858159
12866223
12867375
12867921
12872587
12872698
12876668
12878652
12879008
12880517
12882052
12883170
12884988
12885350
12886056
12886505
12888125
12888143
12892424
12893163
12896493
12897218
12897632
12897922
12898482
12900332
12900972
12902830
12903210
12905323
12905444
12906013
12907056
12907178
12913199
12915712
12919117
12920312
12923557
12925816
12928698
12929689
12931751
12933195
12935489
12936070
12937916
12938580
12939460
12939924
12943325
12946739
12947365
12948925
12950189
12951307
12951966
12959778
12962192
12965047
12966871
12967420
12969505
12971563
12974003
12977249
12977296
12979784
12980852
12983309
12984883
12988763
12988916
12992150
12993190
12994070
12994473
12996075
12998471
12999105
12999144
12999186
13000231
13000660
13004777
13004990
13007037
13008387
13008443
13008666
13013159
13016038
13019916
13020302
13020501
13023664
13025547
13025940
13030188
13032015
13037796
13038116
13038484
13040348
13040461
13042081
13054631
13055602
13057287
13057836
13059678
13060898
13060957
13061387
13066731
13067279
13067306
13067995
13073345
13074715
13075666
13075825
13078622
13079050
13080481
13087815
13088179
13089440
13090500
13090534
13092598
13099814
13101193
13101414
13101899
13101949
13102314
13107885
13108020
13109017
13110109
13113742
13115631
13117907
13118959
13123818
13123923
13130272
13130771
13136112
13138325
13141859
13142652
13142913
13143467
13148873
13149090
13150827
13153411
13154856
13158478
13160163
13160402
13163334
13164117
13164631
13165650
13166022
13166325
13168057
13175204
13176828
13177314
13182355
13182626
13185634
13188075
13189791
13192247
13192338
13196636
13199327
13199599
13199601
13200501
13200800
13202199
13202610
13204745
13205537
13206125
13206720
13209088
13209269
13210709
13211807
13212863
13213385
13214781
13215504
13216529
13216931
13217751
13219513
13220748
13220841
13227621
13228289
13231399
13232233
13237252
13237683
13239676
13241214
13245287
13246214
13246400
13248540
13251241
13251551
13253437
13253769
13256251
13257388
13257492
13260455
13262035
13262583
13262966
13263497
13264310
13265746
13265928
13266338
13267248
13268216
13271592
13274391
13275985
13276797
13277574
13279504
13279775
13281412
13289358
13290863
13291387
13291567
13295184
13295262
13295991
13298554
13299153
13299901
13302041
13302728
13303676
13303729
13305151
13307837
13310117
13313740
13316048
13316945
13317080
13317382
13320273
13321071
13321692
13330988
13332043
13332312
13332654
13333452
13335763
13337185
13338652
13338658
13339541
13341904
13342387
13343458
13344109
13346672
13351212
13351366
13351668
13351982
13353114
13353188
13354792
13357296
13357570
13361933
13364477
13365845
13366163
13367978
13369045
13371497
13371766
13373127
13378603
13379588
13380949
13384610
13385345
13390763
13394573
13395665
13395796
13396687
13397323
13400171
13404285
13406995
13408095
13413577
13415337
13416245
13418519
13419071
13419271
13419384
13422391
13428390
13429278
13435097
13435379
13435715
13438491
13439459
13441390
13443352
13444773
13445991
13446406
13447652
13449443
13449491
13450934
13450952
13452957
13455891
13456268
13457128
13462624
13463164
13471378
13472149
13472447
13472824
13473293
13478461
13481484
13481758
13487202
13487881
13490396
13490954
13491228
13494282
13498373
13500296
13503782
13505317
13507188
13508670
13510292
13510907
13516908
13517632
13518275
13518689
13522335
13527499
13528526
13528868
13529646
13530517
13531472
13534520
13537167
13542667
13545120
13545451
13546512
13546583
13546879
13547782
13548636
13552633
13552913
13555429
13555988
13557588
13560254
13560872
13561739
13563890
13564528
13564864
13567102
13570025
13572329
13575736
13577552
13578610
13578921
13581522
13583109
13586331
13588544
13592670
13592703
13592986
13601210
13601696
13605988
13609684
13610803
13611472
13617682
13618762
13618883
13622411
13624439
13625804
13630093
13636046
13644645
13647782
13651590
13651889
13653911
13655217
13662477
13662692
13667001
13668372
13670623
13672800
13673257
13684014
13693280
13695116
13696791
13696965
13697130
13700624
13700828
13702339
13704074
13705655
13707922
13708052
13708827
13709506
13709739
13711160
13712755
13714813
13719513
13719514
13720179
13722840
13723899
13724357
13725273
13726665
13729259
13731598
13732970
13737963
13738154
13739487
13743743
13744299
13744502
13748879
13750186
13750698
13751716
13753498
13756503
13757240
13757885
13758578
13759556
13763568
13764333
13764638
13768614
13769347
13773005
13773643
13778120
13778603
13778941
13778970
13779096
13779843
13781909
13783123
13787910
13791573
13796643
13797059
13801083
13803408
13804083
13804108
13805206
13805848
13806185
13806484
13809234
13811689
13815241
13816875
13817473
13818069
13819068
13819468
13822700
13823071
13827533
13829227
13831700
13834326
13835424
13839754
13840042
13840047
13840257
13841735
13842109
13853306
13853629
13853739
13857182
13857616
13858697
13859367
13861054
13861147
13861875
13862867
13866402
13867474
13870351
13874294
13876463
13877579
13883383
13886165
13888030
13895679
13895715
13895856
13897127
13899294
13901794
13902892
13904940
13906119
13907525
13909802
13910285
13912854
13913423
13914412
13915145
13916213
13917926
13920689
13925131
13925259
13925765
13926032
13926322
13928224
13928976
13932133
13933414
13934397
13935310
13936880
13942790
13945501
13946898
13949843
13951255
13951431
13954710
13956480
13957178
13959666
13959750
13962051
13963111
13964645
13964687
13964981
13968324
13968627
13969352
13970554
13971038
13973903
13975707
13978542
13979951
13981235
13982604
13983013
13987098
13988525
13989204
13990544
13991277
13991814
13993239
13994728
13995837
13995865
13999885
14000366
14001687
14005636
14009824
14011425
14011615
14012507
14014178
14018581
14021255
14022990
14026684
14026709
14028777
14029863
14038126
14038146
14039002
14040515
14044192
14048162
14050754
14054646
14054923
14057198
14057415
14058563
14060834
14061737
14063127
14064121
14072262
14078113
14080324
14081537
14083934
14086722
14089959
14091281
14093369
14097973
14098482
14098929
14100931
14102884
14107647
14109589
14110939
14116836
14117586
14119992
14121502
14124228
14124793
14125835
14126692
14126963
14128582
14128756
14129273
14129478
14132393
14133866
14135678
14136516
14136666
14136872
14138046
14141101
14142351
14145099
14146110
14150147
14150904
14156150
14158163
14161709
14162602
14163231
14165926
14167734
14170561
14170923
14173022
14176608
14176909
14177394
14180135
14184001
14184279
14184669
14186518
14187871
14187956
14188646
14189523
14191212
14195928
14196277
14198979
14201354
14201503
14201649
14202635
14202888
14203995
14206973
14211956
14214105
14214179
14214844
14216793
14217954
14220435
14221027
14223948
14224105
14234343
14234949
14236093
14237966
14237999
14238031
14238185
14239332
14239406
14239514
14242071
14243122
14244895
14246025
14249264
14252028
14252364
14253005
14254881
14256330
14259330
14263186
14265418
14270794
14272558
14275672
14275929
14278728
14278755
14280062
14280066
14282442
14283295
14286926
14290479
14291515
14297799
14301718
14303841
14304262
14305917
14307055
14307352
14311127
14311682
14312296
14316591
14318347
14318544
14320121
14320166
14322590
14324618
14329255
14330746
14336228
14336684
14337461
14339648
14342484
14346928
14347444
14348618
14350459
14352197
14356407
14356613
14357089
14357133
14358730
14362804
14368615
14372627
14372832
14377466
14378883
14379460
14381525
14383315
14383744
14390739
14392784
14394266
14399599
14408657
14412086
14414096
14420347
14421598
14421654
14422872
14425650
14427374
14427991
14430048
14430659
14432117
14433280
14433731
14437109
14437481
14437742
14440736
14442811
14442957
14444065
14451456
14458196
14460620
14463670
14464252
14464506
14464637
14466389
14466920
14468704
14468887
14473476
14473768
14474464
14475135
14480477
14485505
14495797
14496070
14496125
14503403
14509274
14509284
14509676
14511056
14518664
14519465
14520487
14523037
14525474
14527092
14530931
14531715
14533544
14534849
14535397
14540763
14544890
14547649
14548919
14551691
14552756
14555441
14559139
14559500
14561009
14562335
14563552
14563853
14565187
14567585
14570652
14573134
14573253
14576260
14577671
14580097
14580230
14581204
14581939
14585645
14588608
14588671
14588886
14589133
14589555
14595098
14595374
14602050
14603391
14603632
14608003
14608841
14609629
14610433
14612747
14614555
14626485
14627594
14629729
14630477
14631155
14631836
14633296
14633710
14634369
14635217
14635732
14636499
14638769
14638902
14638915
14640568
14641165
14645133
14646383
14647505
14650965
14650966
14651028
14656553
14659854
14660891
14661082
14670205
14672581
14673685
14673884
14674858
14675282
14679222
14679737
14680393
14681375
14682456
14685207
14691812
14691896
14694392
14696497
14699462
14700083
14703758
14703999
14704959
14706576
14706585
14707525
14713278
14715138
14721393
14723157
14725204
14726391
14727549
14729010
14730984
14734922
14735745
14737142
14737564
14738068
14740195
14741227
14741537
14742178
14742343
14745378
14748822
14750669
14752250
14753932
14759096
14760614
14761494
14763087
14764367
14764904
14766186
14766756
14766800
14767130
14770271
14770640
14771086
14771191
14775469
14777169
14780613
14780921
14785725
14791283
14791414
14794194
14796960
14797556
14797908
14798100
14800434
14803745
14804246
14804812
14805408
14806503
14807553
14810171
14811219
14815394
14816283
14817056
14817309
14817502
14818928
14819786
14820303
14821001
14822750
14824848
14828523
14828847
14829739
14832249
14832866
14835319
14835425
14836869
14836984
14838385
14842673
14843055
14843884
14846608
14847106
14850163
14851743
14851880
14851899
14854924
14855698
14856872
14858729
14858857
14861720
14863716
14863826
14865107
14866911
14867590
14869575
14869943
14870927
14871018
14872224
14872306
14872395
14874880
14874885
14881411
14884019
14891871
14892549
14892957
14897857
14897863
14901428
14903806
14904471
14905292
14906328
14906465
14908408
14908872
14914020
14915603
14919260
14920749
14921117
14924024
14924989
14927163
14929000
14931389
14933692
14933900
14936023
14938392
14939372
14939492
14940870
14944131
14947213
14948550
14950451
14951244
14959850
14959934
14964536
14966925
14967114
14967701
14969481
14970919
14971066
14971162
14971963
14974156
14974515
14976164
14976201
14977913
14978442
14978513
14985586
14988410
14990360
14990904
14992933
14994211
14994222
14994632
14994961
14994967
14995522
14995624
14997796
14999587
15000034
15002923
15003615
15004409
15008517
15009903
15011686
15011752
15012534
15013798
15015045
15015464
15016662
15018386
15018578
15021232
15022410
15023184
15023969
15026239
15026416
15028453
15033171
15034136
15036004
15038133
15038354
15038451
15038627
15040117
15041539
15044288
15044362
15051994
15053858
15055420
15057709
15057775
15060325
15060874
15063992
15064388
15069387
15069845
15070809
15072659
15073288
15077528
15078206
15083337
15084545
15084621
15084696
15085229
15085267
15086281
15091482
15092386
15092656
15094929
15096719
15097316
15099614
15101677
15101918
15105319
15105382
15105826
15107406
15108371
15108723
15112083
15112966
15117341
15118146
15120688
15120865
15120867
15122313
15124735
15130410
15130629
15131623
15132277
15132663
15134381
15136148
15142852
15145127
15145515
15147499
15147979
15149051
15151362
15152064
15153295
15155562
15156690
15156740
15158936
15167913
15168944
15173200
15173302
15173394
15175599
15175728
15178112
15178473
15182958
15183895
15184346
15186099
15186793
15186967
15187462
15187926
15191430
15191499
15199273
15203091
15203510
15205731
15211723
15213030
15215707
15215760
15216919
15220738
15222466
15227337
15228199
15230000
15234594
15234942
15243609
15246307
15247743
15250152
15250894
15252490
15253012
15253901
15254567
15257675
15258186
15259034
15260336
15263007
15264719
15264953
15266174
15266917
15269013
15274979
15279964
15280389
15280970
15281806
15284743
15286946
15288337
15292083
15295245
15297033
15298460
15300185
15304229
15304396
15305571
15309707
15312481
15314505
15314823
15318963
15322490
15322566
15324792
15326239
15334166
15335286
15344895
15345386
15345491
15346494
15346796
15348853
15349596
15350502
15353797
15355022
15356624
15356777
15356907
15357605
15357986
15361648
15361866
15362024
15366360
15367642
15368827
15368933
15369714
15371950
15372465
15374265
15375828
15375940
15379725
15379890
15380066
15387410
15389868
15398183
15398669
15398951
15401210
15401773
15401945
15404082
15406027
15407884
15408025
15409552
15410100
15411360
15411696
15417680
15419365
15425079
15425864
15426074
15426211
15428597
15428993
15429957
15430568
15432270
15434687
15435965
15436835
15439464
15441310
15445755
15446150
15451938
15456541
15458716
15459599
15466340
15468856
15469783
15470549
15471293
15475131
15475498
15476501
15478503
15480590
15483259
15484923
15487716
15487734
15488759
15490058
15498825
15499316
15500735
15508435
15508630
15509357
15509820
15510038
15512716
15517722
15518506
15518789
15519069
15520387
15522929
15523854
15524156
15524648
15526078
15527014
15527519
15530673
15530983
15531515
15532453
15533180
15540424
15541547
15544405
15544956
15545235
15546314
15546801
15550132
15550605
15551186
15553163
15554698
15556117
15556962
15557185
15559110
15559797
15564177
15566451
15568617
15570867
15571638
15577520
15577693
15580629
15585084
15585783
15587099
15589937
15596515
15597116
15597658
15600989
15602287
15603134
15603546
15603818
15604479
15606703
15606900
15607188
15612638
15612729
15612824
15614073
15617647
15617973
15618729
15620416
15621380
15622329
15626611
15629586
15630753
15632653
15633828
15634132
15635131
15641743
15642780
15644195
15648295
15648688
15648935
15650651
15655655
15657138
15657961
15659424
15662571
15663856
15668937
15669299
15670197
15670873
15671475
15672195
15677368
15678828
15680591
15684653
15685924
15686085
15690921
15692305
15698243
15698385
15699989
15701298
15701824
15702754
15703260
15703482
15707399
15708396
15709068
15712208
15713341
15715422
15716248
15716465
15721562
15721566
15723126
15725767
15726076
15727892
15729720
15731206
15735553
15735710
15740520
15742764
15746135
15746489
15747537
15750295
15751191
15752326
15755114
15755629
15757440
15758542
15758595
15758676
15760551
15763435
15764327
15766576
15770565
15774684
15775371
15778850
15778894
15781318
15784363
15787259
15787994
15791306
15791403
15791919
15795071
15799289
15799710
15800181
15807813
15808239
15808926
15810423
15815791
15818531
15818886
15820643
15822163
15823534
15824121
15824224
15826320
15826554
15826559
15834767
15836701
15838792
15840875
15843229
15844831
15844890
15847489
15848292
15852315
15852677
15853178
15855230
15855989
15856133
15856435
15864271
15865674
15865985
15867745
15873287
15873707
15875276
15875614
15876385
15879507
15885291
15886493
15888068
15893861
15894737
15899777
15902720
15902759
15903792
15905485
15907892
15908766
15909810
15912144
15912471
15917957
15917974
15918879
15920897
15926049
15926307
15927639
15928398
15931880
15938172
15938580
15939862
15944251
15944264
15944466
15945271
15948694
15948956
15950322
15951367
15952361
15953656
15955245
15955902
15956174
15956513
15958197
15959878
15966108
15966937
15967330
15968727
15968813
15969606
15972152
15974047
15974118
15977655
15978446
15979402
15980261
15983941
15985744
15986601
15988478
15989144
15989189
15989549
15992421
15993282
15993590
15996037
15997327
15997842
15998366
15999893
16003242
16007211
16007280
16007836
16012222
16015385
16015589
16017512
16019775
16022562
16025090
16028632
16029461
16030156
16031355
16032614
16034741
16034980
16036445
16036585
16038239
16039069
16039253
16040417
16047669
16048565
16048832
16051966
16055281
16056978
16057228
16058081
16059021
16059206
16060978
16061329
16063117
16068579
16069635
16070195
16070534
16071112
16072949
16073302
16073485
16074620
16075359
16080170
16080638
16080648
16082066
16089670
16096841
16103937
16105100
16106908
16106953
16107790
16108203
16109209
16111080
16112391
16114997
16116694
16117366
16118657
16125213
16125457
16127550
16127944
16130676
16132213
16132718
16132843
16135249
16135934
16142054
16142227
16142622
16142881
16147286
16149578
16151888
16152727
16154223
16155679
16158554
16159120
16159531
16159615
16160462
16160813
16164901
16165867
16168405
16168858
16174063
16176108
16176223
16176736
16181554
16181611
16186299
16186777
16187592
16187620
16187690
16194512
16195467
16196621
16196947
16197447
16197795
16199329
16205806
16209104
16210475
16211517
16212535
16212696
16215258
16223210
16227014
16227581
16228249
16228387
16229650
16230191
16232347
16232760
16233826
16233914
16234544
16235440
16235819
16236367
16236611
16237275
16241054
16241700
16244652
16249452
16249460
16250790
16251401
16253270
16254408
16258290
16260136
16261090
16262341
16262385
16262424
16263960
16264758
16266075
16267308
16268087
16269619
16273188
16273366
16275019
16280563
16283300
16283832
16284030
16284059
16285533
16286592
16287749
16290143
16290810
16297805
16297925
16304934
16312830
16313020
16314003
16316128
16320775
16321488
16323461
16323879
16324294
16324755
16326416
16328354
16329209
16329552
16330469
16332103
16333711
16339019
16339641
16340289
16341761
16344245
16344845
16346523
16346908
16347117
16348284
16354971
16356656
16357117
16358567
16362566
16367336
16367376
16368664
16368831
16371758
16372017
16372056
16376079
16377620
16378202
16379881
16383144
16383818
16387128
16387580
16388653
16393007
16394702
16398478
16400395
16400984
16401025
16402939
16402970
16404077
16414201
16415038
16416229
16417936
16418107
16424019
16425786
16427427
16429519
16431595
16432862
16433575
16436447
16437648
16438685
16438745
16440350
16440415
16452093
16453971
16454439
16459821
16466945
16469519
16469805
16473020
16475976
16476677
16477881
16479199
16480440
16483168
16488298
16489347
16489365
16490999
16493074
16493139
16493775
16496443
16498591
16499483
16504651
16505616
16506105
16506188
16509739
16511227
16513460
16514432
16518389
16518612
16520385
16520460
16521086
16521200
16524157
16525192
16530015
16530043
16530405
16532292
16534883
16535394
16536551
16543589
16544136
16544701
16546852
16547795
16550815
16551085
16551375
16552325
16552707
16554186
16556347
16557139
16562024
16562232
16564282
16564553
16564800
16565331
16565680
16567204
16568957
16569393
16572426
16572521
16572525
16580075
16586547
16587245
16590871
16594167
16595515
16599000
16606776
16609398
16610447
16612646
16612942
16614136
16615610
16618400
16620159
16621810
16624254
16624301
16624624
16624676
16625246
16625442
16628404
16630521
16635321
16636501
16638792
16645352
16645943
16646407
16647058
16647765
16649842
16650914
16653348
16654576
16655734
16655960
16656277
16659374
16660062
16660194
16661694
16663610
16665681
16671388
16673031
16676732
16677140
16677382
16683385
16683819
16691896
16692480
16693233
16694915
16696877
16698410
16700733
16702561
16703513
16703695
16707071
16707659
16709020
16711903
16712898
16715363
16717523
16723081
16729924
16731315
16733238
16737716
16741187
16743299
16748189
16749137
16750234
16751382
16755386
16755917
16756842
16760724
16760838
16761021
16762318
16763815
16766818
16767925
16768671
16769072
16770129
16772093
16772343
16774299
16774534
16781194
16781709
16782122
16783432
16784184
16785154
16787435
16790744
16794671
16795019
16795153
16795735
16796385
16801595
16805065
16805101
16806397
16806879
16807598
16810857
16819728
16820846
16822241
16824358
16824535
16825079
16826780
16828726
16829944
16832793
16833228
16835547
16836851
16838362
16838845
16839666
16839667
16841864
16843081
16848707
16848791
16850427
16850747
16852174
16854031
16854315
16858177
16858733
16860337
16861077
16862942
16865764
16866665
16869062
16873017
16873512
16873663
16875110
16878871
16881055
16881562
16886533
16886813
16886862
16887104
16889378
16890202
16892484
16892644
16897238
16901772
16904516
16906301
16907627
16908527
16910478
16916939
16917790
16918217
16919507
16927061
16930835
16933230
16934257
16934612
16937609
16938697
16938718
16939507
16939596
16940405
16944981
16945079
16948333
16949696
16950007
16955477
16955987
16959643
16960800
16962199
16963611
16968500
16973459
16984243
16988876
16989384
16990777
16993441
16996318
16999019
17000644
17005472
17006011
17006826
17008613
17012302
17013223
17013554
17014168
17017218
17017274
17018323
17020222
17021519
17021934
17026988
17028895
17034028
17034318
17034432
17036387
17039711
17039715
17040170
17041050
17047592
17048834
17051099
17055097
17059293
17059545
17059859
17060241
17061594
17062536
17062558
17065457
17067930
17068433
17069148
17069964
17072352
17072527
17080643
17081411
17083475
17084006
17086942
17091885
17092504
17093800
17095542
17096570
17096760
17098563
17099420
17099641
17103737
17104482
17108271
17110651
17111433
17113216
17115843
17117850
17118191
17118320
17119022
17119445
17123816
17125955
17126982
17127986
17128691
17132086
17132654
17133440
17135101
17141096
17141483
17146961
17151547
17153471
17153919
17161045
17161217
17162194
17162489
17163334
17165906
17167882
17167972
17168371
17170117
17170389
17171852
17174033
17174293
17175357
17177384
17178105
17178459
17179960
17181395
17183376
17187707
17190593
17193371
17195219
17195630
17199090
17200506
17202580
17202613
17204422
17204445
17207240
17207301
17207490
17213608
17216301
17217063
17220202
17221156
17222053
17223798
17223912
17225687
17228690
17231334
17234549
17234730
17238429
17239440
17239983
17242895
17243340
17244892
17244957
17246090
17248442
17250073
17251238
17252647
17254990
17256253
17260076
17262295
17263629
17264755
17267600
17268226
17268265
17269532
17269812
17273498
17273950
17276522
17278082
17284206
17287644
17288325
17289171
17289200
17289953
17291048
17294440
17297048
17297307
17299348
17300112
17302053
17302469
17302957
17303260
17303464
17305146
17307955
17313885
17313941
17314139
17315684
17319635
17320566
17320989
17322376
17323768
17325305
17325842
17326114
17332089
17334205
17334979
17334990
17337526
17338317
17338715
17338757
17342605
17345397
17346020
17346466
17350782
17355455
17357077
17358902
17359829
17359839
17360351
17368611
17368984
17370014
17371604
17372609
17373998
17374254
17376176
17376385
17376916
17377121
17379851
17385398
17389069
17390074
17390165
17391849
17392635
17397592
17402521
17408096
17413252
17417542
17417546
17417689
17418165
17419826
17420973
17422436
17428572
17430950
17431166
17431306
17431311
17432139
17437539
17439809
17440016
17440658
17444672
17445616
17446040
17446319
17447230
17447813
17447886
17447965
17448021
17448106
17448711
17451105
17456214
17457115
17457464
17462510
17462923
17463020
17464878
17466542
17467039
17467686
17470680
17471282
17472333
17472445
17472573
17473685
17474759
17477033
17477111
17477869
17480426
17481375
17482870
17484704
17485238
17485701
17490532
17496123
17496683
17497889
17500026
17500330
17501092
17501448
17502652
17505602
17508753
17509188
17509819
17512630
17513259
17516033
17516095
17519508
17520531
17521132
17524409
17525126
17532552
17534693
17537309
17538068
17539078
17542696
17543645
17545411
17545446
17549646
17552166
17558097
17558347
17559163
17560098
17563915
17564811
17565130
17568749
17572261
17573328
17577060
17577876
17578826
17579004
17583190
17583649
17583878
17587992
17591802
17593374
17593854
17599323
17599854
17606764
17610491
17617538
17621686
17622557
17624424
17624749
17625410
17627749
17629144
17635555
17637349
17641356
17643627
17644564
17649972
17652799
17654479
17655441
17657894
17659032
17660739
17661215
17662410
17663133
17665816
17668372
17668453
17670504
17670804
17671692
17673438
17674016
17674694
17675456
17678263
17679383
17680091
17682285
17688901
17689859
17690389
17691059
17692547
17692834
17694014
17697226
17699828
17701636
17701876
17703227
17704859
17706917
17708721
17709697
17709789
17712287
17713629
17715588
17717735
17718542
17718638
17722628
17723018
17724004
17724337
17724890
17726372
17729873
17730962
17735740
17739330
17742675
17743949
17745574
17749997
17751491
17751598
17752209
17753174
17753530
17755908
17756259
17762277
17762365
17765542
17769790
17769833
17775631
17777292
17786113
17787960
17790514
17791405
17793049
17793972
17796781
17800662
17802446
17804990
17806551
17806556
17807399
17809003
17809639
17812365
17812533
17813989
17814527
17816387
17818800
17820328
17822979
17825020
17834372
17839487
17841934
17842401
17842965
17850758
17853462
17855486
17858295
17859369
17861210
17863522
17865637
17866922
17871416
17872570
17874991
17875026
17881228
17881595
17882833
17884800
17884923
17885140
17887097
17887539
17888973
17891231
17896261
17898538
17900312
17902274
17907220
17910287
17911358
17913463
17916946
17918094
17919308
17922150
17922400
17922482
17925010
17925037
17925730
17926646
17930229
17931593
17934436
17934903
17935147
17935722
17935968
17936566
17938450
17940198
17941779
17945426
17945701
17948146
17948773
17950898
17952241
17954883
17962526
17962656
17964792
17967083
17974411
17979691
17984651
17984963
17988644
17989073
17994242
17994987
18000856
18003959
18005887
18007263
18008628
18011368
18011914
18012630
18013771
18015406
18015489
18016225
18016707
18019469
18019941
18021579
18021887
18024326
18024587
18027754
18028629
18030591
18030611
18034217
18037864
18040372
18041656
18043875
18044534
18048750
18051386
18057635
18058901
18059430
18060791
18063326
18063798
18066242
18070931
18071781
18073366
18077066
18077757
18077776
18077831
18078036
18081707
18083989
18084328
18085803
18087017
18087501
18088096
18093563
18094024
18094104
18095542
18096824
18100947
18102907
18103117
18103713
18106017
18110369
18114446
18117578
18120849
18122423
18124893
18125712
18127028
18128675
18129110
18130336
18135784
18136522
18139435
18143825
18151290
18152810
18153190
18153779
18159297
18160964
18161150
18163134
18164547
18165076
18174152
18179257
18180673
18182064
18183845
18186370
18186606
18186821
18188356
18188865
18191314
18194214
18197054
18197171
18199695
18201700
18203333
18206492
18208013
18208195
18211203
18215142
18215350
18215934
18216769
18217162
18217441
18218246
18220623
18223969
18225405
18228498
18231529
18233268
18233752
18235239
18236156
18240911
18241881
18242178
18242836
18245076
18247175
18249188
18250214
18252687
18252905
18259989
18261663
18264512
18269576
18271236
18271675
18272254
18277669
18280908
18281667
18287578
18289506
18289755
18290171
18292514
18293311
18293595
18296208
18299010
18300203
18305207
18306164
18306370
18307829
18309405
18311294
18314217
18315489
18316506
18316808
18318437
18322774
18324239
18325676
18325963
18326204
18328521
18328994
18332000
18333259
18333717
18336556
18337162
18337767
18338650
18338690
18339847
18341603
18344578
18345948
18347188
18348169
18350805
18352312
18355285
18363183
18366186
18368355
18368892
18369975
18370799
18371845
18373462
18373566
18374120
18379783
18382582
18382697
18383336
18385695
18390895
18393219
18395663
18396255
18398366
18402346
18405246
18406109
18409610
18419339
18420760
18422549
18427108
18427112
18427624
18427965
18427981
18430009
18430146
18430478
18435990
18438027
18438529
18441654
18443540
18444128
18444153
18449061
18450127
18450556
18453154
18456139
18458595
18464894
18466298
18467336
18469685
18469801
18472094
18472886
18473771
18480692
18480707
18481320
18490203
18490601
18491001
18495112
18496736
18498150
18498246
18501695
18501998
18502524
18504276
18508862
18508885
18513845
18516181
18517487
18518041
18523144
18524381
18525477
18525555
18527783
18530300
18530531
18530588
18532629
18533565
18535523
18535555
18536751
18536880
18537547
18541544
18544009
18545872
18546603
18546933
18549135
18551883
18552086
18554884
18556602
18559049
18559918
18561757
18563782
18569174
18569692
18570490
18571730
18578323
18579050
18579934
18580421
18580940
18581814
18581941
