44
142
147
149
209
222
225
342
487
562
631
717
791
817
931
1018
1066
1200
1233
1612
1705
1772
1822
1869
1917
2061
2073
2193
2258
2382
2572
2579
2610
2613
2670
2867
2971
3044
3073
3260
3275
3301
3334
3392
3475
3512
3600
3661
3670
3891
3894
4002
4083
4119
4208
4298
4368
4422
4477
4790
4821
4893
4955
4974
5020
5071
5082
5196
5199
5214
5243
5322
5410
5511
5644
5676
5680
5725
5727
5788
5836
5868
5955
6043
6060
6077
6336
6407
6596
6638
6725
6971
7026
7282
7300
7412
7423
7435
7539
7626
7697
7793
7810
7908
7924
7942
8155
8281
8342
8412
8567
8618
8719
8745
8791
8797
8802
8803
9081
9175
9196
9246
9436
9532
9700
9727
9927
10071
10095
10117
10154
10309
10371
10460
10574
10622
10650
10802
10924
10957
10964
11012
11142
11179
11261
11263
11342
11346
11355
11448
11476
11693
11901
12010
12063
12151
12194
12212
12288
12394
12673
12673
12906
12930
13013
13291
13301
13400
13510
13609
13726
13865
13884
13937
13970
13990
14053
14069
14210
14240
14348
14496
14526
14608
14668
14753
14795
14921
