54
97
304
324
327
541
608
800
1141
1161
1221
1374
1571
1609
1749
1847
1960
2057
2276
2438
2497
2532
2595
2715
2763
2905
2978
2982
3008
3169
3216
3272
3662
3690
3918
4002
4057
4132
4684
4749
5108
5345
5475
5527
5589
5593
5601
5607
5615
5795
5801
5837
6015
6096
6220
6251
6371
6554
6575
6777
6784
6853
7062
7127
7416
7580
7638
7705
7742
7745
7872
8008
8139
8209
8232
8281
8365
8412
8582
8873
8959
9108
9247
9260
9312
9492
9865
10035
10181
10395
10440
10488
10514
10583
10702
10907
10931
10957
11201
11233
11465
11576
11584
11886
11928
11981
12239
12352
12596
12680
12692
12773
12876
13097
13237
13275
13351
13366
13390
13392
13556
13597
13832
13833
13936
14270
14304
14361
14389
14506
14516
14791
14945
15031
15075
15209
15681
15740
15820
15915
15960
16016
16033
16104
16122
16274
16293
16356
16495
16676
16680
