314
362
363
603
756
955
1120
1816
1918
1966
1973
2056
2233
2274
2354
2383
2395
2605
2619
2656
2941
2970
3095
3124
3385
3495
3990
4560
4675
4752
4761
4874
5364
5547
5637
6208
6319
6575
7079
7356
7452
7632
7772
7919
7927
8338
8473
8566
8649
8742
8743
8874
8937
9092
9581
9673
9765
10216
10407
11036
11160
11281
11454
11515
11538
11780
11807
11854
11862
12024
12098
12110
12117
12213
12221
12430
12591
12677
12760
13062
13093
13222
14175
14383
14978
15090
15163
15742
15799
15827
15852
15971
16214
16321
16393
16524
16615
16790
17063
17255
17318
17428
17694
17775
18068
18088
18524
18609
18610
18822
18860
18917
19346
