54
193
196
265
334
423
565
720
784
807
891
907
961
1035
1058
1099
1109
1144
1196
1270
1504
1504
1524
1550
1619
1690
1871
1914
1926
1929
1979
2184
2190
2209
2222
2335
2441
2453
2486
2740
2746
2862
3186
3219
3424
3638
3810
3874
3878
3904
3967
4180
4210
4243
4339
4409
4495
4686
4696
4703
4857
4988
4993
5035
5202
5277
5334
5478
5562
5641
5716
5942
5979
6089
6219
6300
6329
6356
6406
6412
6436
6461
6702
6846
7030
7154
7221
7329
7344
7352
7470
7562
7627
7639
7677
7702
7764
7791
8037
8043
8213
8302
8373
8404
8450
8565
8595
8649
8897
8907
9262
9280
9281
9301
9328
9354
9415
9490
9605
9609
9655
9666
9777
9843
9862
9879
9924
10126
10190
10380
10423
10469
10699
10745
10773
10806
10867
11000
11092
11142
11355
11404
11559
11750
11765
11810
11827
11948
12056
12283
12435
12452
12697
12987
13051
13076
13079
13218
13270
13366
13398
13402
13482
13547
13568
13610
13672
13702
13729
13747
13762
13804
13816
13823
13910
13947
13959
14138
14191
14204
14283
14693
14790
14860
14938
14966
15051
15257
15372
