64
235
405
478
495
515
701
775
811
872
895
912
1039
1093
1143
1359
1454
1500
1624
1657
1682
1776
1789
1907
1979
2256
2494
2548
2564
2920
3093
3101
3144
3231
3343
3387
3427
3544
3625
3708
3708
3738
3766
3833
3862
3872
3906
3912
3928
3952
4015
4057
4150
4232
4289
4454
4518
4781
4862
4919
5041
5098
5207
5212
5368
5527
5616
6041
6134
6147
6401
6526
6538
6583
6649
6671
6825
6837
7004
7012
7205
7349
7462
7540
7635
7654
7678
7706
7926
7939
7962
7974
7989
7992
8092
8101
8219
8222
8240
8240
8366
8409
8544
8567
8576
8712
8846
8915
9071
9080
9126
9232
9255
9343
9368
9416
9453
9462
9535
9628
9775
9794
10135
10356
10386
10393
10467
10480
10936
10965
11051
11173
11270
11438
11569
11588
11633
11658
11706
