18
19
56
384
675
1108
1206
1270
1436
2053
2139
2148
2432
2456
2470
2480
2756
2821
2961
3361
3797
3800
3979
4107
4346
4969
5009
5140
5560
6170
6170
6265
6284
6471
6751
6946
6949
7193
7194
7224
7354
7503
7689
7709
7929
7932
7946
7973
7976
8062
8091
8587
8678
8841
9518
9785
9892
10051
10051
10197
10314
10400
10548
10560
11002
11012
11135
11138
11139
11327
11465
11468
11671
12254
12475
12673
13175
13186
13354
13452
13476
13521
13731
13784
14101
14149
14237
14321
14388
14394
14395
14472
14505
14745
14790
14866
14916
15449
15483
15692
15990
16027
16109
16243
16481
16552
17031
17287
17346
17367
17371
