162
194
250
269
334
341
356
401
479
555
566
677
823
917
1139
1243
1250
1319
1335
1340
1424
1432
1444
1496
1699
1822
1823
1843
1876
1934
1937
1992
2101
2135
2183
2220
2389
2442
2454
2641
2699
2715
2785
2792
2844
2884
3036
3060
3117
3132
3176
3266
3272
3311
3373
3482
3519
3544
3704
3743
3896
3912
4005
4041
4091
4228
4316
4361
4367
4373
4399
4467
4562
4615
4633
4662
4681
4764
4779
4790
4857
4905
5021
5261
5322
5364
5395
5445
5489
5521
5522
5551
5656
5686
5698
5757
5760
5764
5849
5995
6059
6073
6131
6190
6200
6211
6243
6540
6747
6756
6826
6829
7224
7229
7232
7293
7370
7385
7498
7526
7597
7732
7786
7922
7976
7990
8013
8158
8308
8509
8731
8782
8947
9038
9113
9241
9260
9319
9380
9516
9643
9742
9869
10004
10021
10037
10214
10620
10743
10747
10788
10868
10889
10891
10919
10984
11046
11062
11090
11184
11354
11394
11504
11521
11602
11627
11631
11675
11726
11745
11756
11922
11993
12060
12097
12268
12293
12319
12397
12455
12471
12482
12610
12667
12738
12966
13109
13181
13281
13358
13489
13518
13523
13529
13643
13678
13699
13751
13794
13870
13933
13985
14088
14150
14181
14214
14266
14274
14282
14348
14368
14393
14555
14686
14760
14892
14996
15065
15093
15189
15226
15281
15367
15404
15432
15471
15505
15831
15859
16035
16059
16083
16092
16206
16278
16279
16311
16358
16384
16407
16427
16443
16494
16534
16627
16651
16719
16722
16862
16882
16927
17056
17100
17109
17111
17169
17248
17335
17651
17726
17816
17882
18065
18081
18275
18310
18310
