253
334
336
437
598
646
722
759
835
1223
1717
1768
1773
1851
1859
1887
1898
1938
2039
2206
2272
2366
2404
2462
2530
2804
2829
2877
3012
3090
3130
3349
3366
3420
3687
3867
3947
3963
3978
3983
3984
3986
4038
4047
4112
4387
4406
4408
4574
4715
4718
4755
4863
4931
4959
5124
5158
5346
5506
5568
5646
5679
5717
5746
5935
5936
5971
5978
6070
6207
6215
6426
6561
6575
6628
6767
6955
7218
7289
7345
7390
7581
7591
7704
7729
7756
7773
7916
7926
7955
8032
8259
8339
8353
8462
8543
8576
8774
9176
9341
9401
9546
9580
10005
10067
10098
10208
10283
10425
10521
10629
10974
11107
11182
11242
11289
