70
92
228
790
824
857
861
984
1045
1125
1243
1374
1381
1440
1489
1622
1663
1811
1817
1897
1966
2021
2064
2070
2083
2241
2315
2329
2356
2385
2461
2518
2545
2579
2750
2759
2778
2820
2950
2955
2966
3150
3215
3387
3394
3444
3481
3596
3611
3728
3776
3824
3874
3924
3941
3990
4233
4260
4261
4355
4371
4444
4450
4755
4929
5139
5165
5291
5345
5440
5515
5530
5560
5561
5576
5651
5658
5720
6055
6059
6060
6211
6271
6272
6316
6318
6439
6598
6641
6739
6833
6899
6923
7116
7218
7464
7526
7557
7804
7840
7863
7875
7876
7926
7931
7995
8039
8079
8183
8232
8320
8399
8653
8827
8980
9065
9171
9299
9399
9426
9428
9431
9563
9811
9955
10055
10132
10218
10286
10302
10375
10643
10689
10874
10880
10926
10989
11019
11037
11345
11389
11506
11619
11664
11724
11886
11952
12134
12231
12248
12314
12408
12409
12422
12595
12793
12923
13000
13150
13195
13267
13338
13468
13472
13718
13834
13839
13909
14032
14045
14077
14129
14232
14266
14287
14323
14631
14971
15012
15073
15075
15215
15345
15346
15511
15607
15845
15882
15972
16019
16135
16270
16302
16463
16474
16479
16513
16560
16561
