41
159
165
334
430
450
585
608
668
752
788
982
992
1029
1248
1362
1384
1498
1576
1698
1802
1878
2017
2063
2128
2130
2309
2381
2411
2575
2598
2614
2625
2703
2782
2818
2936
2977
3068
3187
3344
3365
3423
3498
3557
3750
3854
3874
4003
4064
4117
4169
4186
4224
4308
4320
4354
4387
4746
4887
4909
4914
5007
5039
5247
5301
5311
5436
5489
5552
5601
5719
5750
5791
5796
6072
6096
6199
6230
6247
6254
6427
6451
6534
6580
6659
6721
6757
6761
6795
6817
6869
6929
7074
7193
7246
7268
7396
7421
7679
7713
7738
7750
7782
7847
7915
7945
7949
7955
7968
8140
8220
8327
8399
8505
8657
8676
8783
8784
8832
8922
8998
9117
9127
9327
9343
9370
9465
9541
9556
9574
9678
9704
9708
9787
9793
9880
9921
10016
10019
10132
