204
341
401
447
574
626
643
843
973
1034
1050
1101
1105
1119
1195
1221
1231
1332
1441
1457
1507
1768
1783
1795
1859
1874
2088
2337
2371
2418
2517
2570
2719
2865
2879
2929
2979
3059
3088
3309
3393
3475
3538
3579
3599
3618
3711
3737
3806
4041
4057
4180
4195
4229
4242
4258
4399
4440
4509
4519
4642
4772
4851
4907
4949
5093
5131
5133
5142
5157
5167
5225
5272
5310
5499
5504
5534
5659
5856
5932
5964
6311
6333
6373
6420
6427
6427
6503
6534
6553
6582
6618
6639
6695
6755
6844
6904
7009
7030
7062
7108
7186
7228
7250
7256
7318
7412
7478
7508
7554
7740
7754
7955
8024
8113
8113
8356
8437
8525
8527
8713
8778
8936
8975
9028
9146
9148
9189
9238
9289
9399
9450
9461
9609
9684
9719
9752
9851
9934
10042
10088
10143
10154
10258
10280
10365
10399
10535
10599
10638
10799
10835
10888
11041
11145
11357
11613
11620
11643
11781
11815
11987
12187
12315
12347
12393
12436
12491
12585
12681
12704
12966
13132
13176
13226
13302
13400
13449
13470
13511
13552
13662
13670
13673
14077
14149
14330
14366
14372
14458
14611
14618
14662
