9
38
213
340
484
542
576
613
698
823
941
960
1021
1059
1067
1156
1277
1378
1388
1406
1407
1730
1751
1754
1848
1871
1954
1969
2151
2189
2322
2326
2422
2463
2491
2519
2770
2798
3051
3071
3176
3469
3511
3541
3596
3809
3861
4038
4198
4205
4216
4486
4504
4513
4578
4656
4667
4738
4814
4862
4914
5027
5104
5116
5221
5323
5421
5520
5537
5688
5975
5984
6035
6112
6231
6232
6237
6315
6367
6526
6531
6573
6655
6800
6802
6819
6938
6940
7007
7014
7230
7345
7350
7365
7433
7538
7560
7656
7816
7834
7892
7900
7904
7923
8066
8269
8305
8399
8479
8580
8594
8658
8771
9309
9358
9428
9442
9466
9627
9647
9691
9901
9917
9974
10015
10068
10111
10163
10200
10211
10220
10240
10242
10412
10450
10501
10548
10655
10676
10683
10701
10770
10782
10834
10868
10882
10975
11071
11152
11176
11285
11310
11398
11632
11699
11778
11785
11797
11959
12006
12006
12148
12173
12186
12434
12471
12498
12514
12578
12618
12653
12668
12674
12744
12763
12965
12997
13019
13160
13269
13284
13348
13463
13567
13606
13638
13762
13917
13980
13983
14052
14120
14129
14214
14533
14536
14544
14584
14600
14620
14626
14760
14881
15051
15056
15115
15118
15197
15239
15272
15509
15526
15844
15941
16024
16038
16239
16338
16365
16368
16383
16434
16509
16565
16576
16625
16635
16711
16753
16881
16901
16973
17067
17076
17141
17197
17218
17305
17313
17399
17570
