3
19
33
54
121
154
199
234
279
331
542
563
675
774
860
861
913
1040
1040
1074
1161
1226
1227
1245
1352
1377
1451
1476
1638
1673
1691
1744
1759
1890
1918
2069
2081
2190
2281
2289
2610
2634
2652
2865
2885
3341
3525
3530
3541
3642
3703
3776
3823
3875
3912
3921
3965
4155
4259
4322
4431
4445
4474
4806
4987
5297
5328
5369
5374
5403
5479
5500
5503
5574
5697
5810
5813
5943
6115
6124
6129
6294
6313
6323
6323
6535
6600
6618
6724
6856
6874
7015
7028
7051
7207
7253
7288
7384
7497
7529
7649
7877
8037
8102
8247
8384
8450
8494
8563
8643
8702
8709
8732
9111
9274
9351
9607
9633
9859
9900
9940
9965
10073
10157
10165
10348
10534
10547
10695
10705
10762
10863
10985
11020
11108
11170
11224
11230
11299
11320
11327
11357
11397
11470
11589
11650
11654
11677
11867
11918
11948
12100
12162
12189
12345
12347
12437
12482
12630
13074
13111
13119
13195
13211
13408
13472
13587
13633
13687
13687
13756
13765
13768
14030
14138
14220
14384
14478
14794
14900
14999
15236
15402
15468
15471
15541
15546
15553
15569
15586
15593
15632
15710
15753
15763
15771
15846
15986
16048
16074
16108
16176
16181
16214
16216
16222
16287
16294
16368
16516
16778
16837
17073
17141
17169
17174
17360
17453
17489
17511
