34
134
325
355
360
375
386
412
459
644
762
778
791
845
865
981
990
1003
1130
1420
1421
1437
1453
1456
1484
1484
1619
1691
1733
1781
1964
1977
2042
2126
2432
2602
2721
2747
2796
2829
2991
3313
3322
3474
3691
3717
3750
3807
4044
4102
4109
4109
4117
4122
4156
4264
4278
4309
4387
4430
4433
4437
4440
4501
4625
4719
4729
4738
4818
4855
4875
4929
5097
5103
5118
5263
5310
5313
5418
5468
5516
5642
5643
5695
5759
5869
5869
5879
6154
6251
6268
6313
6384
6453
6531
6591
6843
6938
7166
7260
7277
7320
7377
7397
7495
7623
7747
7796
7824
7973
7994
8194
8221
8248
8417
8423
8582
8597
8753
8758
8999
9126
9137
9421
9481
9638
9741
9766
9770
9928
9985
10117
10118
10208
10291
10304
10329
10418
10451
10631
10685
10738
10842
10929
11087
11185
11224
11242
11297
11307
11317
11458
11502
11554
11594
11617
11668
11740
11819
11842
11861
11890
11899
11997
12167
12318
12519
12559
12692
12825
12846
12856
13001
13013
13096
13169
13217
13230
13235
13349
13443
13558
13617
13693
13745
13796
13796
13844
13848
13899
13919
13923
14027
14083
14128
14214
14218
14259
14262
14292
14304
14376
14395
