30706
30968
32863
35936
38936
203015
212476
244467
244546
244673
244705
244776
245026
245080
245970
246292
246415
246481
246704
247224
247256
247470
247505
247513
248060
248222
248329
248626
249181
249782
249829
250097
250567
250690
251101
251318
251497
251768
251861
252060
252285
252623
253217
253356
253423
254136
254523
254579
255060
255198
255287
255457
255476
255547
255578
255625
255716
255745
255825
256027
256542
256614
256957
256993
257435
293689
299404
313443
324175
324265
324345
325368
325919
326008
326737
327125
327945
328602
329209
330076
330363
330698
331539
333472
333791
334087
334480
334922
335009
335013
335254
335330
428302
429737
431427
432719
438893
441633
495929
496058
496209
496588
496773
497223
497248
497335
497363
497426
497462
497916
497995
498228
498349
498668
498737
498869
498904
498924
499612
499956
499991
500359
500390
500998
501106
501156
501628
501849
502068
502252
502273
502467
502575
503713
503749
504392
504427
504668
504676
505225
505322
505401
505457
505600
505628
505668
506526
506654
506706
506969
507077
507084
507154
507262
507332
507828
508191
543333
610962
621601
621888
622798
624169
624843
624899
625369
625552
626103
626640
626699
627575
627976
627977
629570
629854
630094
631658
631896
632207
632784
633247
826642
826882
826901
827151
827185
827852
828348
828470
828567
828650
828865
829054
829191
829275
829454
829487
830787
830993
831466
831629
831892
832510
832816
833068
834185
834298
834517
834585
834812
834832
835041
835391
835747
835942
836081
836319
836359
836463
836619
837371
837778
838333
838360
838511
838697
839240
839978
840478
840638
840827
841430
842015
842664
842839
893030
893612
893766
893779
893811
893866
893918
894045
894360
894942
894942
895148
896467
896741
896886
897041
897253
897340
898016
899032
899232
899385
899942
900258
900465
901244
901309
901546
901824
901858
901877
902293
902296
902574
903895
904188
904516
904879
905977
906096
906547
907179
907182
907349
907384
907529
1038988
1039551
1040902
1042261
1044596
1048835
1051998
1052704
1186113
1186171
1187792
1188458
1190274
1191530
1195612
1196739
1196767
1196908
1198587
1199122
1200996
1231082
1339804
1522254
1631421
1656591
1656897
1657048
1657191
1657757
1657933
1658836
1658896
1659403
1659940
1660918
1661195
1661370
1661390
1662301
1663236
1664941
1665556
1665608
1665815
1666136
1666423
1667202
1667405
1667699
1667931
1668585
1668789
1668994
1669498
1669646
1669706
1669927
1671361
1671808
1672501
1672652
1672731
1674999
1675087
1675355
1733919
1739540
1743852
1744452
1745510
1745609
1748098
1749129
1749170
1750146
1751103
1752922
1753504
1871547
1873240
1881774
1959152
1965626
1969158
1969205
2025116
2029857
2040653
2102594
2191339
2198840
2200087
2200908
2204890
2205841
2205922
2219787
2221090
2223547
2224273
2225274
2225406
2225566
2226001
2226267
2226569
2226652
2227733
2228075
2228358
2228385
2233723
2233939
2235929
2235992
2236332
2254718
2255084
2255209
2255266
2255356
2255857
2255934
2256983
2257690
2258077
2258971
2259644
2259861
2260302
2260318
2260355
2260458
2260511
2260667
2260889
2261249
2261291
2261310
2261512
2261735
2261940
2262102
2262132
2262515
2262614
2263038
2263760
2264383
2264574
2264917
2265231
2265423
2266122
2266411
2266935
2267654
2267699
2267794
2268338
2268913
2269057
2269094
2269134
2269341
2269478
2269525
2270024
2270196
2270223
2270465
2270907
2271316
2271401
2271465
2271568
2271579
2271600
2271642
2271972
2272759
2272876
2272905
2273560
2290423
2294666
2351374
2357085
2360458
2371034
2372040
2372227
2372395
2373012
2373418
2373443
2373632
2374488
2375230
2375235
2375736
2375839
2375934
2376164
2376188
2376865
2377163
2377399
2377907
2378118
2378596
2378972
2379467
2379796
2380009
2380031
2380047
2380272
2380446
2382058
2382330
2382632
2382749
2383820
2384556
2384939
2385873
2386106
2386345
2386845
2387180
2387350
2387715
2387789
2388333
2388499
2389255
2389605
2389656
2389703
2390076
2390244
2390748
2390945
2391269
2391681
2391783
2391932
2391967
2392097
2392141
2392320
2392584
2393581
2394377
2394418
2394723
2462709
2463712
2465225
2465233
2466612
2466688
2466705
2467072
2467208
2467264
2467292
2468172
2468435
2470045
2470124
2471025
2471125
2471266
2471354
2471437
2471439
2471870
2471982
2472982
2473336
2473463
2473801
2473888
2474380
2474542
2475047
2475968
2476772
2476882
2476958
2477096
2477185
2477294
2477322
2477567
2477609
2477800
2478008
2478069
2478430
2479226
2479753
2480205
2480466
2513316
2531016
2531885
2600932
2601714
2602057
2602327
2602926
2602998
2603993
2604644
2606685
2609290
2609455
2609545
2609673
2609784
2609935
2610157
2619392
2619926
2673757
2805480
2817879
2825105
2826008
2826631
2827805
2829228
2829892
2830331
2830872
2831255
2831457
2831876
2832399
2833224
2833790
2833960
2834128
2834168
2834480
2834488
2834622
2835013
2835839
2835918
2836505
2837389
2838453
2839746
2840060
2855239
2857498
2857669
2858216
2858839
2859408
2859878
2859978
2861408
2861561
2861838
2862012
2863814
2864773
2865840
2967556
2968036
2972182
2972223
2977528
2978174
2995412
3004964
3019595
3020126
3020978
3021157
3021872
3022908
3024067
3024998
3027747
3028314
3046231
3047686
3047706
3048144
3049294
3049500
3050489
3052886
3053802
3055377
3055523
3056177
3056215
3057206
3057320
3086689
3086719
3087246
3087411
3087448
3089638
3090019
3090256
3090405
3090482
3091265
3091991
3093036
3093066
3093788
3094081
3094445
3094787
3094800
3095004
3095214
3095477
3095698
3096877
3097929
3097960
3098599
3098717
3098839
3098969
3099494
3099595
3100411
3100602
3100838
3101002
3101479
3101561
3102704
3103206
3103310
3103672
3131854
3183845
3205360
3205535
3205961
3206308
3207388
3207394
3207715
3208484
3208694
3208762
3208945
3209459
3209496
3209695
3209783
3210000
3210028
3210074
3210367
3210672
3210701
3210863
3210897
3210957
3210989
3211103
3211236
3211443
3212827
3212850
3213193
3213666
3213683
3214002
3214137
3214311
3214801
3215280
3215284
3215592
3215615
3215794
3215900
3216781
3217036
3217631
3217771
3218426
3219171
3219228
3219373
3219428
3219468
3219486
3220003
3220007
3220066
3220070
3220235
3220466
3220628
3221051
3221099
3221830
3222021
3222032
3222110
3222158
3222254
3222349
3222376
3222590
3223207
3223909
3223988
3224308
3224387
3224635
3224907
3225091
3225185
3225447
3225860
3226279
3226355
3227140
3227488
3227611
3228113
3228345
3228614
3229126
3229528
3229995
3230080
3230350
3230491
3230929
3230960
3231129
3231458
3231481
3232058
3232271
3232421
3232889
3233058
3233482
3233910
3233979
3234299
3234443
3234546
3234619
3234699
3234847
3234907
3234992
3235974
3235989
3236000
3236227
3264213
3265746
3265834
3266677
3266867
3267129
3267588
3267638
3267900
3268420
3269635
3270147
3270812
3271297
3271323
3271423
3271660
3272305
3272978
3273316
3273508
3274952
3274953
3275116
3275391
3275665
3275820
3276193
3276684
3276767
3277712
3278891
3279808
3279817
3279916
3281527
3281677
3282250
3282624
3282916
3283406
3283642
3283935
3284325
3284576
3285280
3285685
3285845
3286193
3286754
3287279
3287389
3287614
3288083
3288187
3288660
3288724
3289006
3390110
3390248
3393101
3393775
3393940
3394146
3395841
3395878
3396362
3396402
3396889
3396976
3397749
3398157
3399106
3399900
3400348
3400698
3413577
3413671
3413771
3413808
3413939
3413976
3414025
3414257
3414750
3415185
3415297
3415894
3416287
3416571
3417699
3418443
3418998
3419087
3419441
3420072
3420160
3420331
3420389
3420739
3420813
3420924
3420931
3421294
3421843
3422070
3422138
3422192
3423859
3424212
3424644
3425797
3426339
3427057
3428695
3432788
3433045
3434117
3435176
3441173
3457880
3458166
3458619
3459705
3461001
3461199
3462510
3462956
3463859
3465519
3465541
3466930
3466973
3467925
3468878
3470717
3472159
3472493
3473985
3474117
3475210
3475626
3476340
3479759
3481298
3524583
3524638
3524670
3525164
3525316
3525415
3525443
3525573
3526225
3526603
3527052
3527414
3527591
3527998
3528085
3528196
3528703
3529560
3529618
3530134
3530226
3530272
3530904
3530962
3531478
3531594
3531676
3531880
3532037
3532039
3532180
3532514
3532683
3532923
3533740
3533775
3533944
3533996
3534363
3536250
3536281
3536944
3537478
3555461
3555550
3572685
3575422
3575603
3576016
3576525
3577481
3577966
3579639
3579706
3584924
3587997
3588114
3589029
3590228
3591217
3591497
3591775
3591782
3592339
3592683
3592796
3593071
3593171
3593220
3593457
3594186
3595312
3595402
3595566
3595897
3596131
3596593
3596761
3597036
3597068
3597343
3597518
3597815
3598161
3598576
3599115
3599380
3599548
3600179
3600303
3600309
3600810
3602160
3602160
3602586
3602650
3602859
3603494
3603973
3603986
3604012
3604223
3604452
3604516
3604949
3605054
3605147
3605202
3605588
3605961
3606699
3606984
3607066
3607072
3607407
3607748
3608658
3608884
3610112
3610791
3610851
3611089
3612075
3612163
3612845
3612998
3613830
3614399
3614927
3615167
3615252
3615407
3616518
3616704
3616882
3616963
3617006
3617083
3617384
3617391
3617516
3618297
3618743
3619104
3619454
3619560
3619715
3620067
3620944
3621036
3622134
3622156
3622696
3622737
3623267
3623268
3623440
3623605
3623803
3624082
3624498
3624848
3625021
3625047
3625317
3625976
3626302
3626330
3626728
3626843
3626999
3627137
3627584
3627634
3627648
3627767
3628003
3628064
3628237
3628685
3628744
3628745
3629225
3629335
3629604
3629780
3629826
3631357
3631725
3637451
3640871
3679744
3679790
3680252
3680854
3680972
3681068
3681110
3681152
3681283
3681345
3681580
3681683
3681703
3681926
3682041
3682313
3682609
3682693
3682790
3682874
3683100
3683238
3683365
3683633
3683861
3684208
3684482
3685109
3685407
3685613
3685638
3685782
3686188
3687549
3688111
3688149
3688316
3688635
3688671
3688829
3689442
3689565
3690296
3690579
3690676
3690792
3690985
3691118
3692407
3692575
3693335
3693949
3694227
3694461
3694493
3695056
3695178
3695189
3695257
3695294
3695399
3695531
3695577
3695681
3695723
3695950
3710933
3711665
3712218
3712637
3712650
3712970
3713738
3715100
3715120
3715608
3715613
3716475
3717997
3718256
3718416
3718798
3719002
3719021
3719303
3719357
3720935
3721050
3721103
3721620
3721632
3721987
3722144
3722167
3722932
3723130
3723660
3723671
3723912
3724261
3724291
3724362
3724797
3724995
3725053
3725447
3726280
3726536
3788214
3788452
3788458
3788999
3789550
3789652
3790083
3790465
3790477
3790718
3791386
3791961
3792180
3792336
3792389
3793040
3793170
3794396
3794801
3795181
3796187
3796783
3796812
3797588
3798055
3798172
3799082
3799601
3799620
3799647
3799825
3800181
3800313
3826106
3826320
3828765
3828807
3829986
3830531
3830587
3831810
3835321
3853102
3853614
3854421
3854467
3855144
3855455
3855455
3855475
3856597
3856794
3857502
3857858
3857916
3858109
3858390
3860205
3860250
3860474
3860846
3861228
3861309
3861398
3861580
3861620
3863327
3864334
3865172
3865340
3865419
3865506
3865527
3866145
3866283
3866629
3868186
3868319
3868527
3868778
3868824
3869160
3869274
3869484
3869641
3870096
3871010
3871244
3871633
3872085
3872607
3872913
3873110
3876342
3878718
3882166
3897220
3897565
3898221
3899247
3901578
3902422
3902514
3902733
3902903
3904314
3904826
3904915
3905459
3907191
3907350
3908603
3908948
3909535
3909877
3910529
3910877
3911113
3912046
3912086
3943263
3943795
3943876
3943887
3943998
3944145
3944811
3945043
3945235
3945250
3945714
3946469
3946722
3946809
3946908
3947003
3947395
3947600
3947717
3948049
3948059
3948120
3948333
3948753
3948822
3948987
3949100
3949341
3949535
3949595
3950069
3950539
3950662
3950769
3950954
3951176
3951243
3951511
3951864
3951926
3952135
3952317
3952948
3953233
3953937
3954392
3954551
3954595
3954744
3955503
3957002
3957032
3957113
3957272
3957334
3957755
3968942
3969110
3969126
3969225
3969557
3971138
3971195
3971894
3972395
3974977
3975437
3976995
3977105
3977234
3978642
3979053
3979786
3981497
3982235
3982644
3982776
3983138
3983474
3984521
3984741
3985023
3985445
3985604
3985938
3986449
3986653
3986683
3987370
3988027
3988409
3989723
3989753
3989950
3990295
3990656
3990931
3990974
3991062
3992727
3993145
3993587
3994483
3994817
3995193
3995861
3996503
4047006
4048767
4048784
4048881
4049039
4049380
4049401
4049630
4049643
4049888
4050174
4050183
4050321
4050515
4050542
4050594
4050742
4051071
4052383
4052587
4052626
4053049
4053121
4053221
4053460
4053999
4054594
4055144
4055222
4055615
4055823
4056462
4056685
4057730
4058303
4058599
4058820
4058983
4059042
4059329
4059561
4059904
4060294
4060445
4060712
4075655
4075886
4075902
4076337
4076973
4077633
4077634
4077803
4078101
4078379
4079143
4079534
4079580
4080134
4080655
4080656
4080803
4080995
4081089
4081162
4081857
4082160
4082185
4082423
4082834
4084205
4084544
4085201
4085347
4085951
4086386
4086982
4087254
4088108
4088708
4088842
4089108
4089670
4090005
4090076
4090150
4090188
4090282
4091174
4091426
4091452
4091600
4091713
4091744
4092003
4092559
4092640
4092669
4093141
4093163
4093431
4093562
4093609
4094555
4094573
4094604
4094709
4095089
4095405
4095514
4095638
4095660
4095871
4096634
4096784
4096891
4097250
4097406
4097862
4097913
4097992
4098065
4098152
4098283
4098541
4098553
4098709
4098742
4098758
4099234
4099442
4099801
4099836
4100021
4100099
4100208
4100258
4100330
4100427
4100697
4100833
4101681
4102669
4103086
4103351
4103512
4103663
4103909
4103955
4104093
4104246
4104336
4104773
4105312
4105663
4106033
4106041
4106388
4106417
4106530
4107237
4107297
4107427
4107719
4108061
4108311
4108516
4108594
4108659
4108897
4109439
4109668
4109733
4109884
4110007
4110035
4110283
4110878
4110908
4110931
4111495
4111502
4111698
4111848
4111869
4113562
4113742
4115480
4115485
4116999
4117038
4120710
4122725
4123716
4124141
4124708
4124959
4125103
4126055
4126552
4126876
4126925
4126966
4127000
4127559
4127703
4128016
4128530
4128896
4129039
4129631
4129730
4129907
4130014
4130172
4130959
4131449
4131461
4131723
4132005
4132086
4133208
4134009
4134064
4134679
4134753
4134834
4134987
4135384
4136266
4136339
4137063
4137308
4137419
4137524
4137571
4137576
4137583
4138296
4138614
4138810
4138963
4139760
4139824
4140348
4140526
4140640
4140666
4143118
4143210
4144347
4144442
4144567
4145250
4145554
4145708
4146349
4147923
4148342
4150387
4150538
4150877
4151133
4151292
4151358
4151436
4151764
4152373
4154065
4154134
4154402
4154405
4154540
4154677
4154697
4154742
4155057
4155705
4155723
4156859
4156987
4157118
4157286
4157587
4157698
4157747
4157753
4157966
4158389
4158400
4158644
4159179
4159244
4160025
4161051
4161127
4161246
4163245
4163878
4164068
4164212
4164274
4164341
4164375
4164706
4165123
4165148
4165487
4166919
4167678
4167681
4167899
4168024
4168131
4168493
4168575
4168628
4168936
4169201
4171768
4171847
4171867
4172152
4172338
4173242
4173273
4173507
4174082
4174358
4174524
4175210
4175689
4175702
4175746
4176560
4176698
4176787
4176888
4177002
4177120
4177263
4177943
4178100
4178435
4178819
4179196
4179199
4179806
4179821
4179919
4179937
4180150
4180339
4180950
4181001
4181081
4181659
4181731
4181858
4182063
4182322
4182373
4182423
4182869
4183027
4183383
4183611
4183812
4184433
4184773
4185308
4185648
4185686
4186164
4186291
4187042
4187337
4187558
4187610
4187622
4187957
4188859
4189006
4189035
4189060
4217080
4217460
4219471
4222347
4223771
4228121
4228196
4228459
4228860
4229623
4230995
4231118
4231842
4233407
4233645
4233674
4233837
4235308
4235371
4235429
4235509
4236452
4236595
4238345
4238730
4240485
4240881
4241056
4241650
4244002
4244142
4244494
4244632
4244833
4245122
4245783
4246041
4246367
4246758
4248438
4249006
4249479
4250675
4251594
4252333
4253085
4253248
4253768
4255284
4256773
4257250
4257813
4258158
4258276
4259032
4259087
4259199
4262757
4262783
4265465
4265641
4265644
4266166
4266426
4267224
4267268
4267386
4267533
4267776
4268624
4268730
4268876
4269264
4269610
4269697
4270110
4270159
4270241
4271234
4271535
4272312
4272513
4273060
4273681
4274394
4274558
4274776
4274787
4275027
4275444
4275456
4275637
4275712
4275738
4275750
4275941
4276246
4276527
4276726
4276792
4277227
4277931
4278503
4278772
4279044
4279401
4279449
4279585
4279634
4279905
4280476
4281437
4282160
4282265
4282339
4282842
4283252
4283624
4285044
4285141
4286096
4286805
4286831
4287093
4287124
4287152
4287714
4287844
4288179
4288342
4288503
4288774
4289144
4289176
4289349
4289422
4289644
4289813
4290959
4291456
4291594
4291603
4291757
4291884
4292054
4292420
4292595
4292614
4292725
4292903
4293220
4293865
4294144
4294283
4294863
4297476
4299762
4301347
4301666
4305304
4306288
4338475
4341666
4342009
4344594
4344839
4345257
4345550
4346539
4347949
4348852
4351336
4352095
4352129
4352590
4355675
4357483
4357494
4372046
4372237
4373089
4374094
4375258
4375515
4376970
4379611
4381654
4381971
4382430
4383938
4384043
4384167
4386134
4386208
4386314
4386821
4387311
4388586
4389090
4389291
4389927
4390014
4390324
4390608
4390894
4391296
4391642
4392176
4392248
4393120
4393888
4394161
4394166
4394195
4394257
4395089
4395202
4395330
4395587
4395719
4396283
4396346
4396468
4396653
4397733
4397858
4398061
4398657
4398962
4399048
4399063
4399436
4399552
4399860
4400019
4400070
4400103
4400553
4401062
4401601
4401866
4401943
4402214
4402640
4402745
4402920
4403505
4403876
4404016
4404699
4405045
4405279
4405504
4405946
4406011
4406241
4406278
4406751
4407044
4407232
4407565
4408679
4408750
4408857
4408932
4409023
4409489
4409687
4410053
4410229
4410348
4411458
4411935
4412247
4412478
4412668
4413106
4413288
4413343
4413805
4414128
4414478
4414707
4414836
4415367
4415463
4415481
4415906
4416048
4416796
4416943
4416953
4417057
4417295
4418130
4418237
4418287
4418359
4418417
4418869
4418897
4419443
4420014
4420113
4420489
4420656
4420701
4420821
4421168
4421304
4421400
4421776
4421798
4421867
4422126
4422148
4422470
4423218
4423515
4423688
4423804
4424154
4424250
4424304
4424747
4424943
4425202
4425822
4426066
4426644
4427116
4427183
4427554
4427690
4427850
4427915
4427982
4428510
4428611
4429271
4429864
4430007
4430135
4430145
4431000
4431174
4431393
4431654
4431660
4431893
4431955
4432326
4433003
4433731
4433783
4433879
4434827
4434858
4434941
4435183
4435223
4435448
4435460
4435667
4435771
4435813
4436577
4436842
4436843
4436950
4437217
4438031
4438316
4438354
4438487
4438568
4438826
4438877
4439426
4439571
4439639
4440348
4440633
4441075
4441886
4442411
4442743
4442786
4442908
4442953
4442975
4443140
4444041
4444337
4444505
4444608
4444623
4444643
4444830
4445039
4445123
4445429
4446475
4446511
4447023
4447283
4447787
4448011
4448020
4448437
4448833
4449078
4449505
4449740
4449772
4483299
4483421
4483520
4483658
4485414
4485671
4485829
4485866
4486026
4486642
4486909
4487131
4487297
4487448
4487561
4487679
4487746
4488059
4488128
4488160
4488267
4488433
4488765
4488843
4489014
4489072
4489453
4489584
4489779
4490665
4490887
4491520
4491570
4491939
4492998
4493015
4493441
4493908
4493980
4494112
4494414
4495023
4495331
4495774
4495873
4496090
4496225
4496347
4496457
4496863
4497220
4497717
4497875
4497911
4498879
4499071
4500166
4500177
4500292
4500856
4500916
4500930
4501139
4501447
4501533
4501898
4502341
4503168
4503637
4504068
4504103
4504507
4504531
4504554
4504663
4504818
4505124
4505742
4505786
4506080
4506169
4506400
4506573
4506684
4506717
4507239
4507538
4507650
4507898
4508188
4508795
4509340
4509591
4510129
4510752
4510762
4510951
4511037
4511279
4511887
4512424
4513443
4513536
4514209
4514520
4514739
4515343
4515973
4516277
4517126
4517148
4517245
4517731
4519202
4519744
4519851
4519925
4519939
4520008
4520073
4520773
4520862
4521030
4521206
4521434
4521554
4521671
4521840
4522452
4522655
4523136
4523644
4523793
4524303
4524370
4524492
4524805
4525651
4525704
4525916
4526523
4526586
4526845
4526858
4527280
4527527
4528167
4528739
4529016
4529961
4530139
4530180
4530211
4531529
4531602
4532298
4533055
4534047
4534354
4534463
4535404
4535929
4536129
4536775
4536778
4538019
4538405
4538439
4538797
4540227
4540737
4540828
4540940
4541231
4541437
4541632
4542144
4542654
4542709
4543272
4543751
4544911
4545485
4546202
4546488
4547357
4548132
4548152
4548154
4548199
4548823
4548869
4549152
4549801
4549972
4551016
4551045
4551295
4553251
4553434
4570311
4571137
4571736
4572203
4572328
4572368
4572525
4572741
4572786
4573014
4573277
4573295
4573423
4573482
4573534
4574289
4574647
4574915
4575337
4576460
4576479
4577001
4577541
4577741
4578179
4578617
4579214
4580213
4580233
4580456
4580584
4580650
4580685
4580867
4581011
4581033
4581088
4581209
4581430
4581861
4581865
4581895
4582037
4582090
4583040
4583258
4583416
4583555
4583606
4584610
4584754
4584835
4584892
4586481
4586730
4587001
4587032
4587152
4588690
4588711
4589241
4589388
4590149
4590286
4590724
4591533
4592581
4593032
4593207
4593529
4593580
4593883
4595415
4595528
4595609
4596690
4597941
4598681
4598986
4599647
4600618
4600722
4600807
4600972
4601076
4601605
4602365
4602473
4602974
4603145
4603266
4603278
4604093
4604199
4604267
4605043
4605470
4606633
4606954
4608494
4609679
4610395
4610995
4611443
4611617
4612882
4612981
4614598
4615070
4617667
4617850
4618972
4619130
4619576
4621319
4621783
4621983
4622180
4622408
4623816
4624766
4624899
4625163
4625477
4625777
4626189
4626413
4626657
4626923
4627159
4627193
4627457
4627672
4628031
4628242
4628998
4629421
4629529
4629995
4630045
4631051
4631146
4631150
4631327
4631431
4631508
4631570
4631642
4632685
4632945
4633434
4633553
4633850
4634111
4634928
4635203
4635243
4636164
4636207
4636383
4636575
4636980
4637296
4637672
4637941
4638196
4640055
4640594
4640620
4640650
4640822
4641175
4641222
4641268
4641274
4641531
4641571
4641952
4642098
4642167
4642178
4642452
4642470
4642781
4643393
4643590
4643602
4643615
4643699
4643849
4644634
4644751
4645227
4645422
4646391
4646484
4646552
4646730
4647048
4647098
4647160
4647862
4648019
4648206
4648476
4649054
4649235
4649487
4649587
4649704
4649715
4650702
4650864
4651202
4652289
4653309
4653396
4655068
4656309
4657887
4658304
4658420
4658484
4658549
4658713
4659059
4659976
4660363
4660745
4661297
4661362
4662907
4663202
4663266
4663577
4663898
4663946
4664248
4664556
4666357
4666948
4668473
4669196
4669270
4669717
4670497
4670502
4670618
4671039
4671858
4672106
4672540
4672651
4672716
4672835
4673487
4673584
4673856
4673915
4673941
4673949
4674133
4674284
4674359
4674992
4675001
4675099
4675377
4675616
4675625
4675638
4675877
4676570
4676674
4676928
4678650
4678705
4678875
4678934
4679599
4679944
4680046
4680064
4680169
4680542
4680619
4680745
4680880
4680947
4681735
4681755
4681865
4681905
4682094
4682136
4682323
4682769
4682901
4683026
4683263
4683571
4683765
4684338
4684439
4684517
4684665
4685078
4685086
4685089
4685354
4685517
4685619
4685731
4687614
4687729
4688092
4688395
4689170
4689381
4689410
4689476
4691834
4692862
4693041
4693899
4694666
4695133
4695562
4696537
4697263
4697590
4697908
4698564
4701029
4711386
4711503
4711511
4711719
4712209
4712340
4713137
4713301
4713402
4713448
4713460
4713611
4713833
4714144
4714217
4714376
4714693
4714829
4714868
4715308
4715374
4715401
4715451
4715534
4715600
4715612
4715653
4716476
4716497
4716550
4716628
4716678
4716729
4716914
4717018
4717029
4717772
4717796
4718124
4718173
4718874
4719135
4719713
4719982
4720303
4721128
4721731
4722335
4722356
4723530
4723972
4725015
4725673
4727105
4728400
4728829
4730735
4731529
4731679
4737551
4737554
4737892
4737940
4738181
4738292
4739378
4739464
4739666
4739814
4739872
4739915
4740237
4741035
4741447
4741646
4741798
4741819
4741829
4741855
4742374
4742833
4742834
4742874
4743079
4743423
4743658
4744288
4745700
4745703
4745908
4746088
4746351
4747120
4747220
4747659
4748282
4749166
4749504
4749813
4749845
4750192
4750267
4750301
4750615
4751074
4751077
4751152
4751547
4751843
4752173
4752334
4752379
4752785
4753519
4753641
4753657
4754310
4754344
4755789
4755795
4756420
4756427
4756849
4757560
4757709
4758049
4758235
4758325
4758494
4758684
4758710
4759085
4759631
4760453
4760679
4760726
4760924
4761129
4761419
4761704
4762383
4762597
4763189
4764072
4764255
4764625
4764635
4764744
4765118
4765586
4765923
4766112
4766178
4766471
4766800
4767309
4768454
4768581
4768618
4768663
4768828
4769229
4769369
4770046
4770127
4770422
4770791
4771313
4771387
4771616
4771656
4772774
4773455
4773726
4775169
4775852
4775964
4776306
4776344
4776410
4776440
4777005
4777184
4777268
4777603
4777877
4777928
4777960
4777989
4778286
4778462
4778841
4779042
4779421
4779583
4779698
4779873
4780740
4780941
4780994
4781765
4782364
4782643
4783594
4783861
4784117
4784616
4784891
4784920
4785191
4785381
4785893
4786339
4786666
4786730
4786878
4787068
4787209
4788185
4788328
4788472
4788502
4788587
4788906
4789006
4789514
4789766
4789865
4790772
4791348
4791501
4791553
4792014
4792627
4792956
4793129
4793156
4793187
4793207
4793750
4793864
4794004
4794059
4794132
4794322
4794490
4794650
4795109
4795282
4796609
4796916
4797133
4797178
4797251
4797484
4797947
4797951
4798082
4798280
4798351
4798598
4798614
4798646
4798753
4798978
4799157
4799479
4799508
4799912
4799946
4800101
4800171
4800289
4800671
4800834
4800996
4801816
4802330
4802683
4803070
4803092
4803196
4803471
4803921
4803962
4804128
4804490
4804952
4805055
4805242
4805517
4806696
4807387
4808938
4809476
4810295
4811287
4812533
4812770
4814313
4815277
4815345
4816044
4816129
4816446
4817537
4818612
4818851
4819586
4819623
4820653
4833687
4835005
4835226
4835230
4836211
4836471
4836824
4836925
4836936
4837287
4837452
4837485
4837968
4838177
4838284
4838533
4838680
4839131
4839481
4839505
4839604
4839765
4840149
4840486
4840640
4840786
4840900
4841084
4841217
4842149
4842154
4842409
4842463
4842845
4843007
4843269
4843593
4843627
4843842
4843914
4844010
4844157
4844349
4844534
4844588
4844860
4844955
4845044
4845253
4845317
4845540
4845734
4845906
4846173
4846261
4850013
4850458
4851050
4855190
4855652
4856142
4856290
4862272
4865240
4865831
4865901
4866139
4866354
4866719
4867177
4867828
4868293
4868353
4868355
4868542
4868815
4868983
4869087
4869259
4869511
4869610
4870746
4870797
4870900
4871040
4871549
4871795
4872065
4872154
4872185
4872815
4872823
4872953
4873007
4873526
4874269
4874356
4874386
4874464
4874528
4874547
4874582
4875194
4875489
4875700
4875790
4876110
4876300
4876450
4876610
4876868
4876925
4877422
4877670
4877925
4877947
4877983
4878016
4878120
4878384
4879230
4879316
4879613
4879898
4879963
4880248
4880276
4880561
4880880
4880918
4880925
4881102
4881266
4881564
4881923
4882438
4882746
4882804
4884261
4884346
4884764
4884800
4884879
4885036
4885155
4885245
4885760
4886026
4886353
4886463
4886475
4886839
4887679
4887750
4887818
4887894
4887906
4888586
4888735
4888840
4889555
4889790
4889920
4889975
4889983
4890583
4890902
4891457
4891501
4891889
4892142
4892391
4892541
4892832
4892856
4893319
4893569
4894402
4894540
4894686
4894791
4894837
4895284
4895562
4895852
4896155
4896211
4896245
4896319
4896862
4897458
4898378
4898600
4899785
4900621
4900702
4901206
4901283
4901398
4901426
4901667
4901806
4901843
4901896
4901943
4902246
4902470
4902703
4903068
4903444
4903605
4904053
4904258
4904636
4905099
4905363
4905508
4905681
4905921
4906126
4906202
4906323
4906557
4906642
4906832
4906902
4907391
4907551
4907845
4908104
4908268
4908329
4908746
4909429
4909650
4912419
4915493
4915840
4917300
4919493
4919676
4920243
4920349
4920670
4920847
4920995
4921339
4921368
4921714
4921796
4922030
4922250
4922387
4922528
4922688
4922815
4922843
4922992
4923339
4923369
4924455
4925260
4925570
4925840
4926143
4926983
4927043
4927146
4927326
4927564
4927706
4927756
4928013
4928413
4928708
4929352
4929391
4929825
4930121
4930659
4930819
4931156
4931596
4931731
4932499
4933688
4934006
4934594
4934623
4934701
4935536
4935973
4936387
4937271
4937408
4937625
4937800
4937895
4938270
4938516
4938622
4939203
4939501
4939899
4940227
4940620
4940874
4941137
4941243
4941715
4941908
4942022
4942547
4942695
4943186
4943327
4943587
4943906
4944588
4944627
4944639
4944667
4944692
4945112
4945491
4945840
4946076
4946129
4946425
4947305
4949193
4950050
4950291
4952078
4952591
4952828
4953051
4955260
4955798
4955991
4956287
4959176
4959261
4959567
4959650
4960878
4960971
4961109
4961584
4962841
4963022
4963076
4963106
4963232
4963332
4963384
4963400
4963827
4964557
4965891
4965935
4965960
4966797
4966835
4966881
4967299
4968028
4968050
4968405
4968927
4968956
4969011
4970542
4970647
4970787
4971165
4971811
4972029
4972344
4972423
4972903
4973204
4973297
4973914
4975392
4976086
4977397
4978380
4979304
4980459
4980843
4981059
4981562
4982020
4982143
4982299
4982551
4982665
4982751
4983345
4984253
4984686
4985197
4985414
4985586
4985982
4986126
4986895
4986984
4987116
4987188
4987259
4987878
4987973
4987973
4988115
4988529
4989043
4989144
4990002
4990068
4990265
4990705
4991074
4991075
4991533
4992352
4992480
4992495
4992886
4992933
4993151
4993362
4993613
4993839
4993857
4994019
4994167
4994931
4995485
4995939
4996993
4997559
4997686
4997716
4998149
4998212
4998502
4999034
5000018
5000375
5000731
5001036
5001459
5001787
5002870
5002920
5003031
5003377
5003465
5003581
5004915
5005333
5005565
5006637
5006803
5007558
5008170
5009697
5009738
5010242
5010644
5011741
5011781
5012209
5013990
5015859
5022896
5023002
5025258
5026371
5027057
5027490
5027705
5027940
5028256
5028355
5028772
5029048
5029208
5029262
5029569
5030249
5030693
5030861
5030997
5031033
5031395
5031710
5031796
5032208
5032212
5032318
5032479
5032768
5032917
5033098
5033123
5033200
5033203
5033494
5034094
5034167
5034299
5034331
5034641
5035372
5035734
5036053
5036943
5036965
5037153
5037161
5037697
5037991
5038110
5038288
5038951
5039026
5039042
5039275
5039303
5040081
5040117
5040589
5041218
5041449
5041546
5041666
5041795
5041968
5042101
5042112
5042387
5059171
5059238
5059315
5059434
5059471
5059502
5059538
5060547
5060735
5060949
5061338
5061523
5062227
5062460
5062671
5063041
5063372
5063477
5063977
5064204
5064315
5064388
5064771
5065144
5065368
5065624
5065727
5066210
5066344
5066391
5066589
5066872
5067063
5067423
5067692
5068105
5068286
5068483
5068599
5069251
5070124
5070269
5070808
5071129
5071232
5071501
5072304
5072512
5072527
5072671
5089349
5089705
5090423
5090549
5090600
5091011
5091413
5091906
5091957
5093731
5094391
5094850
5097194
5098285
5099538
5100079
5100142
5100150
5100435
5100959
5101853
5102112
5102265
5102560
5102572
5102644
5102753
5102945
5102962
5102973
5103040
5103557
5103748
5104186
5104231
5104275
5104993
5105091
5105147
5105343
5105351
5106221
5106408
5106703
5107394
5107544
5107642
5107904
5108104
5108153
5108535
5109229
5109231
5109345
5109927
5109932
5109967
5110065
5110500
5110840
5111157
5111175
5111179
5111294
5111507
5111723
5111751
5111782
5112934
5113008
5113066
5113201
5113459
5113527
5114317
5114712
5114780
5114867
5114946
5115162
5115273
5115548
5116132
5116167
5116342
5116534
5116672
5116708
5116715
5116905
5117136
5117614
5117644
5118092
5119766
5120319
5121679
5121781
5121919
5121940
5122479
5123103
5123315
5124195
5124204
5124672
5124887
5124936
5125284
5125438
5126271
5126351
5126358
5126565
5127151
5128916
5129271
5129843
5130205
5130664
5130846
5131316
5131424
5131806
5131970
5132027
5132090
5132370
5132388
5132511
5132971
5133071
5133143
5133493
5133803
5134242
5134355
5134522
5134708
5135048
5135238
5136098
5136258
5136357
5136452
5136801
5136951
5137311
5137515
5137604
5137853
5138199
5138766
5139158
5140319
5140555
5140809
5141183
5141905
5142163
5142365
5142379
5142836
5143100
5143152
5143490
5143706
5144057
5144162
5144754
5144850
5144884
5145114
5145221
5145786
5145950
5146344
5146765
5146801
5147507
5147731
5147895
5148122
5148139
5148378
5148666
5148856
5148871
5149109
5149245
5149432
5149455
5149783
5150138
5150165
5150366
5150774
5150913
5151714
5152100
5152522
5152678
5152719
5152837
5152944
5153003
5153356
5153520
5153803
5154139
5154398
5155178
5155943
5156376
5156429
5156580
5156751
5157742
5157847
5157939
5157987
5158069
5158117
5158581
5159013
5159293
5159641
5159984
5160108
5160306
5160465
5160748
5160820
5161146
5161180
5161523
5161582
5161767
5161844
5162649
5162975
5163912
5164023
5164027
5165309
5166053
5166064
5166701
5166894
5167496
5167534
5168050
5169006
5169038
5169058
5169098
5169353
5169397
5169600
5169693
5169969
5170206
5170245
5170461
5170487
5171373
5171433
5172035
5172121
5172177
5188250
5188576
5189329
5190053
5190143
5190190
5190443
5190964
5191575
5191667
5191798
5192368
5192374
5192486
5193412
5193966
5194052
5194422
5194444
5194927
5195795
5195823
5195879
5195949
5196775
5197196
5197625
5198530
5198656
5200328
5200600
5201474
5202707
5203255
5203489
5203762
5204318
5204605
5204913
5205012
5205027
5205157
5205458
5205574
5205855
5205891
5206047
5207161
5207203
5207343
5207834
5208738
5209069
5209397
5209767
5210097
5210109
5210130
5210192
5210292
5210487
5210543
5211709
5211820
5211870
5212116
5212179
5213466
5213808
5213865
5215160
5215706
5216013
5216779
5217262
5217375
5217387
5217443
5218580
5218682
5218826
5219553
5219820
5220589
5220629
5220681
5220689
5220822
5221189
5221372
5221409
5221438
5221695
5221764
5221991
5222188
5222460
5222795
5223221
5223240
5223653
5223671
5225119
5225732
5226070
5226147
5226387
5227008
5227351
5227496
5227620
5227935
5228018
5228210
5228306
5228356
5228911
5229548
5229666
5229672
5229792
5230161
5230247
5230314
5231255
5231389
5231394
5231448
5232451
5232846
5232978
5233156
5233712
5233857
5234180
5234410
5234455
5235363
5236136
5236270
5236730
5236901
5237069
5237090
5237112
5237120
5237220
5237601
5237649
5237813
5237898
5238058
5238248
5238660
5239191
5239610
5240260
5240472
5241313
5241737
5241886
5242080
5242505
5242568
5243549
5243782
5243946
5244082
5244337
5245130
5245142
5245161
5245491
5246277
5246821
5246853
5246973
5246998
5247381
5247458
5247504
5247689
5248661
5248749
5248851
5249187
5249260
5249605
5249626
5249648
5250062
5250562
5250642
5251104
5251147
5251691
5252118
5252298
5252683
5252700
5252840
5253193
5253541
5253852
5254382
5254730
5254737
5254940
5255240
5255395
5255986
5256200
5256650
5257098
5257263
5257359
5257907
5258218
5258417
5259305
5259337
5259373
5259981
5260561
5260575
5261189
5261211
5261308
5261314
5261325
5261643
5262014
5262075
5262723
5262935
5263099
5263350
5263419
5263523
5263557
5263588
5263837
5263878
5263993
5264100
5264504
5264818
5266168
5266493
5266760
5266883
5266939
5266984
5267055
5267447
5267551
5267563
5267645
5267906
5268655
5269483
5269615
5269876
5270109
5270169
5270188
5270647
5270885
5271436
5271666
5271806
5272451
5272687
5273554
5273571
5273711
5274000
5274077
5274433
5274440
5275811
5276289
5276906
5277407
5277715
5278398
5278475
5278732
5278861
5279421
5280062
5280086
5281039
5281153
5281415
5281428
5281480
5281637
5282338
5282706
5282863
5282885
5282994
5283065
5283244
5283464
5283852
5284072
5284782
5284812
5284837
5285444
5286224
5286232
5286342
5286648
5286936
5287289
5287372
5287564
5287658
5287986
5288000
5288337
5288738
5289121
5289871
5290311
5290486
5290835
5290911
5290974
5291038
5291212
5291296
5291367
5291678
5291964
5292284
5292299
5292522
5292622
5292648
5292964
5293299
5293485
5293974
5293988
5294473
5294688
5294978
5295192
5295323
5295360
5295577
5296091
5296583
5297014
5297045
5297927
5297962
5298116
5298707
5298932
5299357
5299400
5299425
5299712
5300068
5300319
5300368
5300421
5300423
5300463
5300670
5301497
5302092
5302115
5302254
5302630
5302640
5302645
5303754
5304011
5304017
5304173
5305072
5305278
5305303
5305662
5305706
5306065
5306384
5307054
5307066
5307094
5307127
5307135
5307320
5307476
5307572
5308035
5308041
5308474
5308721
5309260
5309608
5309782
5309953
5310070
5310086
5310239
5310600
5311444
5311480
5312142
5312315
5312334
5312498
5312622
5313323
5313377
5313537
5313557
5313559
5314079
5314131
5314267
5314412
5314609
5315054
5315297
5315422
5316080
5316215
5316631
5316771
5317008
5317919
5317940
5317978
5318092
5318294
5318506
5318626
5318659
5319695
5320208
5320231
5320486
5320495
5320524
5320563
5320877
5320992
5321102
5321139
5321475
5321636
5321941
5322307
5322389
5322727
5323357
5324001
5324156
5324160
5324367
5324848
5325073
5325077
5325479
5325552
5325817
5325947
5326351
5326385
5326617
5327379
5327561
5327610
5328012
5328149
5328163
5328427
5328719
5328775
5328978
5329317
5329704
5329834
5358304
5359543
5360404
5361757
5365257
5369910
5371267
5371274
5371920
5372933
5373057
5373156
5373168
5373342
5373909
5374026
5374048
5374322
5374406
5374741
5374761
5375284
5375629
5376027
5376074
5376277
5376831
5377337
5377563
5377792
5377814
5377858
5377991
5378691
5379218
5379430
5379615
5379735
5379780
5379931
5380545
5381556
5381633
5382299
5382719
5382742
5382985
5383127
5383150
5383201
5383219
5383263
5383423
5383668
5383939
5384227
5384353
5384481
5385264
5385267
5386364
5387169
5387491
5388258
5388295
5389877
5391075
5391223
5391828
5392186
5392662
5392947
5392970
5394139
5394524
5394743
5396856
5397027
5397193
5397245
5397652
5397748
5398125
5398661
5398709
5398884
5399866
5400002
5400193
5400525
5400785
5400984
5401402
5402060
5402393
5402669
5403081
5404114
5404144
5405831
5405890
5406008
5406175
5406538
5406623
5406734
5407300
5407554
5407657
5407686
5407689
5407824
5408117
5408377
5408442
5408610
5408640
5409048
5409994
5410445
5410530
5410659
5410758
5410917
5411067
5411081
5446821
5446914
5447364
5448292
5448438
5448527
5449049
5449120
5449283
5449680
5450164
5450271
5450652
5450795
5450841
5451296
5451588
5451596
5452416
5452490
5452533
5452917
5453114
5453510
5453753
5453782
5454446
5454576
5454851
5455177
5455340
5455719
5455855
5456145
5456505
5456635
5457020
5457069
5457129
5457320
5457507
5458036
5458042
5458203
5458525
5459158
5459222
5459636
5460225
5460648
5461001
5461766
5461892
5464231
5464741
5467365
5471416
5472002
5472978
5473056
5473080
5473485
5473761
5474345
5475031
5475105
5475295
5475580
5476251
5476551
5477611
5477801
5477896
5478008
5478032
5478319
5478786
5478868
5479060
5479101
5479189
5479696
5480070
5480194
5480821
5480963
5481196
5482042
5482115
5482424
5483214
5483497
5483679
5484029
5484061
5484513
5485147
5485546
5485900
5486156
5486729
5487034
5487370
5487732
5488060
5488493
5488518
5488928
5488985
5489315
5489618
5502843
5503680
5505168
5505468
5505828
5506012
5506307
5506612
5507554
5508618
5512763
5513314
5513683
5513892
5515473
5517324
5518777
5519130
5519600
5520045
5520719
5522474
5522583
5522787
5523460
5523830
5523832
5523907
5524401
5525337
5526002
5526845
5526861
5527483
5527602
5527674
5528466
5528606
5528672
5528701
5528729
5529112
5529368
5529958
5529982
5530816
5531051
5531831
5531995
5532121
5532146
5532379
5532402
5532607
5532785
5533443
5533447
5533569
5533620
5533677
5534147
5534159
5534337
5534966
5535025
5535098
5535683
5535900
5536070
5536915
5537152
5537233
5537693
5537782
5537990
5538031
5538604
5538707
5552314
5552701
5552900
5553640
5554738
5554773
5555009
5555084
5556386
5556488
5556731
5556816
5557364
5558582
5558691
5558737
5559060
5559570
5560600
5560754
5560915
5562342
5562656
5562887
5563032
5563767
5563951
5564173
5564308
5564720
5564860
5564924
5565275
5565321
5565638
5566067
5566244
5566463
5566575
5566751
5567525
5567862
5568244
5569406
5569457
5569721
5570653
5570654
5570981
5571258
5571424
5571727
5571845
5572956
5573623
5573750
5573778
5574278
5574782
5575589
5575641
5576221
5576321
5576598
5576601
5576924
5577667
5577904
5577918
5578403
5578515
5578529
5578557
5579033
5579122
5579373
5579619
5579730
5580319
5580348
5580358
5580389
5580739
5581307
5581356
5581459
5581600
5581647
5582046
5582418
5583237
5584656
5585391
5585554
5586116
5586267
5586472
5586483
5586658
5587124
5587577
5587629
5587643
5588225
5588256
5588303
5588725
5588800
5588819
5589118
5589270
5589351
5589979
5590090
5590522
5590563
5590707
5590748
5590813
5591052
5591361
5591372
5591786
5591906
5592298
5592600
5592792
5592971
5593500
5593905
5593999
5594482
5594527
5594605
5595757
5595772
5596001
5596671
5596773
5598163
5598337
5598483
5599050
5599268
5599350
5599761
5600079
5600153
5600423
5600511
5601214
5601709
5601843
5602009
5602056
5602135
5602181
5602427
5602887
5602911
5603069
5603129
5603433
5603573
5603581
5603903
5604513
5604701
5605009
5605056
5605652
5606180
5606203
5606489
5606594
5606626
5606731
5606876
5607551
5607859
5607888
5608062
5608159
5608417
5608747
5609612
5610607
5611050
5611120
5611471
5611559
5611574
5611626
5611675
5612348
5612429
5612708
5614040
5614783
5615230
5615485
5615659
5615823
5616115
5616555
5616703
5616794
5617000
5617281
5617821
5618031
5618521
5618640
5619251
5619471
5619896
5619922
5620000
5620644
5620816
5620984
5621534
5622114
5622260
5622382
5623288
5623865
5624506
5624938
5624944
5627186
5627530
5628248
5628583
5628941
5629119
5630121
5630481
5630802
5630873
5630959
5631293
5631458
5632911
5632988
5633944
5634442
5634635
5635048
5635391
5635543
5635648
5635689
5636003
5639351
5640536
5640639
5654022
5720989
5721083
5721297
5721507
5722620
5723133
5723900
5724101
5724381
5724568
5724694
5725233
5725482
5725598
5726160
5726189
5727067
5727453
5727634
5728961
5728972
5729226
5730843
5731202
5731352
5731631
5731745
5732415
5733317
5733734
5733898
5733941
5734047
5734232
5736669
5736825
5738024
5738332
5739492
5743743
5745184
5745875
5746647
5748112
5748136
5748845
5748955
5749400
5750642
5750957
5754716
5776931
5777821
5778331
5779055
5780139
5780173
5780191
5780310
5781138
5781792
5782222
5782307
5782639
5783774
5784294
5784898
5786104
5786267
5786375
5788192
5788478
5788494
5791067
5791621
5791650
5791821
5792318
5793101
5793908
5794951
5796369
5796594
5796657
5796791
5797305
5798009
5798051
5798535
5799838
5800199
5801396
5801692
5801855
5802430
5802740
5802801
5803181
5804337
5804390
5804539
5804682
5805483
5806648
5806930
5808201
5808452
5808976
5809150
5809457
5810362
5810381
5810401
5810795
5811028
5811677
5812341
5839183
5839676
5840429
5842276
5843575
5845428
5846088
5846191
5846547
5850473
5850735
5851797
5854063
5854439
5855060
5855102
5868201
5869537
5869577
5869740
5869952
5870692
5870733
5870983
5871140
5871517
5873125
5873224
5873380
5873400
5873585
5874978
5876081
5877060
5877319
5878066
5878463
5879490
5879578
5879775
5879979
5880203
5880223
5880453
5881499
5881780
5882159
5882677
5882782
5882821
5883012
5883466
5884222
5884332
5884742
5884745
5884843
5884987
5884996
5885296
5885998
5886624
5886907
5886990
5887122
5887205
5887269
5887536
5887739
5887871
5888425
5888758
5889418
5889547
5889783
5889821
5889968
5890281
5890520
5890622
5890891
5890911
5891249
5891319
5891347
5891393
5892256
5892296
5892333
5892528
5892697
5892970
5893091
5893097
5893199
5893213
5893217
5893332
5893403
5893445
5893550
5893774
5893891
5894021
5894172
5894343
5894553
5895270
5896457
5913309
5918247
5918473
5918497
5918793
5919208
5919249
5919483
5920265
5921329
5921367
5921419
5921451
5921697
5922072
5922186
5923404
5923874
5923906
5923938
5924268
5924407
5924613
5924677
5924848
5924873
5925334
5925469
5926473
5926855
5927112
5927505
5927629
5928519
5928626
5928690
5929430
5929489
5929593
5929636
5929640
5929781
5930547
5930717
5930780
5930794
5931056
5931057
5931463
5932017
5932027
5932041
5932157
5932321
5932474
5932894
5933453
5933709
5933915
5934055
5934210
5934500
5934542
5934680
5935012
5935150
5935994
5936013
5936412
5936940
5937017
5937105
5937260
5937321
5937370
5937788
5994858
5995183
5995443
5995862
5995953
5996418
5996774
5997624
5998430
5999535
6000385
6000607
6001758
6003320
6003412
6003913
6004157
6004807
6004849
6005761
6006487
6006582
6007389
6007727
6008867
6009061
6009875
6010283
6010365
6011526
6011618
6012727
6044804
6046519
6048699
6048978
6056052
6057166
6058529
6060133
6060585
6061567
6061715
6061806
6062465
6062690
6063871
6064059
6064118
6064479
6066351
6066433
6066471
6066602
6066824
6067344
6067769
6067850
6068409
6068526
6069245
6070837
6071071
6071290
6071304
6071561
6071847
6072065
6072433
6072719
6072749
6073170
6073270
6073313
6073435
6073553
6075218
6076260
6084788
6086175
6113285
6116654
6116860
6118450
6118724
6119943
6119953
6120947
6121282
6121299
6121616
6122386
6123103
6125502
6127439
6130064
6130537
6130950
6131259
6131608
6132679
6132780
6132999
6133161
6134451
6135231
6135897
6136107
6136193
6136466
6136470
6136895
6137955
6138433
6138789
6138904
6138917
6138917
6139013
6139307
6141637
6174083
6174171
6174222
6174241
6174466
6174817
6174957
6175016
6175829
6176176
6176320
6176630
6177060
6177095
6177168
6177183
6178547
6178865
6178970
6179361
6180151
6180327
6180865
6182475
6182587
6183491
6183874
6184358
6184864
6185333
6201497
6202649
6208954
6229746
6237922
6244438
6329699
6329717
6329782
6329944
6330111
6330196
6330433
6330515
6330695
6330882
6331121
6331157
6331335
6331410
6331787
6331833
6333210
6333219
6333292
6333340
6333552
6333605
6334307
6334746
6334882
6335503
6335596
6336082
6336089
6336144
6336574
6336754
6336878
6336904
6336978
6336995
6337032
6337196
6338041
6338619
6339588
6339792
6340257
6345872
6345983
6353400
6354008
6354653
6354807
6354931
6356508
6356558
6356769
6357161
6357800
6357886
6358080
6358115
6358485
6358598
6358904
6359039
6359071
6359206
6359209
6359321
6359630
6360043
6360439
6360557
6360692
6361037
6361260
6361450
6361502
6361625
6361705
6362079
6362205
6362621
6362728
6362739
6363543
6364308
6364409
6364885
6365039
6365096
6365233
6366067
6366082
6366743
6366895
6366939
6367257
6367356
6370212
6378010
6380833
6381699
6383399
6384216
6384622
6386284
6386311
6386694
6388211
6389541
6392400
6392660
6410213
6410231
6410300
6411225
6411523
6411627
6411718
6412495
6413354
6414324
6414519
6415280
6415348
6415983
6416015
6416216
6416399
6416431
6416623
6417292
6417302
6417452
6417863
6417994
6418788
6419193
6419363
6419506
6419953
6421288
6421645
6421771
6422646
6422702
6423353
6428099
6429662
6430487
6431187
6432088
6432967
6436385
6436648
6438315
6439551
6440575
6440828
6440996
6441255
6441483
6441490
6441719
6441789
6442190
6442953
6444494
6444879
6445080
6445986
6446031
6446414
6446454
6447881
6447898
6448563
6448815
6449204
6449303
6449423
6449524
6449990
6450088
6450292
6451884
6452118
6464036
6464240
6464952
6465580
6465870
6465912
6466150
6466705
6466959
6467700
6467942
6468604
6468754
6469046
6469133
6469789
6469883
6471622
6472241
6472393
6472565
6472689
6472907
6473426
6473428
6473583
6473806
6473891
6475075
6475252
6475921
6476194
6476434
6476675
6476756
6477126
6477542
6477955
6478075
6478429
6479405
6479438
6479582
6480175
6481144
6481523
6486862
6497859
6499831
6500213
6501601
6501932
6502061
6502336
6502549
6503476
6503888
6507735
6507842
6509794
6509977
6511155
6512498
6512588
6512993
6561472
6581110
6581320
6582468
6582535
6582680
6582806
6583337
6583370
6583868
6584183
6584188
6584736
6585605
6585853
6585957
6586286
6586327
6586456
6586636
6587641
6587936
6588616
6588647
6588659
6588802
6588877
6589084
6589216
6589542
6589615
6590037
6590041
6590632
6591029
6591089
6591365
6591667
6592234
6592546
6592841
6593220
6593964
6594026
6594523
6595114
6595136
6595507
6596131
6596320
6596843
6597153
6597275
6597607
6597706
6598020
6598113
6598816
6599222
6599471
6600039
6600183
6633149
6635184
6635349
6636225
6637097
6637614
6637661
6638169
6641258
6642024
6643585
6644790
6647725
6647786
6649190
6666351
6675479
6694083
6694223
6694333
6694499
6694579
6694692
6694781
6694999
6695426
6695656
6695712
6696020
6696165
6696277
6696543
6696589
6696893
6697047
6697169
6697242
6697288
6697766
6697788
6698050
6698442
6698519
6698637
6698790
6698927
6699281
6699351
6699605
6699648
6700978
6701238
6701498
6701615
6701679
6702065
6702406
6702495
6702540
6702737
6703216
6703243
6703277
6703498
6703982
6704046
6704188
6704331
6704427
6704528
6704822
6704861
6704925
6705920
6705940
6806127
6808930
6809475
6814118
6833412
6834348
6838215
6838420
6839184
6839424
6839676
6840911
6840968
6841634
6843614
6844124
6844656
6844998
6846477
6846682
6847319
6847391
6847636
6848353
6849265
6851108
6852371
6853232
6854418
6857231
6857412
6858209
6858501
6858523
6858817
6886782
6887956
6891993
6893343
6898944
6954180
6954472
6954810
6955213
6956484
6957352
6958283
6958894
6961447
6962163
6962573
6963075
6963984
6964756
6965028
6966380
6969739
6970420
6970592
6971243
6971350
6971831
6974153
6974712
6975215
6975265
6975487
6976219
6976793
6977031
6977597
6978985
6979865
6979992
6980125
6980752
6981044
6981070
6981409
6981464
6981554
6982194
7035829
7037705
7038082
7038304
7043800
7044435
7046211
7046844
7048187
7049992
7105223
7105550
7105619
7105850
7108624
7109067
7109222
7109843
7109918
7110273
7112981
7113102
7113507
7114426
7130396
7137061
7137511
7138901
7139832
7212401
7213564
7215567
7215651
7218260
7219914
7220844
7221279
7222627
7222628
7223291
7223869
7224638
7225127
7226079
7226207
7226866
7227604
7227769
7228336
7228408
7282185
7282362
7282944
7282963
7283340
7283877
7283976
7285391
7285579
7286567
7287341
7287470
7287771
7287894
7287982
7288439
7288864
7288866
7290055
7291488
7291642
7291787
7293298
7294162
7294222
7294643
7294711
7295089
7295250
7297869
7297910
7300139
7302382
7304789
7308766
7308833
7327768
7331323
7331606
7338253
7340915
7341354
7366541
7366915
7367165
7367377
7367462
7367477
7367977
7368112
7368153
7368207
7368306
7368563
7368689
7368708
7368787
7368835
7368861
7369037
7369890
7369913
7369944
7370028
7370076
7370107
7370551
7370684
7371197
7371564
7372314
7372727
7373054
7373098
7373285
7373712
7373925
7374378
7374683
7374821
7374980
7375705
7376267
7376732
7377060
7377836
7378036
7378292
7378362
7379151
7379317
7379407
7393276
7393742
7393745
7393975
7396480
7399964
7400278
7400396
7401164
7401839
7402126
7403558
7403987
7404454
7405076
7405928
7406929
7408692
7409534
7410153
7410722
7410923
7411729
7412540
7412878
7412880
7413196
7414036
7414719
7417132
7417265
7417511
7417967
7498454
7498939
7499616
7500885
7503675
7505163
7505789
7507535
7509752
7510338
7512361
7566031
7566113
7566152
7566575
7566581
7566842
7566850
7567891
7567938
7567952
7568274
7568286
7568471
7568956
7569199
7569231
7569273
7569886
7569915
7570017
7570115
7570352
7570430
7570576
7571167
7571267
7571424
7571437
7571526
7571917
7572149
7573047
7573174
7573846
7574116
7574474
7574525
7574786
7575210
7577380
7579204
7580196
7586358
7587985
7593229
7593331
7593429
7593775
7594060
7594363
7594537
7595411
7595471
7595504
7595724
7595882
7595900
7595939
7597098
7597322
7597409
7597843
7597968
7598097
7598633
7598966
7599084
7599128
7599762
7599900
7600149
7600337
7600409
7600540
7600651
7600725
7600796
7600804
7601457
7601552
7601804
7601850
7602285
7604264
7604701
7604909
7605405
7606013
7606060
7606128
7607325
7608208
7608345
7608359
7608510
7608559
7608606
7608662
7608740
7610155
7610697
7610773
7610789
7611692
7611773
7612064
7612162
7612563
7613123
7613644
7614010
7614018
7614159
7614288
7614289
7614584
7614640
7616662
7616689
7616758
7616828
7616875
7617467
7617540
7617589
7617754
7618112
7618175
7618235
7618313
7619363
7619438
7619555
7619734
7619828
7620176
7620658
7620821
7621339
7621388
7621617
7621835
7621864
7621891
7622209
7622460
7622637
7622852
7622907
7623793
7624019
7624744
7624840
7624915
7625208
7625541
7625568
7626340
7626603
7627011
7627755
7627975
7628085
7628261
7628286
7628521
7628797
7628808
7640209
7640926
7641015
7641451
7642888
7642984
7643084
7644340
7644427
7645817
7646246
7646441
7646810
7648252
7648293
7648412
7649195
7649492
7650365
7650396
7650538
7650857
7651339
7651605
7651615
7651676
7651972
7652034
7652217
7652270
7653596
7653829
7654868
7654996
7655287
7655328
7655403
7655730
7655825
7656079
7656116
7656163
7656619
7657186
7657478
7657702
7657719
7657801
7657860
7658092
7658226
7658262
7658523
7658823
7658914
7659119
7659518
7659866
7660167
7660818
7660953
7661320
7661662
7661752
7661802
7661865
7663183
7663238
7663279
7663315
7663322
7663639
7664303
7664344
7664490
7664644
7664765
7664797
7664957
7666191
7666218
7666462
7667010
7667297
7667355
7667543
7667611
7667824
7667948
7668123
7668811
7669038
7669462
7669782
7670013
7670312
7670468
7670497
7670507
7670578
7686386
7686463
7687109
7687502
7687964
7688061
7688135
7689223
7689733
7689834
7689901
7689914
7690396
7690714
7691250
7691291
7691891
7692197
7692383
7692463
7692791
7692890
7693288
7693534
7694063
7694180
7694583
7694706
7694821
7695035
7695239
7695468
7695604
7695717
7696060
7696848
7696850
7697163
7697304
7714682
7720650
7721308
7722276
7723355
7723903
7726894
7727101
7727105
7727544
7727709
7727972
7728173
7729297
7729490
7731579
7731882
7732506
7732867
7732960
7733647
7734114
7734282
7736517
7736630
7737218
7737799
7739625
7740457
7741153
7741688
7743415
7743794
7744251
7744529
7747315
7747551
7748836
7749001
7749427
7750843
7751291
7754717
7755028
7760536
7761752
7761835
7762026
7764188
7765769
7766804
7770669
7771637
7771845
7772061
7773960
7774349
7775609
7776362
7776401
7776662
7776899
7777211
7777674
7778125
7778378
7778531
7778620
7778805
7779157
7779334
7779376
7779601
7779663
7780086
7780525
7780764
7780906
7780911
7781271
7781797
7781950
7782302
7782553
7783182
7783200
7783264
7783761
7783871
7783933
7784170
7784277
7784299
7784307
7784329
7784503
7784798
7785322
7785369
7785730
7785743
7785915
7786066
7786391
7786938
7787027
7787514
7787897
7787971
7787972
7788137
7788172
7788252
7788708
7789031
7789110
7789377
7789713
7789768
7789963
7790457
7790541
7790686
7791024
7791300
7791656
7792405
7793887
7794695
7795320
7796499
7796566
7796822
7796841
7797469
7797915
7800145
7800337
7800496
7800763
7801805
7801868
7802499
7802869
7803782
7803933
7804570
7805551
7806011
7806285
7806631
7807435
7807946
7808024
7808090
7821610
7821646
7821709
7822144
7824048
7824519
7824522
7825390
7826045
7826088
7826590
7826863
7828470
7828480
7828937
7829080
7829480
7829533
7830963
7832819
7833647
7834325
7835020
7835110
7835402
7838558
7838868
7838950
7839242
7839423
7840048
7841280
7842177
7843125
7843626
7844720
7844816
7845002
7845737
7845895
7846178
7846487
7846787
7847682
7848338
7848444
7848579
7848666
7848730
7848910
7849230
7849720
7849981
7850328
7850465
7851234
7852255
7852726
7852745
7853173
7853320
7853367
7853370
7853447
7853814
7854131
7854149
7855492
7856131
7856175
7856488
7856501
7856687
7856859
7856941
7857351
7857476
7857665
7857846
7857846
7858211
7858217
7858630
7858668
7858764
7859172
7859537
7859710
7860181
7860475
7860943
7861333
7862528
7862965
7863470
7863649
7863955
7864309
7865220
7865405
7865509
7865709
7865841
7866126
7866585
7867632
7867690
7868032
7868321
7868411
7868509
7885710
7886398
7888398
7888530
7888589
7888980
7889148
7889213
7889485
7889514
7890143
7890308
7890468
7891049
7891218
7891738
7891763
7892055
7893801
7894388
7894884
7895049
7898910
7898980
7899399
7899445
7943214
7943683
7944375
7944506
7946019
7947128
7947221
7947504
7950666
7951537
7952434
7952733
7953178
7954629
7955098
7955185
7955295
7955458
7955559
7955661
7955697
7955920
7956106
7956151
7956362
7956481
7956611
7956896
7956956
7957063
7957115
7957372
7957443
7958256
7958550
7959205
7959209
7959226
7959421
7960090
7960129
7960483
7960500
7961344
7961642
7961701
7961770
7961925
7962095
7962101
7962138
7962404
7962672
7962802
7963292
7963685
7963908
7964057
7964629
7964763
7964812
7965238
7965263
7965465
7966526
7966698
7967059
7967243
7967436
7967529
7967609
7968004
7968177
7968388
7968447
7968532
7968563
7968875
7969168
7969416
7969650
7969750
7970609
7970954
7971217
7971318
7971328
7971499
7971592
7971759
7971786
7972279
7972307
7972323
7972462
7972488
7972528
7972735
7973149
7973212
7973274
7973828
8004949
8005291
8005487
8005839
8006121
8006475
8007267
8008093
8009041
8009748
8009819
8010644
8011110
8013210
8013776
8013905
8014308
8014605
8015642
8015673
8029247
8031246
8031465
8032774
8033972
8034285
8035100
8035723
8035966
8036550
8036770
8037240
8038496
8039366
8040254
8040793
8040839
8041045
8041851
8042097
8042214
8043447
8043627
8044238
8044654
8044924
8046030
8046102
8046545
8046561
8046594
8047200
8047740
8047996
8048395
8048717
8049131
8049282
8050222
8050435
8050798
8051007
8051917
8052282
8053842
8054356
8054364
8054867
8055038
8055071
8055598
8055868
8056549
8056569
8057412
8119858
8120270
8122346
8122784
8124686
8190997
8191708
8195137
8195891
8197680
8200608
8201552
8202258
8202478
8203285
8203706
8204989
8205824
8207930
8209140
8209918
8210318
8210902
8212726
8268734
8341268
8341483
8342924
8343614
8344266
8344358
8344718
8345801
8345815
8345974
8346492
8347112
8347164
8347489
8347610
8347739
8348033
8348102
8348925
8349054
8349306
8350076
8350438
8350490
8350743
8350907
8394620
8394952
8395261
8395322
8395465
8396084
8396229
8396588
8396976
8397050
8397399
8397428
8397509
8397517
8398344
8398575
8400389
8400765
8400843
8401690
8401790
8401835
8402631
8403085
8403258
8403362
8404531
8405318
8405945
8406228
8406366
8460710
8460732
8461256
8461535
8461748
8461829
8463246
8463429
8463630
8463720
8464235
8465512
8466700
8466806
8467032
8467164
8467414
8467454
8467590
8467708
8467731
8468214
8468313
8468452
8468505
8469546
8469640
8470165
8470247
8470287
8470340
8470635
8470879
8470989
8471302
8471367
8471468
8471929
8472027
8472531
8472711
8472716
8472786
8472849
8472946
8473515
8474331
8474903
8476299
8477555
8478914
8480342
8484464
8485958
8570684
8570788
8573502
8575062
8576223
8586111
8586423
8589159
8602375
8604611
8604950
8606096
8620381
8628240
8651269
8651312
8651484
8651670
8652395
8652517
8654180
8655016
8657034
8657172
8658021
8658640
8659501
8659813
8659819
8660609
8660748
8660852
8660895
8660967
8661273
8661292
8661696
8662250
8662625
8662760
8663202
8663495
8663669
8664824
8665238
8667151
8668303
8668425
8668448
8668960
8668980
8669147
8669343
8670211
8713885
8714005
8714079
8716894
8717010
8718924
8720081
8720912
8723043
8724401
8727828
8729478
8745709
8748793
8750308
8750779
8758791
8759247
8761455
8762426
8762971
8763629
8763979
8796703
8797599
8797760
8798412
8799592
8799765
8800742
8801820
8802883
8807160
8808186
8808302
8809057
8809765
8810496
8811030
8811273
8812530
8813178
8813679
8814133
8814892
8816499
8817827
8818610
8818729
8819063
8822209
8822381
8825237
8825778
8826297
8827733
8828521
8831167
8831773
8845857
8846177
8846541
8846745
8847006
8847178
8847229
8847276
8847284
8847724
8848417
8848657
8848830
8848850
8849101
8849177
8849330
8849786
8849943
8849949
8850119
8851519
8851545
8851747
8851876
8852030
8852086
8852610
8853047
8853124
8853396
8853528
8853814
8853835
8853970
8854584
8854593
8854688
8854832
8855494
8855624
8856634
8857294
8857381
8857436
8857705
8857930
8859049
8859619
8860185
8860206
8860289
8860514
8860521
8860628
8860645
8860710
8860852
8861271
8861486
8862023
8862196
8862846
8862867
8862995
8863235
8863519
8863540
8863653
8864038
8864442
8864917
8864930
8865322
8865500
8865663
8866015
8866451
8866566
8866660
8866794
8867431
8867808
8867935
8868332
8868675
8870245
8870400
8870806
8870978
8871125
8871309
8871698
8871826
8871943
8872421
8872433
8872573
8873105
8873269
8873273
8873339
8873476
8873494
8873495
8874910
8874991
8875294
8875325
8875739
8875751
8875927
8876318
8876733
8876776
8877207
8877774
8878057
8878507
8879187
8879567
8879686
8879730
8879989
8880021
8880253
8880309
8880711
8885375
8885929
8886091
8886346
8886869
8887076
8888236
8889150
8889401
8891292
8892849
8894220
8895109
8897508
8898662
8899268
8902128
8902252
8902319
8903559
8903710
8905139
8905327
8905503
8905696
8905780
8905942
8906419
8906672
8906773
8907672
8907708
8907766
8907859
8908065
8908201
8908215
8908801
8908869
8909190
8909516
8909605
8910244
8910733
8911434
8911694
8911834
8912475
8912525
8912818
8913340
8914161
8914380
8914438
8914707
8914906
8915086
8915319
8915456
8915516
8915827
8969910
8970080
8970175
8970398
8970581
8971555
8972014
8972016
8972028
8972227
8972470
8972757
8973258
8973324
8973357
8973399
8973512
8973715
8973868
8973873
8973911
8974564
8975032
8975482
8975514
8975916
8976338
8976641
8976812
8977135
8977684
8977956
8978157
8978863
8979622
8979659
8979999
8980426
8980739
8980920
8981162
8981329
8981607
8982076
8982155
8982719
8982930
8983100
8983455
8983795
8984355
8984525
8984883
8985147
8985383
8985536
8985757
8985919
8986018
9003747
9003781
9004590
9004828
9005273
9005364
9007792
9007852
9007899
9008500
9008513
9008807
9009230
9009280
9009588
9009966
9010793
9011764
9011891
9011937
9012280
9012607
9012729
9013081
9013200
9013782
9013883
9014088
9014631
9015998
9016133
9082565
9086662
9129454
9129515
9130131
9130148
9130439
9130626
9130896
9131422
9131430
9132761
9132780
9133235
9133241
9133394
9133553
9134275
9134560
9134951
9135122
9135395
9135409
9136226
9136259
9136437
9136441
9136442
9137496
9138522
9138795
9139817
9140076
9140869
9142413
9142489
9143279
9143374
9143439
9143891
9144097
9144650
9144685
9144686
9145062
9145071
9145087
9145214
9145232
9145741
9145786
9145846
9145854
9145972
9146041
9146090
9146429
9146776
9146951
9147012
9147023
9147260
9147519
9147772
9147922
9148356
9148390
9148444
9148825
9148873
9149025
9149450
9149716
9150095
9150157
9150255
9150627
9151289
9151428
9151659
9151964
9152744
9152979
9153440
9154129
9154145
9154732
9155490
9155549
9155782
9156130
9156169
9156173
9156221
9156877
9157202
9157845
9158103
9199723
9199814
9199935
9200193
9200374
9200506
9200655
9200693
9200941
9200985
9201096
9201301
9201500
9201584
9202196
9202565
9203264
9203599
9203875
9203975
9204059
9204565
9204847
9205272
9205424
9205487
9206343
9206364
9206441
9206528
9206661
9206741
9206885
9206922
9207286
9207737
9208575
9208991
9209109
9209127
9209385
9209668
9210151
9210565
9210789
9210892
9211138
9211391
9211534
9211808
9212054
9307734
9307803
9307820
9307959
9308050
9308071
9308158
9308232
9308381
9308978
9309096
9309733
9309842
9309883
9310332
9310425
9310444
9310600
9311383
9311429
9311488
9312213
9312479
9312815
9313070
9313157
9314202
9314231
9314470
9314623
9314821
9315040
9315139
9315524
9315627
9316262
9316388
9316474
9316627
9316797
9316892
9317018
9317048
9317435
9317631
9318047
9318083
9318499
9318878
9319167
9319432
9319462
9319530
9319994
9320218
9320355
9320482
9320581
9320695
9320757
9321419
9321513
9321719
9321722
9322635
9322730
9322738
9322802
9322912
9323094
9323145
9323385
9323437
9323460
9323610
9323647
9324014
9324151
9324271
9324471
9384439
9453112
9455007
9458983
9459358
9460716
9460957
9461920
9463034
9465888
9466004
9469688
9470717
9494548
9498615
9498746
9498829
9499337
9499385
9500627
9500661
9500724
9500944
9501387
9501972
9502062
9502065
9502098
9502132
9502792
9503908
9504307
9504821
9505220
9505475
9506583
9506729
9506931
9507107
9507544
9507609
9508379
9572969
9573520
9573715
9574162
9574790
9575321
9575419
9575823
9575892
9575921
9575961
9576452
9576776
9577018
9577102
9577126
9577748
9578073
9578079
9578313
9578681
9578762
9578834
9579016
9579059
9579150
9579153
9579549
9579616
9579633
9579702
9579960
9580197
9580701
9580807
9580817
9581106
9581310
9581454
9581580
9581653
9582021
9582326
9582427
9582492
9583055
9583690
9583727
9583878
9585106
9586921
9587501
9587613
9587750
9587792
9587958
9588605
9588797
9589057
9589442
9589539
9589647
9589743
9589787
9590002
9590379
9590403
9590561
9591080
9591282
9593291
9593748
9593825
9593979
9594285
9594495
9594590
9594808
9594825
9595584
9596155
9596592
9596683
9597222
9597372
9597375
9597503
9597781
9597863
9598020
9598232
9598251
9598808
9599271
9599611
9599619
9599828
9600221
9600317
9600790
9601638
9601821
9601968
9602029
9602086
9602402
9602634
9602852
9603037
9603342
9603927
9604221
9604570
9605262
9605366
9605469
9606212
9606810
9606866
9607533
9608519
9608963
9609220
9609657
9610205
9610637
9610667
9610707
9611287
9613414
9614010
9615425
9616227
9616443
9618582
9618722
9619951
9620526
9621037
9622009
9622230
9622297
9623960
9623987
9625692
9689324
9689754
9689901
9690705
9691284
9691312
9691457
9691836
9691996
9692206
9692808
9692956
9692957
9693025
9693248
9693410
9693528
9693884
9694222
9694744
9695841
9696217
9696804
9697138
9698044
9698157
9698727
9699120
9700567
9701791
9702475
9703058
9703097
9703900
9703976
9704477
9707650
9708041
9708981
9709115
9709388
9709529
9710731
9713117
9713459
9713530
9716232
9716854
9718343
9719961
9720039
9720688
9720724
9720801
9721094
9721138
9721380
9722179
9722789
9722801
9723185
9723965
9724534
9725448
9725828
9727676
9728392
9728902
9728944
9729139
9731107
9732143
9732513
9732756
9732913
9733984
9868146
9884554
9898182
9898833
9903716
9909106
10002261
10003076
10003912
10004333
10004436
10006263
10006448
10006471
10007180
10007938
10009356
10009815
10009856
10012975
10013469
10014607
10015322
10016742
10111966
10113762
10113972
10136781
10137150
10137593
10138319
10138401
10139049
10139360
10139433
10140363
10140805
10141545
10141608
10142200
10142209
10142875
10143532
10144278
10144985
10145701
10146738
10147010
10147050
10147792
10148540
10148579
10148594
10149880
10150782
10150895
10152323
10153153
10184262
10192435
10230246
10234582
10238054
10262101
10323325
10349919
10349924
10350327
10350412
10352335
10355838
10356757
10358981
10361577
10362397
10363657
10516941
10517286
10546257
10575547
10576664
10597256
10668288
10669867
10680549
10682153
10682184
10682882
10683155
10683460
10683473
10683640
10684528
10684540
10684831
10685349
10685572
10686015
10687082
10687123
10724506
10725416
10725425
10725573
10725615
10726068
10726467
10726666
10726735
10727362
10728387
10728394
10729767
10730425
10734419
10735754
10736503
10737078
10738207
10739169
10788827
10791556
10793667
10793749
10793981
10795688
10796064
10796096
10799140
10799810
10801273
10802645
10802760
10806292
10806560
10882197
10882597
10883319
10883387
10885021
10885196
10885724
10885885
10885988
10885999
10886714
10886957
10886988
10887409
10888908
10889060
10889414
10889784
10889859
10890383
10890770
10891104
10891745
10891852
10891857
10891940
10891957
10892192
10892538
10892548
10893121
10893269
10893466
10893640
10893781
10893884
10894034
10894056
10894462
10895716
10895735
10895807
10896040
10896558
10896850
10896854
10896980
10897229
10897362
10897530
10897710
10898624
10927512
10931230
10933106
10937121
10940438
10942519
10943173
10962186
10962377
10965085
10966126
10966195
10969457
10970381
10972408
10976902
10977384
10977977
10978360
10979401
10980020
10980386
10980949
10980985
10982399
10982421
10982947
10983236
10983379
10983382
10983483
10983558
10983643
10984582
10985128
10985155
10985727
10986056
10986183
10986467
10986470
10986615
10987087
10988455
10988662
10989251
10989336
10989799
10989933
10990981
10991080
10991679
11032592
11046264
11046927
11173699
11174567
11174917
11176136
11177685
11177891
11179470
11180610
11181250
11181993
11184519
11185209
11185577
11186173
11186622
11186874
11187187
11187291
11203852
11203940
11204712
11204910
11206533
11206690
11207165
11207741
11207853
11207884
11208568
11208911
11210536
11211103
11212512
11214341
11215726
11215829
11217629
11217905
11221076
11431835
11431966
11432225
11432964
11433733
11436609
11436842
11437396
11437440
11438061
11438230
11438256
11438455
11441019
11441631
11441687
11442339
11442569
11442592
11443390
11443982
11444841
11489202
11489276
11489381
11491787
11491921
11491968
11491979
11492660
11494013
11494029
11494083
11494502
11494975
11495561
11496173
11496190
11496599
11497145
11497231
11497977
11497987
11498030
11498212
11498312
11498453
11498581
11499000
11499393
11499518
11499567
11542002
11542082
11542246
11542450
11543434
11543808
11544776
11544810
11545078
11545458
11546099
11546435
11546767
11547315
11547454
11547781
11547938
11548322
11548549
11548798
11549094
11549259
11549680
11550296
11551221
11551238
11551403
11551462
11551477
11551986
11553466
11553573
11553700
11554187
11554674
11554738
11554986
11555315
11555470
11556087
11556185
11560008
11573823
11791411
11792348
11795731
11796487
11798580
11798929
11799052
11803280
11805816
11813440
11841225
11841560
11842887
11844352
11845358
11848732
11848858
11849055
11850853
11851515
11852115
11852265
11858226
11945688
11946527
11947813
11947839
11948162
11949689
11950069
11950138
11950452
11951060
11951139
11951371
11952466
11953146
11953440
12016838
12017876
12018869
12018895
12019147
12019217
12019391
12019670
12020671
12020695
12020982
12021223
12021339
12021473
12021514
12021714
12022177
12022702
12023203
12023274
12023393
12023589
12023768
12024070
12024152
12024251
12024322
12024331
12024916
12025298
12025807
12025920
12025986
12025987
12026035
12026069
12026717
12026922
12027128
12027144
12027392
12027614
12028187
12028439
12028938
12029271
12029279
12030370
12031063
12031289
12031311
12031819
12032602
12032752
12032755
12033832
12034452
12035290
12036815
12037881
12039565
12041398
12046418
12047570
12047570
12050239
12050629
12078423
12097885
12102192
12102240
12103461
12103482
12104070
12104753
12104881
12105508
12106409
12106420
12106478
12107101
12107123
12107610
12107708
12108220
12109111
12109643
12110042
12110659
12110825
12111609
12111864
12112359
12113839
12114027
12115163
12115803
12115871
12116548
12116638
12116824
12117137
12117193
12117353
12117547
12117557
12117644
12131386
12131890
12133675
12133696
12133855
12135701
12135750
12135999
12136218
12137014
12137853
12137922
12138091
12138236
12138828
12139551
12140793
12140896
12141073
12142233
12143815
12144064
12144214
12148874
12152161
12161791
12163269
12164881
12226499
12228031
12230552
12232801
12235905
12236270
12239155
12243323
12243989
12244439
12244457
12244718
12245172
12245314
12245324
12245402
12245548
12245609
12245837
12245884
12245966
12246080
12246124
12247144
12247230
12247316
12247378
12247504
12247655
12247743
12247771
12247988
12248879
12249267
12249900
12249968
12250473
12250526
12250552
12250715
12251004
12251905
12252070
12252331
12252584
12252764
12252779
12253027
12253049
12253629
12253837
12254374
12254376
12254507
12254533
12254574
12254631
12255175
12255280
12255496
12255997
12256104
12257020
12257025
12257463
12257827
12258776
12258888
12259166
12259334
12259644
12260057
12260579
12260720
12260924
12261038
12279731
12280469
12280556
12280799
12282374
12282501
12283446
12283457
12283639
12283766
12284055
12284197
12285085
12285330
12285406
12286015
12286066
12286247
12286625
12287971
12288173
12288414
12288623
12288882
12289537
12289789
12289802
12290422
12290978
12291216
12291677
12292293
12292328
12292376
12292404
12292969
12293263
12293397
12293620
12293687
12293803
12294574
12295433
12329616
12354858
12376466
12379399
12380071
12382402
12383484
12385421
12387719
12387839
12419396
12423194
12425556
12426926
12428936
12430226
12431539
12432525
12433336
12433363
12495178
12568091
12568970
12569409
12569635
12570094
12570657
12572069
12572248
12574500
12574568
12575086
12575241
12575517
12575594
12575614
12575901
12575959
12576240
12577151
12577987
12579029
12579622
12580448
12581227
12581830
12582231
12582780
12583088
12583291
12583318
12583903
12584967
12592442
12593981
12595994
12596938
12599437
12599742
12600946
12601587
12624671
12624782
12628254
12628414
12628471
12629070
12632481
12632968
12633883
12634795
12732160
12732625
12734487
12735023
12735885
12736105
12737311
12737834
12738258
12738290
12739418
12740674
12742962
12743952
12744156
12744614
12747589
12791312
12792527
12792576
12793765
12795560
12795632
12795686
12796467
12796963
12797058
12797323
12799107
12799490
12799903
12800094
12800947
12801863
12802499
12803377
12803438
12861713
12861787
12861832
12861836
12861897
12862320
12862413
12862539
12863373
12863497
12863711
12863730
12863744
12863922
12864092
12864245
12864966
12865011
12865084
12865679
12865725
12865982
12866157
12866327
12866675
12866705
12866940
12867113
12867393
12867999
12868110
12868198
12868279
12868539
12869048
12869660
12870120
12870493
12870501
12870503
12870682
12871068
12871488
12871528
12871786
12872283
12872662
12872776
12872874
12873262
12873856
12873999
12874266
12874302
12874380
12874453
12874556
12874790
12874823
12875135
12875260
12875310
12875411
12875478
12875598
12875675
12876444
12877028
12877208
12877425
12877596
12895072
12897901
12899539
12901990
12902622
12902679
12904202
12905770
12906678
13089881
13090270
13090604
13091073
13092261
13092331
13093175
13094477
13094653
13094706
13095135
13095246
13095411
13095996
13096086
13096109
13096225
13096870
13097010
13097124
13098052
13098412
13099802
13120691
13121963
13123466
13128682
13128869
13129222
13129395
13130024
13130525
13130548
13130598
13130887
13131025
13131227
13131263
13131328
13131717
13131991
13132332
13132512
13132726
13132829
13132852
13134097
13134462
13135480
13136126
13136773
13136938
13136959
13137306
13137451
13137483
13137541
13137778
13138077
13138647
13138801
13138987
13141400
13188017
13189491
13190375
13190416
13190868
13190996
13191118
13191225
13191512
13191995
13192257
13193139
13193215
13194419
13195459
13196060
13196550
13196983
13199091
13199101
13199286
13199732
13200034
13200315
13200870
13201210
13201441
13201995
13202555
13203347
13203851
13204724
13204822
13205512
13205945
13206360
13206784
13207111
13207402
13207630
13207665
13264130
13264620
13264758
13265010
13265043
13265233
13265365
13265366
13265925
13266043
13266154
13266197
13266441
13266470
13266540
13266737
13266738
13267243
13267956
13268221
13268709
13268773
13268834
13269060
13269067
13269101
13269130
13269325
13269356
13269567
13269601
13270789
13271008
13271107
13271641
13271879
13271983
13272006
13272374
13272637
13272711
13273392
13273594
13273776
13273851
13274431
13292248
13298940
13298955
13299710
13300515
13300532
13300937
13301425
13301748
13302222
13302365
13302852
13303093
13303546
13303599
13303907
13304204
13304326
13304397
13304994
13305170
13305385
13305524
13305583
13305686
13305973
13306387
13306390
13306404
13306461
13306855
13307270
13307288
13307477
13307550
13308608
13308698
13309373
13309424
13309697
13310082
13310187
13310267
13310654
13310670
13311356
13311712
13311771
13312231
13312559
13312826
13313142
13313219
13313276
13313668
13314050
13314255
13314533
13314925
13315081
13315140
13315370
13315380
13315397
13316399
13369066
13370807
13374156
13374799
13374807
13374933
13375299
13377135
13378161
13380098
13380837
13381257
13383657
13386319
13388131
13388137
13394119
13433441
13433538
13434016
13434482
13435654
13435899
13436880
13437007
13437137
13437790
13437943
13440663
13443148
13443449
13443725
13443974
13444010
13444123
13446054
13448956
13449287
13450413
13453671
13453876
13456207
13456338
13457277
13459031
13462478
13463390
13463560
13463599
13464378
13464586
13464773
13464981
13464993
13465051
13465434
13465638
13465653
13465866
13466234
13466380
13466517
13466686
13466820
13467339
13467673
13468148
13468363
13468673
13468681
13468697
13468702
13468724
13469056
13469069
13469154
13469335
13469384
13469836
13470112
13470609
13470700
13470704
13470919
13471214
13472983
13473032
13473650
13473898
13474391
13474768
13559653
13559903
13559924
13560361
13560438
13560653
13560890
13561113
13561578
13561790
13562421
13562520
13562667
13562747
13562888
13562947
13563370
13563664
13563918
13564375
13564409
13564803
13564910
13565538
13565591
13565656
13566017
13566023
13566134
13566503
13567079
13567545
13568451
13568755
13569325
13570275
13570439
13570624
13570654
13571293
13575123
13577178
13579363
13580066
13580933
13582662
13582738
13584326
13584465
13621021
13625917
13626111
13628397
13629043
13633710
13634002
13637707
13637721
13637955
13640562
13641726
13641754
13641809
13641854
13641865
13641932
13643093
13643148
13643320
13643672
13643775
13643794
13643954
13645508
13645720
13645888
13645950
13646386
13646418
13646580
13646744
13647146
13647170
13647324
13647651
13647740
13647756
13648129
13648192
13648303
13648850
13649940
13649977
13650305
13650536
13650705
13650825
13671121
13671178
13671381
13671443
13671768
13671978
13672073
13672460
13672607
13672751
13673231
13673262
13673371
13673445
13674417
13674542
13674632
13674673
13675080
13675188
13675472
13675518
13675583
13675806
13675937
13675946
13676475
13676659
13676958
13676977
13677293
13677350
13677653
13677764
13677987
13678228
13678433
13678482
13678678
13678859
13678862
13679179
13679340
13679380
13679653
13679769
13679939
13680054
13680062
13680118
13680167
13680836
13680886
13681241
13681301
13681312
13681320
13682381
13682390
13682626
13682993
13683475
13683708
13684169
13684338
13685293
13704801
13705390
13707412
13707513
13707648
13707654
13709277
13709611
13710219
13711444
13713133
13713426
13713643
13714287
13714482
13714488
13715569
13716123
13716264
13716765
13717510
13750111
13750112
13750164
13750770
13751242
13751637
13752371
13752931
13753740
13753865
13754303
13754448
13754803
13755474
13755495
13756113
13756346
13756517
13756878
13757274
13757497
13758427
13758538
13758654
13758778
13758992
13759435
13759809
13760025
13760621
13760693
13761460
13761698
13762521
13763506
13935140
13938152
13940511
13941002
13942322
13943022
13943618
13947708
13949938
13982935
13987616
13993235
13995116
13995366
13996140
13998577
14002210
14002289
14002815
14002869
14002925
14002992
14003713
14003762
14003896
14004123
14004299
14004352
14004442
14004970
14005235
14005320
14005498
14005507
14005934
14006555
14006724
14006959
14007042
14007070
14007344
14007360
14007558
14007673
14008567
14008776
14009107
14009725
14009906
14010102
14010137
14010385
14010576
14010593
14010684
14010690
14010844
14010864
14010944
14011191
14011265
14011966
14012066
14012458
14012694
14012708
14012758
14013127
14013826
14013907
14013933
14014138
14014217
14014304
14014485
14014561
14014575
14043377
14043858
14044009
14044089
14044177
14045100
14046232
14047283
14047385
14047732
14048063
14048135
14048231
14048273
14048359
14048653
14049017
14049193
14049821
14050342
14050377
14050428
14050849
14050918
14051256
14051299
14052117
14052639
14052669
14054013
14054588
14054636
14055704
14056471
14056482
14056504
14056639
14057297
14057602
14057660
14058682
14059383
14059818
14059994
14060396
14090810
14091165
14092925
14094161
14094590
14094703
14096646
14096708
14096994
14097823
14097832
14097834
14098226
14098383
14098446
14098456
14098897
14099288
14099780
14196480
14427361
14427430
14428305
14428693
14428745
14428938
14429142
14429176
14429463
14429691
14429898
14430161
14430171
14430330
14430495
14430599
14430784
14430823
14431390
14431639
14431708
14431737
14431742
14431742
14431852
14431906
14432364
14432512
14432625
14432679
14432770
14433040
14435801
14435853
14435870
14436120
14436261
14436349
14436793
14437235
14437294
14437372
14437666
14438078
14438377
14438585
14439332
14439371
14439802
14636675
14637329
14638042
14638269
14638815
14640088
14640202
14643934
14644166
14644423
14644881
14646638
14646846
14680854
14695070
14705183
14712758
14721989
14729800
14858753
14861858
14862754
14915237
14915434
14915865
14916154
14916371
14916710
14916862
14917162
14917227
14917342
14917565
14917758
14917878
14917906
14917943
14918320
14918481
14918555
14918600
14918982
14919108
14919347
14919548
14919629
14919684
14919994
14920059
14920063
14920172
14920220
14920248
14921017
14922058
14922187
14922193
14922578
14922786
14922885
14923371
14923496
14923535
14923710
14923785
14923960
14924202
14924945
14924980
14925302
14925304
14925316
14925338
14925547
14925822
14925875
14927541
14928094
14928163
14928441
14928824
14929421
14929972
14930203
14930285
14930312
14930674
14930874
14930875
15072097
15072264
15072502
15073813
15073857
15074221
15074523
15076264
15077936
15079378
15079426
15079796
15080304
15081636
15082459
15082528
15083605
15084087
15184319
15185124
15188822
15188823
15190500
15195857
15196265
15489438
15490147
15490921
15494663
15736118
15736808
15739120
15741499
15745807
15756468
15792643
15899528
15902041
16189518
16221267
16222365
16222966
16223353
16223501
16225693
16226718
16227327
16228391
16228580
16228848
16229788
16231249
16231386
16232467
16232888
16233078
16233083
16350064
16351819
16355715
16386927
16396953
16400444
16484932
16581391
16586160
16589202
16589326
16589835
16593547
16596855
16597025
16597840
16598851
16599183
16599438
16599773
16600199
16600223
16600315
16600431
16600562
16600823
16601161
16601419
16601979
16602133
16602607
16602930
16603328
16603987
16604217
16604329
16604525
16605451
16605593
16605769
16605953
16606148
16841202
16842825
16855056
16861469
16865746
16865783
16867123
16873619
16874062
16875180
16939830
16939878
16940135
16940524
16941073
16941423
16941507
16941614
16941778
16942041
16942654
16942895
16943396
16943580
16943841
16944157
16944179
16944304
16944365
16945106
16945351
16945548
16945610
16945729
16945805
16945915
16946083
16946221
16946279
16946451
16946557
16946637
16946731
16946942
16947055
16947290
16947332
16947472
16947893
16948410
16948971
16948992
16949985
16950095
16950276
16950708
16950741
16951578
16951829
16952406
16952889
16953501
16953544
16954012
16954234
16954273
16954403
16954800
16954898
17146866
17362922
17400444
17401008
17405423
17405489
17405764
17407394
17413021
17413735
17550578
17551561
17554670
17657724
17658109
17766006
17766133
17766286
17766818
17766838
17767656
17768213
17768659
17768922
17769263
17770013
17770031
17770147
17770614
17773170
17773233
17773252
17774033
17774557
17774746
17776434
17776550
17776816
17777109
17777916
17778189
17778303
17779611
17780451
17801658
17801961
17803095
17803362
17804233
17805028
17805083
17805209
17805357
17807378
17810455
17810538
17810832
17811352
17813284
17813402
17814899
17815170
17815223
17815791
17816099
17817093
17854054
18022212
18032375
18036531
18038200
18261649
18263146
18264485
18265022
18265980
18267990
18269905
18272875
18356134
18356564
18356587
18356623
18356866
18356971
18357385
18357676
18357795
18357910
18358538
18359192
18359272
18359390
18359452
18359594
18359708
18359930
18360190
18360497
18360608
18361526
18361555
18361930
18362011
18362081
18362222
18362247
18362752
18362842
18363267
18363386
18363870
18364510
18364512
18365031
18365225
18365264
18365593
18365785
18365826
18365985
18366252
18366923
18367657
18367836
18368132
18368216
18368316
18368473
18369308
18369541
18370445
18370492
18370615
18371248
18371279
18371400
18371624
18371953
18372707
18375771
18377868
18377921
18389279
18451573
18453336
18454159
18455565
18457495
18457956
18466078
18468976
18477365
18478368
18479795
18481269
18484360
18484801
18537893
