5372807
2853388
15516764
5561228
14314440
3479930
6844861
17709892
17643198
5189942
18117829
10222645
3849047
16315197
1039336
1784783
10922790
12144450
5658316
8423393
8052379
7084575
503649
13125994
14830921
16248810
2049661
3210434
7569699
16679821
11454624
2157293
11908627
4248151
7547087
7419043
18485291
7410538
10108784
18414987
2341968
6437794
1830059
11959883
6538801
8185565
12827355
3541903
4414823
9638800
1972104
5352032
10687707
5227528
1681821
15150138
8967117
17050751
9700903
2265667
6603872
14111876
13566570
5923139
16415366
1473469
2512940
9578419
8342347
11308066
7892793
14496260
8309054
16180872
6176758
11837742
13253945
11539684
8771337
2240219
17841989
15683509
16688228
6958058
10670014
5039976
3066206
5087583
16021927
11955030
9728488
7154394
16700450
8260324
12014230
13736300
15024936
6132556
13176385
14000112
17328846
2552340
17338156
4178933
5982860
7641618
2064894
2618963
7376607
5211091
4735665
6748993
12879333
11447084
7030002
11473718
16196483
7623911
15310879
5533721
9546203
12569503
10494425
8999364
1734434
4900205
8593810
4429430
2256748
11375894
3202295
18290720
7274332
7567337
2917205
15177980
5950275
74797
15569140
8162453
3385614
16471958
17134040
14187972
10511842
1991418
12137334
468478
2795221
2037522
7389388
10519912
14184852
28841
9446084
16345189
17759658
2987390
1943349
10914279
11037947
7783186
5234780
16139259
8175417
4215816
1978343
4245650
451917
8962374
15144624
16124020
357975
3099723
9442309
722177
8497447
10635685
4951677
18365969
11965365
6521194
17734800
979603
3855348
18109952
17255539
13075452
8675520
16501187
5281603
9541421
17686902
707333
8558102
13894230
11975897
3546129
17871546
4964622
3250942
11403351
13017825
11310701
13371288
13387471
9019243
8004874
10885352
5465846
17291789
16805649
2321924
7021837
10435779
10144098
1815695
14578821
12957276
1029800
3843061
17561236
8397052
15179370
1201297
6255980
9157882
12822336
1409434
5262151
3798381
9163765
15128176
16984111
14589318
13342287
1657324
6266305
3201833
11558879
5402213
1327212
18549141
3342610
4629348
16779438
973682
7634991
11654467
715183
2900780
6537466
13570526
14670530
1019526
14828347
14649254
3209085
24980
4389829
17813857
5692600
10622252
12910155
16181123
9564196
14351795
11660248
15141941
16278992
6359758
8568176
5016923
18486772
13370359
405564
9714745
16062888
7103079
5865783
2373428
1332555
2498382
9258132
16793308
11156245
14111634
11677866
3392839
2362862
10898522
8832727
11381186
15721913
5992660
9480616
8996010
9078721
8609658
14775902
11836432
15158557
1607557
7135181
10203308
18057003
14976766
5345017
1885887
7054482
16778900
8092669
13323279
11998541
17277838
175496
12870946
1977457
12520544
13363071
7047740
14346634
17524124
14855595
765808
11930292
16359042
15722989
6244033
5879618
1919845
1562537
3054350
6349009
2036515
15319846
3798122
11351515
10545716
10541820
13541914
3213030
8031299
9150248
3775847
2075564
4652638
10765174
5469183
3346902
6541492
1522138
17972327
10176474
1058378
16433057
15965513
10726111
14693365
16059738
15123969
3063780
4254303
15822120
4208199
15993013
10292808
12619837
12085836
7825276
5486172
6131977
4301296
6155971
2134120
7013723
1175570
12177855
15936719
17408953
2902361
945380
2175578
12746425
12137595
12330499
3902327
14268609
8574216
638294
1211784
7251298
7821506
9515883
8329772
7268713
3488157
4444207
12889601
9036615
11781005
7776362
6417490
6034787
15965079
11715266
4575303
7712510
6476753
12098310
18259674
15126607
16223020
15735431
9682389
4171605
9995981
2398530
1895831
11113394
651539
10072624
12106038
10565046
653746
2417661
6713261
14737372
1676682
16964684
11086070
1643927
17506491
13744446
12339157
2783896
12014968
15493054
781324
17394780
16440320
4333463
16155935
6354381
18054313
9185094
812209
15223328
8238965
3474323
1107849
17931931
7065249
11532269
8069364
1689452
11325416
4223233
9947687
9807489
2728464
16245680
10760636
9027199
16734092
9509157
16479027
17206610
17355657
2364007
6068704
10884273
5547047
1355221
8459604
2059842
15217108
3651148
16455904
9944953
1309652
10161851
12044713
1823310
8787834
13437933
4201220
1971467
16417031
13531753
11711995
3031743
13590709
64066
12036167
15878172
8117273
362161
2177363
6721944
7892327
2851643
4063397
15798202
7677935
11408948
14052093
8759504
18026087
14007503
16029387
6530017
15809475
9449544
14819322
13414761
574909
12535358
6858135
9518012
3929042
2340594
6560184
4199718
17453150
17782008
17011570
4310516
574897
6158826
18313507
9499548
394595
3531354
17865776
14789911
11308030
18572152
10754980
5154883
3290574
2412012
4993599
11810944
10072832
6020594
12341613
15991065
12693928
11993029
1829000
10013441
15350614
527745
9028087
3800623
6621397
8812204
15328253
2474351
14769243
17417346
923287
14541583
11857172
7963820
1305845
6683417
414605
17252693
1335293
1498770
14700756
877182
15463063
11537993
874883
352020
6963313
8126627
4523916
11844849
5306214
9869080
9258942
17935399
12687518
1540607
1769173
16658281
5180838
12866669
11432894
13403430
5624667
2192906
2140365
13762492
5322467
3193824
2975755
10039870
4749090
5474298
15211339
6695001
8564910
9997637
1719445
13031573
13911114
11618416
2840143
14516485
12066034
18534495
1013453
16021409
2894174
18388050
11541044
16308868
18200624
474261
5101264
433267
14572517
8728339
8356449
15934880
16620558
10776121
6029346
6956318
7860472
3267832
575848
12774927
10787001
7986311
10656213
4274964
8480273
11358929
5189868
1504890
2293787
14280549
2274187
3748233
15176608
6950927
8520691
13305614
9344762
5520795
4899497
2102198
11154970
5093112
10917742
6893417
8835879
3978027
10297195
11851543
2489182
15204682
11329244
13075265
8962512
13133163
627560
16584717
15180755
1272438
8192194
18361093
8022175
16181173
14223318
15939071
16448403
15031384
8918222
9292390
11126405
6989562
8019835
12541141
7069212
7269011
10136029
17927973
10126355
18560738
268477
8022670
14537937
15047564
13912895
13605457
13799132
1634075
17797992
867072
6337838
2592332
8748580
3647892
18145182
10931395
13481120
15527554
14134751
12938347
17304212
1819988
17047319
15758042
8449405
2269528
7148436
8083597
15228126
1302662
12955912
9252214
11975886
16962968
15961294
10952714
3297531
16892395
13253314
5973172
15569607
2735159
8981389
6875524
17558184
6217807
15340897
15392662
14541982
16668238
12040911
3217962
9701053
8050905
1948384
10818994
201838
10135204
8500576
3722792
18383784
11672680
15760139
5272891
5795959
10393407
6331766
234606
5100183
7723745
6467334
1318237
15643744
4430675
18003647
4320871
7679570
7909407
17499649
11855712
16651083
13557586
14098068
2285596
2825699
6920796
10125281
8906252
12616044
14962197
3936533
13445686
4665039
12785636
10866764
517834
2868189
16392598
15186321
237085
7436076
1656443
2806425
10616617
12498599
8545205
16743799
17190179
15092919
17801197
7303039
18013936
8916241
5975640
5049375
13234060
11172490
11290005
10872795
17593757
1121270
3777084
18007177
8878029
16570168
7710209
5439132
18347753
3769368
16323481
11120335
11265543
1853090
4899156
11623597
16551999
9510361
2473576
8936049
16749016
16091079
18169142
17947531
5125161
14012975
16931738
9554687
4279199
5836581
16948011
17902124
6825987
12546068
13299646
15195873
18210920
14315479
9662800
545334
12951891
4195675
11713140
17720695
5873220
9051078
2744650
7668732
1130949
876627
11718131
3961028
17088557
16449999
2330597
1460289
4884632
17036258
13853186
18353165
18030264
7596988
1898577
14916974
14820025
17537635
15665555
17427743
5060809
13080306
7001954
6622132
10318183
15472675
5602147
12971258
3210981
9608979
6043384
3596906
281161
9325795
12970558
3549365
12067107
8086440
8416155
17719656
15261584
4667559
2446117
11731994
6910092
878490
2048821
16047218
14870472
10171181
3716294
2476016
11113650
8097676
10519374
4917493
4288621
5840567
11663524
13698744
3122598
11301038
10472733
17137846
4191906
13312383
13365885
16125856
18332687
1755905
5839910
11268003
374185
9555045
5188004
8276056
10823036
644411
11019845
12799309
15196164
17000617
8577342
836466
3138086
5264142
18441852
880132
2991705
4434578
16790488
1358177
11172593
13149409
4018042
450329
9794671
11544652
3246307
1692474
7760917
9967057
14631792
309830
4763210
7380253
14270159
1127928
303441
4643509
7920960
15425093
11142876
14756333
8847246
7693458
5888392
18576061
11536984
4493360
1204379
3148337
3391280
17406362
12947474
15775903
15414617
8185301
1744135
14802170
3721172
3770210
16673993
8072199
3008368
13709333
5055102
3121725
9969615
714969
10372685
9785360
17299033
8871823
8923497
17210020
9894389
12653894
9304768
12969759
7699293
15322169
98842
11147661
15943440
17085224
3662102
14168105
16108557
5897035
9482664
10691346
9518385
3545961
12809020
7234575
6353773
6311005
223004
2008046
8817101
8660479
12608837
16636130
15510444
6706437
15370236
17819959
4099260
12564700
17755503
7571672
572689
16595835
6539387
16083983
3857613
9034843
10697558
7959506
6096112
10703692
9070875
14549784
12809941
2844673
2564116
9931979
5824720
7682792
14472774
11743043
18161144
1025101
9880046
2330517
7715817
14548300
13493879
696771
16517896
8704099
11005030
7548328
14735463
312341
8481431
1392294
4563900
14978208
2630725
15068968
18157816
9351751
922472
9488034
18038313
14546613
2680247
16416024
4794240
4648893
1901901
14943610
17176519
15116521
1836726
3804982
18142140
4653281
3720955
3498227
3226607
754477
11916522
2214333
6030107
7063257
6693875
10625882
15652261
1042455
9710116
11099469
2329318
16765569
7542125
15695101
16754737
18509447
2292609
8447658
16840652
6234214
6388969
3843759
16981743
13403134
5557054
16939949
13668816
3997307
5868189
9833441
714199
6691170
7595023
2823430
6157166
13859823
18123799
10472381
15001568
5395410
13834060
2722864
9703619
1344835
4999371
16478005
13285818
4020387
8314159
14334674
13423788
14566110
5898150
18257578
13851286
28732
10602903
10142107
2199029
6653824
17730601
13400643
7140161
16887015
11139241
15593412
10340181
7003395
2977153
3192981
18467043
2796353
12707779
11275325
3619318
15030503
17601174
9916712
2122262
3223213
9550282
2896630
15665058
18283372
10377582
1013713
5487511
15318286
3927890
5309358
14784662
3116159
8275254
11593012
3649021
9621146
3359341
11825039
9750261
8039339
16339888
10896050
15767437
18339549
4485080
1430067
11290565
7345988
8144485
7690527
12228011
7640448
5945161
2423748
6239539
7920412
9980251
12646593
10533796
264619
2243508
3106682
4647925
4145786
1736766
18497269
13345226
17046707
6265190
6169323
1888781
9530768
18240509
1646533
3407438
6968361
7966650
10854082
481172
11084870
16098979
8102763
2590504
18138032
17210842
2780022
2679033
6082825
7679347
1146561
353777
678845
12264724
8517629
18503515
16022524
11310298
5807789
15652000
2249221
11770693
122261
8844174
5838393
15437683
15727724
9295391
3867819
15938585
17565045
1264539
4321379
2670496
2966508
6019422
8634142
15743202
10542979
5732043
9238821
7888165
9024878
10521915
7770265
15637870
1243434
7801228
2924789
2238785
14984014
14059708
14131957
14845027
4423174
5600442
3259476
16590202
2090141
17284710
11472897
1359872
13676353
6784837
9785443
2235561
1086974
9969992
11152540
13527764
7767715
5379330
2338085
18174451
9879310
16627232
787252
6862653
367004
10520758
1561077
5477330
5651908
1894365
10952346
12225107
10430584
11101355
2855664
13192743
8603509
14896425
7878724
14297016
5473181
12710328
17192152
10552442
11211507
5065078
16410439
6512436
12138039
9099256
17441216
9299105
822339
6448168
16418901
1246942
15093911
14424768
14948611
12809686
4758845
12103716
8475957
12057550
16901186
7585758
8133803
16948179
744362
107675
8107848
14869009
8729294
2693784
13953585
2644536
12381345
2218958
3017551
5230861
8984108
12081532
5700345
200510
9644930
17426419
10672113
8152560
15011971
564842
1772052
15487635
355067
16366514
10576274
13061808
9834984
13126745
4933679
12160734
6320862
13516337
1591568
2498078
14653004
7007795
14845093
1909682
1556981
2063406
8841408
9578062
14107051
9093254
279562
1233072
4383137
18467467
5762777
6181470
11726736
11767991
7520925
12309090
11657121
12193665
16397238
5982385
6578908
3138221
10682483
2719053
5735243
16134113
13393486
546983
2458791
2395686
773495
10483340
11051068
1689416
17423905
18040226
113125
358643
2522851
355860
10734744
14278367
12930459
11622487
12643903
7193040
12196957
16745580
10986424
11078533
13845705
3496019
11198163
4249493
1614155
11821795
3238141
14591955
3710145
796849
9965091
14965026
17509966
15312237
12762474
5662282
7495922
13912797
14881136
13517763
3512899
10325861
2738567
11469019
3651806
8225616
11101397
11373776
14531401
17842344
5736004
11197377
16439405
11436625
11747752
12789474
563160
1524616
1221137
1001784
16834192
6738748
6582669
3373960
5159032
9973967
15366070
2146889
18046222
5646395
17867663
1020417
5906276
2337483
4755686
8240168
11573621
4371544
6712666
9432919
1691834
466524
16037134
2406708
9372296
17675920
2406401
16912754
11500713
4246051
17756987
3676923
3624953
17725055
17906799
4527388
11500021
17281457
2670561
14404634
9290037
17889737
1241047
8240263
16718747
8309610
3772387
12402289
4766624
10133359
14501739
2647524
13322459
7295462
3234595
8292715
12091668
13178002
547996
2997268
8628400
10238524
2981883
8169520
18474294
9469099
5266773
11601244
5121601
9778150
13458364
2669771
10131125
5020119
2366202
15111298
13537583
9061397
16994105
9829996
7454492
9627099
10678820
1714902
9410867
14179744
17003308
16349423
1205235
14736699
3772160
17923141
11016762
14460104
4651492
6632876
2535475
11712003
18576151
16414557
18380350
13605011
1563968
17169175
2325865
12638927
2023228
571483
7247130
9491973
1943087
10078736
11330837
9691061
3278865
6813837
7605809
2698052
1717590
4554390
16684
844962
223514
12899281
14141503
11520603
15904796
8156567
6752663
6725880
7804872
4729224
10541779
9680454
18289261
12316266
5983087
11859228
10346951
17159969
13413708
11139573
11585605
11209773
17145926
17206145
2881232
7980659
18088024
11253416
13520110
8248587
3343616
4254892
7711472
7054284
9623220
14602514
10057755
9525537
897637
11312821
191027
5947581
10085795
8511697
14763471
5924067
14538742
16530155
17484191
15146965
11063953
18417191
812666
10712013
6629391
7164242
7765045
18265571
3773747
9329013
7654125
9052553
17230492
10259507
13392900
9307204
2982421
15255986
10988320
16857861
17599338
7656394
17148857
14238081
4202480
7299006
13861958
11669563
5831323
18182984
5337653
14649156
14115041
16388385
8158613
1254295
10077262
10023987
3924483
1662644
7001065
5131827
15857192
4064410
11333271
1689267
3045783
4342177
7307456
1587621
1074547
6393546
4461009
13542591
11281153
979245
12679036
5890815
5921415
10577617
1418501
10330536
3346860
10007085
16028514
2875001
7213409
9937377
8703784
7895017
5184853
7110102
17611047
8801655
3322475
17781642
11390267
531418
86059
7784333
6100133
16048809
9899001
18189288
6955896
12224660
5746364
17469272
12289882
4023642
1467731
13087746
11005106
6417513
12701014
10460908
18560096
1842849
11167078
7510020
2917281
18134460
2945232
4790596
17790438
14378089
17398383
10635509
15218572
16873952
15641814
15585485
9244571
14551265
9147918
13623933
16883634
12981045
11044677
17553951
1103472
2834795
16848408
16600525
5553021
5914204
2496255
9120785
11372862
14780775
628753
15929845
17739942
2546074
17389452
5350336
9412609
13713108
2304376
12474023
7683348
16488870
9130298
9993288
10343095
11079879
13708380
13395645
11464824
861153
11423461
3190584
2967613
2694527
2127820
13870111
16469710
6172168
5302727
1238363
9613882
4338761
4329662
17891441
18351947
1494097
8711035
9176636
1942831
1779184
11175611
12917436
17618737
8599175
2118877
5786951
8645194
1602589
12613422
1320178
16147443
5830725
12501556
7334506
17026390
18485212
17280754
16304933
13054601
9290370
5338186
6120808
14801559
3789070
18147242
6909669
10898387
12082090
15581451
9633059
11986809
1620481
17957534
11686927
9437580
14665283
17697366
1730840
5179344
8933054
886876
9536683
16427327
16035804
11248240
12164326
5445469
16864249
12819460
8531732
13120021
9363724
494836
7784069
8486969
4705565
8829047
9710645
17291347
4179687
13636693
17516295
6166343
10465442
3798973
14521980
9418785
7422745
9767720
17200283
16029457
15614241
10905515
7208774
2435411
1374731
14573420
6566001
16809181
7744318
14197884
18564331
2570121
12232186
3832820
1390993
6333559
13819767
17830473
10427565
7041928
11876539
16817891
4727429
17931962
4687236
3818591
901447
13859820
13829598
7129496
18458616
14280006
3791390
7599035
17776300
5281316
1605014
6258842
15950155
4704870
7599223
6174830
8381139
15689105
3844241
4382485
13657687
15626539
5315628
9044192
8194836
7846491
9636521
294890
11023519
13389233
12931665
9548849
1908714
428303
6787068
3158159
3122116
6804744
2509873
17255013
4063715
3645492
700870
15383552
154676
7599108
18304175
10210091
2909703
2907815
16920159
4493282
5274401
13655525
11760314
12128567
17387646
9800033
693817
17479720
6754746
5987709
11679362
1306117
1204645
7448148
6074961
10846665
15890369
16247439
4036679
12805781
8961901
943587
17678932
7159256
6647077
18039450
11684145
16981261
13194251
734711
616137
9031279
4264715
6075426
1780912
5466711
8487195
8594779
18129754
685267
9533783
8645260
7983152
14327425
4516933
14985425
17184263
13683006
9133101
4493678
11403299
3745241
17347819
12321484
3129594
6610627
8422329
4162584
14750650
15086644
3714191
1297226
12411631
5523571
11861032
160635
9215948
16157725
13777834
12924921
9195122
17053963
15183536
7441139
8199812
4319805
15664418
15943565
4905225
13272985
17287914
6341413
15306068
4275269
5025146
6908436
7900605
15615907
7752458
8810237
13268750
679130
5805464
6332295
2528822
9556405
14125981
8025368
17228637
12222723
4433285
10588340
7668400
6896355
16390655
3257831
10726808
13488067
10665266
6735540
17180230
10004377
17238734
8804737
193828
3661052
3956737
1384520
15105357
9787740
1358967
17309190
3949946
15344201
117140
12004506
13962738
5582227
12678986
9696840
7849281
9404771
3017424
15822249
4877395
7368250
6566326
7623983
12133131
5754056
11874112
3104370
8172220
14307713
5936285
12700022
12887193
53836
1630925
11983030
15215200
417277
12340941
3349694
5594051
14165049
4287367
10897917
14670827
2569006
11611648
16241376
13891005
5458692
15594665
1797358
3215857
6362530
8915290
13262618
16163986
10016866
4343215
15495255
8694705
897516
16950100
12083961
16653193
16246626
802070
14579801
6753807
2828599
1554769
5100051
18495225
8595961
9483789
4295319
9218035
17828897
13287263
7606954
1917313
4242349
10092999
7809794
15698372
9800946
11291894
16274957
5083715
17907895
479760
11863786
5706792
14508391
6728597
14970255
2467828
2656732
6206930
15278953
580238
10208832
8433601
7380621
14879556
5642052
10756285
11081627
9639594
18007050
10530383
5974912
2334435
4511698
11884432
13751697
9055946
18485936
258857
1848803
3657836
10106222
16053655
12214905
2636296
657903
1821219
5604049
12720599
12214656
6056256
7935255
11404076
16714513
5693134
14549087
8570276
2958943
3772904
16444742
13120674
14676239
6395843
6411268
6496406
4271217
14281365
979081
15440309
16299230
10742608
3967558
13953469
6937734
9415181
546164
6438374
12890345
5485156
12986047
7985350
5215656
5913561
15999384
15432240
6110664
1271964
8093402
9534338
16790032
1089510
2430307
11293716
10852215
9223114
5007691
281744
10350771
11006365
5614330
10154185
14314287
14443760
8588954
16707047
2185734
8132222
5723201
17849195
987299
14281827
16124494
6304987
2668353
5842129
9182774
16318721
3050833
16792451
1481227
2363976
17752961
5928453
13212962
15696142
17410024
16892999
475591
3876496
14985344
1112792
17066953
9427619
15682775
13745430
11061531
4722921
12843985
8514396
4319859
11146491
16229609
12017675
8554396
13863356
9077531
13620457
15889106
17275897
4286084
4990120
13846949
18272897
10180460
3112165
16182425
11212221
4001432
5116225
3493226
4650914
9408579
8353890
6594108
7942555
10379277
7064550
17622418
18008483
3079496
10018553
10453636
3988145
13080439
5703678
7003101
10046351
7771629
17793560
409396
14879191
7557442
12807762
6444675
16139147
17774594
16517938
16814838
9787316
1580598
3160354
15054318
3708389
11128183
2321234
6709180
15114539
16014866
5211965
11173166
15802356
12624380
1573715
10245838
12183798
7186980
18201016
5126865
5204451
3553424
17884404
9342048
513694
2731218
9760091
16301301
14203043
11621786
6678759
12481983
460420
10090769
14343911
10059063
7232682
12413750
5263976
11259776
16102170
14089507
14723356
12786053
3423414
17180387
1970489
706095
9461962
16808084
3242008
3589684
1527545
15093439
6773169
17363259
11635077
6738497
14897156
13145855
11436526
16116590
8086593
5484733
5415343
12265042
14539426
18126323
3830449
15343500
5017077
1056863
4475772
6726340
1190023
8941258
12071183
3998650
13663724
15677960
12848896
4867732
1556865
2978973
18422515
17587842
13056898
309766
14144009
13260612
12869736
18534088
16880138
13292771
16827839
1352574
16892563
10282085
4367597
13178505
7175758
13289702
5000215
2936350
10377617
5511718
6590587
11476549
1025516
15205843
15861867
9942710
7529904
799436
13616623
10202259
1542098
15990239
7780209
2011107
11977462
12243046
14061130
17422550
17866808
12111089
16384917
11584055
531196
8883322
6165911
10459188
16699949
5563158
12209770
17369555
5638403
7111264
6402757
16607653
7482975
14717451
15476709
11830687
810227
3707530
4815421
508067
7305770
4016559
14191110
6592898
16235095
2761361
8825789
6874157
17567173
14358047
11330706
2685983
4603207
10923937
15002020
8787567
5516517
8622323
15424625
2973201
18221229
934442
704776
2112120
564172
12032719
9780910
5781866
16544945
18381461
7446457
11311532
7203679
947015
5894257
17990411
17826337
15622394
1200187
15969689
2554367
10095332
11643249
15922205
18223570
10299475
5089608
7455796
1570367
6489099
14602415
14208927
9470135
9572234
4342921
14808936
9210291
8716787
2440556
7392002
15024367
4415910
4735338
18493040
11515197
6623120
412938
3756782
15066411
3402354
11907744
11601007
3691990
9435057
8692433
9135625
13000481
6550566
14499157
7844416
10787472
1515848
2073613
4124997
3266853
7235832
17467650
5173368
4385503
9007250
11690977
9224397
15484403
532379
3757765
17580275
10747987
11342316
1707020
498839
2620631
9834109
6617978
12932710
4422906
2473681
5078968
6397249
14712635
7956518
15605481
12024415
1969235
16623135
18386531
14522144
17699322
6689288
6042456
10832834
4674620
13437197
8410956
5805935
13004945
18493836
10885539
7881904
6126668
17924136
1723849
9284891
5760958
8621484
7959997
8211299
5763593
16492573
15514273
16326143
10267369
3775407
15973739
9535355
17318856
12825340
3254364
9149072
1448655
853548
16517652
18237810
1768573
8046961
17270121
4537028
12658127
379679
7748163
5530187
10205042
2934258
5966124
13543476
11619885
12592687
7562594
4777000
9294808
14172540
5160516
16935385
2528
12998275
7806603
12532330
14982647
3750837
5469079
17965742
14158395
11015966
10753652
5107659
6842418
11156158
11105890
13042742
10288970
58293
14687130
8165317
12121631
13433479
1262948
5400322
8492710
12142674
12583565
4726775
15146328
5820351
17093845
15126730
3279549
7031353
12486962
17370170
15654997
3918633
11419773
2907431
10895265
10276576
17375308
5610462
12783079
3464187
10986159
9521713
1507648
11288875
18409594
18301222
1669308
24723
2957492
16781457
7170968
14492213
11221935
3224951
14930752
16094858
2716127
8478536
13612048
10189540
203062
10977919
10500653
10410615
2624527
5488359
1884339
5837272
8212025
10642690
15328787
14429059
17961013
2225958
2990595
5691682
18541717
6178166
15715898
16224141
12310659
6103487
6626943
899124
14715087
3100781
12606167
5215456
5246243
92326
15415449
647350
3013509
5878362
11063219
13204722
334408
14652424
9161561
2926917
7173512
17916134
14516374
5497381
13756000
15785144
5560558
3863501
11170546
18292348
12752763
15609837
10388340
14240554
854160
6779980
4040682
11529939
12748868
10674307
2693625
12980647
869534
18574420
7645831
10901906
9478207
5894692
10231944
1916986
14670131
15299961
85893
3637266
1604973
2537830
2603459
13443807
12206863
12227971
14773880
4545615
5416889
7055151
7876775
8662873
5022082
17945079
4286936
2597680
10587222
10297022
11108236
1899001
4629717
3604075
8180899
14492791
2638253
14083771
206146
5490466
15907891
18059722
1749899
18284743
9403264
16285984
5410052
5525142
17882337
17738761
17493739
2966864
4039468
10725316
2254463
2906692
2152111
15203617
1814387
17508212
15643732
1557577
18055519
5754938
1354336
1342136
13436501
2673854
16222436
2290954
17874084
4325817
8421654
9008324
10197332
16807625
9577678
11133642
13268665
9985095
16334007
365594
1686158
11506233
10310691
9561773
7700083
11695619
16962744
15563567
6055799
16202824
18011090
14615151
1879447
4954826
16027820
10871721
16988207
13834594
14969381
7984118
16356789
2938548
7669698
14216420
9151365
12038820
3014325
16868621
8989605
5303493
8923366
15730731
15423868
15208073
11957503
1329160
17435834
15711029
13295097
8008956
9531701
8677893
1708693
8593823
5852985
3302248
9857670
10250963
17433525
12828588
3201086
11243954
3067651
4901379
5993153
16763192
13208895
5990192
10255869
13613965
14049994
18551943
11684414
4303370
1977286
2945955
1006291
9738771
8348490
7735125
10657713
12266554
11731122
2604164
2361088
8713818
16358648
15340810
2616364
7904024
4046507
12538977
7425933
12339575
7617296
12181097
15401230
10921468
17686514
17148290
9447620
12773672
6421448
582720
15519057
7890741
2720010
14348418
10122378
9780081
14293167
11286860
2213941
7577311
11425485
13410353
17292124
16281766
1802456
2361345
4456921
14671878
15712759
15936953
2969463
5049507
4868760
9526845
8999611
17443450
9979771
7114130
5134325
17463914
3646885
4847171
14639796
2938917
14695808
3832345
1733820
7951180
11231178
3029497
5679970
18452174
1484254
17322490
243499
17278664
11519260
3370848
5392246
6917259
2793214
2226642
17940246
15576249
10183280
1378325
7540341
13673800
1013786
280989
16442460
496782
17628038
5150692
12178569
13766623
11146136
18052041
6708462
14247779
8663480
18059777
13804510
16075526
18428686
10330352
12466510
602960
9067738
7778806
779124
13988671
13628426
8073114
3213681
7455482
9805601
1654020
16212469
8987810
11766571
15688771
7033267
9437709
8247004
7877174
17652135
15886682
10200208
7935728
1060631
11809640
8775916
13719002
1861501
7410124
10173214
15173193
2714924
8338874
16298768
14226401
6385807
13270089
9769387
14531160
4552297
10927086
12546329
7334863
1238653
15390337
4424637
3376810
5450676
14776502
14590787
7926665
1865521
8465942
5880610
3029240
5862948
15663921
12500804
11772413
4345008
4562964
5356595
4668160
12536592
7859497
15807929
10698315
17807250
1546536
14594706
2206434
5495221
14918343
16433601
16496149
13868404
3413750
18364054
10034042
11979819
9046079
4163364
16652601
825786
16862198
6303976
3308059
4732825
13827807
2319636
624509
17624033
264729
13255214
8917036
5114776
15492480
16241681
9302066
2850269
3237029
14516457
2898872
8509059
18156422
776132
8157185
17323423
938555
4950747
2611047
17284442
9217750
11405192
148450
3584641
13454616
501098
5766406
12652505
15499735
16242869
6793969
10395880
105257
7777185
15511138
14069060
4584108
14629284
17743998
13303570
9773199
13690652
7482415
10154651
7490964
12266265
6010529
17785766
15186230
14825526
11733150
8343185
4587541
9642440
12194020
4066357
6813680
4630458
17161796
11767224
9850733
1362075
4566622
5416813
770382
1290627
10258709
3016320
392711
8952604
15463089
3077612
15613450
148959
1216756
9844152
16506956
9621364
13293872
15189910
12320486
1595153
15339152
6493609
6383296
12128035
9658104
8307912
6897806
9791880
15838216
16425829
9247152
2704228
11599690
9509677
16822726
3083558
15213830
3273053
437447
8817568
1665202
11240626
428678
6110344
13127623
11699374
4130545
9036557
8929033
11292463
15549838
15771348
9702696
3802379
13601020
4359071
9666929
8390444
12158090
4107501
7051651
16951477
14834819
16420750
13224200
11797440
16929726
11618118
3510355
12052337
18491321
1070207
5213777
442515
16108490
15010418
11262038
9188594
13178058
6316798
6126563
16904003
4466974
5504045
17070699
8897422
12264175
2758197
8505823
9647374
6550869
1880850
4120756
5921772
14198544
10585878
12952093
9749381
11307690
5983783
17045201
5833238
2509102
5490745
3695532
2509445
16548457
9349516
282743
8865242
8792379
46533
2909610
1514608
13579045
13172028
16981593
12714334
1853538
2039932
12972505
10309371
5587823
965971
18416250
6748586
18358826
8148621
13196174
5000575
1873344
12122053
2145205
3334269
8338851
10338835
17216719
14870559
3246517
8442643
8831199
13469584
16592441
14295884
3057047
5785750
10255714
11224379
17921541
3333352
6389772
8693487
6437159
18275087
12500463
12182977
4589414
10479252
6352002
2125111
11449874
10721630
17391672
17309878
10714795
5174364
3544070
15442692
16987494
4984281
10469338
2544883
14296846
6772385
6340050
4811724
1781892
10294044
12255271
8736681
6614673
17876576
2273136
15158902
10507470
1327848
12931086
12526699
11674817
15068858
5284940
10910425
13229789
2938580
783818
11775736
6657925
16043819
10413710
4816155
10606817
4162193
748486
3062338
5134521
3401669
18566703
5614776
14825600
7425094
2844453
3442432
14169082
14570810
15060040
3630317
11035926
11007201
17704766
14417260
18457981
7371215
957034
11241244
1937218
331074
10775943
4799457
2628757
14202307
392022
11977417
14989406
10339807
2905836
11264023
1008057
16046423
13666607
14745775
12629257
15152322
18173752
10596620
16920592
4325611
5010458
5129704
14824831
7740630
3702948
15156978
13050115
18249055
14826050
7390724
8661626
6352193
15817487
17400096
2012756
2052990
4220493
11770673
8237690
8301900
3062771
6064525
683365
8059734
4260068
248621
12057423
7967488
8689997
10021614
15536834
16907277
6205722
8900463
8423756
14731484
2320994
17548741
12762086
3458369
9498801
12709753
7404069
13382504
17447836
960953
16418458
10077669
16439108
5793010
12043507
17669290
1878946
14961460
945460
2383738
8852032
7035082
13536105
2500987
7914563
18443889
2167729
10895168
17399725
2259308
8312121
9132038
5946676
2856188
12067766
16928969
13213581
13759654
17090414
5548710
16151574
8175981
392752
12459047
9319988
15658023
5723308
7238633
3142721
6486467
11994778
8016151
13540848
13292806
15650977
18331376
11565197
8995967
10311559
14756168
8513874
16042823
13519079
450158
1624438
2143753
11002122
12899098
10190007
1366445
4935684
11291834
13239831
8019665
5859271
6796282
17174856
8877280
4902981
4136455
9538992
2307824
16188202
7224580
18301561
14467864
17739482
17636022
4216732
17721990
11276631
8353664
2141019
5714434
12793481
11892959
8074879
12227553
14686237
14645557
5706535
18088206
17240508
15669890
10324602
5725862
18253631
17025729
7090166
14215457
17228011
17794107
6798556
3807080
10398069
9962876
3092434
17550553
15958838
1773487
11387601
15303447
15024789
12950571
5589595
10687172
16169152
11519798
14856536
17783711
12022812
15228664
535959
15207626
18139923
5996109
16648437
1408286
12257228
18043751
14970589
11225404
8978885
628771
16092698
6428307
152288
16899076
18462703
113130
7823811
7067950
8431196
3706262
11106708
12301810
13484889
220313
3526223
2925325
11968784
566456
11059411
17707091
2103806
7202755
13168315
345876
6590741
13642736
10454903
5797092
3689466
14830230
12878230
4906340
8380130
12761747
8243587
8073808
16481262
4996137
14592608
17252408
1819209
10583449
8104558
17527068
11433734
1505275
7776473
5945828
17308696
16643059
3380242
7151709
15806973
10723909
1077844
17893275
8944051
18251494
13335507
17492212
17273995
17009662
6614104
17677446
16985160
11480274
12593716
5059993
13801847
8431435
10954495
6896727
1155017
2788917
12597103
12537792
1229849
12298540
15934391
8091149
2379450
18199915
1065998
5783788
10925872
10490787
5105451
17197259
881603
3699851
5834676
5088817
9777579
5457077
10214938
6860039
10810315
1479239
8383697
17416967
4387011
5477355
4121903
10014920
8132005
14013556
5836289
115006
5632899
13887704
5774513
16868736
13374493
12591991
17532295
5959674
218387
18341672
4296858
12498681
10317895
7313395
14921241
7866445
6490513
15960009
9569751
8346806
16084963
11114645
11205009
4372962
4340312
16406205
16468065
4108864
10820396
11666645
4127029
3100402
7577699
18274053
6394292
17775706
18036252
12373387
18060661
6257905
3273388
6907197
9217559
4430004
3939597
11296094
10947691
3797807
4610937
5340587
7899398
6272141
1843000
1083093
2449423
1359309
4908783
2426245
12708947
5854622
3675473
9623200
16722530
9141979
7713136
18142510
8090072
10768032
11229386
10516728
443690
4100585
9598314
18241428
1801290
18223517
7365673
16881073
12789980
6923328
325724
9531772
17519842
338489
10689389
11232400
216543
8514632
17767877
16349877
3852020
5641029
7669466
12932197
1814641
13090585
14247297
14361281
4537147
580507
9393276
16669280
9589516
7525089
4525420
6656784
9653238
1407129
3550041
16333690
14666523
15382648
16236463
1897922
14352648
6372253
16150199
3180309
3061117
16072061
7027610
5335050
15496804
2188949
7292006
6636455
6050196
8892226
18286606
944836
9384457
17286008
6326332
5402818
2497763
3223864
8876344
1499283
4119290
7298865
6775365
11629872
729430
4313279
845460
3857393
14874053
1296439
12398237
3565317
15227284
18454488
11311177
8849585
12262878
7445487
9978372
5773157
6136123
11851512
15021740
18173053
14051615
1418200
7261900
11332241
14025266
4939343
4258395
8598941
4383964
13245008
14861540
11826422
11258737
3345449
16883335
16294831
8102434
2985367
2828355
13973363
8717281
6253947
7766727
15902021
16681423
13114016
16615644
17792359
1997319
17524817
12322864
5073527
11607603
1450442
14993658
14855244
7785634
12889882
8640705
4234724
6350603
2490809
1781713
444426
207112
3040202
16330014
2987492
1254419
1772290
653435
3633242
13847270
10094297
11994428
4041263
14199850
3799635
6223273
16817510
14770728
9747973
16708304
15757784
17827446
16407393
826880
4043858
2776831
6661457
18284238
7398855
3487647
10138800
6923795
13471474
13655433
12730059
6182293
5838358
491954
13064670
15849055
7226382
17752587
17455844
17028954
3837063
5097645
16785999
11271462
1423046
6233759
2452715
2775485
8773637
12065792
12008096
2863851
12760631
6010373
16612091
16800621
4859728
18374546
10076093
6634938
4862503
16665565
8266054
15640954
11976060
6916303
18578149
1909815
10397605
3370600
17468382
12656188
17686435
14482519
16058964
17288961
13033474
10214921
16684158
12955509
6252925
18558414
17291201
18450953
8650629
2030674
15294070
16388206
3368038
14961712
1601244
15093779
4733774
6374683
3931155
379221
8079537
18569589
2592220
16945803
4259303
7984170
13781447
10439877
3873602
5906987
3808889
3553601
10863982
9860762
4274657
14029340
7535340
4826025
7682878
7530950
7145344
14363264
14394874
9742481
4000840
4756741
14927544
4546301
17523914
9155767
6260248
8736879
8882751
2982938
627709
11954961
4535252
7876389
1500880
10660492
1232277
17981088
1080071
14909487
2118859
11597901
13313575
6384543
1391075
15720329
72594
5877102
14164617
12248385
12512282
3794179
9232134
17548607
17926579
9301500
3074462
17375414
15753092
2742101
12364379
3719146
5323562
6339091
11360193
610462
3558762
18259765
11495050
3232754
7804463
8708332
8232147
9648114
4022095
4249081
15967987
11813948
4516206
12811193
15771647
2489841
6475446
14613342
16863305
16910111
1304669
14929704
2655542
5543763
16723857
17899480
11032972
8117652
11478831
13872372
6909327
4540339
6319030
6428581
10539604
11212367
474562
11583025
11141301
17582303
5503651
11906328
16148209
16439776
3606598
8993774
5456114
3278313
14502839
5919183
2799789
6573210
2888848
11431010
4259083
5748957
13518090
3930808
15489887
12270194
9017655
707519
10667170
13636256
16628057
14185242
10425891
7546417
8840844
5756075
2839741
9621303
2046984
6705346
18504529
17100341
12731047
11724327
9994808
18364963
17469804
7198260
11880110
11044365
15866547
17695821
14779970
6314413
9341804
13964165
4967917
6955282
4333993
6476659
10506530
10286782
3664453
1416187
7943161
7482620
3843404
5198248
13069054
9006942
18359238
10912382
5369388
6591285
10837303
17859640
6695737
12659866
2164906
12518896
2925197
13191864
3963485
7454764
14673647
6571880
13202526
14144951
18128012
822758
6972916
10360606
301746
9093402
15427419
11408532
7057258
1965450
4276633
12474469
7483427
12098599
2934666
690990
17023661
13869527
11475292
15246002
17390468
6177470
9315905
9818937
1129301
7197215
15252137
12348900
857908
15167310
4078140
8697483
8283695
10103596
10143037
16205434
16386905
6330130
2991049
12104353
9912370
11926710
3633887
18144752
3716118
14856913
8907496
8325355
2848874
15725283
13976785
8060136
16926307
3423756
4352291
15862685
14097155
16443741
15087489
947970
124650
13601959
9334429
18383476
4820073
12870877
3575668
6796480
16443100
356399
9165561
6168794
2320001
14315396
2524882
1566776
14275597
14024945
9536261
4444580
17697134
15332500
16396244
5497040
4811991
16764579
11050006
14795460
16607468
13387091
9317717
15779197
16214333
12046239
17611259
10930257
10197588
8420613
17342853
7942541
130874
6276220
12453345
175443
13945529
2096289
73807
9774339
9469470
5465053
2958738
10097182
12007965
11830187
10428924
11937992
1882332
12460604
12745362
16539270
16413990
2604021
345715
4376037
11606727
14474564
15785310
17458492
15895070
13471550
12786690
11835407
5462211
3440671
18448326
4905757
2702310
7937327
13837510
6903145
10228800
188905
14998033
2126784
12097171
5234730
12264183
11853446
3596964
13118077
12926177
17408608
7445603
15670227
9687781
14100236
597226
16429560
7611402
14406612
17865678
11342788
2252650
11521934
18573771
1235735
4641099
11102328
6116615
5326958
3244493
701229
1968367
8783784
6450552
7114284
8727306
4379286
2276203
17977364
15653633
17922902
41069
12708717
14690436
11648049
18272190
16395233
1739955
6864106
7199766
16612028
16691188
613761
7475681
1214018
10908674
13476130
626844
8143696
6903010
16033760
15439145
17872897
6848839
2891387
7210999
9208445
3959116
9085742
12009614
17995695
16962240
7850957
17231531
11333022
1445544
8581378
12964740
7172216
6642193
12763962
8780003
8613515
9532342
8600157
18060474
13838587
3412395
5076799
379469
1965573
13246170
12924660
12667315
11166139
6833383
11780417
13288112
4619437
16595741
6060036
209092
18562920
17110932
16913476
3627531
1825963
15379376
5478465
3042938
8009580
488499
3277403
1535746
1273520
7544466
413779
15863793
16889820
13311555
11103803
13737958
787236
13903864
17036814
13659257
4088687
7339415
15749963
403597
2155225
2779684
13419457
14640495
16526194
2844918
720812
2511895
9774148
13558538
11116331
15038147
3182583
13615429
5164600
1674414
13985564
4446395
3688168
2041307
16480245
11221309
12316004
17596635
11420678
13312953
14506038
7124713
2125888
18461776
15545288
10207579
8778876
13769745
10399047
11768541
428541
4975508
6528722
667469
849321
15216388
4576587
7095289
14741125
14251678
1933837
10749451
2220645
15890963
13526454
16995834
1379439
7708870
6452686
11141423
4048294
11028923
15871633
13750247
11945256
11099412
11893124
5036770
3924814
12917950
14858137
6967224
9717570
4839269
10296029
1577732
2300950
6057358
4932716
5897633
17310273
4678452
15798746
5813421
12273884
5349038
3842753
1903683
18170293
15868435
6716949
6178315
7348120
9630524
7719334
11374284
4162677
4622440
5774341
8618241
364137
7166662
633613
11274771
14609328
2072959
12277135
10409055
1622923
12781315
6631283
16697838
15127520
5649452
12735639
10102283
4755602
1572194
6451641
8029751
14909285
11348301
16683362
14000278
666117
17480317
16506174
3700809
4750148
9844163
988094
3938489
5257948
2611167
92270
6107827
12761811
3474436
499360
5367116
11990003
5216873
13407740
6693071
733178
10234211
6703292
16053093
17080308
2156942
14241822
1742393
1815408
6170035
9810321
1876665
15604296
4918117
4457739
17515741
328652
11912737
1928450
2936977
15874050
11120328
9311069
5453127
11947154
4124790
6984456
8728793
10852487
13845518
14978773
3777889
15528375
12719286
12264746
7818984
17051814
10047533
1422876
9302042
1136422
14986489
4759449
8845121
11382960
2324540
4558289
6056662
15265565
6674382
3279735
7761369
15229536
2050015
3589106
16379131
2337539
3994270
16639056
13100275
14605933
5036772
15473043
10847114
5977021
8184947
6954895
16234453
7771735
16702006
7631981
3300479
18554190
7424769
368229
253242
2832961
9699270
11383918
15604364
2738100
5394072
5186975
17597028
567523
15527698
13597643
16024714
13996692
2845593
9629241
4246401
17866476
7375421
17184753
6872065
15842597
1280511
4491970
213225
8923151
736129
14821806
4175470
1606724
5147439
4431629
15561104
7404420
18061597
3838024
13499506
12182192
10750432
10189501
17421062
403425
17225481
1367260
7373498
7569367
10772683
5906079
9175084
10443977
1669423
13592325
2673739
7152840
10092338
9546611
12749913
10218615
1572312
10895585
2662541
594347
1355682
1047001
7509779
801003
9161378
7003027
11083873
14711230
10496485
15692562
7411560
3309704
15220802
14572657
6171035
13049236
5715351
5220143
4711359
12002898
12831643
7137149
15102072
471240
13327743
16186683
615571
14109745
12327511
11536594
7797656
14980697
9350921
16435759
18093503
6095818
3178751
11949477
12708747
4941517
6994548
7940929
18060932
2421440
7635063
8410640
11184732
11623727
9629269
14497615
11912078
15837186
2828834
11679647
2878202
11458323
11668811
16902721
15969941
9996871
9520727
14297653
17821635
16895420
1481523
8092300
18394449
3969313
5636069
6893101
4300717
15357358
7442734
17390249
3321138
14929011
11352474
14490518
15872841
1684349
13621058
2125487
4976243
15900700
9639806
16484649
9707811
5134237
13142530
9176491
5199830
6648472
8745553
1186276
8875480
5948905
10716650
5271026
17472780
16925443
3557691
18421042
14116428
6798320
6989042
12255031
48173
710619
9672869
16782075
18021032
2585201
3622443
14149829
11210182
15293941
14645063
5082940
7062269
4448658
4478729
15549941
17733538
8808127
9893495
5897902
1952882
2995826
654777
13193230
11603470
379352
870308
16259993
18498393
3352277
1802504
3375655
7014532
10577909
4563364
2560754
14634405
12077937
8766978
15084017
3991567
7111094
13630703
2601201
8034151
12659367
1066350
5606877
10135847
7387051
3793244
10798377
251517
7217449
5416373
16981219
16873910
4305726
17858359
4806395
17997581
11906047
10211345
9332099
13645928
16080560
6521989
9399021
1373038
5633389
8907886
5310781
3237601
7409037
3615732
439318
14523725
10085374
12186497
14706538
140940
1161960
7787921
529137
11938020
16830935
6309699
1206769
12952752
15873753
5040279
12291717
4865751
16001617
7470665
9791770
7431174
3492714
1359174
6503933
11825155
3214071
18362992
2043134
13491814
6864437
9246093
4389646
12554444
14714184
8563822
6325342
5292937
17505112
17066415
11098968
1689091
5374825
11152445
17171223
7300540
3448608
8491957
15618627
12694572
4909919
5958059
3609397
17856824
2128478
14448866
14560229
2562986
2378770
8460212
10722691
4980795
9795883
14155566
17687940
1086296
2911931
7619318
8471297
12878989
18236662
5519701
15475810
16057097
13407058
16558276
13583175
15129058
13063687
11206469
12862904
5570420
18385243
9237441
14194489
6242050
2933580
18570956
2212213
4724113
9297888
5342385
14485370
2858901
17313607
6328848
7020236
7619550
18002781
3916716
17912051
16112274
11400399
9673761
4377314
15051900
14884478
1682774
10127955
3286295
3837641
789263
442438
8044049
9456918
3997166
1770383
18408536
3136445
9869962
10538104
18247859
5778154
8930421
8586403
4051871
9969311
16798786
12311279
4835081
12072235
43662
2844632
4213916
2477371
7406852
3228170
11525293
11308466
12547337
4776830
4188926
18255154
4654926
5128517
8878999
9124693
12948513
7967336
16450707
204810
7852952
16627561
909492
2511533
4933752
6895709
1789233
880453
18467571
12526925
4859929
13440516
8599215
12704865
3635251
9896631
17988333
5518937
4313990
742643
18051669
3656976
15209347
4518001
1815117
16908770
4475016
14571774
5547270
5181428
7468134
17564645
13918210
15262659
18439991
16784496
1722900
2563811
2666309
15400399
15246176
6347962
4798260
2951104
12531510
225931
16163700
5255495
15504671
13438554
5645392
11872948
12151264
10052146
16365991
7675427
7339973
7862849
16578485
1575722
4461926
7862742
6808400
11795507
10185792
18270946
14355078
13509873
10421393
13079107
17045190
2438579
17767915
3812858
14731186
5174772
14931235
16752836
10450572
8980112
13768808
3860700
16108411
3843420
12943907
8667599
7792563
8301333
5219175
9365447
12273560
9011660
9004647
8380381
8698631
5863048
14602102
15666896
18565231
15956644
5380348
7968129
7091332
13150763
18016629
14327670
17847415
2092649
5408092
3311345
5168961
9722218
2021093
18129729
6362520
10772684
16964848
10433546
14191166
4522839
790501
69482
2283801
3377784
8838078
17726267
15480136
15675153
9125284
860404
12721849
14712276
3192121
12634565
12202473
13328305
7701475
5528118
13411576
16831945
14849230
10749907
15521355
10990017
13694404
17610357
14128760
1745518
9434324
347165
18538796
3874588
14518162
1936607
13852473
17422222
5196277
2725580
9654568
17250621
3027217
18566412
5808865
2638513
9863116
16762769
4390579
7978388
1160097
9874528
11222211
3509474
17824297
2996764
7921492
4880090
9436050
10468431
12862011
14937404
10612947
9451134
11012439
18252571
9319788
17476546
780029
7071786
14848498
13463960
9923743
3631201
268400
9469640
8365021
18249925
11430140
13406000
16712171
12290424
13944640
1173645
801767
2750834
6264425
1672417
13983685
3622218
15964353
12274430
9824899
2732308
1102634
10857454
1097164
13222887
8428122
7863126
523170
12448051
16295057
10267604
14890940
15295453
16880078
476960
11268972
5662036
9224016
15155077
1571445
11658404
11859001
7040234
14995301
14210578
13679828
6351112
1979354
10587889
17532752
6176396
10233418
15189733
14585880
7302958
17169622
16263370
16260637
5714667
18247997
12030226
13812196
5613774
15358088
8454258
15915583
8521739
7602083
5329384
10131176
2664221
730399
1724083
12722302
1959522
16038982
16708020
18191945
8850472
8367196
8372418
8716539
11529947
7413612
6503900
5805188
7433755
12967764
13431964
1939746
2399001
10232523
11670050
15024493
14876235
1777266
14519441
12164486
12195835
13047564
418035
12067706
11111730
1905866
14119000
4874174
8391017
7427846
7798593
16621831
15750141
4239580
16528020
609008
1851690
15992731
6309693
14890648
11931319
540194
7637894
17190636
1020142
12223897
10017408
17584283
14529602
14862201
8815858
4597747
184688
1577987
13602225
5415714
10455964
10024611
7674792
2930914
12862580
9230342
8108441
13345183
17944413
9766446
7335342
3907468
9041374
13400411
436906
1098566
10092136
16543995
17009378
1134731
14685051
1165591
2849405
12469493
298842
493681
8907134
1890815
3717163
17942106
551786
2620081
1547346
17337585
3919395
4689608
3893650
7350342
5397341
147661
7125666
661248
4474354
11105693
7684198
14654443
2999734
13970341
7783573
2031458
17652499
3081536
17348195
4029018
3380289
17519858
12696201
9283832
5597085
7308321
18025455
16734579
15333995
5374811
16882715
13110847
17289271
2463287
8697983
7260308
7277339
12579195
13155275
3352510
12136672
13895425
12798349
8154955
12508563
18566321
12210391
13334978
3573224
7736864
10595827
8283654
11898635
4740926
11482085
5247261
7503298
13414774
14507041
12620943
16202896
5929965
6360126
15918288
5911236
336824
14491790
5005575
9546506
8123500
5012975
16503871
12017163
12513778
13581464
988871
9244170
9020885
14131347
11836580
14779224
9149058
16627667
9918188
57147
10449277
274626
1847747
14367389
4542813
7274317
133478
14640711
26246
5021140
10780346
17242437
12490047
3404523
8043327
16308617
10942732
13559056
16290714
13866166
14438413
2701342
18077700
17302454
17058732
1473462
7465819
10680232
14386463
10173932
2511144
2563888
9190781
6309516
13365374
15387142
8125790
9319522
5880735
5787150
5658827
17468433
12376457
10336393
8487814
11975297
4655121
964943
5043320
7127672
2871846
7902667
11706536
4920540
1831963
2545105
12744742
12951321
7799371
7472133
9208427
2939851
7170805
5371845
12843705
5405327
18234797
8030715
12213401
9178133
11568721
2064891
6002846
9134438
6561756
11974994
15732997
2944601
5681334
7736925
17455356
18455980
15915870
13302990
11039561
7169968
7594873
2718536
1709069
16360170
11150249
14825587
7258452
18583376
13787345
4460561
8997864
15846871
11821649
6214336
7154176
9067079
14190537
12716705
17261523
13748411
3424490
12408042
13958092
18353792
1909277
9013533
7310189
6988908
15720991
11367774
16535089
4617225
7753179
3103909
6751809
15346334
15304376
3247143
18398130
2015437
10924401
13097418
2371223
2807545
7946178
17820266
18074709
14471477
7844014
17083679
9621202
17845246
8335928
11929373
10442544
5288325
3099686
2903167
14105252
9648229
10179638
14938054
13621100
13501428
18470350
18220677
11323387
6125836
12349734
103390
2080490
7436815
5841589
1924397
8630447
2076684
432486
3169482
6917230
11688870
6343
6814477
12153920
12860481
5992395
6607872
6302107
9231274
18278799
9465265
11905463
3553293
15718598
4949613
11744037
14391837
13228715
16413730
5726735
17672185
5471625
8805263
16817266
15023751
6431033
2774602
1231348
195168
5091093
1401228
15560122
1282420
6724099
1833903
5954049
3363957
10834672
4295578
6568591
9381140
15092379
15216453
15791904
3127664
16787258
14619421
582557
14231575
3664728
11549482
2156582
10756508
4634135
7198989
13994424
3699985
5259622
13978536
6124966
9819653
14391116
15714938
15016892
9298219
116708
2753546
2021673
2996491
15413325
12689558
2248884
9248762
13409316
10245049
2349832
16742431
16645832
5467883
15908766
2003277
18224226
18423961
18349055
10947125
637323
14146101
15113168
1349677
16836771
18050791
4511736
11329373
9070923
16326425
6068451
1512451
3777577
201441
561711
3055474
10881974
13628487
10520398
14245128
1611045
7422401
12169277
14011539
8846900
4470428
5836512
18475548
4297528
9964915
13506857
2691594
18242069
14763854
13700122
1936176
16692442
15962955
3924899
11963798
14377914
13819269
15147054
674226
332342
14183364
11540914
16282138
1759113
13234038
8265247
5495003
18439650
11335013
6297564
1412793
14186646
2835085
6626917
5231225
16681889
14569903
11319222
9382936
16299485
15221502
14920236
1381962
12796675
1162030
179059
12434097
11046211
3493487
12312492
629331
15127155
3781055
10959720
7403613
15744819
10424064
14216441
4991387
28140
14682561
1357396
9890307
1380496
14106158
10282023
2946124
7200946
14505907
986955
14823647
9982132
16528327
13287797
4139389
12527147
7209708
7928003
243543
14061842
8060605
10130843
8094104
4442151
81832
7809777
7123291
10732993
11672066
17742908
15961593
13205047
17257668
15313837
2884944
4016373
11614277
7872280
15813847
8361284
18051406
4370390
3028612
10329532
5853915
18530249
1626468
5063127
2484693
2918617
15590535
3493234
14015982
4740236
931427
12155435
13104719
549348
1984848
2441651
17948147
3921552
11964197
15020821
11949584
1758895
9492550
1603452
10358062
9265830
5704914
15198735
6655687
12969021
10251235
17638988
5578278
5579415
13218906
185169
12101951
14563249
3434669
13587826
6474554
6879779
11254459
7534385
7554847
4562982
6731698
6715045
9336601
308709
2763866
17251960
4204436
10992305
740758
1734767
13402519
14397881
4914607
16535522
18091297
16617803
12452400
4448546
1082650
2904744
1856011
14064878
16404522
17470958
2600279
14480006
7385339
2999036
8457668
12498825
11147658
15868965
6686480
8238347
2369841
1436163
6341911
4494185
15668202
7275170
2493400
7364448
5055334
7705753
16565890
1714531
8818487
18264879
9178220
5823237
9506104
269110
8954934
1509737
6984300
13987881
10889002
10441070
820859
16636621
2857300
10910164
6813920
18413936
7116887
13076939
4311570
2204782
14325365
9998380
10128404
8267812
557558
9796001
8334566
13103866
17352203
3586882
17072864
18019340
5215247
9895404
14918927
4243154
3189346
4551611
18568331
15191221
15243690
3492476
16159791
17803434
11076318
10171790
15049418
8931831
2657343
1963632
2553294
14735584
8471336
14136432
16261278
8627089
5719155
128455
932883
5921140
14338137
11576096
15729618
2492828
630201
5085002
497620
14963663
7754799
9735110
17723913
12429051
10045484
10104372
2910667
7871929
2384816
15265913
4564717
4428534
14445397
5748525
8683115
5763944
641802
12549564
16962088
3864041
3542699
588478
522191
15623962
1269478
14083155
4790036
16335297
5907600
9085678
11339419
2872474
1070745
12259653
11617368
15904842
7137070
18408623
6156692
2010843
14595688
2909748
16291380
458220
552629
13508396
4006213
11170605
13839248
13653289
11951403
5984002
15746282
11021031
8606423
17063961
8097419
2318215
4955858
13113280
4205416
7299091
13348059
14787426
6026385
11767830
1669040
6394319
4541053
281521
7029335
1716993
4233790
9201657
4933021
10917619
11588216
7583921
1862280
5155051
12238233
7445104
7418542
737447
8852748
15840952
13848192
12459159
10362466
14277884
9439809
12117136
14549720
15501870
7207589
9125734
1677569
1357716
8724883
8433890
10985811
6423305
13645271
906252
13381366
9078856
13330842
9874516
5609355
13036078
9924283
14329094
10947919
6632218
18493357
342918
8121870
14963094
3830997
15302162
8122864
8939931
9399989
3205661
17044644
14320722
4334387
10354835
12983411
3427482
17409792
17037054
8151433
17232576
15871346
32452
8742577
3543941
16851917
8878282
1357131
7248400
12211718
11929863
3385379
2994102
2801463
14810936
4570265
9612228
6105375
7720147
9558242
14402534
16445713
11649394
7788034
17873352
18431997
4358090
3617740
5264624
9278044
3312324
12741063
4145410
10862832
13706684
7685710
9735673
13677915
3512475
6874618
17789049
15241304
4880511
1843857
4711550
7633356
1960273
10208413
13874764
2784846
4572414
8792606
12433549
12700314
13358977
15185084
9426903
1775563
3635438
8997679
1541539
9012941
2669560
1614977
3437451
12167369
4271503
13787069
9123253
4465289
8931010
4667527
14264611
12645819
16582769
9320008
6014268
5280217
6991205
2131609
3786052
7628651
8606636
11022596
18353625
129449
7195130
13240246
2800710
2032193
15795174
2458480
7841845
172517
10752940
13959420
17170349
4681294
5633958
10807245
7839203
5138991
15711652
6245864
2152408
505026
14534518
6184921
1509713
9691895
17580663
16844033
13698385
18582739
2816724
15553427
10364176
470550
10507784
12825957
6655394
17380119
12521548
15526473
17281471
18371450
14654971
17664563
13065962
9754833
8792514
4135490
15041938
4457335
10613134
5245070
10208267
1345915
4687671
15380032
10074084
9246267
12920405
2234365
5661986
10292005
9375371
6746916
13314721
10997565
15751847
10417565
14672732
14983657
17365145
12736303
15566931
14025053
8119781
7231087
2138241
11401748
2841814
14637631
4944577
17792360
12084753
13623084
173194
15140474
6161180
3980924
14841226
2005071
1311277
10804162
16357384
6055965
1956571
8295474
9850233
2306077
16788869
2707490
7454447
12845833
4122637
17934877
13460814
16932304
5299601
13190067
11293194
5501833
12723405
9605858
4770769
15016475
16215404
1133056
9253387
8062263
5731736
3868257
9929146
16194880
13830658
17350428
15262027
16575340
5787464
5387145
3259410
9041883
3900998
18373066
2055043
10719865
1954189
10568417
11649765
574050
9301132
13040140
4395948
12753047
10642819
15883681
12317618
17156732
16078291
11810762
14747668
16778551
12541808
12534117
14905170
14544709
6888274
12832794
5997000
3061356
14748029
14076196
7989455
8617269
181986
11736372
12470642
12421844
6145805
8244437
6104783
2347095
10122731
1674087
7086800
13731587
6514399
10059541
6132259
8981699
18359760
1801476
2974884
18391463
2161148
4874324
199050
4336569
1896293
12009771
15486294
1052940
2896824
11081963
10077614
13299831
15504779
6831998
9968324
17094134
287693
15692297
15571878
6197482
12145012
12403041
7826488
3341540
11948123
12800442
5621263
222062
8496240
16251349
6951355
897239
929210
1282090
2840762
13171606
7438723
8197778
13793172
12181368
2309025
6694983
7212544
3547268
1314590
3300026
8138127
16289394
7663481
6974639
14268598
3938406
5646803
1738353
17195489
5949720
5818327
12646806
9473000
16829818
8085428
1950555
7348318
3689812
6483803
16268748
1421965
9269296
4831277
13367586
10557335
10125580
11316583
17693714
9690047
7469283
1702932
9549381
5788143
1667885
6713798
17410715
12210602
14894903
6167193
6483867
9490086
4307306
17313678
9816825
1122450
12151607
42057
15755384
799479
12821067
8250002
18370013
14448783
15480188
5732899
12038970
14580806
11570870
12942904
1475198
15754182
4199162
1332647
17833482
9344389
17671570
3558082
2575977
3310527
18177886
6891210
14500246
316840
1017191
10626368
5089125
12489633
478199
7748766
1793997
16269961
5947142
2750634
17499562
17019282
7724728
12113595
6235030
1926801
3841592
12803550
4291000
8741189
13570928
18143640
13050578
2832539
4717864
14413044
4120378
6641134
11767647
11846595
5398222
14539137
9531697
10521743
7174387
2216573
16378388
5857001
13837747
18519109
16384648
6207238
5006831
11460656
7404723
12383717
8302829
10975036
3912853
3713044
13825436
10695706
11875381
14322152
11589726
16235478
2574858
14700785
8438875
2661318
5116644
1949705
3105536
9054803
15116545
564330
6165585
1468104
8738764
16463036
11904836
7143709
3912988
5786239
8029207
17422367
8029213
14928717
1668088
8738969
11808817
4113534
3538015
11723653
12374552
6125101
15647503
3766599
293712
14597863
2818233
9704887
618526
13368755
1923502
7004183
16203838
1553388
14482606
10747488
644623
12165924
13596557
7104124
13711952
1416160
6754959
9294914
2709550
6721978
8234846
17173824
11663203
9305916
556219
18313131
9922148
17661751
8488577
2437005
5457293
7622692
17169812
16932908
7579645
15776573
12373515
16520925
7565996
15835928
9513855
11042437
17573880
12941505
18543823
685519
4079993
6449769
2896702
17539289
4401221
14217131
4184541
11610949
2156984
15891762
14144016
3707876
11429251
1044371
258720
4917783
6576423
2348600
3638013
12649261
34196
1098308
2401959
15608503
7604219
12190862
18214746
17862148
15405287
16268333
7976485
1010469
13231764
10821404
14771752
3382935
14340779
15815516
9876335
5250169
14323153
3132879
10130230
12426828
13494221
8134387
10758168
15329032
16552009
17178507
6150824
18346947
12514129
6005841
7678102
16636206
11390523
8530096
9000192
4421193
13357994
2550284
15928185
11364947
5374569
15403040
1819414
8770627
6322452
4845672
17758780
17212015
3392589
15153922
3640079
3698698
14326495
15442359
12486566
8070241
2566899
2445212
16981463
13334158
14855892
17731871
5690366
13506792
952774
8299570
15429893
1319896
14481792
9635392
811412
3585695
2603455
12351382
6625693
18256436
17108605
1780774
13133896
8156415
12599198
4374554
10421081
10753778
10187985
6482795
8940496
2848828
14044235
18006628
7102639
11863730
2438146
13737172
14229278
13533597
6772714
2779379
3256393
1029651
3176435
1912339
9678926
12164521
17630087
6068356
8700493
14517275
15556204
11662843
17277512
425887
2040229
821020
6258201
14922555
18334487
13210382
12028986
10807200
17086322
13941559
9116788
2352625
16654416
10792117
17158845
11745895
3636449
6672331
9475987
804349
2380397
5998991
18007390
4985204
4778720
18196194
7104284
15883072
11581245
11543897
10803278
9694949
16418193
3592750
17206820
6237821
7887227
17323474
419575
9973034
13184592
10681235
14452629
6533831
3893071
4257678
2609783
9755140
337093
8074106
16917544
12836688
6729848
8972778
9310881
6246188
16077717
12690267
16412425
2779134
15563715
14970516
12631468
15766258
18072745
10092677
3209867
17587256
5048219
17876792
9501615
2074126
5191979
13294328
17385218
3902221
8876779
1962542
4541027
10378897
14948849
10446805
3798870
2682400
14518181
18133887
15050292
10728047
17750438
13907150
4035900
6231417
9497225
3724048
445528
3192138
4276490
15262631
335524
11802566
9611019
6297028
15372800
10746845
10552487
8669749
15144010
11314682
2959976
670956
9928221
13586382
8321917
17033535
4898019
8588356
2635207
2451390
14441688
1318451
3069099
14832460
8496247
15837464
15052174
8455615
838056
18360131
15137826
18023520
5363058
7403347
16440037
13974724
15259964
16080280
10571841
16798044
782914
4644478
17159808
10430221
17339386
15822351
11906787
4956377
2792777
16598854
7411778
7337867
3344083
17862680
6170528
5298216
1129884
1452592
16289402
10669426
13429223
6012597
14473319
15987485
18044119
1422178
10540017
13327484
1828634
5446883
8525123
5848708
13004483
10619187
11057920
322568
15228951
9983668
15127332
15268296
15426088
2300978
8219577
12509586
2298744
12076356
7501202
9548022
5162337
10501897
8389387
3351354
4985054
9284328
9082213
1119533
13298379
10578475
16346357
1455863
2824843
1941680
5586169
14388132
16407303
14910740
13574564
804621
7566572
6048432
14717658
3507599
10509470
11911996
5214651
18353562
16989299
15277327
4674547
2359029
15454331
18029469
742037
2545442
17980900
14928916
3005071
9661090
7692594
16666620
16350543
12383435
4607838
15997720
13988367
14280015
5633701
8836094
15058559
2868137
13336429
17846860
9411745
13279247
10539635
15485205
14214495
10176418
4391959
13243236
18371119
12896842
14597524
17886180
7026035
7171239
11826778
16706129
656515
8063419
1723791
17519580
275309
5491009
17087683
4497652
4957214
4167426
8305539
14512062
3532662
15690971
6640000
7017610
4054980
18223492
6867755
12967114
1046784
14803971
18243058
5187190
5400987
14124725
16588567
6604172
12043625
16376590
8409364
5135366
4510246
10748736
10569421
3565295
1302949
15412408
13676550
4049778
17407220
7629502
6050353
4082733
15257448
4558959
5175430
5718798
2747998
18073395
14633089
16783537
2394437
11879212
308117
8771294
4580963
8931801
13357669
17788766
11858497
15263741
3132654
4534578
14420909
6746647
17966718
920338
13653591
15918802
16923889
794636
3070366
15219745
2189447
17840969
9523214
6535081
11981840
270478
11130458
10294894
9162303
13506020
7084501
14373396
5761801
15899867
11789827
10209421
12187266
4275517
7190169
7046137
1837849
4837571
6021865
13202515
16440562
10498461
16701296
9024893
15983785
9910593
1703914
112281
7486984
2712097
3212976
12371908
9722783
10747640
3551397
12238804
16815336
18277585
276745
18469836
3062706
7970218
8529552
5501424
274513
2024514
11098381
17000304
4588626
7322628
15604268
375460
6523332
5652865
11545333
2677178
14132587
13152201
10493082
66341
2745132
9249699
13986669
2845925
2964182
2872581
14506479
12775749
8829071
10442249
1133319
17121000
10748652
4044014
9960598
9914324
7982507
10367489
14820094
13989518
7564796
6823165
13517229
15579580
6722398
4223342
1152396
4232241
5534774
10352519
12906190
1852590
14421217
6178694
6814403
8126156
509847
10030664
13955057
12403061
8460923
12597353
8340862
15463566
7327855
13084475
11800127
5078504
13391976
11485863
17529394
7116144
11632429
8876151
10358024
6899279
8338989
15545716
14012717
6311949
18573208
1536558
8876303
2030588
9396096
2474601
297727
15787590
7341334
8364865
6044955
6616857
726022
15940820
17551859
4203891
7519932
17920992
4330028
9569454
8770669
2270285
7277025
10379867
2969246
13264323
10436535
2755839
8185464
6537185
349664
4524402
14774236
11732937
11429983
13540676
8526175
3807274
2838813
8720062
550776
13189048
266775
1088091
8766027
18241685
8791377
75075
5395816
304843
11628691
12473436
7106890
15648146
10169910
13980291
17555770
10296672
359203
13609810
8317363
16991943
11598901
13104770
3019103
7896742
498964
5262869
6539744
15165540
5064941
15901997
4335729
9225426
17800694
18563620
8580830
15236149
14174800
11522188
3979720
2649952
9029239
358161
2640512
997788
15764882
14398194
15597904
8558717
12396714
7420841
12666518
9405095
6998528
17468516
9347287
17650092
7587501
7459754
9717940
4068005
4694641
16951809
8536880
18053785
10790086
4121783
8592896
9419671
13483428
15517155
2030189
9818002
10644579
6681210
1024784
13870332
14914607
9645396
16611574
7709971
14127873
5509397
5299845
2552355
16289075
16903485
13179494
17490237
6360611
4526760
714113
10060161
13116601
7801970
5337872
17272312
10929551
666549
7725436
6141756
13127607
2604020
6006004
12920731
17042184
3150029
4150827
12137156
14800211
2284513
17690219
12477464
3567462
17675881
10922169
6538521
5958978
15807173
494335
882007
8634996
7976343
1423333
16328101
16566090
5831552
4904982
10041445
1592559
2078859
4961063
3104346
15838441
9546110
8832551
10110122
12207586
271363
10184572
6904793
2077530
5734785
11432353
12670729
15622072
8630037
9832616
15170222
1591223
1927115
4835747
9404402
18138847
9099387
5546421
10881138
8654501
6953849
5266423
17796342
8457515
4801190
17521722
2087187
17304742
10790493
15570175
16531209
15446821
2449779
5371358
7176114
2461443
10884434
6854113
15179859
16081297
16157638
2502153
12129148
17874709
7302829
14110020
14899555
9572446
9077353
2187618
86137
13487859
12366701
3822815
4935980
5393010
6522666
7503694
3283689
14319397
18267827
8820255
6958371
154979
11478924
8402567
7773593
15747817
17407523
6911934
1443764
7667888
10082111
9477999
6479757
9747473
15537419
12822657
1560923
8140556
7737230
17393920
11531193
5563922
16052310
610994
10500523
54700
10933399
16976628
9214242
11359176
14314022
4817957
9355868
3228478
13900492
16015525
2745564
11598340
1741325
3179517
13566716
14687968
16746842
17626995
4456103
1954376
15314125
678011
6453411
8106646
8212483
2779116
12615125
9826875
7955866
7827269
10745789
14603783
10804617
11712698
12080585
7881635
3798015
4807532
11579370
17498226
10115493
5993963
546955
9458303
17166671
11717343
2432704
17657
6902698
11224106
10174753
11597487
6927087
11868375
3594615
15240212
4192210
9703562
10554895
9219092
15735036
3054281
15602329
2281764
10584303
11798235
11674877
16814986
18248801
11937089
3748511
12592059
2566700
8843767
1895967
18354086
7673583
8216782
1611797
10600031
7425237
12073935
3517244
688892
7566492
10698049
12865247
8212644
17685300
3245121
315950
18571704
7740448
1916672
11179113
8734186
821273
11181604
3011791
1749328
920325
12903460
14426024
5584489
809455
12264771
12970934
12571010
12969719
11677341
14622763
11174156
2672371
8964755
6593635
2511046
1718296
2172403
15747871
10989833
18487006
8049813
6796800
2214371
4678782
16293430
2487415
1221920
14222707
6815571
12408987
16845090
17978517
9732766
13203962
6695557
10384335
383485
2504017
13809290
15271154
5903572
3407603
16215827
8142450
17848060
9816423
17232690
15535611
5398574
5367178
17813733
16596060
15837369
1425843
9904105
9986605
17008552
8234629
16692259
15762855
15608011
1221755
596739
10489742
15235666
17588605
14362101
6968038
6043587
13522746
896688
14504411
17024111
620398
2355439
10200989
4808372
10958644
16032616
15840362
2886043
5576745
16668813
1395794
3650841
14318990
10952695
4209787
17541017
11454746
10078766
8845665
13177212
1969066
7241810
5749231
18330658
5558431
6197802
17296852
15602996
17926314
17541227
2016152
12168848
13080091
2279600
4199134
5258336
11097956
16018989
4760794
15955211
8180280
1512106
213836
10997000
3848647
13594077
8394626
7023802
12120955
2721617
16212333
14254288
7840062
10834623
10696727
15651402
8984428
10045049
839006
4505744
11896957
4191999
5161884
8173999
16798814
12410930
14738000
11842736
11343129
9417037
5537978
7097874
17317806
9858670
661073
15487941
1095657
740787
12378932
17162404
8625012
1744763
9511559
2494071
15371
5764722
13068848
13581582
9096813
14652531
13717353
1197710
11124542
4925106
9409764
2663699
16532848
9027025
4881087
10169944
7595391
1543646
6254665
3873997
997038
8018713
1779631
5566409
3546535
1637305
6231699
6278843
13146380
10290993
11585931
11743106
10530551
10873811
9810465
4705175
15432123
16758503
8879045
11965558
11332757
12610075
9899136
8476388
17250689
15318644
15674447
16149497
3828934
2576441
4724679
16278495
2724698
11755589
13103916
11668730
12173967
13063547
17935801
6257569
6274231
15907625
3458756
4575096
1136631
14039493
13530397
8370738
3585006
6669815
17165538
11166088
13661678
8452253
18582376
1293880
18137181
16708358
10878054
437451
5086055
14016722
319644
3676267
1246588
10068098
11863500
6677262
3839108
5961538
13878191
18144109
8506201
10193782
14797013
2387291
13097270
17249908
15116374
14485550
10978538
6962814
7831114
17363022
14525456
3632026
7191610
15588582
9482919
14422686
12312802
8327412
4631292
12839225
3627188
14640973
3000268
9829829
17815899
9163659
2082069
17570757
13046543
10437695
886378
4420995
3768286
17246817
6810767
1003377
16259457
11449031
1184080
9321319
13784622
12069028
12162633
13702452
11409883
2353265
17439180
4454294
15054613
8019816
14024447
3944215
6375393
14470320
7607684
5075949
10954938
12791815
11561995
8405695
17366350
10363042
897940
3639175
15711034
4196233
2828196
6765151
13622701
5259247
7655997
2171986
6140231
16639341
1791773
1392692
5576622
349009
8708761
4285459
9871376
7233260
10458242
17111514
6102085
5090623
5984779
13521035
7718558
2374733
15655325
8834056
13532662
5844772
2244614
13695458
1467214
12079506
9869455
18001268
2122111
9054848
16804046
6787176
18464375
14197049
14158355
2677169
7875096
4538329
6379593
7653324
330847
5572247
13605842
17886439
12716568
1258844
6360901
232668
18310389
7538573
14132140
4803441
16763147
7376122
8605489
2324467
9168269
11108433
10314753
4279104
11427585
5027503
14755096
5754739
7002658
286121
8067514
6767866
14661921
4187968
10876399
14522636
9503639
9100074
2614833
10985874
9408845
2549134
4292995
10741361
300167
663646
16052754
7337847
12020746
7506187
666669
17317293
10927832
1020908
9422368
16701824
17326586
17131920
6667939
8509319
2891540
12677515
6323671
3699446
18537290
6674678
11986822
15813142
9082788
7851327
9930739
7735700
532204
3489790
15815833
697314
5847605
1799253
5838002
16499138
1536066
4936586
18549387
17642344
2693279
11262688
18303270
15815471
12740164
829697
16758993
16233298
14204951
15392060
5072489
195353
4115222
6758900
18176396
12515431
8185617
9666916
6196555
5951713
4205390
3721074
13747959
4732001
2148298
14769627
6953806
7053018
10858498
9811920
3505300
1078186
7551484
17631026
8046087
13716790
12238146
217175
10120795
1022654
10407605
1742130
2248702
2869181
16664984
15790099
14838648
9419240
18149230
14202754
17889085
13301206
17717894
3911875
1915290
17689134
11439339
14125822
10778180
10227460
6734591
5404526
15431941
5569598
13676882
6124284
15137735
684045
5660174
13548948
14086043
4738382
8544576
13609701
5685476
16083753
12872923
17859968
9128019
1211857
18103152
12495707
13629631
14888325
4078212
9353423
6997045
13174930
16540912
535236
16076962
18148030
7448421
2112353
6641741
2707444
430026
18202973
17729194
9111340
8335554
7173745
11439574
4476278
16067035
13268438
10422200
5453231
16017861
3907631
9350960
18345938
15642020
2211293
5224915
11592773
1445163
11814413
11639156
14389018
9455175
16402248
2961828
16169118
15567252
446195
880596
17634193
10849626
10845799
495783
18136199
15912948
199247
14278616
18024411
13305349
15329054
9497846
17138963
11128936
16561865
5089657
14532175
14010339
2092399
10630080
2384279
1328105
12791656
13698153
13227951
16355335
3563642
1075208
9917094
1909068
17284322
8908298
8903201
4251860
6780663
17174249
5426863
11462944
11981464
173637
2821358
6359648
9528472
3239839
12574114
4591765
12857653
10317719
401082
6549311
10322533
1505895
2889074
525771
6979123
2045300
990031
861089
6953706
7154700
8152224
11798611
2938152
2292539
16330556
9421518
16817371
8889204
10784533
17035189
4357673
1405020
17186335
2271392
15239384
250826
9901428
648079
7864541
8491127
1507881
380295
4384070
3662215
13424513
5597270
740425
10151152
8057044
14825627
12596137
15402749
2877804
946672
2103860
9174910
9084924
10687804
12208405
13764945
7333009
6302953
14418272
14887332
10660360
3786566
12568703
17883641
593194
12176388
13393493
10055232
13156674
10846414
3444954
1243666
9538002
17468747
11816640
13262629
10220924
2706100
13393528
9811670
5068049
16403491
12880642
5089317
5761788
16642196
12937378
3900387
16492285
11357845
13743616
8652618
10777282
6778449
11108383
16374358
3069955
12759145
14268736
4100381
1695927
773368
15786242
15321522
1517233
7673541
16731247
3403830
11850990
13763313
17142845
12879549
13486801
4759637
16820716
14893717
8333955
7052326
14656768
7306518
16153334
7503088
12844204
3442004
1978371
16054491
1924743
8102246
4420158
15187633
4700993
15938562
14423677
5614834
15719358
9039116
12260503
17656486
10010150
6539690
7272174
7659896
18470069
16585013
6967967
13258073
6422538
2917916
16656048
1536831
7578302
383069
15758422
1673760
8571282
14427383
11927959
2095629
2301861
16858873
15474016
8687452
12183683
10269756
8294922
18159718
13992881
7203067
2930989
9818330
14089310
3125437
2655636
6618370
4972173
530994
6462807
6996679
4595063
13503587
8486975
12405756
2763307
17942385
10470221
12250152
18581869
1596649
5891289
15462937
1420752
9059797
12389539
16265909
17057154
5926566
14635746
7481738
16620121
3125294
17958766
5869509
6070922
6484485
10144538
3868157
4143290
6593300
3184354
11593044
9075743
7722777
7957104
15375594
1142200
4357454
4843032
2171984
8101064
576742
17275485
4784149
6932714
1152992
441393
12170160
12691508
8166687
17712343
10369402
2505586
13121492
10236807
8245796
12817831
10493331
18093504
17917387
4035210
6190543
17857442
15559283
4025288
8502492
616672
16521361
13994584
6359235
12490569
1298402
13123363
10353074
8551462
1216223
16443405
17032793
11182786
13934015
10876070
5349051
11936639
11687273
17216693
10621181
5291979
4404402
8245620
6062911
7475167
11782848
18089456
2934177
15363853
6934128
3615053
7469993
6836724
16806618
9883470
15990662
16252488
4634996
11245967
12919556
12410310
913529
8463605
7008939
2302707
15537350
2957511
10913257
14958317
5609340
3943474
4444410
15467460
11255235
5680990
3116514
6897919
3660799
10457961
4326767
11321778
16712770
6932514
17083249
9194172
5622515
1538788
11410530
3426755
4143980
14992946
5551159
2695228
10317603
14078350
6714239
833625
11768096
11701415
15405699
2660874
17288141
7317635
14045363
10178068
12841583
14261097
2813976
10287679
3659887
8439437
6264457
3305534
10444008
15413706
3519084
18212590
10158160
10348632
3843243
7094876
9810858
13697160
5347834
6211580
1922203
9084082
1671644
12291305
3571768
6788967
15330499
7832005
18312602
13382196
15528721
6153051
11015968
1316455
15568413
10747638
9862731
1472620
12329491
13353021
10195145
13321008
8350886
6939653
10323462
15083899
353714
14945465
1883973
14561048
13500927
4252554
18401370
2117787
5238644
2990248
359781
3873492
6713540
12467771
1391127
13330010
6778515
15319752
6853100
11619560
9858322
9785527
7561618
5531502
11402079
11793575
8745376
8502187
10065755
3405504
15853974
5328973
7319859
2957546
11150609
14498089
17264937
10859817
9530329
11078653
2532552
5762382
4121348
10377641
6375902
16311077
8154158
7620120
2078922
8631149
16424194
695026
1096796
15967260
3023573
9918278
13563486
16108637
11374065
14515631
6164575
1393303
14277954
9978543
18486382
13083984
18538189
13350668
5444708
3808698
9899986
4151037
1375552
7918329
5347163
12542688
16150975
12933437
17820418
10690418
8809645
5373068
17296032
17877027
8167070
17021175
8426049
6277993
18252946
18391392
10466454
18419949
8130502
13979025
17688772
7404596
5734882
7308217
13686266
452401
13714447
4884658
16805573
18114519
1101174
3689947
9260393
8020816
16714020
9984883
8577553
9312304
4912180
8065208
1692554
15238819
8340826
9653212
2216652
12446689
2197168
12874995
5020578
5902016
4902170
2814328
8538670
14023944
7308048
3853917
2961243
14361937
10058522
1653356
5328551
9484333
17480882
18488450
10947832
7993773
8579662
9308109
3708301
5848826
9077853
2866082
15324107
3841096
1853707
4619323
17578670
10526827
4942428
15832440
11542571
2299184
10287078
11046522
18078179
1265695
7058815
4023390
516352
8462937
6316863
15640908
16772457
9494997
14788354
4362142
12101611
2018053
3387376
7451126
17591482
8136462
1730689
11130192
247010
5413578
15844026
16988725
4987156
10141665
198563
17059992
14955448
10310523
11000694
11645082
7907198
1139588
14920648
13266296
11062624
4999863
12267720
5346616
14421909
15899896
17573013
13558805
9855617
17233322
9299167
9112449
3126263
7607841
4095828
2287094
18466681
3748778
15028254
2440873
621317
10640092
5236463
16133396
16116400
14999218
13301724
13034852
17482372
7716341
10529484
4709480
1167100
4193714
6507849
13004652
8736954
4276994
6428440
18029014
9159377
7965595
9354885
1522346
9825359
15071576
12111329
7626795
893255
8266295
7910646
12154967
160829
5859831
5643522
1411347
11921125
10172164
13441200
5133738
2815363
9552077
7991403
14660470
1017702
10536071
14010207
2762480
3672140
3485132
16604874
6105624
6359992
15761150
15636725
1802802
11211770
6541229
12814608
9359089
1447275
948966
1368505
6243003
9975126
6160238
4035576
16363966
10770905
16248630
5414748
9999571
620778
8628203
5791511
4147750
2149385
8622120
9756084
2093762
4343435
4471593
8691571
3906645
8441885
12412557
6984874
11677019
3783249
4975830
2990560
1157308
152839
22673
15569343
275454
7005320
5327606
10789276
744379
13480429
13432092
17817136
11328450
1465504
18258431
9408416
7258726
5233874
2507742
12650324
6450114
7665909
10471493
14166311
17126424
12081508
2673137
16408349
4870573
2363509
11398444
6351478
1617085
5978391
9991319
14499620
16176549
10811639
17748845
8726454
12613712
2319103
17812428
10409585
8387894
10952516
14244315
13993198
9409978
10792255
992170
4523630
8564348
16996169
12643990
3063839
255168
5443489
12081366
18270950
7607364
17942036
15601698
1132286
3794795
15000404
2925436
1651540
17567691
14034938
12697197
12773869
17914707
15825755
12006617
7736472
13910651
2447420
5333782
2255022
6575320
5977259
8823145
8808370
10278368
9304091
15580781
14375294
2797187
12353584
15378967
17561228
14912306
5011761
606696
13733061
5041894
13013278
14095563
4231611
3504157
15046403
6460938
10140464
10918853
12014728
18494046
3543056
15166941
1651780
8715738
14279723
8621783
10791507
17296063
16390002
8751870
8732689
6934978
8305196
5707421
11406318
178815
11026375
12324137
2087966
13386379
11811775
4786748
16534432
2267082
4644269
5971563
3743442
3329069
16404703
17759940
7636796
11094915
153361
3581718
14926554
17544293
6953668
17430282
11541503
6197361
1951433
9640376
14594698
7083559
11152223
10649694
1743382
15860634
5173569
10147459
2433198
1147717
16925086
4300902
5502283
3352031
11536140
10159765
3536333
6435191
383938
13353295
13044581
4948481
8458828
12552121
16321501
16139119
10750449
2174381
3211560
10995798
943729
2713167
10791420
78967
11320414
15809400
1908789
10253861
2381848
12996694
10042108
10241035
3709686
3178557
15676859
11187850
7125215
3494841
11242110
6244213
3265235
8392238
18171860
12098013
7175339
18053759
13525577
6319954
12725281
7634944
11566126
12418629
15270258
6708227
8272758
18208901
9410018
14626037
366116
10562400
8721159
9512509
4072239
4832864
10333494
12270294
9921009
3211284
2488370
5125185
12518806
18131132
263028
6745762
1107657
6671846
12767988
6785825
9734521
10900125
4030305
2247535
8276340
4146466
4456361
101608
10211442
7275298
3753646
6622384
9450601
5427044
14271990
16265192
2528465
1095141
4440515
8935245
17176232
4020065
13483421
6102924
15976484
9257517
3444372
2859323
7327212
5634280
12820253
7860027
18584515
9097372
1900069
16983382
12561450
17255720
17948653
5590329
14833505
11007239
4213828
1036457
16825006
7512838
9275579
5464461
18230597
1598452
5067555
1461350
11540408
10682672
11341628
17255696
14237754
9514078
7956563
11816550
3591307
13672283
703966
4485171
638307
5895220
14781679
14909098
1660489
12525906
254802
6107326
6995505
5645152
39550
17330125
13014188
14906267
1130388
3082608
5043808
7522548
866764
9842647
14911956
11871116
3393814
7252737
5385025
1235487
15764644
15413699
8194218
9263016
12611268
392306
17972569
6810481
13698237
10139075
9503835
17723085
2460806
14915507
8549743
13378533
3369784
3338889
21961
8915379
13438079
14369482
13989266
13118462
866832
7738329
12825004
12724123
5113208
14857862
3891953
13167667
5364136
9546109
7561278
6958580
1742018
13610330
1907560
7723011
14967711
5059819
7824276
6339220
10707680
6047006
13575431
9467936
4003852
10614028
16929316
779099
6130606
15957941
8408461
16615836
16046111
4064683
8077336
9552218
954428
18482799
12506781
16320062
7925540
15423764
12839680
4989811
17246700
14794156
6294189
12984321
10964945
337981
8214580
8528869
10298608
15244149
9045885
6447689
14744259
17339463
14881116
5699696
16498788
14778391
11055841
4028341
17049980
7623544
2163779
8890733
8691038
17032419
1820037
11392508
14732925
14573401
4543040
14307756
9034692
12799744
13086490
4085826
13599053
17241542
11042589
15248647
7688290
1251533
15481276
4346422
17440415
14260450
18028597
9648751
17994509
5723529
18136647
16779164
9083988
2428180
10876302
12907074
3103653
15531192
17626922
17192360
15261740
5241884
3817125
16591735
14512367
2719063
215808
5657567
864469
14827812
8561012
2758476
12021686
6316504
15199417
14574529
1019150
11858154
5235293
17338103
9132338
3512118
1240701
835184
7337060
4025015
16090582
15182047
7105192
9588054
15388704
7650618
13380771
3376770
1624365
14829235
15302717
6420736
13274384
7330359
6529202
18511530
16496521
6853944
4914496
7664583
7896805
7554125
6741762
12730321
8906300
11587138
2397080
9268751
6279925
11720011
18526653
14129110
9292838
11436926
11440582
12092646
17911258
9071358
3996538
14307268
6023583
17103043
16829343
16693776
10773180
3389165
346914
11618983
6675927
12740957
15014346
12382979
10778342
2848433
10100933
7775129
465534
5073414
8937193
1135329
18448752
369171
1799765
1913251
10421029
17286088
16038075
2522305
11665603
12716963
17114455
18277650
9782747
7587559
640717
3784411
8048978
5787943
18278468
4239692
1067090
11244651
184997
12846553
3054551
5422069
1197258
14841389
14753223
12551597
15123787
13074524
6792718
15542533
3166086
5268885
2560198
17361204
9789252
14233992
10117764
9524048
14000380
3808670
1318384
17812676
1550509
242206
16345534
12575448
10734543
12315799
16099067
9529213
2886622
7197282
9095755
371285
12190792
10323019
9294780
8771771
16639001
6380140
15653532
8738169
10319024
12842454
9783342
988445
14806121
8316969
4970285
17092119
7650021
4744181
13889736
5783662
6900
5315433
7494451
11598257
575642
9356603
12549846
11851248
5019740
12181910
11818346
11935189
12946440
16222357
3390611
1874517
14468621
15090926
15830815
10373045
12611387
11516689
7690093
13875006
10633856
7862702
10393915
3023501
2095498
2090513
16726529
14933635
7411533
16832367
4105716
10738379
1593251
3433481
16867704
11606649
12939670
14697479
12294512
411008
673993
5904896
9281517
602409
9297118
10630905
2365540
8467462
12309853
6774356
6659247
16293911
2893167
12178422
7477154
2361140
6699257
10652714
14195154
17922899
7348135
16682119
16470665
12981991
3328177
14156699
8236632
1180773
4322342
9494381
14674735
8302768
12420653
6298996
15040811
5534730
6231851
12724308
8343431
8145545
9389801
1324300
18213518
14650655
17463012
4575216
17221160
5013081
10439045
12279400
6443791
15575824
4110224
3812123
18498868
6651198
16428387
2245144
3747279
17284807
17788885
15442228
11175546
3273453
6886871
9950226
14712554
15825121
2337365
14473539
12933565
5270665
16958582
6287778
10172226
13734772
8222313
1590073
12914478
1895185
16615100
16721563
8015348
18416696
9209866
32487
15117317
1489382
14050057
17991325
1104829
9222309
7201222
7529975
18550893
4131002
7867097
15807764
17950732
11672690
5119847
15968688
12578681
3726961
1190774
14726987
1191591
7171459
16947979
3514210
358047
16643958
11940693
7183315
14345323
14849067
7752214
17443906
3557578
2385078
7276479
11640455
10865576
3361107
9297399
1705756
3014697
15213831
4760192
13888693
7203576
16044282
15394811
17366284
15101208
6560236
3170305
11916956
13892651
17848604
5695142
12373715
16222008
13696497
9996571
3838908
7671769
13815094
5588902
14459710
2574873
12950195
16925505
11831137
1258050
16174638
15671166
4892660
13062444
5744982
9485719
1242612
6003106
12751959
6186554
12811364
7445721
15084363
1221979
2640262
8920800
7624404
11287698
616761
2937370
6049703
14578130
6442403
3875212
11734884
616946
959675
10274903
513771
12096872
11256672
8987560
12694532
9993521
886083
13506169
8307773
10269283
9441756
3210634
4833965
8171534
14017931
4932255
10603716
10096134
7057175
14027207
9676176
14251169
1377982
10498156
1806103
11825045
16892825
15358438
16879205
16860124
16313777
1474317
2394772
17736806
2940681
17670312
11193045
183067
9238631
4795724
7179300
3817057
5832810
6652259
10893349
2716805
17911937
8662317
11239806
17063046
1850395
5306884
16471300
1469923
11856104
12624690
10005000
4339324
7855577
2369005
1532423
8289480
10304780
5056682
9022148
8714176
14830157
2686852
5419190
13073523
2716270
10467879
6257706
16584381
5908
16286001
5141199
14772987
8333498
13103421
2091426
15986629
2869917
3870576
18464038
1614923
8748242
9944851
7722538
8574444
3684020
10135152
16302905
1834631
15085530
3199549
4096330
9892460
9427507
12417321
1002612
10013996
2305688
16961676
15864039
7607686
15393867
8804963
207192
13002369
5740375
17283339
8306307
1451742
4889219
15529889
10182493
5326925
7290399
3465143
2031374
2154220
8387394
