30906
35755
41346
43342
49072
99602
99969
100125
100295
100406
100432
100530
101088
101142
101753
101761
101874
102185
102188
102242
102465
102558
103894
103985
103997
104171
104228
104921
105015
105127
105981
106162
106638
106876
107309
107695
107927
107983
108054
108129
108166
108222
108279
108681
108743
109440
109494
109498
109503
109556
162723
162845
163227
163289
164011
164038
164388
164774
164896
164899
165017
165528
165874
166811
166994
167408
167714
167824
168141
168873
169545
169786
170046
170154
170202
170683
171023
171152
171346
171693
172245
172323
172655
172688
174178
174215
175153
175394
193513
197231
203447
240314
240353
241689
242147
243674
244135
249002
249132
427313
430089
430236
433517
435012
436301
532549
532764
532829
533050
533528
534144
534293
534798
535672
536117
536144
536422
537391
537761
537946
538352
538522
538537
539369
542035
542121
542322
543309
543469
543479
544578
544690
545796
716789
721697
739822
742561
870954
877169
879265
918493
918613
918744
918816
919017
919412
920011
920035
920126
920621
920720
921006
922058
922746
923027
923422
923554
923922
924691
925173
925625
926208
927551
927572
927865
928314
928495
928927
929344
929610
929968
930034
930277
930355
930833
932875
933131
933339
934262
935643
935859
936096
936301
937708
937912
992390
1018504
1019089
1020880
1021521
1022941
1023855
1025306
1026879
1030924
1039816
1041648
1041733
1042747
1044076
1045095
1062103
1062391
1062579
1064063
1065162
1065451
1065955
1065959
1067115
1068397
1069037
1069603
1070176
1070441
1070719
1070803
1071437
1072133
1163464
1164108
1165373
1166468
1167185
1167470
1170641
1173252
1174003
1174380
1174589
1175558
1176009
1176886
1178495
1257007
1257038
1257206
1257600
1257693
1258820
1259598
1260950
1260990
1261570
1261676
1263127
1263191
1263376
1263498
1263838
1265148
1266276
1266446
1266637
1267161
1268054
1268849
1268857
1269906
1269915
1270592
1271156
1272132
1272615
1272718
1273028
1273527
1273661
1273675
1274792
1381633
1382053
1382776
1382840
1383317
1383458
1386082
1387518
1388754
1390120
1390326
1390891
1393126
1399029
1402108
1402413
1407196
1410411
1413170
1557355
1557611
1558138
1559129
1559264
1560194
1560493
1561003
1561128
1562166
1562366
1563268
1566608
1566723
1567584
1568101
1568179
1568269
1569188
1569664
1569990
1570124
1585597
1585724
1586053
1589079
1589844
1590755
1592287
1594139
1594505
1594530
1594855
1595685
1597313
1597420
1605981
1609685
1613022
1615673
1616534
1616727
1620004
1620297
1620467
1621761
1621845
1622717
1625096
1625643
1627669
1628155
1629431
1629520
1711911
1732856
1744624
1783422
1784761
1784868
1785029
1785545
1785818
1785865
1786072
1788062
1788532
1788704
1788870
1789054
1789275
1789596
1789762
1790136
1790588
1790905
1791117
1791397
1791859
1791929
1792111
1792177
1792519
1793186
1793376
1793548
1793802
1794491
1794723
1794808
1794987
1795712
1796231
1797110
1797253
1797274
1797741
1797919
1798216
1814161
1814637
1815033
1815694
1816864
1817229
1817322
1818196
1818865
1820019
1820174
1821607
1821747
1821772
1823912
1824019
1824223
1824305
1869543
1869933
1869981
1870268
1870311
1870368
1870827
1870993
1871039
1871062
1871282
1871897
1872263
1872497
1872689
1872703
1873063
1873881
1874162
1874163
1874887
1875306
1875316
1875564
1876250
1876342
1876750
1876785
1876904
1876994
1877235
1877311
1877623
1877792
1878196
1878370
1878807
1878913
1879013
1879119
1879215
1879416
1879529
1880592
1880996
1881284
1882027
1882049
1882259
1882301
1882450
1882753
1882768
1883004
1883102
1883313
1883348
1906220
1906559
1907128
1907508
1907942
1908459
1908943
1909015
1909119
1909519
1911985
1912122
1912344
1912755
1916181
1916663
1916671
1917702
1918214
1918600
1919014
1919584
1919881
1933760
2021747
2026647
2029957
2052095
2053574
2055606
2055709
2056816
2057121
2057270
2057567
2058091
2059064
2059085
2060062
2065512
2067989
2130893
2133261
2136940
2138386
2142378
2143523
2144300
2373029
2376432
2378715
2379242
2382627
2431581
2431818
2433075
2434233
2434761
2438202
2438489
2552724
2552886
2552959
2553068
2553503
2553715
2554193
2554862
2554939
2555724
2555832
2556323
2556679
2556733
2556814
2557376
2557417
2557651
2557997
2558228
2558497
2558866
2559102
2559135
2559679
2559782
2560533
2560597
2560937
2560979
2561336
2561483
2561919
2562336
2562470
2562937
2562983
2563040
2563125
2563561
2563624
2563916
2564092
2564140
2564318
2564379
2564459
2564612
2564893
2564906
2564916
2565117
2565496
2566013
2577776
2580731
2581462
2581519
2582616
2583918
2585679
2587069
2587980
2588034
2588670
2590891
2596266
2598299
2598926
2598953
2646434
2646687
2647196
2647218
2648449
2649362
2649506
2650239
2650426
2652452
2681192
2880625
2881545
2881766
2882188
2882533
2882543
2882590
2882798
2882913
2883374
2883578
2883857
2884234
2884265
2884330
2884498
2884548
2884733
2884931
2885292
2885806
2885946
2885967
2886126
2886171
2886173
2886591
2887021
2887422
2888026
2888507
2888730
2889076
2889316
2889455
2889674
2890285
2890694
2891165
2891554
2892816
2892832
2893015
2893338
2893606
2893734
2893783
2894122
2894314
2894407
2894521
2894688
2894879
2894939
2895146
2895241
2895529
2895565
2896617
2897181
2897330
2897373
2897390
2897578
2897759
2898032
2898623
2898661
2898861
2899428
2899761
2899974
2900234
2900348
2900695
2901291
2901376
2902250
2902573
2902847
2903039
2903434
2904295
2904381
2904927
2905340
2905868
2905927
2906256
2906439
2906907
2907159
2907397
2907576
2907699
2907844
2907883
2908381
2908416
2908687
2908768
2909047
2909118
2909163
2909546
2909554
2909577
2909665
2909805
2910526
2911245
2912124
2912133
2912568
2912804
2913266
2913411
2983961
2984218
2985709
2985942
2988977
2989326
2990693
2991301
3001364
3011081
3031531
3032447
3038053
3039838
3247329
3250027
3250143
3250820
3250836
3252528
3253521
3254271
3254479
3255202
3256589
3412100
3416968
3417344
3417427
3417584
3417892
3417956
3418371
3420337
3422373
3422464
3422763
3423491
3424637
3424838
3425975
3428040
3428702
3429102
3429554
3429961
3430233
3431438
3432340
3462811
3462852
3463012
3463311
3463685
3463896
3464018
3464999
3465098
3465420
3465526
3465964
3466944
3467034
3468035
3468621
3469328
3471107
3471125
3471225
3472004
3472321
3473163
3474190
3474360
3475532
3476361
3476852
3477056
3477592
3477847
3477851
3479444
3480068
3480461
3480500
3480882
3481396
3481433
3481600
3482737
3484496
3485053
3485259
3485555
3485872
3488122
3488908
3489102
3489246
3489522
3489537
3490040
3490207
3492000
3492093
3492149
3492424
3492585
3493208
3494277
3494292
3495007
3495631
3495846
3496091
3499189
3524822
3524991
3525148
3525155
3525306
3525662
3525791
3525826
3525871
3526414
3526428
3526431
3526790
3526970
3526972
3527433
3527475
3527531
3527595
3527638
3528304
3528460
3528707
3528749
3528901
3528959
3529089
3529167
3529299
3529465
3529627
3529661
3530103
3530212
3530273
3530347
3530994
3531337
3531593
3531599
3531724
3532724
3532860
3532912
3532935
3533033
3533235
3533249
3533554
3533573
3533574
3534043
3534368
3534843
3535002
3535130
3535461
3535783
3535964
3536124
3536340
3536488
3536568
3536801
3537094
3537521
3537530
3537630
3537704
3538212
3538359
3538384
3538393
3538462
3538531
3538570
3538614
3538825
3539022
3539346
3539610
3618397
3618640
3618795
3618943
3619129
3619347
3619410
3619578
3619581
3619796
3620585
3620601
3620825
3620828
3620835
3620970
3621127
3621341
3621468
3621615
3621771
3621884
3621890
3622568
3622747
3622906
3623302
3623401
3623494
3623858
3624548
3624669
3625346
3625760
3626188
3626252
3626997
3627166
3627718
3628730
3628859
3628984
3629259
3629435
3629664
3629809
3629832
3629977
3630093
3630436
3630523
3631540
3631847
3631926
3632276
3632494
3632963
3633124
3633149
3633153
3633404
3633808
3634223
3634657
3634665
3634780
3634790
3635219
3781613
3788207
3795013
3796581
3820233
3824560
3826562
3831517
3884637
3891130
3894236
3894681
3901043
3902619
3904357
3905164
3979259
3979412
3979809
3980556
3981193
3981471
3982261
3982294
3982573
3982736
3982741
3983404
3983724
3984550
3984655
3984736
3984976
3985030
3985121
3985210
3986388
3987372
3987565
3987989
3988620
3988726
3989675
3989771
3989781
3989951
3990367
3990416
3991516
3991895
3991930
4013358
4016273
4021402
4022345
4030744
4050051
4050283
4050584
4050746
4051395
4051508
4051826
4052522
4053354
4053532
4053606
4053991
4054908
4055122
4055635
4055816
4056002
4056175
4056917
4057151
4057735
4057753
4057846
4057852
4058081
4058312
4059264
4059372
4060083
4060213
4061580
4061702
4062491
4062704
4062830
4063227
4063270
4063298
4063377
4063751
4064004
4064169
4064322
4064374
4065038
4065066
4065106
4065339
4065445
4065616
4066021
4066376
4067109
4067370
4067937
4067972
4067990
4068806
4068808
4069071
4197557
4197900
4198007
4198221
4198479
4198573
4199065
4199604
4199624
4200428
4200631
4200852
4201921
4202356
4202387
4202888
4202993
4203385
4203457
4203601
4203619
4203702
4203968
4204067
4204542
4204599
4204693
4204913
4205303
4205749
4205870
4206339
4206519
4206757
4207512
4207750
4207977
4208137
4208353
4209147
4209255
4209627
4210058
4210240
4211348
4211573
4211678
4211679
4211712
4211909
4212259
4214339
4214861
4215066
4215292
4215600
4216602
4216953
4217058
4217254
4217283
4217715
4218267
4218401
4218768
4218936
4219053
4219818
4219840
4220049
4220247
4220280
4221575
4221644
4221786
4222474
4222544
4223155
4223711
4224242
4224529
4225997
4226168
4226304
4226880
4227413
4227810
4228439
4228573
4229205
4229233
4229283
4230190
4230915
4231449
4247511
4247830
4248172
4248423
4248795
4249322
4250129
4251105
4252043
4253893
4254858
4255009
4255248
4255465
4255636
4296406
4296490
4296832
4296840
4296873
4297149
4298157
4298325
4298825
4300433
4301150
4301954
4302186
4302275
4302523
4303424
4303758
4303881
4304056
4305053
4305064
4305129
4305200
4305228
4305793
4305847
4305861
4306864
4306946
4307133
4307402
4334739
4392654
4394277
4403529
4411379
4412846
4412953
4413930
4418909
4419467
4419907
4420740
4423740
4424020
4425785
4425799
4425869
4426035
4427392
4427399
4427618
4428507
4429041
4429494
4430037
4430720
4462311
4464791
4465693
4466726
4467978
4468420
4469083
4469428
4470549
4471436
4471610
4472444
4472752
4473047
4473728
4474312
4474854
4475073
4475286
4476645
4476768
4477243
4478877
4478895
4526842
4528280
4528805
4529912
4530156
4531010
4531433
4531609
4532347
4535611
4536862
4557135
4559087
4591960
4592021
4592379
4592398
4593021
4593091
4593405
4593454
4594606
4596201
4596304
4597060
4597533
4598255
4599398
4599470
4599681
4602447
4602591
4602814
4603303
4604358
4604921
4605628
4605741
4605759
4605885
4606308
4606732
4607277
4607577
4608041
4608174
4610122
4610311
4610488
4643348
4643454
4643773
4644592
4644608
4645090
4645555
4646552
4646710
4646743
4646924
4647448
4648341
4648483
4648488
4648532
4648765
4648959
4648979
4649361
4649467
4649565
4649644
4649829
4649965
4650012
4650828
4650902
4651013
4651065
4651419
4651626
4652383
4652656
4652821
4653580
4654050
4654268
4654300
4654885
4654946
4655271
4655298
4655351
4655779
4655787
4655811
4672137
4672313
4672689
4672821
4673032
4673647
4673810
4674107
4674295
4674678
4674714
4675189
4677010
4677015
4677716
4678183
4678192
4678453
4678576
4678785
4678920
4679227
4679286
4679313
4679582
4680347
4680370
4680741
4681066
4681240
4681330
4681833
4681986
4682070
4682463
4682987
4683359
4683644
4748497
4749859
4749999
4750047
4750396
4750609
4750638
4750952
4751116
4751117
4751409
4751501
4751772
4752152
4752232
4752342
4752396
4752792
4753685
4753698
4754367
4754661
4754815
4755207
4755367
4755535
4756021
4756073
4756557
4757326
4757523
4757722
4757893
4757978
4758079
4758323
4758756
4758764
4759063
4759192
4759407
4759850
4775650
4775988
4776353
4777893
4778014
4778425
4778510
4778606
4778791
4779054
4779163
4779363
4780232
4780716
4780850
4781538
4781902
4781969
4782201
4783286
4783583
4783691
4784460
4785117
4786404
4787084
4787225
4788652
4807610
4937152
4938085
4939036
4939238
4939371
4939612
4940145
4940273
4941632
4941908
4942108
4942152
4942300
4942324
4942438
4942458
4942730
4942952
4943175
4943320
4943395
4944257
4944583
4944663
4944937
4945161
4945901
4945993
4946214
4946323
4946505
4946732
4947763
4947851
4947852
4948667
4948688
4948791
4948821
4948915
4949609
4949613
4949721
4949922
4950031
4950379
4950459
4950580
4950835
4950949
4951025
4951340
4951459
4951786
4951845
4969129
4969155
4969824
4970259
4970764
4971736
4973604
4974563
4974793
4974901
4975188
4975826
4976057
4976714
4976922
4977138
4977146
4979059
4980693
4981253
4981698
4981935
4983871
4984518
4985250
4985715
4986645
5003822
5004364
5004786
5004856
5004914
5005147
5005955
5006558
5006956
5007103
5007609
5007973
5008363
5008608
5008958
5009614
5009736
5009789
5009882
5010150
5010338
5010530
5010875
5011189
5011292
5011395
5011430
5011438
5011557
5011994
5012067
5012321
5012336
5012412
5012564
5012596
5013243
5013258
5013733
5013948
5014579
5015122
5015476
5015678
5015769
5016407
5016501
5016868
5016901
5016941
5017115
5018141
5018300
5018871
5019272
5019371
5064356
5071553
5094814
5096845
5098518
5098524
5098830
5100310
5100628
5100886
5101385
5101400
5101923
5102299
5102522
5104182
5104794
5104877
5105835
5106125
5106359
5106520
5106569
5107696
5108403
5108681
5108786
5109996
5110018
5111107
5111159
5112155
5112694
5113006
5113244
5113406
5113410
5113430
5113935
5114025
5114188
5114596
5114600
5114686
5115153
5116175
5116396
5116525
5116628
5178597
5179055
5179427
5179883
5180373
5180981
5181495
5181717
5182194
5182283
5182368
5182696
5183002
5183566
5183676
5183769
5183770
5183837
5183967
5184524
5184654
5184655
5185166
5185324
5185470
5186071
5186083
5186133
5187003
5187676
5187714
5187731
5187775
5187803
5187828
5188036
5189091
5198702
5245609
5245671
5246362
5246942
5247466
5247492
5247582
5248104
5248151
5248173
5248350
5250119
5250769
5251132
5251462
5251741
5252248
5252645
5252720
5253648
5255727
5255800
5255915
5256170
5256246
5256687
5256899
5257313
5257511
5257690
5257764
5257782
5258274
5258311
5258534
5258638
5258928
5259122
5259205
5259457
5259555
5259747
5260950
5261042
5261257
5261383
5261896
5355426
5356499
5395210
5395510
5395613
5395629
5395895
5396315
5396494
5396499
5396553
5396590
5396740
5397014
5397246
5397289
5397727
5398122
5398849
5399440
5399768
5399915
5400193
5400558
5401377
5401470
5401612
5402097
5402236
5402577
5402638
5402652
5402766
5402797
5402823
5402965
5403128
5403537
5404075
5404163
5404447
5405363
5405402
5405432
5405780
5405863
5405999
5406119
5406232
5449910
5449912
5450185
5450316
5450513
5450990
5451079
5451560
5451706
5452021
5452030
5452059
5452172
5452258
5452784
5452989
5453002
5453530
5453938
5453982
5454000
5454004
5454075
5454311
5454952
5455447
5455724
5455935
5455988
5456038
5456441
5457624
5458133
5458266
5458344
5458903
5458970
5459428
5459470
5459775
5460039
5460095
5460187
5460282
5460299
5460681
5460947
5461379
5461671
5461837
5462116
5462204
5462468
5462646
5463529
5463868
5464178
5464199
5464864
5465203
5465824
5465860
5465980
5466051
5466216
5466419
5467205
5467538
5468747
5469283
5469326
5469414
5469585
5469963
5470314
5470696
5470924
5471514
5471685
5472865
5473482
5473741
5474584
5475481
5475729
5475818
5475845
5476017
5476483
5513138
5514026
5514086
5514362
5515053
5516629
5517017
5517714
5517890
5518878
5519640
5519740
5520009
5520444
5520710
5521811
5522099
5522520
5525704
5526976
5527067
5527443
5528750
5528864
5529923
5530649
5531213
5531781
5532653
5533285
5534706
5535520
5536452
5537051
5537588
5539963
5540661
5541331
5541489
5542358
5543605
5543614
5543856
5544255
5544537
5544723
5544764
5545180
5545474
5545828
5545847
5546807
5546810
5547015
5547303
5547559
5547789
5548336
5548606
5548840
5549061
5549202
5549350
5549508
5549631
5549659
5550226
5550446
5550526
5550885
5551028
5551479
5551736
5552183
5552410
5553071
5553319
5553368
5553673
5554059
5554096
5554126
5554405
5554497
5554776
5554832
5555140
5555558
5555785
5555891
5556469
5556646
5556988
5557624
5557789
5557959
5558500
5558575
5558892
5559044
5559254
5559285
5559511
5559520
5560152
5560472
5560755
5561103
5561149
5561348
5561545
5562132
5562276
5562449
5562726
5563009
5563021
5563211
5563926
5564609
5564706
5564755
5565000
5565080
5565410
5566017
5566904
5567338
5567669
5568412
5568509
5568540
5568650
5569022
5569540
5569898
5570032
5570110
5590175
5590868
5591113
5591417
5592844
5593008
5593535
5593976
5594514
5595466
5595492
5596157
5596195
5596282
5596415
5596651
5597243
5597278
5597486
5598392
5598406
5598596
5599099
5599476
5599804
5599809
5599875
5599905
5600131
5600348
5600406
5600793
5601002
5601132
5601240
5601397
5601663
5601842
5601879
5603071
5603164
5603355
5603382
5603514
5603718
5604198
5604386
5604418
5604435
5605130
5605276
5605664
5605753
5606635
5607293
5607566
5609972
5616079
5623290
5656725
5679077
5712061
5719205
5883139
5883171
5883263
5883704
5884425
5885176
5885696
5885849
5886296
5887015
5887237
5888626
5888750
5889659
5891327
5892536
5892672
5893635
5894668
5894701
5895230
5896046
5896512
5926885
5927010
5927131
5927284
5927399
5927408
5927428
5927534
5927715
5927765
5927976
5928293
5928667
5928700
5928757
5928872
5928956
5929041
5929118
5929208
5929218
5929574
5929638
5929716
5930098
5930115
5930207
5930409
5931568
5931729
5932164
5932313
5932711
5933040
5933215
5933830
5934215
5934303
5934313
5935225
5935626
5935694
5936433
5936545
5936721
5936814
5936878
5936898
5937210
5937559
5937576
5937630
5937771
5938480
5938932
5938943
5938958
5939022
5939443
5939779
5939819
5940799
5940981
5941456
5941954
5942094
5942663
5942766
5943085
5943121
5943213
5943581
5943708
5943786
5943877
5943884
5943943
5944236
5944382
5944663
5944964
5945070
5945934
5946218
5960789
5961127
6002061
6060138
6060166
6060298
6060624
6060628
6061164
6061427
6061749
6061764
6061917
6062358
6062372
6062474
6062559
6062581
6063145
6063220
6063372
6063719
6063751
6063752
6063995
6064094
6065028
6065032
6065306
6065336
6065411
6065599
6065861
6065906
6066148
6066371
6066571
6066697
6067087
6067402
6067489
6067532
6067934
6067969
6068396
6068966
6069131
6069453
6069678
6069990
6071235
6071486
6072602
6072609
6073868
6074144
6074323
6075137
6079269
6080629
6081308
6082661
6082754
6083177
6083179
6083466
6084723
6088656
6089676
6091018
6094559
6095040
6096073
6097241
6115910
6117428
6117728
6118916
6121124
6121591
6121607
6124250
6124431
6124565
6129579
6129900
6130999
6169963
6170029
6170739
6170761
6170819
6170910
6170918
6171464
6171907
6172845
6173735
6174567
6174865
6175252
6175585
6175884
6175974
6176062
6177827
6178041
6178736
6179070
6179283
6179632
6179731
6181324
6181968
6182763
6182843
6182988
6183361
6183668
6184000
6184513
6185530
6185704
6185835
6186229
6186790
6187069
6187488
6187666
6187856
6188125
6188168
6188716
6188776
6188785
6188849
6188887
6189005
6190820
6191025
6191377
6192048
6192430
6192817
6193429
6195976
6196464
6197110
6197459
6197610
6198495
6199174
6199869
6200040
6200261
6200294
6200369
6201004
6201655
6202921
6203864
6205070
6206363
6206453
6206663
6206722
6206888
6207177
6207301
6207500
6207776
6211227
6240068
6240143
6240302
6240694
6241086
6241101
6241547
6242114
6242333
6242424
6243454
6243598
6243601
6244098
6244559
6244699
6244943
6245002
6245009
6245029
6245124
6245186
6245464
6245556
6245650
6246548
6246714
6247204
6247240
6247379
6247427
6247442
6247761
6248069
6248298
6249206
6249333
6249803
6250048
6250390
6250454
6251142
6251283
6251503
6251718
6251814
6251989
6252000
6252194
6252815
6253195
6253367
6253506
6253551
6253618
6254131
6254242
6254332
6254828
6255446
6255449
6255638
6255686
6255725
6256215
6256270
6270756
6270788
6272058
6272067
6272104
6272504
6272541
6272935
6273008
6273069
6273277
6273303
6273437
6274002
6274196
6274445
6274460
6274563
6274670
6274882
6274996
6275742
6276144
6276165
6276217
6276604
6276625
6277060
6277429
6277491
6277871
6277886
6278278
6278668
6279017
6279194
6279576
6280196
6281298
6281456
6281702
6281945
6281992
6282157
6282214
6282406
6282980
6283940
6284055
6284109
6284817
6285047
6285571
6285755
6286453
6286481
6287202
6287856
6288216
6288234
6288301
6288923
6289483
6290241
6290909
6291535
6291962
6292141
6292181
6292419
6292503
6292616
6292895
6293171
6293938
6294153
6295062
6295187
6295303
6296385
6296450
6314647
6314756
6316102
6316588
6316778
6317133
6317169
6318445
6318770
6319114
6320479
6320578
6322132
6322787
6322919
6323734
6323797
6323875
6324467
6326076
6326926
6329398
6329867
6330394
6331405
6331420
6331523
6332017
6333404
6334322
6334992
6337060
6337347
6337885
6338095
6338900
6341826
6380774
6381165
6381288
6381356
6381487
6381549
6382028
6382220
6382857
6383016
6383043
6383090
6383194
6383420
6383618
6383699
6383888
6383967
6384047
6384063
6385373
6385540
6386007
6386206
6386232
6386389
6386438
6387022
6387704
6387952
6388083
6388099
6389259
6389350
6389393
6389458
6390027
6390135
6390572
6390774
6390809
6391130
6391264
6391328
6391341
6391408
6391423
6391430
6391727
6392123
6392293
6392347
6392381
6392396
6392534
6392981
6393255
6394122
6394204
6394423
6394579
6394739
6394786
6394813
6446465
6455606
6458527
6459791
6459796
6461697
6464870
6466950
6467083
6468887
6469512
6474524
6490508
6521904
6523842
6526395
6526501
6527057
6527416
6527480
6530937
6531580
6531592
6532597
6534011
6534021
6534142
6535618
6536711
6650770
6650961
6650991
6651232
6651401
6651467
6651846
6652060
6652664
6653279
6653515
6653534
6654727
6654790
6655117
6655155
6655223
6655934
6656021
6656144
6656478
6656855
6657104
6657442
6657487
6657842
6657845
6657850
6658430
6658544
6658640
6658948
6659289
6659477
6659658
6659819
6659871
6660380
6660552
6660582
6661355
6661680
6661937
6661952
6661979
6662066
6662077
6662252
6663025
6663271
6663541
6663814
6664112
6664437
6664470
6664613
6664681
6664808
6665195
6665663
6666135
6666314
6666675
6666754
6667245
6667440
6667770
6667913
6674023
6719725
6720657
6722283
6723104
6723258
6723436
6724401
6725324
6726277
6726343
6726943
6727133
6727362
6728087
6728640
6728793
6728977
6728993
6729192
6730196
6730419
6731205
6732773
6846120
6847078
6847102
6847842
6848089
6848209
6848226
6848272
6848503
6848676
6848978
6849096
6849474
6849510
6849555
6849932
6850089
6850161
6850613
6851792
6851934
6852359
6852380
6853403
6853458
6853602
6853625
6854867
6855463
6855693
6855805
6856505
6856866
6857210
6857272
6857801
6858119
6858295
6858305
6858954
6859133
6859225
6859660
6859813
6859819
6859948
6859955
6860682
6861228
6861266
6861720
6862111
6862197
6862218
6862281
6862853
6863106
6863960
6864154
6883705
6884077
6884632
6884761
6885421
6886202
6886361
6886571
6888276
6888498
6888601
6889314
6890346
6890391
6890546
6890889
6892762
6893143
6893902
6894382
6895330
6895892
6896668
6897347
6899119
6899126
6899193
6899208
6899489
6899918
6900019
6900592
6900778
6901708
6904874
6905881
6906275
6906813
6906868
6907347
6907439
6907740
6909737
6911838
6915963
6916966
6917176
6917788
6917910
6918497
6918966
6919534
6922287
6922750
6923464
6923894
6924118
6924871
6925537
6925781
6926329
6926761
6927065
6927519
6927557
6927846
6928108
6928537
6928692
6928707
6929623
6930245
6930816
6931182
6931351
6931370
6970636
6976802
6982312
6982430
6986099
7070067
7070116
7070873
7071913
7072444
7072789
7073158
7073308
7073352
7074639
7074844
7074859
7075045
7075411
7075428
7075634
7075818
7076116
7076263
7076405
7076740
7076859
7077167
7077243
7077397
7077471
7077768
7078403
7078428
7078784
7078979
7079003
7079126
7079234
7079522
7079771
7080189
7080225
7080342
7080566
7080769
7080927
7082272
7082376
7082693
7084523
7084537
7084546
7119890
7126301
7127990
7149048
7151126
7151142
7151782
7152977
7155997
7156431
7170759
7172332
7172808
7172981
7173269
7173399
7174997
7175954
7176206
7178570
7180807
7181282
7229695
7229939
7230823
7231540
7231694
7231830
7231966
7232550
7232898
7233076
7233250
7233489
7234527
7234641
7234687
7235637
7236349
7237737
7237831
7238090
7239622
7240040
7240401
7240643
7241494
7241978
7242036
7242857
7243252
7243467
7244085
7244320
7244451
7245497
7245506
7267873
7268141
7268487
7268512
7268806
7269246
7269864
7270537
7270706
7270725
7270921
7271034
7271704
7271779
7271824
7271926
7272199
7272252
7272922
7272979
7272992
7273048
7273129
7273264
7273333
7273708
7273797
7274085
7274294
7275018
7275065
7275094
7275286
7275824
7276075
7276569
7276646
7276668
7276725
7276796
7277030
7277205
7277939
7278049
7278569
7278601
7278646
7278902
7279241
7279253
7280037
7280161
7280398
7280527
7280575
7280792
7281289
7281346
7281528
7281626
7281657
7281794
7281797
7282052
7294735
7295043
7295178
7295538
7295715
7296211
7296227
7296532
7296810
7296912
7296935
7297282
7298285
7298551
7298750
7299032
7299203
7299293
7300028
7300563
7301155
7301468
7302557
7303238
7303796
7303821
7304370
7304908
7305545
7306023
7306355
7307062
7307135
7308531
7308537
7309298
7309676
7309827
7310803
7311288
7311396
7311517
7333051
7333076
7333520
7333632
7333756
7334083
7334202
7334834
7335720
7336037
7336347
7336774
7337172
7337490
7337569
7337905
7338718
7340003
7340454
7340891
7341371
7341681
7342041
7342648
7343200
7345535
7345596
7347942
7347987
7348159
7348438
7348842
7349587
7349994
7350243
7350470
7350922
7350975
7399570
7399901
7400125
7400152
7401549
7401729
7402886
7402954
7402975
7403447
7403524
7403781
7404391
7404676
7404937
7404946
7405064
7405376
7405458
7405557
7405894
7405944
7406226
7406348
7406402
7406983
7407382
7407479
7407739
7408291
7408471
7408642
7408902
7409091
7409119
7409685
7409860
7410088
7410128
7410564
7410693
7410775
7411254
7411332
7411525
7411826
7412173
7412412
7412610
7412736
7412866
7413240
7413328
7413411
7413509
7414943
7415005
7415527
7415568
7415810
7416313
7416491
7416636
7417260
7417550
7417657
7418143
7418342
7418353
7418423
7418427
7419285
7419377
7419676
7419765
7419979
7420263
7420362
7420476
7420549
7420609
7421097
7422134
7422432
7423345
7423481
7423554
7424026
7424065
7424829
7424967
7426205
7426406
7426519
7426592
7427361
7427631
7427656
7427709
7427729
7428045
7428762
7429293
7429445
7429454
7429456
7429464
7429670
7429804
7429881
7430030
7430117
7430336
7430469
7430671
7430975
7431325
7431415
7432287
7432488
7432769
7433440
7433496
7434479
7434901
7435021
7435145
7435221
7435965
7436339
7436896
7436993
7437110
7437936
7438420
7438617
7439015
7439045
7439151
7439265
7439396
7439418
7440115
7440388
7440416
7440767
7440927
7441325
7441377
7441386
7441591
7441785
7441825
7442131
7442427
7442505
7442577
7442657
7442660
7443106
7443107
7443226
7443251
7443561
7443673
7443712
7443740
7444023
7444111
7444757
7444793
7444854
7445235
7445840
7446149
7446406
7446465
7446519
7446852
7447361
7447446
7448544
7448727
7449155
7449174
7449221
7449464
7449524
7450000
7450004
7450212
7450668
7450854
7450864
7450868
7450986
7451051
7451060
7451088
7451139
7452564
7453051
7453289
7453395
7453519
7453713
7453724
7453799
7489514
7489666
7493956
7494414
7496839
7496905
7499284
7499873
7500357
7500801
7501523
7502354
7503641
7503713
7534230
7544459
7546145
7546303
7546440
7546542
7546776
7546928
7547761
7547850
7550147
7550416
7551377
7552738
7552841
7553327
7553642
7553921
7553966
7554839
7554891
7555017
7555943
7556558
7557303
7557405
7557471
7559373
7560001
7560694
7560804
7561523
7561845
7561960
7562243
7562490
7562528
7562568
7562707
7563928
7564300
7564510
7565082
7565242
7566186
7566836
7567100
7567803
7567805
7568110
7569127
7570143
7570481
7571153
7571182
7571283
7571346
7571412
7573041
7573059
7573471
7573675
7573694
7574399
7574670
7575432
7575899
7576223
7576284
7576419
7586646
7588336
7640722
7641731
7641929
7642008
7642467
7642627
7642797
7642884
7642917
7643279
7643349
7643787
7644617
7644637
7645909
7646278
7647052
7647277
7647723
7647732
7647835
7648040
7648875
7648928
7649167
7649872
7650050
7650244
7650394
7651321
7651406
7652229
7652537
7653179
7653352
7653519
7654089
7654352
7654440
7654449
7654887
7655328
7655911
7656018
7656914
7657421
7657490
7657795
7658698
7658773
7658923
7659322
7659727
7659755
7661370
7661604
7661702
7661949
7662048
7662174
7662942
7663867
7664012
7664166
7664194
7664679
7665227
7665237
7665326
7665609
7666174
7666444
7666452
7666714
7666862
7666873
7666935
7667478
7667991
7668339
7668393
7670194
7670617
7671407
7671579
7671582
7671586
7671635
7671843
7672025
7672053
7672147
7672356
7672447
7672827
7672936
7673199
7673680
7674037
7674461
7674672
7674696
7675050
7675115
7675404
7675919
7676004
7676044
7676853
7677207
7678258
7680061
7681166
7682598
7683266
7684318
7684374
7684899
7685056
7686427
7686459
7687029
7687344
7687903
7688094
7688927
7689985
7690325
7691749
7691941
7693102
7693197
7693371
7693393
7694065
7694128
7694277
7694295
7694367
7694449
7694565
7694584
7694639
7694728
7694768
7695027
7695592
7695926
7696318
7696551
7696796
7696865
7696946
7696995
7697007
7697138
7697436
7697847
7698063
7698370
7698381
7698418
7698440
7698653
7699823
7700011
7700382
7700847
7702227
7702306
7703396
7703954
7704163
7742789
7742794
7743548
7744310
7744369
7744430
7744700
7745372
7745659
7745705
7746490
7746850
7746911
7747033
7747370
7748751
7750116
7750581
7751281
7752628
7752907
7753148
7753358
7753653
7753724
7754296
7754487
7754927
7755623
7755667
7756462
7756509
7756552
7756666
7756882
7757161
7757271
7757477
7758147
7758149
7758382
7758403
7758916
7759480
7759674
7760557
7761016
7761849
7762076
7762182
7762857
7763131
7763160
7763179
7763690
7763693
7763788
7763989
7764376
7765221
7765467
7765600
7765824
7766196
7766920
7767690
7768089
7768233
7768781
7768998
7769214
7769638
7769730
7769846
7770363
7770966
7771678
7771859
7772536
7772739
7773153
7773968
7774624
7775279
7775296
7777302
7778056
7778652
7778875
7778971
7779059
7779166
7779269
7779356
7779852
7780120
7780311
7780361
7780814
7781457
7783324
7783808
7783972
7784397
7797995
7798400
7799205
7799446
7799559
7799561
7799581
7799729
7800051
7800092
7800457
7800473
7800550
7800558
7800887
7801119
7801444
7802128
7802257
7802545
7802591
7802806
7802992
7803732
7803740
7804015
7804056
7804516
7804804
7805241
7805664
7805838
7805911
7805926
7806191
7806362
7806717
7807980
7808295
7808531
7808695
7808916
7809467
7809787
7810046
7810210
7810656
7810682
7811821
7812154
7812170
7812260
7812849
7812940
7813166
7813252
7813254
7813847
7814279
7814710
7814723
7815286
7882502
7883310
7887024
7889533
7890460
7891684
7891827
7891938
7892598
7892637
7892672
7892963
7893230
7893316
7894248
7895617
7895911
7896114
7896116
7896653
7896684
7896917
7896958
7896964
7897114
7897138
7897296
7897716
7898407
7898542
7898776
7898849
7898895
7899197
7899319
7899337
7899341
7899744
7899867
7899941
7900010
7900461
7900478
7900830
7900995
7901711
7901834
7902151
7902639
7902671
7903030
7903524
7903595
7903887
7903979
7904143
7904204
7904599
7905134
7905137
7905309
7905645
7905764
7905811
7907293
7907561
7907961
7908019
7909188
7910514
7910607
7911451
7912040
7912605
7912720
7913423
7913431
7913445
7913560
7914542
7914659
7914878
7915627
7916063
7916617
7916950
7918886
7919937
7919958
7920094
7920800
7921441
7921598
7935060
7937536
7938234
7939515
7941330
7942496
7943908
7945978
7946139
7946435
7946997
7947191
7948268
7949344
7949710
7949907
7950130
7950136
7951735
7952700
7952881
7953605
7953766
7953777
7955519
7956807
7957460
7957506
7957880
7958283
7974052
7974920
7975268
7975664
7976023
7976310
7977279
7977932
7978217
7978239
7978400
7979861
7980038
7980990
7981910
7983229
7984144
7984448
7984540
7984901
7984946
7985706
7985726
7985977
7986955
7987476
7987610
7988263
7988846
7989282
7989337
7989835
7990186
7990334
7990447
7990475
7990620
7991025
7991196
7991586
7991712
7991714
7991767
7991895
7992035
7992183
7992508
7992955
7993152
7993196
7993402
7994083
7994106
7994300
7994344
7994496
7994674
7995096
7995196
7995207
7995727
7995820
7995929
7996234
7996345
7996377
7996392
7996486
7997225
7997434
7998096
7998126
7998308
7998446
7998532
7998711
7998712
7998769
7998819
7999015
7999502
7999742
7999778
8000119
8000169
8000246
8000404
8001212
8001531
8057462
8059192
8061975
8063154
8064709
8072622
8073235
8073798
8073838
8075022
8145336
8145469
8145567
8145642
8145650
8146043
8146305
8146650
8146726
8146964
8146992
8147027
8147287
8147485
8147857
8148133
8148368
8148556
8149231
8149262
8149448
8149500
8149527
8150937
8151302
8151354
8151789
8151796
8151919
8151953
8152005
8152406
8152589
8152724
8152818
8152846
8153468
8153818
8153823
8154567
8154804
8154991
8155442
8155845
8155954
8156157
8156509
8156766
8157615
8157643
8157856
8158034
8158312
8158347
8158689
8158891
8158911
8158945
8159017
8159193
8159226
8159717
8160037
8160290
8160362
8160712
8161667
8161919
8161929
8161990
8163076
8199785
8199928
8200139
8200150
8200685
8201290
8202904
8203061
8203086
8204266
8204582
8204945
8205425
8206392
8208892
8208927
8209249
8209604
8209835
8209853
8210613
8210668
8211807
8211839
8212794
8213994
8214396
8214500
8214994
8248590
8248927
8249363
8249807
8249959
8250883
8251167
8251202
8251214
8251490
8251510
8251778
8252105
8253069
8253136
8253385
8253801
8255049
8255697
8256837
8256906
8257610
8257827
8258247
8259626
8259849
8260070
8260082
8260722
8260728
8297117
8312056
8312771
8312895
8312978
8314689
8315067
8315615
8317524
8318273
8319595
8319685
8320215
8320889
8322076
8323565
8324348
8324383
8324647
8325617
8325769
8359399
8360040
8361438
8364092
8365107
8366050
8367963
8369605
8372264
8374590
8375435
8382468
8386021
8386588
8387717
8403930
8404103
8404517
8404761
8404832
8404909
8405293
8405380
8405404
8405445
8405566
8405718
8405866
8406452
8406684
8407157
8407531
8407700
8407943
8407944
8408076
8408481
8408773
8408968
8409592
8409699
8410101
8410185
8410314
8410630
8411315
8411849
8412000
8412454
8412718
8413200
8413403
8413934
8414180
8414202
8414206
8414404
8414449
8414708
8414960
8415185
8415265
8415460
8415502
8415547
8416019
8416049
8416343
8417014
8417156
8417322
8418257
8418788
8419285
8419306
8420142
8420231
8420448
8421304
8421697
8421923
8422077
8422301
8422581
8460842
8462320
8464793
8466127
8466345
8468700
8470720
8506194
8506564
8506585
8507176
8507538
8507557
8507941
8507989
8508085
8508111
8508259
8508732
8509009
8510651
8510934
8510970
8512157
8512968
8512996
8513619
8513922
8514106
8514727
8514734
8514884
8514995
8515184
8515245
8515623
8516025
8516122
8516151
8516160
8516667
8516791
8516838
8516862
8517191
8518215
8518383
8518445
8518911
8519531
8519805
8520037
8520184
8520251
8520362
8520591
8520658
8520746
8521369
8521979
8522205
8523640
8523708
8523949
8523958
8525217
8525317
8525360
8525424
8526257
8526365
8526746
8526785
8527306
8527768
8527823
8528003
8528255
8528484
8528721
8528911
8529257
8529661
8529670
8531812
8532152
8532759
8533899
8535015
8535085
8535137
8535476
8536039
8536056
8536500
8536556
8537210
8537342
8537366
8538330
8538733
8538921
8539120
8539133
8539955
8540384
8540776
8540919
8541254
8541941
8542554
8555364
8555401
8555423
8555445
8556600
8557469
8557489
8557531
8557665
8558489
8558744
8558754
8558980
8559046
8559136
8559210
8559408
8559411
8559690
8560039
8560761
8560802
8560907
8561040
8561514
8561989
8562157
8562399
8563119
8563334
8563514
8563684
8564635
8564894
8564959
8565197
8565779
8565932
8566424
8700088
8700370
8700440
8702496
8702501
8703653
8703840
8704467
8704720
8706459
8706711
8707305
8708104
8708286
8709135
8710479
8710734
8710861
8711760
8712559
8714435
8714604
8715626
8778328
8778819
8780794
8781112
8781878
8782464
8782525
8782790
8782910
8784683
8785327
8786034
8786101
8787125
8788115
8788260
8788778
8789349
8789818
8790212
8790728
8790810
8790913
8791188
8791242
8792454
8792709
8792727
8793421
8793801
8794196
8794284
8809909
8810205
8811360
8811480
8811565
8811685
8812119
8812490
8813123
8813355
8813432
8814029
8814164
8815091
8815450
8815924
8816359
8816496
8816645
8817641
8817855
8818156
8818326
8818461
8819161
8819779
8820089
8820547
8820926
8821142
8821656
8821863
8821917
8822345
8822773
8823022
8856416
8856616
8856779
8857775
8858332
8859082
8859330
8859635
8859737
8860730
8861123
8861357
8861360
8862159
8862262
8862496
8862742
8862880
8863052
8863228
8863520
8863717
8864136
8864161
8864460
8865398
8866066
8866843
8866986
8867048
8867091
8867371
8867612
8867656
8867949
8868229
8868366
8868833
8869184
8869504
8869810
8870401
8870763
8870999
8871623
8871653
8871660
8872102
8872459
8872679
8873251
8873341
8873408
8874284
8874397
8874548
8874605
8874732
8874764
8875301
8952512
8953085
8953305
8953632
8953702
8953723
8953940
8955345
8955880
8956228
8957409
8958579
8958804
8958920
8959446
8959672
8960472
8960875
8961760
8961932
8962014
8962234
8962804
8962852
8962913
8962929
8962991
8963033
8963339
8963389
8963403
8964036
8964160
8964204
8964274
8964932
8965014
8965450
8965716
8965986
8965989
8966055
8966159
8967070
8967866
8968051
8968084
8968109
8968254
8968426
8968982
8969995
8970381
8970412
8970450
8970683
8971804
8972019
8972378
8972496
8972531
8972898
8973376
8974149
8974267
8974345
8975276
8975347
8976361
8976476
8977536
8977594
8977687
8977706
8977821
8978488
8978537
8979019
8979429
8979660
8980633
8980929
9038665
9039801
9040817
9043861
9045723
9046318
9046327
9051079
9051140
9052105
9055391
9055747
9055861
9055868
9056029
9056152
9056261
9056354
9056537
9056548
9056616
9057565
9058006
9058025
9058106
9058394
9058502
9059434
9059520
9059710
9060047
9060758
9061205
9061656
9062188
9062798
9062899
9063003
9063276
9063740
9063751
9067599
9071034
9074942
9122137
9122160
9122489
9123486
9124368
9124725
9125214
9125218
9125583
9125730
9125832
9125995
9126616
9126763
9126986
9127045
9127836
9127977
9128417
9129055
9129093
9129277
9129548
9129638
9130368
9130404
9130717
9131291
9131868
9132045
9132189
9132574
9132580
9132625
9132838
9133753
9133949
9133979
9134354
9134844
9134916
9135105
9135380
9135465
9135682
9136360
9136411
9136512
9136928
9137091
9137267
9137284
9137402
9137430
9137493
9137552
9138545
9138752
9138947
9139303
9139606
9139663
9140044
9140291
9140630
9140794
9140910
9141036
9141246
9141290
9141375
9141498
9141533
9141607
9141932
9142441
9142541
9142800
9143343
9143466
9143744
9143924
9143985
9144252
9144401
9144740
9144760
9144876
9144916
9145000
9145121
9145819
9146126
9146198
9146670
9146800
9146802
9147218
9147502
9147696
9148754
9148853
9149259
9149521
9149676
9149863
9150053
9150372
9150399
9150439
9198509
9202405
9204311
9252591
9252667
9252711
9252894
9253021
9253182
9253500
9254173
9254719
9255271
9255929
9256022
9256203
9256899
9257374
9257611
9257759
9257807
9258271
9258298
9258535
9259140
9259290
9259636
9259812
9260154
9260156
9260230
9260248
9260653
9260727
9260866
9260951
9260975
9261159
9261163
9261182
9261275
9262234
9262440
9262637
9263649
9263677
9263823
9264161
9264184
9264270
9264283
9264293
9264307
9264375
9264506
9264786
9265019
9265081
9265094
9265143
9265185
9265223
9265661
9265686
9265991
9266374
9266815
9266851
9267020
9267139
9267380
9267479
9267631
9267722
9267837
9267882
9268080
9268084
9268225
9268955
9268974
9269169
9269320
9269464
9270256
9270597
9271609
9272193
9272463
9272495
9272500
9274685
9274914
9274986
9276665
9277039
9277285
9277540
9278433
9312455
9314798
9320141
9321117
9322655
9323117
9323722
9324129
9324698
9324785
9324840
9325010
9325018
9325084
9325304
9325320
9325607
9326332
9326444
9326502
9327116
9327364
9327429
9328144
9328325
9330056
9330073
9330118
9330319
9330590
9330600
9330650
9331002
9331405
9331480
9331586
9331617
9331681
9332139
9332354
9332485
9332747
9332751
9332787
9332994
9333152
9333377
9333743
9333875
9334288
9334408
9334881
9335375
9335463
9335762
9335820
9335877
9336157
9336372
9336654
9336701
9336892
9337017
9337054
9337075
9337219
9337731
9338447
9338582
9338819
9338960
9339114
9339282
9339358
9340586
9340597
9340851
9340880
9341496
9353651
9353775
9354413
9354433
9354975
9355161
9355183
9355330
9355621
9355694
9356306
9356662
9357059
9357566
9357631
9357683
9358033
9358036
9358166
9358611
9359100
9359303
9359585
9360202
9360395
9360401
9360910
9361431
9361440
9361477
9362624
9362802
9363138
9364015
9364035
9364192
9364433
9364706
9364901
9364910
9365209
9365305
9366811
9367102
9367290
9368351
9368935
9369199
9369746
9369779
9370005
9370514
9370938
9371726
9371780
9371797
9379941
9403498
9442916
9442974
9443200
9443291
9443504
9443692
9444088
9444623
9445183
9445387
9445720
9446521
9447170
9447309
9447323
9447327
9447375
9447488
9447893
9448393
9448742
9449279
9449348
9449770
9449987
9450290
9450589
9450959
9450998
9451184
9451372
9451382
9451479
9451869
9452154
9453109
9453536
9453594
9453903
9454157
9454289
9454545
9454631
9454785
9455461
9455586
9455752
9456476
9456868
9457155
9457261
9457597
9457624
9457936
9458488
9458578
9458768
9458802
9458814
9459368
9459643
9459758
9460110
9460399
9460534
9461192
9461390
9462846
9462869
9463122
9463428
9464011
9464396
9464426
9464638
9464771
9465363
9465481
9465512
9465554
9465588
9465599
9465678
9465692
9465755
9465757
9466086
9466415
9466588
9466776
9467045
9467731
9468332
9468536
9468748
9468932
9469012
9469161
9469360
9469411
9469908
9469910
9470083
9470146
9470306
9470497
9470720
9470913
9471111
9471910
9472279
9472716
9472859
9473281
9473470
9473523
9473694
9474173
9474245
9474423
9475089
9475562
9475861
9476693
9476876
9477132
9477574
9477998
9478004
9478081
9478124
9478234
9478301
9478531
9478587
9478841
9478967
9479064
9479292
9479762
9479965
9479970
9480005
9480094
9480507
9480707
9480802
9480843
9480879
9481183
9481318
9481504
9481572
9481753
9482222
9482336
9482518
9482527
9482955
9483207
9483411
9483558
9483590
9483736
9483811
9483906
9484401
9484650
9485011
9485017
9485044
9485672
9486888
9487426
9487573
9487697
9487784
9487971
9488905
9488913
9489065
9489214
9489380
9489736
9490189
9490766
9491389
9491455
9491771
9495830
9501248
9502715
9508897
9509961
9519339
9531614
9531985
9532409
9532448
9532673
9532986
9533085
9533410
9533608
9533691
9533881
9534028
9534081
9534187
9534695
9534796
9534987
9535009
9535433
9535580
9535702
9536367
9536453
9536566
9536856
9536950
9537046
9537491
9538431
9538531
9539221
9539276
9539410
9539628
9539993
9540205
9540382
9540521
9540529
9540666
9540992
9542132
9542375
9542847
9543479
9543541
9543743
9543989
9544006
9544225
9544328
9545004
9545059
9546565
9546693
9546953
9547217
9547477
9547668
9547938
9548098
9548191
9548950
9549300
9549435
9549699
9556964
9558151
9591106
9633022
9633289
9633667
9634507
9634956
9635270
9635539
9635573
9635622
9635743
9636356
9636589
9636677
9637444
9637519
9638077
9638596
9638912
9639421
9639969
9640132
9640300
9640457
9640617
9641073
9641413
9641928
9642292
9642826
9642872
9642947
9644160
9644173
9644451
9644856
9645080
9645438
9645589
9645945
9646143
9646199
9646304
9646346
9646668
9646689
9646861
9646879
9647503
9647682
9647781
9647787
9648827
9649536
9649717
9673093
9673257
9673421
9673445
9673512
9673681
9673858
9673909
9674190
9674229
9674614
9674980
9675080
9675230
9675333
9675338
9675343
9675484
9675735
9676395
9677202
9677247
9677394
9677489
9677737
9677749
9677980
9678496
9678855
9678866
9679065
9679414
9679563
9679741
9680071
9680118
9680186
9680282
9680449
9680451
9680925
9681343
9681617
9681905
9682118
9682260
9682283
9682553
9682645
9682831
9683284
9683662
9683717
9683745
9684173
9684241
9684329
9684335
9684361
9684438
9684461
9684909
9685291
9685956
9686122
9686383
9686856
9687040
9687322
9687438
9688350
9755525
9756678
9761089
9765584
9766003
9767388
9768497
9772625
9774825
9774921
9780107
9780152
9781260
9782648
9785675
9791007
9791582
9817598
9817639
9818059
9818187
9818216
9818665
9818883
9818903
9819072
9819150
9819738
9820294
9820372
9820468
9820726
9821035
9821047
9821183
9821833
9822066
9822632
9822670
9822921
9823115
9823688
9824617
9825267
9825326
9825353
9825732
9825797
9826286
9826426
9827115
9827401
9827558
9828214
9828431
9829087
9829629
9829636
9829668
9830146
9830199
9830577
9830798
9830956
9831900
9832294
9832368
9832536
9832792
9834075
9834204
9834488
9834546
9834695
9834845
9835472
9835503
9835884
9836293
9848937
9849195
9849294
9849974
9849999
9850350
9850461
9852437
9853824
9854075
9854200
9854605
9854733
9854795
9854889
9855488
9855589
9855671
9856364
9857068
9857288
9857682
9857738
9857896
9858095
9858474
9858578
9858982
9859036
9859358
9859367
9860239
9959232
9959434
9959556
9959797
9960306
9960501
9961213
9961322
9961524
9961564
9961835
9962033
9962172
9962272
9962674
9962759
9962926
9963339
9963342
9963746
9964184
9964327
9964527
9964563
9965020
9965158
9965932
9966062
9966266
9968555
9986685
9986794
9987639
9987659
9988358
9988568
9989119
9989406
9989678
9989809
9990101
9990323
9990470
9990665
9990879
9991260
9991559
9991916
9992302
9992550
9993952
9995834
9996839
9997176
9997329
9997352
9997958
10000181
10000328
10002012
10002557
10002821
10004374
10004791
10004930
10005273
10005410
10005653
10005879
10006047
10008579
10010874
10011267
10018039
10018514
10018779
10019880
10021906
10021907
10022616
10022666
10022994
10023066
10023391
10023941
10024096
10024556
10024586
10024877
10025014
10025109
10025597
10025711
10026088
10026215
10027542
10027560
10028937
10028987
10029120
10029343
10029647
10029773
10030923
10031107
10032419
10032517
10032578
10032587
10033250
10033522
10034916
10035092
10036127
10036168
10036364
10036436
10036717
10036769
10037238
10037340
10037344
10037830
10099167
10119864
10119869
10120024
10120593
10120653
10120680
10120716
10121385
10121397
10121439
10121472
10121567
10121586
10121640
10121708
10121806
10121810
10121900
10122031
10122363
10122523
10122608
10122620
10123117
10123742
10123997
10124596
10124919
10125560
10125634
10125702
10125810
10125977
10126112
10126129
10126527
10127118
10127386
10128045
10128592
10128900
10128990
10129061
10129349
10129601
10129728
10129951
10130811
10131148
10131526
10132021
10132363
10132395
10132803
10133051
10133267
10133523
10133817
10133832
10133915
10134748
10135206
10141049
10152107
10196119
10197140
10197479
10198534
10203494
10207959
10208504
10208719
10209430
10210796
10211736
10212728
10212988
10213417
10213444
10213515
10213728
10214019
10214186
10214189
10214233
10214793
10215006
10215583
10215824
10216407
10216940
10217075
10217085
10217132
10217460
10217820
10217971
10218259
10218620
10218728
10218739
10218749
10218753
10219293
10219307
10220199
10220796
10221335
10221414
10221475
10221826
10221906
10222102
10222644
10222849
10222936
10223237
10223558
10223578
10223696
10224655
10224937
10225514
10225794
10226091
10245897
10246350
10246885
10247450
10247674
10247839
10247936
10248531
10249129
10249350
10249834
10249952
10250042
10250922
10251597
10253249
10253367
10254389
10254545
10254799
10254801
10255038
10255254
10255312
10255837
10255931
10255969
10256197
10256269
10257071
10257193
10257401
10258591
10259284
10259638
10259882
10259983
10260429
10260438
10260570
10260665
10260910
10314871
10317712
10324783
10356304
10356444
10357546
10357782
10357806
10358042
10358079
10358183
10358260
10358748
10358945
10358996
10359252
10359373
10359395
10359413
10359560
10359807
10359856
10360187
10360340
10360992
10361118
10361213
10361722
10362042
10362104
10362902
10363015
10363042
10363404
10363631
10363690
10364231
10364670
10364883
10364926
10365463
10365572
10365892
10366312
10367501
10367615
10368059
10368441
10368496
10368649
10368669
10369198
10369727
10369750
10369955
10369987
10369998
10370519
10371085
10371661
10371695
10371777
10372495
10372624
10373739
10467039
10467288
10467308
10467839
10468599
10470944
10472880
10473710
10474569
10475104
10475505
10475829
10476076
10476170
10476833
10477537
10477623
10477652
10478649
10479543
10479548
10479715
10479885
10479930
10480078
10480152
10480288
10480463
10480723
10480823
10480938
10482308
10482515
10482580
10482652
10482745
10484119
10484244
10484353
10484520
10484996
10485101
10485147
10485323
10485360
10485361
10485394
10485697
10485796
10486605
10486649
10486835
10487217
10487390
10487670
10487719
10487885
10488120
10488288
10488319
10488387
10489010
10489215
10489250
10489254
10489260
10489293
10489424
10489476
10489588
10489714
10490260
10490293
10491555
10492014
10492608
10492990
10493155
10493273
10493576
10493660
10493815
10512959
10512991
10514847
10518378
10520722
10521231
10535043
10535204
10536257
10536489
10536782
10536833
10537134
10537220
10537673
10537770
10537783
10537823
10538136
10538463
10538924
10539145
10539225
10539325
10539966
10540157
10540333
10540491
10541034
10541349
10542338
10543499
10543966
10544238
10544569
10544659
10544785
10545061
10545653
10545708
10546043
10547404
10547405
10547435
10547483
10547516
10547561
10547685
10548016
10548189
10548451
10548595
10549058
10549921
10549993
10550031
10550131
10567546
10567602
10621214
10623406
10625065
10631134
10632085
10632241
10632569
10680152
10681360
10682845
10683258
10683856
10684347
10684508
10684575
10684923
10685752
10686511
10686660
10687490
10687556
10688518
10688952
10689306
10689309
10689334
10689496
10689566
10689690
10689802
10764857
10765847
10766064
10767192
10767255
10767567
10767987
10768504
10769848
10770348
10771357
10772478
10774037
10774726
10776910
10805929
10812263
10812276
10813086
10813158
10813994
10814277
10815068
10815588
10816707
10820337
10820368
10820913
10821133
10821956
10823640
10823651
10825942
10826798
10826849
10839306
10841401
10841940
10842682
10842875
10843113
10844161
10844249
10844436
10844462
10844673
10844726
10845370
10846105
10846574
10846700
10846863
10846983
10847407
10847971
10848095
10848203
10848256
10848500
10848897
10849005
10849321
10849999
10850546
10850592
10850829
10851596
10851689
10851793
10852161
10852187
10852195
10852487
10852832
10853064
10853100
10853431
10855232
10855458
10855793
10855835
10856746
10878279
10882559
10882614
10886000
10887037
10888049
10889943
10893047
10893301
10893527
10894366
10894838
10894841
10894892
10895976
10897122
10897475
10897849
10898396
10898668
10900181
10900439
10900466
10901773
10902913
10903509
10903518
10903807
10903900
10905316
10920690
10928222
10954177
10954362
10954838
10955437
10955823
10957019
10957270
10957284
10957335
10958208
10958463
10958689
10958758
10958883
10958901
10958958
10959165
10959401
10959453
10960152
10960544
10960733
10961196
10961320
10961533
10961772
10961919
10962505
10962666
10962936
10963108
10963569
10963726
10963823
10963894
11039073
11040322
11040806
11042019
11046754
11046845
11048309
11093753
11095170
11095727
11099954
11100320
11104627
11106228
11142056
11149578
11150276
11169534
11169959
11171047
11172356
11172439
11173088
11174819
11174859
11178320
11178552
11181668
11182135
11182314
11183210
11184395
11184551
11185587
11187325
11187466
11189103
11189647
11190314
11190549
11190859
11191938
11192011
11192579
11193150
11193423
11193482
11194114
11195333
11196626
11196979
11197073
11199406
11199829
11200417
11200796
11201043
11202237
11202889
11203911
11204055
11205460
11206323
11206932
11207540
11208730
11209781
11210287
11211132
11211728
11211873
11212882
11213089
11214390
11214418
11214464
11214712
11240030
11240212
11240767
11241049
11241061
11241135
11241225
11241324
11241650
11242016
11242219
11242439
11242794
11242810
11242950
11244781
11245651
11245990
11246245
11246363
11246522
11246821
11247003
11248802
11249590
11249876
11249923
11250433
11250908
11250996
11251154
11251234
11251608
11251771
11251817
11252306
11252580
11253370
11253470
11254571
11254892
11255205
11255259
11255600
11255940
11256088
11256135
11256250
11256449
11256693
11256964
11257312
11257478
11257817
11258026
11258185
11258770
11258771
11259334
11259381
11260041
11260164
11260532
11260820
11260847
11260898
11260908
11260960
11261129
11261297
11261637
11261736
11261866
11262935
11263220
11263310
11263369
11263573
11263663
11264292
11264400
11264510
11264768
11264771
11264811
11264819
11265080
11265124
11265924
11265947
11266045
11266333
11266490
11266701
11266708
11266728
11266969
11267518
11268198
11268288
11268799
11268897
11268940
11269159
11269411
11269455
11269632
11269671
11269967
11270236
11270564
11270652
11271077
11271316
11271343
11271362
11271741
11271961
11271991
11272003
11272176
11272565
11272604
11272821
11272822
11272866
11272898
11273131
11273165
11273263
11273273
11273326
11273554
11273612
11273625
11274246
11274297
11274829
11274856
11275003
11288357
11288873
11289017
11289254
11290423
11291263
11291493
11291622
11291683
11291981
11292710
11292808
11292980
11293130
11293168
11293832
11293946
11294126
11294168
11294218
11294219
11294447
11294804
11295555
11295781
11296356
11297669
11298125
11298576
11298913
11298917
11299422
11299724
11372583
11373279
11391480
11393225
11393891
11396945
11400246
11401008
11405040
11405237
11405975
11450465
11456133
11456418
11460475
11460667
11461642
11461733
11462055
11462064
11462121
11462284
11462382
11462989
11463088
11463507
11464075
11464318
11464969
11465125
11465513
11465967
11466083
11467277
11467727
11468363
11469904
11469952
11470000
11471135
11471197
11473140
11473593
11473728
11474887
11475827
11477872
11496941
11496982
11497221
11497230
11497645
11497656
11497694
11497850
11497875
11497915
11498218
11498293
11498332
11498528
11498717
11498753
11499040
11499247
11499355
11499921
11500089
11500280
11500450
11500845
11502360
11502361
11502405
11502432
11502912
11503262
11503297
11503415
11503969
11504047
11504582
11504722
11504779
11505193
11505264
11505425
11505433
11505554
11505671
11506416
11506568
11507060
11507180
11507181
11508558
11508589
11509198
11509500
11509653
11509718
11510089
11510375
11510524
11510605
11510627
11510631
11510652
11510977
11511156
11511538
11511897
11512431
11512708
11512764
11513434
11513825
11514638
11514910
11515126
11515408
11515464
11515611
11515646
11518219
11522345
11525436
11527107
11527631
11527757
11528610
11530436
11530939
11531314
11531768
11532219
11533211
11533245
11533723
11536055
11536248
11536836
11537497
11537549
11537552
11537872
11538514
11538876
11539439
11557491
11557611
11557629
11557884
11558407
11558413
11558530
11558985
11559190
11559334
11559350
11559526
11559531
11559936
11560180
11560303
11560316
11560383
11560439
11560454
11560987
11561119
11561258
11562059
11562165
11562492
11562495
11562585
11563095
11563395
11563758
11563774
11563790
11563966
11563971
11564283
11564479
11564756
11564802
11564876
11565491
11565768
11565957
11566107
11566157
11566732
11566807
11567478
11567560
11568004
11568183
11568219
11568618
11568737
11568854
11569096
11569100
11569248
11569532
11569839
11570051
11570071
11570242
11570308
11570500
11571113
11571339
11571556
11571944
11572158
11572453
11572478
11572679
11573282
11573293
11573448
11573557
11573938
11574001
11574720
11574897
11575130
11575285
11575972
11577135
11577618
11577933
11578960
11579110
11579562
11579733
11579896
11580173
11580541
11581089
11581206
11581254
11583404
11584303
11584388
11585456
11585568
11585793
11586019
11586579
11586652
11586960
11587186
11587315
11587933
11588436
11588534
11588564
11589175
11591218
11591378
11591548
11593296
11595104
11631116
11631130
11631226
11631301
11631659
11631725
11631759
11632374
11632886
11632944
11632990
11633184
11634635
11635602
11635649
11635948
11637018
11637258
11637652
11638020
11638641
11639572
11639584
11640072
11640965
11641507
11641788
11642093
11642148
11642304
11642993
11643379
11643538
11645110
11645466
11646223
11646225
11646635
11648430
11650473
11652019
11652843
11653144
11654558
11655347
11656664
11658080
11659127
11661460
11663164
11731405
11732143
11732291
11732767
11732850
11732877
11733179
11733441
11733854
11734004
11734025
11734333
11734922
11735152
11735407
11735535
11735549
11735591
11735654
11735837
11735850
11735943
11736283
11736400
11736562
11736781
11736891
11737005
11737177
11737236
11737250
11737815
11737952
11738404
11738750
11738810
11739074
11739456
11739787
11740080
11740187
11740328
11740425
11740729
11740745
11740917
11741006
11741140
11741253
11741479
11742103
11743125
11743281
11743477
11743542
11743904
11743929
11744070
11744100
11744745
11744918
11745133
11745311
11745931
11746304
11746711
11746903
11746985
11747147
11747181
11747598
11748520
11749049
11749678
11765928
11769148
11769804
11769895
11816978
11817231
11817403
11817682
11818174
11818425
11818630
11818676
11818690
11819264
11819971
11820322
11820619
11820986
11820998
11821819
11823113
11823115
11823765
11824462
11825344
11825455
11826251
11827019
11827135
11827375
11827638
11827658
11828496
11828994
11829636
11829725
11829801
11830120
11831909
11833006
11834230
11834468
11834479
11834589
11835348
11836292
11836959
11852989
11931428
11931983
11932457
11932580
11933198
11934175
11934207
11934666
11934689
11934769
11935072
11937669
11937831
11939667
11940598
11940948
11941672
11942569
11942751
11943029
11943302
11944381
11944511
11944817
11944929
11946166
11946242
11948337
11950902
11950948
11951080
11951218
11951269
11951277
11951599
11951600
11951651
11951663
11951701
11951823
11951953
11951992
11952240
11952479
11952687
11952909
11953207
11953260
11953533
11954205
11954421
11954501
11954772
11955102
11955714
11956106
11956161
11956309
11956393
11956954
11957113
11957495
11957615
11957716
11958081
11958127
11958273
11958416
11958870
11958880
11959283
11959428
11960231
11960419
11960547
11960782
11960858
11961198
11961225
11961467
11961642
11961645
11961717
11961768
11961810
11961920
11961949
11962147
11962317
11962939
11963024
11963126
11963153
11963282
11963452
11964095
11964445
11964508
11964571
11964618
11965305
11965653
11965657
11965719
11965837
11966031
11966751
11966898
11967741
11967753
11968468
11968490
11968760
11968794
11969628
11982351
11989142
11989154
11990078
11990346
11991214
11991498
11992592
11992971
11993820
11994000
11994093
11994115
11994239
11995014
11996071
11997235
12001458
12005033
12010036
12015369
12015655
12017780
12051786
12086314
12087216
12087315
12087858
12087935
12088154
12089212
12089346
12089356
12089750
12089771
12090569
12091655
12092347
12092473
12092900
12093096
12093246
12094422
12094820
12095009
12095088
12095455
12095490
12095761
12095763
12096238
12096410
12096833
12096976
12097073
12097265
12097420
12097678
12098207
12098245
12098508
12098588
12098907
12098974
12099302
12099367
12099393
12100419
12100516
12100602
12100770
12101824
12102639
12102675
12103018
12103190
12103739
12105042
12105104
12105310
12105708
12106345
12106602
12107103
12107560
12107658
12107822
12108015
12108099
12108157
12108836
12108933
12108987
12109093
12109509
12109603
12109762
12109810
12109962
12110015
12110343
12110601
12110773
12111381
12111531
12111755
12111888
12111973
12112003
12112037
12113233
12113277
12113343
12113351
12114041
12114350
12114618
12114855
12115053
12115681
12115812
12115933
12116390
12117057
12117175
12117440
12117653
12117813
12117831
12117888
12118771
12118855
12118948
12119144
12119362
12119409
12119553
12119618
12120354
12120570
12121111
12121187
12121323
12121475
12121961
12122048
12122238
12122731
12122738
12122775
12123004
12123019
12123373
12123390
12123585
12123792
12123853
12123867
12126879
12265432
12265885
12265980
12266344
12266507
12266587
12266994
12267728
12267981
12267996
12268064
12268314
12268748
12268845
12269067
12269491
12269974
12270429
12270431
12270571
12270952
12270971
12271294
12271413
12271969
12272171
12272723
12273353
12273383
12273879
12273887
12274266
12274655
12274854
12274878
12276208
12276259
12276392
12276507
12276632
12276639
12276735
12277339
12277568
12278094
12278574
12278848
12279198
12279344
12279399
12279420
12279505
12279567
12279666
12279841
12280123
12280316
12280465
12280470
12280684
12280687
12280976
12281313
12281843
12281922
12282224
12282683
12282882
12283032
12283123
12283291
12284363
12284698
12285403
12286508
12286536
12286863
12287300
12287451
12288633
12288811
12289526
12290493
12290582
12290844
12291351
12291692
12291727
12292089
12292270
12292288
12292344
12293588
12333096
12348364
12348670
12348740
12349229
12349472
12349645
12349839
12351862
12352010
12352089
12352539
12353216
12353232
12353517
12354332
12354799
12355609
12355610
12355669
12356396
12356401
12356860
12357083
12357472
12357494
12358683
12360551
12360686
12360702
12360756
12361010
12361716
12361751
12362405
12362754
12363171
12366583
12372459
12376260
12377023
12381001
12383782
12387711
12395276
12395361
12395387
12395508
12395516
12395946
12396200
12396562
12397360
12397446
12397619
12398477
12399093
12399189
12399517
12400245
12400365
12400525
12400744
12400795
12401122
12401186
12401587
12401633
12402219
12402239
12402325
12402422
12402841
12403078
12403183
12404055
12404097
12404553
12404594
12404727
12404743
12404895
12406321
12406524
12406528
12406749
12406888
12407028
12407542
12407547
12407732
12407750
12407819
12408168
12408226
12408237
12408928
12409169
12409491
12409768
12410065
12410134
12410423
12410445
12410750
12410967
12411232
12411826
12412059
12412304
12412540
12412591
12413171
12413236
12413446
12413655
12413667
12413950
12413958
12413975
12414003
12414453
12415354
12415577
12416114
12416205
12416396
12416399
12416596
12416684
12416746
12417132
12417667
12418075
12418344
12418425
12418539
12418606
12418716
12419129
12419503
12419738
12419947
12419997
12420017
12420437
12420594
12421001
12421804
12422734
12422782
12422949
12423208
12423292
12423690
12423869
12424198
12424246
12424603
12424687
12424789
12425486
12425732
12425957
12430587
12445423
12446638
12446674
12446721
12446892
12446959
12447020
12447129
12447135
12447370
12447491
12447586
12447653
12447695
12447923
12448219
12448564
12448655
12449051
12449223
12449339
12449354
12450284
12450402
12450581
12450763
12450806
12451526
12451536
12451698
12452040
12453191
12453234
12453435
12454280
12454377
12454683
12454887
12454950
12455158
12455240
12455896
12455966
12456215
12456748
12457136
12457460
12458297
12458490
12458921
12458936
12459058
12459597
12459944
12460107
12460410
12460707
12460789
12461713
12466674
12492089
12492121
12492470
12492498
12492609
12492780
12492800
12493118
12494083
12494611
12494727
12495191
12495435
12495728
12496453
12496520
12497238
12497266
12497373
12497681
12497727
12497998
12498034
12498067
12498605
12498825
12498966
12499243
12500254
12500328
12500759
12500774
12500864
12501225
12501306
12501336
12501340
12501399
12501582
12501636
12501694
12501736
12502059
12502521
12502620
12502797
12503892
12503996
12504912
12505133
12505342
12505708
12505952
12506053
12506323
12506440
12506557
12510108
12510231
12667044
12686822
12695292
12695308
12695394
12695566
12695888
12696373
12696378
12697028
12697030
12697240
12698011
12698093
12698341
12698419
12698635
12698912
12699319
12699325
12699937
12700270
12700423
12700578
12700580
12700601
12700740
12701418
12701570
12701689
12701717
12701744
12701826
12702318
12702594
12703351
12703478
12703626
12703713
12703763
12703956
12704044
12704562
12704635
12704707
12704738
12705143
12705225
12705233
12705471
12705982
12706056
12706377
12706406
12706842
12706996
12707005
12707296
12707299
12707666
12707845
12708062
12708356
12708445
12708624
12708731
12708805
12708838
12709132
12748706
12748791
12748837
12749359
12749657
12749936
12750452
12750974
12751638
12751740
12752791
12753342
12753662
12753752
12753884
12754216
12754565
12756074
12756567
12756782
12757674
12758184
12758356
12758808
12759570
12760845
12761287
12761492
12763301
12764124
12784729
12907402
12907517
12907690
12907705
12908361
12908726
12908930
12909156
12909407
12909566
12909655
12910142
12910145
12910688
12910973
12911347
12911734
12911766
12911861
12911871
12912320
12912348
12913511
12913599
12913938
12914048
12914721
12915436
12915574
12915617
12916292
12916701
12916935
12917026
12917439
12917462
12917909
12918073
12918275
12918389
12918454
12922090
12936160
12936749
12937956
12938032
12938196
12938473
12938929
12939332
12939433
12939534
12940587
12940624
12940815
12940898
12941074
12941227
12941958
12942724
12942892
12943221
12943497
12943659
12943857
12944047
12944294
12945149
12945431
12945685
12946433
12946436
12946776
12947140
12947340
12947357
12947375
12947835
12947938
12947972
12948695
12948796
12949862
12986964
12987075
12987118
12987153
12988959
12989124
12989743
12989838
12990110
12990257
12990645
12990647
12991475
12991916
12992173
12992214
12992706
12993006
12993296
12993316
12993642
12994049
12994369
12994524
12994847
12995635
12995710
12997979
13155948
13162303
13162842
13163385
13163516
13165649
13167635
13168102
13168308
13168376
13168617
13169115
13170102
13189848
13194081
13202497
13212474
13287990
13291073
13323073
13323347
13324909
13325545
13325555
13325619
13326359
13326411
13326878
13327097
13327368
13327615
13327765
13327916
13327958
13328145
13328479
13328490
13328844
13329965
13329981
13330078
13331300
13331339
13331674
13331701
13332101
13332679
13335879
13371433
13372036
13373400
13373414
13378139
13379005
13379799
13381108
13381420
13381521
13383484
13383967
13384396
13385049
13386535
13387220
13387478
13388449
13388478
13388783
13389402
13390158
13390730
13391100
13393823
13394032
13394608
13394780
13395778
13397003
13397278
13398260
13399147
13400542
13400635
13401593
13401985
13402658
13404776
13409548
13429709
13429980
13431589
13432295
13435194
13453409
13453568
13454252
13454452
13454593
13455029
13455097
13455232
13455880
13455928
13456352
13456876
13457017
13457062
13457420
13458222
13458408
13458780
13458834
13459796
13459862
13460185
13460384
13460448
13460591
13460617
13460909
13461264
13461314
13461572
13461863
13462072
13462141
13462407
13462700
13462980
13463276
13463320
13464202
13464671
13465282
13467584
13467995
13468393
13469330
13470213
13471793
13476636
13477769
13488870
13489465
13490199
13490528
13491960
13492107
13492157
13492196
13493221
13493674
13493928
13494045
13494320
13495229
13495510
13496245
13496398
13496874
13497003
13497339
13497659
13498216
13498598
13498711
13498773
13499674
13500150
13501015
13501821
13501953
13502263
13502564
13502954
13503426
13503578
13504369
13505445
13506051
13519231
13519236
13520135
13520140
13520796
13521139
13521199
13521715
13521943
13522387
13522767
13522937
13523116
13523472
13523514
13523808
13523835
13524105
13524492
13524516
13524714
13525537
13525724
13526015
13526062
13526575
13526636
13526681
13527054
13527342
13527407
13527455
13527617
13527754
13527882
13528347
13528367
13528725
13529672
13529846
13530294
13530316
13530382
13530445
13530512
13536026
13545179
13545297
13545406
13545466
13545507
13545856
13545978
13546053
13546618
13546696
13547187
13547255
13547303
13547782
13547932
13548592
13548999
13549926
13549938
13550233
13550761
13551194
13551559
13551641
13552068
13552157
13552604
13552653
13552700
13552773
13553084
13553508
13553989
13554013
13554184
13554213
13554384
13554844
13555237
13555458
13556438
13556874
13556883
13557376
13558847
13559104
13559603
13559702
13560089
13560226
13560548
13560600
13560622
13560750
13561106
13561625
13561657
13561784
13562233
13562667
13562668
13563123
13563703
13563790
13564076
13564079
13564585
13564676
13564870
13565200
13565434
13565535
13565581
13565857
13566001
13567206
13567372
13567456
13567526
13567974
13568068
13568245
13568342
13568948
13569228
13569255
13569477
13569820
13570323
13570440
13570667
13570790
13571026
13571237
13571507
13571542
13571944
13571959
13572163
13572361
13572556
13572731
13572941
13573471
13573538
13573605
13573866
13574041
13574663
13574993
13575004
13575038
13575057
13575189
13575724
13576045
13576499
13577182
13577244
13577455
13578567
13578605
13578698
13578715
13579401
13580193
13587108
13587195
13588086
13588607
13592611
13597051
13597391
13622659
13623075
13623233
13623417
13624040
13624216
13624347
13624392
13624707
13625661
13626528
13627222
13627243
13627363
13627480
13627529
13627583
13627638
13627675
13628483
13629037
13629173
13629517
13629723
13630027
13630064
13630232
13630280
13630714
13630877
13630889
13631124
13631398
13631519
13632159
13632405
13632934
13633330
13789046
13789104
13795681
13898278
13898495
13898763
13898967
13899324
13899563
13899710
13899804
13899937
13900075
13900605
13901092
13901095
13901161
13901176
13901756
13901778
13901864
13901891
13902101
13902352
13902543
13902951
13903480
13903491
13903774
13903857
13904850
13905369
13905655
13905730
13906154
13906796
13907370
13907393
13907666
13908069
13908414
13908542
13908967
13909457
13909520
13909711
13909979
13910184
13910262
13910453
13910618
13910627
13910831
13911548
13911794
13912582
13912775
13912837
13913085
13913289
13913897
13917466
13917928
13920869
13921010
13930738
14163130
14163248
14164128
14164318
14164729
14165084
14165130
14165250
14165338
14165823
14166099
14166207
14166412
14166838
14166880
14167280
14167331
14168082
14168193
14168391
14168842
14169565
14169726
14170192
14170985
14171118
14172066
14172532
14172737
14172848
14173324
14173805
14174054
14174587
14174665
14174736
14174850
14174978
14174981
14175101
14176163
14176354
14176897
14177292
14177660
14177882
14178142
14179886
14180007
14180196
14180520
14180901
14181107
14181358
14181359
14182645
14182697
14183219
14184420
14184492
14185543
14185879
14186452
14187159
14189514
14190096
14190253
14190562
14191872
14192391
14192879
14193946
14195352
14211653
14213146
14213308
14213434
14214229
14214338
14214745
14215383
14215527
14216052
14216250
14217161
14217208
14217380
14217627
14217809
14217933
14218514
14218614
14219001
14219364
14219838
14220013
14220060
14221045
14221337
14221339
14221422
14222140
14222343
14222499
14223110
14223156
14224460
14225318
14225881
14226268
14226432
14227254
14227737
14228501
14228684
14229471
14230539
14230614
14231541
14231613
14231738
14234631
14235726
14236377
14237307
14237715
14238143
14238166
14238217
14238741
14239334
14239650
14239689
14239786
14240817
14241249
14241515
14244567
14244619
14295697
14299968
14331975
14331988
14335169
14335391
14348824
14349131
14349355
14349588
14350049
14350412
14350566
14350786
14350802
14351832
14352487
14353002
14353367
14353463
14354425
14354947
14355234
14355252
14355280
14355290
14355464
14356349
14356911
14357112
14357713
14357932
14357959
14358113
14358238
14358452
14358623
14358896
14359167
14359911
14360243
14360405
14360437
14360532
14361264
14361411
14361917
14362274
14362298
14362584
14363217
14363625
14365009
14365461
14365844
14365846
14368708
14371043
14377234
14377610
14378034
14378271
14378370
14378456
14378979
14379323
14379539
14379711
14379941
14380108
14380188
14380419
14380475
14380486
14381254
14381373
14381451
14381461
14381944
14382672
14383722
14383954
14384781
14384953
14385956
14386249
14386391
14386583
14387283
14387579
14388131
14388137
14388314
14389712
14390201
14391056
14391446
14391767
14392174
14392796
14392980
14393075
14393333
14393556
14393654
14393845
14394135
14394259
14394363
14395013
14395333
14396836
14396883
14397141
14397285
14397500
14397636
14398207
14398969
14399035
14400356
14400610
14401062
14401250
14401801
14402020
14402523
14403115
14403243
14404724
14405093
14405277
14405561
14406078
14406233
14406646
14414049
14443132
14518781
14526847
14527508
14527895
14528611
14534163
14534264
14535141
14536630
14536910
14538002
14538008
14540094
14542946
14543327
14545188
14588607
14588608
14588622
14589878
14590515
14590542
14591188
14591514
14592949
14594291
14595215
14595275
14595309
14598538
14598925
14599206
14599239
14599710
14600377
14600398
14600511
14600904
14600954
14601050
14601204
14601536
14601641
14601781
14602119
14602687
14603173
14603418
14603661
14603820
14603947
14604090
14604105
14604594
14605103
14605190
14605557
14605731
14605815
14606306
14606413
14606481
14606550
14606950
14607089
14607439
14607442
14607650
14607693
14607784
14607872
14607974
14608829
14609130
14609267
14609357
14609395
14609622
14609834
14610476
14610708
14610738
14610852
14610939
14611153
14611911
14612845
14613518
14616460
14621348
14623720
14626105
14629844
14636547
14689981
14689997
14690552
14690976
14691014
14691668
14691697
14692056
14692505
14692537
14692544
14692789
14692903
14693395
14693539
14693871
14694035
14694057
14694777
14695228
14695297
14695396
14695409
14695434
14695540
14696001
14696044
14696198
14696714
14696760
14696881
14697204
14697281
14697450
14697537
14697626
14697796
14698305
14698634
14700042
14700389
14700646
14700982
14701083
14701291
14701296
14702090
14702699
14702982
14703056
14703234
14703357
14703390
14703789
14704080
14704341
14704581
14704652
14704849
14705354
14706264
14710763
14718781
14719020
14719262
14720682
14720936
14724260
14725110
14726469
14727677
14727706
14728921
14729260
14729676
14730675
14731241
14738464
14761785
14761996
14762012
14762200
14762667
14762766
14762914
14763308
14763552
14763642
14763687
14763894
14764360
14764453
14764687
14765245
14765308
14765437
14765627
14765682
14765737
14765902
14766126
14766189
14766587
14767396
14767514
14767680
14768629
14769122
14769245
14769481
14769887
14770230
14770511
14771029
14809886
14837089
14838412
14838570
14839485
14844431
14846744
14848344
14848766
14849323
14849968
14851799
14889645
14890781
14891457
14891469
14891519
14891530
14892359
14892569
14892805
14892821
14892847
14892908
14893017
14893155
14893466
14893955
14893957
14894231
14894561
14895213
14895475
14895771
14896166
14896172
14896261
14896328
14896484
14896689
14896779
14897430
14897449
14897473
14897479
14897760
14898114
14898240
14898833
14898922
14898986
14898999
14899335
14900309
14900418
14900452
14901617
14901689
14901808
14902298
14902299
14902672
14902693
14902901
14905893
14937296
14937399
14937713
14937719
14937959
14938238
14939033
14939717
14939785
14940198
14940271
14940302
14940477
14940626
14940633
14940686
14941031
14941082
14941167
14941948
14942025
14942030
14942053
14942187
14942199
14942231
14942264
14942357
14942482
14942492
14942761
14942908
14943019
14943234
14943521
14943803
14943854
14944023
14944814
14945112
14946037
14946086
14946662
14946786
14947415
14947476
14947830
14947882
14948015
14948229
14948525
14948670
14948707
14949164
14949565
14949648
14949713
14949990
14950212
14950430
14950973
14951166
14951478
14951753
14952827
14952837
14952987
14953142
14953413
14953877
14953981
14954006
14954111
14954115
14954124
14954125
14954157
14954343
14954712
14954949
14955241
14955715
14955831
14955913
14956224
14956366
14958782
14959810
14994488
14994556
14996213
14997094
14997124
14997232
14998187
14998935
14999549
15000411
15000937
15001566
15003697
15003736
15003833
15004332
15006351
15006404
15006602
15006786
15007681
15008835
15009723
15010230
15010709
15011848
15012342
15012482
15013083
15015905
15017118
15085780
15085907
15094149
15094391
15097580
15099178
15100623
15102531
15103414
15108016
15202469
15204363
15205978
15206412
15209343
15215178
15217750
15237392
15239550
15239790
15245597
15246070
15246780
15247077
15319493
15319698
15319863
15323796
15325374
15329208
15416212
15416397
15416616
15416618
15416859
15417879
15418461
15418965
15419111
15419150
15420205
15420410
15420528
15420743
15420980
15421103
15421300
15421358
15421691
15421883
15422531
15422574
15422640
15422646
15422872
15423263
15423591
15423731
15423961
15424210
15424228
15424889
15425154
15425317
15425364
15425382
15425420
15425739
15426020
15426071
15426354
15426642
15427127
15432842
15444872
15445686
15446593
15448359
15449203
15450283
15450884
15453579
15454728
15456325
15456886
15457371
15457430
15457772
15458208
15458324
15458349
15458893
15459669
15459703
15460995
15461577
15462642
15463111
15463135
15463378
15464104
15464430
15464879
15465408
15465551
15465771
15465922
15466269
15468011
15468481
15468675
15468933
15469987
15470200
15470703
15471239
15472643
15472837
15473228
15474077
15474312
15474644
15475136
15475776
15476202
15476393
15476864
15478331
15478892
15480769
15481731
15481820
15482239
15483298
15484159
15485154
15486270
15488950
15537416
15559201
15559432
15559967
15560119
15560312
15561778
15563059
15564305
15565681
15566126
15568128
15570974
15573741
15581398
15625729
15651160
15651348
15651429
15652668
15655122
15655308
15657026
15657435
15657495
15659637
15659959
15662265
15665733
15666560
15666763
15667032
15699510
15699765
15705021
15705194
15705208
15705782
15706095
15707466
15708141
15709539
15713140
15763249
15763913
15775357
15775434
15775806
15776104
15776738
15777006
15777042
15777232
15777453
15777532
15777822
15778243
15778669
15779209
15779277
15779413
15779465
15780168
15780518
15781164
15781176
15781335
15781445
15781550
15781951
15782191
15782278
15782768
15783037
15783190
15783346
15783526
15783679
15783791
15783794
15784199
15785110
15785439
15786462
15807786
15819363
15828116
15833885
15834002
15834591
15836866
15837319
15838619
15843083
15843343
15844860
15845548
15846058
15846841
15847910
15847955
15848614
15849155
15849419
15849612
15849666
15849870
15850413
15850445
15850459
15850489
15851025
15852301
15852852
15853955
15854229
15854306
15854402
15854461
15854468
15854689
15854742
15855003
15855039
15855482
15855761
15856856
15856871
15856977
15857164
15857613
15857795
15858109
15858537
15859704
15859774
15861205
15865738
15892815
15892922
15893587
15894023
15895031
15895308
15896263
15896884
15897165
15900099
15900164
15900358
15900426
15900770
15901032
15901268
15901609
15902094
15902536
15902609
15903144
15903389
15903767
15904340
15905612
15906060
15906630
15907078
15908054
15908893
15908957
15909020
15909048
15909454
15910510
15910829
15911002
15911358
15911523
15911639
15911798
15912077
15912127
15912128
15912459
15913345
15913407
15913733
15913792
15913847
15913942
15914135
15914180
15914422
15914753
15914813
15914881
15914983
15915372
15915573
15916282
15916943
15917093
15918014
15918331
15918603
15919008
15919724
15919893
15920130
15920156
15920626
15921444
15921524
15921624
15921772
15921841
15922138
15922349
15922456
15922641
15923735
15923992
15927066
15928076
15955597
15957729
16026655
16027940
16028494
16028811
16030087
16031624
16031781
16032032
16034018
16034234
16034483
16035348
16038179
16040352
16051132
16138794
16139140
16140843
16142844
16143616
16145029
16145080
16146682
16147486
16148669
16151210
16151241
16152201
16153282
16153351
16153688
16157077
16163047
16176079
16179343
16183474
16184308
16196734
16324556
16324734
16325043
16325051
16325122
16325132
16325650
16326049
16326175
16326266
16326904
16327105
16327144
16327699
16327824
16328039
16328329
16328384
16328548
16328608
16328966
16329009
16329066
16329162
16329298
16329391
16329572
16329579
16329781
16329871
16330083
16330181
16331258
16331326
16331492
16331575
16331627
16332284
16332488
16333216
16333808
16333916
16336401
16337431
16337552
16337602
16337945
16339181
16341305
16341773
16408487
16408517
16408745
16408864
16409118
16409140
16409255
16410184
16410635
16410960
16410967
16411249
16412318
16412409
16412695
16412817
16413266
16414435
16416449
16417097
16417118
16417222
16417294
16417530
16417885
16419052
16422003
16422145
16428904
16431878
16432022
16450835
16451124
16451935
16454434
16454727
16456109
16456583
16456671
16457913
16459123
16459416
16460291
16463779
16482061
16504766
16511182
16513846
16514197
16519926
16693414
16695284
16695391
16695571
16695751
16695998
16696129
16696482
16697216
16698610
16698841
16699366
16699525
16699538
16700003
16700124
16700294
16701609
16701669
16701898
16701962
16702472
16702600
16702700
16702765
16702995
16703243
16703528
16703689
16703694
16704515
16704541
16704958
16705027
16705215
16705989
16706359
16706488
16706807
16706991
16707416
16707660
16707869
16708223
16708654
16709141
16709257
16709266
16709356
16709952
16711436
16713972
16779863
16784075
16785224
16787431
16797270
16816317
16816792
16818393
16819085
16819252
16819408
16820414
16821583
16821735
16822515
16825673
16826805
16827315
16828891
16832164
16833295
16850738
16919063
16920037
16922291
16923129
16923598
16928201
16929096
16930067
16931247
16931366
16932225
16934160
16935719
16935993
16937712
16938489
16938585
16938960
16939639
16940281
16940676
16941747
16945378
16946819
16947976
16950732
17048893
17049407
17050858
17051919
17052313
17053039
17053164
17053313
17054471
17054542
17056429
17057871
17058079
17059631
17059811
17062053
17065176
17147344
17155381
17211709
17217991
17219249
17293113
17293503
17293594
17294193
17294351
17294568
17295787
17296288
17296667
17297681
17297985
17298440
17299168
17300256
17300652
17300756
17300921
17301254
17302061
17303282
17304300
17304418
17304576
17305168
17310352
17311472
17430218
17501979
17502470
17503049
17506023
17506269
17506785
17506910
17507198
17507438
17507446
17507735
17509034
17510709
17512786
17513574
17521134
17553278
17553364
17561210
17567731
17596165
17596312
17596766
17596950
17598684
17599244
17600453
17600513
17600573
17601142
17602574
17603660
17603680
17603908
17604453
17604726
17604757
17604773
17610822
17610935
17643859
17643972
17644001
17644003
17644698
17644827
17645541
17645981
17646203
17646581
17646615
17646960
17647135
17647150
17647261
17647502
17647822
17648229
17648260
17648624
17648654
17648824
17649523
17649766
17650850
17650867
17650902
17651192
17651256
17651494
17651673
17651694
17651999
17652430
17652608
17652801
17652856
17652935
17653174
17653386
17653661
17653732
17654028
17654095
17654446
17654678
17654738
17655067
17655144
17655262
17655492
17655504
17655738
17655995
17656042
17656075
17656165
17656290
17656643
17657105
17657221
17657319
17657457
17657507
17657803
17658340
17658396
17658957
17659189
17659216
17659478
17660050
17660509
17660657
17660684
17660980
17661111
17665521
17667203
17667845
17676778
17676793
17678183
17678187
17678310
17678398
17678720
17680032
17680127
17680507
17680616
17681675
17682223
17682314
17683164
17683661
17683946
17684452
17684470
17684596
17684968
17685375
17685719
17691740
17695940
17697805
17705541
17743555
17751412
17776828
17777841
17779602
17779978
17780683
17782280
17782640
17782961
17785107
17785189
17785747
17786082
17787030
17789481
17790951
17914916
17915129
17963184
17964533
17964790
17967664
17967740
17968018
17968282
17976166
17976236
18013038
18013387
18013703
18014606
18015630
18015641
18015738
18015984
18016647
18016776
18016862
18018385
18018409
18018813
18018816
18018826
18019227
18019682
18019962
18019988
18020445
18020645
18021209
18021265
18021608
18021860
18022504
18022607
18022804
18022875
18025244
18025636
18025895
18025911
18026292
18026300
18026488
18028125
18029231
18029761
18042950
18043840
18044759
18045779
18046162
18046199
18047743
18048914
18049287
18049572
18050630
18050760
18051438
18051859
18052073
18052316
18052993
18053007
18053516
18053846
18053978
18054066
18055348
18055390
18056242
18057780
18058439
18058461
18058546
18060947
18063036
18064666
18064869
18067793
18070293
18070485
18070604
18070846
18073732
18073938
18084975
18090671
18092153
18092331
18092724
18093233
18093698
18093942
18094268
18094550
18095030
18095358
18095371
18095421
18095743
18095998
18096074
18096241
18096316
18096488
18096543
18096609
18096698
18096876
18096941
18097167
18097212
18097282
18097382
18097629
18097657
18098057
18098845
18098914
18099246
18099291
18099776
18099996
18100565
18100635
18100660
18101321
18101860
18102243
18102593
18102596
18102822
18103615
18103714
18103761
18103800
18103992
18104214
18105505
18106120
18111258
18124850
18125349
18125419
18125426
18125649
18125667
18126062
18126309
18126446
18126612
18127063
18127506
18127524
18127581
18127720
18127806
18127975
18128129
18128469
18128821
18128833
18129378
18129520
18129554
18129696
18129744
18129933
18130015
18130076
18130124
18130754
18130763
18130870
18131288
18131329
18131568
18131793
18132026
18132174
18132282
18132703
18132704
18133151
18134079
18134771
18135340
18135668
18135671
18136531
18138551
18141611
18141836
18162205
18171572
18207256
18218604
18274661
18332942
18333421
18334704
18335015
18335137
18335888
18337378
18337745
18338591
18338939
18339259
18339716
18339961
18340483
18341033
18341873
18342229
18343002
18343367
18343534
18343582
18343681
18344210
18344219
18344416
18344519
18344601
18345168
18345580
18348161
18348376
18348387
18348673
18349245
18349644
18349954
18350545
18350963
18351302
18351378
18352268
18354249
18355507
18370652
18386154
18386318
18387428
18389409
18389724
18390310
18391621
18391767
18392243
18392826
18393957
18394386
18394694
18395871
18395969
18466432
18466436
18466898
18467189
18468057
18469207
18469214
18469508
18470364
18470719
18470726
18471926
18474410
18474499
18474666
18475055
18475406
18476375
18476971
18477296
18480302
18480680
18481059
18511378
18534777
18537219
18537492
18537568
18537957
18538212
18540094
18540184
18541890
18544743
18545193
18545339
18545443
18547413
18548583
18548589
18548699
18550485
18553858
