8.0
16.0
9.0
0.0
14.0
3.0
17.0
6.0
0.0
1.0
3.0
10.0
16.0
9.0
16.0
13.0
13.0
4.0
1.0
22.0
35.0
34.0
38.0
22.0
24.0
33.0
38.0
35.0
28.0
39.0
20.0
26.0
32.0
31.0
39.0
30.0
30.0
32.0
33.0
34.0
27.0
28.0
22.0
27.0
31.0
24.0
22.0
22.0
21.0
24.0
35.0
21.0
34.0
26.0
29.0
31.0
29.0
39.0
44.0
53.0
56.0
51.0
42.0
50.0
48.0
53.0
54.0
61.0
68.0
64.0
63.0
68.0
61.0
79.0
67.0
65.0
90.0
94.0
101.0
117.0
112.0
116.0
100.0
115.0
110.0
104.0
115.0
130.0
128.0
123.0
128.0
126.0
135.0
136.0
122.0
131.0
156.0
145.0
144.0
153.0
176.0
178.0
163.0
175.0
174.0
173.0
173.0
174.0
179.0
193.0
189.0
213.0
210.0
202.0
201.0
216.0
215.0
214.0
201.0
214.0
221.0
235.0
234.0
230.0
232.0
231.0
235.0
226.0
232.0
256.0
245.0
240.0
246.0
278.0
275.0
269.0
264.0
272.0
271.0
278.0
272.0
266.0
292.0
284.0
289.0
288.0
302.0
301.0
317.0
307.0
320.0
337.0
331.0
323.0
327.0
320.0
320.0
332.0
320.0
343.0
348.0
358.0
341.0
373.0
370.0
374.0
374.0
365.0
370.0
376.0
374.0
369.0
381.0
397.0
389.0
398.0
413.0
402.0
402.0
415.0
439.0
424.0
429.0
434.0
426.0
430.0
437.0
426.0
423.0
454.0
453.0
456.0
451.0
457.0
453.0
451.0
446.0
446.0
473.0
465.0
467.0
470.0
485.0
494.0
486.0
495.0
517.0
511.0
515.0
503.0
506.0
519.0
516.0
518.0
513.0
537.0
522.0
531.0
523.0
524.0
537.0
530.0
532.0
537.0
555.0
546.0
558.0
557.0
546.0
541.0
548.0
540.0
544.0
565.0
578.0
572.0
577.0
566.0
560.0
564.0
560.0
576.0
593.0
590.0
582.0
582.0
604.0
618.0
601.0
608.0
608.0
601.0
616.0
606.0
607.0
631.0
631.0
634.0
631.0
636.0
630.0
622.0
638.0
634.0
648.0
644.0
644.0
652.0
674.0
661.0
668.0
671.0
672.0
666.0
663.0
675.0
672.0
687.0
699.0
685.0
694.0
695.0
691.0
697.0
688.0
687.0
711.0
715.0
714.0
712.0
721.0
736.0
739.0
729.0
737.0
730.0
723.0
723.0
725.0
749.0
743.0
745.0
746.0
741.0
757.0
746.0
757.0
745.0
757.0
751.0
742.0
742.0
757.0
746.0
748.0
758.0
757.0
742.0
755.0
748.0
750.0
741.0
749.0
749.0
743.0
752.0
740.0
754.0
751.0
754.0
755.0
740.0
747.0
752.0
744.0
746.0
748.0
754.0
742.0
747.0
745.0
745.0
741.0
746.0
748.0
742.0
751.0
749.0
744.0
755.0
756.0
747.0
750.0
754.0
740.0
744.0
752.0
747.0
741.0
745.0
749.0
741.0
757.0
741.0
753.0
741.0
751.0
749.0
779.0
770.0
769.0
761.0
762.0
763.0
778.0
769.0
770.0
775.0
779.0
771.0
774.0
770.0
774.0
767.0
779.0
765.0
773.0
779.0
760.0
774.0
761.0
764.0
777.0
779.0
775.0
771.0
761.0
793.0
795.0
793.0
783.0
780.0
795.0
782.0
794.0
788.0
800.0
816.0
809.0
804.0
805.0
810.0
814.0
810.0
818.0
816.0
809.0
814.0
806.0
800.0
817.0
810.0
817.0
818.0
805.0
819.0
804.0
813.0
811.0
816.0
803.0
812.0
803.0
819.0
819.0
816.0
818.0
812.0
804.0
803.0
810.0
805.0
810.0
800.0
805.0
811.0
819.0
819.0
804.0
804.0
807.0
812.0
804.0
800.0
803.0
829.0
836.0
824.0
820.0
821.0
826.0
832.0
825.0
828.0
821.0
828.0
821.0
821.0
828.0
838.0
831.0
828.0
830.0
827.0
842.0
847.0
853.0
847.0
840.0
840.0
844.0
844.0
850.0
851.0
846.0
854.0
840.0
848.0
846.0
843.0
858.0
840.0
858.0
850.0
854.0
856.0
858.0
858.0
857.0
858.0
844.0
843.0
854.0
871.0
873.0
866.0
868.0
861.0
873.0
865.0
866.0
878.0
886.0
883.0
891.0
893.0
885.0
894.0
882.0
886.0
883.0
899.0
883.0
899.0
882.0
890.0
881.0
886.0
893.0
883.0
881.0
884.0
890.0
880.0
897.0
890.0
897.0
894.0
893.0
883.0
888.0
895.0
888.0
891.0
888.0
887.0
883.0
888.0
883.0
881.0
898.0
891.0
888.0
896.0
887.0
881.0
887.0
897.0
883.0
889.0
884.0
916.0
907.0
908.0
906.0
910.0
912.0
904.0
902.0
914.0
911.0
919.0
916.0
916.0
912.0
905.0
902.0
906.0
918.0
909.0
939.0
933.0
928.0
934.0
934.0
927.0
938.0
935.0
938.0
926.0
936.0
936.0
925.0
929.0
938.0
925.0
922.0
938.0
933.0
930.0
932.0
934.0
923.0
934.0
922.0
926.0
920.0
925.0
934.0
953.0
944.0
956.0
954.0
955.0
946.0
958.0
952.0
952.0
957.0
954.0
951.0
941.0
951.0
954.0
944.0
954.0
952.0
953.0
949.0
945.0
940.0
956.0
953.0
953.0
959.0
954.0
957.0
944.0
951.0
949.0
958.0
959.0
946.0
951.0
949.0
943.0
950.0
958.0
973.0
979.0
962.0
976.0
961.0
971.0
976.0
970.0
965.0
988.0
998.0
989.0
983.0
983.0
991.0
998.0
981.0
996.0
983.0
997.0
994.0
998.0
992.0
982.0
986.0
988.0
984.0
988.0
1005.0
1013.0
1013.0
1019.0
1007.0
1002.0
1007.0
1005.0
1008.0
1007.0
1012.0
1018.0
1002.0
1005.0
1017.0
1004.0
1009.0
1008.0
1018.0
1011.0
1003.0
1013.0
1011.0
1018.0
1013.0
1013.0
1001.0
1004.0
1012.0
1032.0
1025.0
1022.0
1037.0
1021.0
1038.0
1025.0
1035.0
1030.0
1024.0
1029.0
1023.0
1039.0
1021.0
1024.0
1035.0
1024.0
1020.0
1025.0
1031.0
1021.0
1036.0
1024.0
1030.0
1020.0
1032.0
1037.0
1034.0
1032.0
1046.0
1059.0
1050.0
1043.0
1052.0
1046.0
1042.0
1045.0
1053.0
1040.0
1047.0
1047.0
1050.0
1050.0
1049.0
1046.0
1056.0
1058.0
1052.0
1073.0
1064.0
1070.0
1079.0
1075.0
1079.0
1066.0
1068.0
1071.0
1067.0
1066.0
1061.0
1068.0
1070.0
1077.0
1076.0
1078.0
1065.0
1062.0
1074.0
1071.0
1076.0
1075.0
1078.0
1068.0
1064.0
1068.0
1078.0
1062.0
1095.0
1092.0
1096.0
1095.0
1099.0
1092.0
1080.0
1099.0
1088.0
1102.0
1107.0
1102.0
1112.0
1101.0
1109.0
1102.0
1105.0
1105.0
1132.0
1132.0
1130.0
1131.0
1126.0
1132.0
1127.0
1129.0
1135.0
1138.0
1133.0
1137.0
1133.0
1123.0
1135.0
1132.0
1131.0
1126.0
1123.0
1148.0
1147.0
1141.0
1140.0
1147.0
1158.0
1143.0
1142.0
1155.0
1174.0
1179.0
1176.0
1161.0
1162.0
1172.0
1166.0
1178.0
1179.0
1176.0
1169.0
1165.0
1165.0
1162.0
1161.0
1164.0
1176.0
1170.0
1163.0
1192.0
1182.0
1198.0
1196.0
1184.0
1196.0
1181.0
1181.0
1184.0
1194.0
1198.0
1195.0
1188.0
1190.0
1182.0
1191.0
1185.0
1192.0
1191.0
1213.0
1217.0
1217.0
1212.0
1206.0
1205.0
1212.0
1216.0
1214.0
1228.0
1239.0
1223.0
1224.0
1236.0
1230.0
1229.0
1231.0
1229.0
1232.0
1224.0
1235.0
1233.0
1233.0
1221.0
1226.0
1228.0
1237.0
1230.0
1247.0
1243.0
1245.0
1242.0
1246.0
1251.0
1257.0
1241.0
1259.0
1261.0
1262.0
1263.0
1273.0
1271.0
1271.0
1261.0
1265.0
1261.0
1295.0
1288.0
1292.0
1289.0
1286.0
1292.0
1297.0
1295.0
1297.0
1307.0
1304.0
1307.0
1314.0
1328.0
1327.0
1331.0
1326.0
1327.0
1339.0
1336.0
1323.0
1329.0
1322.0
1329.0
1324.0
1335.0
1326.0
1339.0
1336.0
1329.0
1320.0
1328.0
1345.0
1369.0
1374.0
1381.0
1380.0
1418.0
1413.0
1419.0
1413.0
1422.0
1435.0
1434.0
1429.0
1454.0
1441.0
1454.0
1446.0
1442.0
1452.0
1455.0
1454.0
1452.0
1470.0
1467.0
1472.0
1471.0
1462.0
1473.0
1479.0
1470.0
1476.0
1498.0
1488.0
1494.0
1491.0
1514.0
1505.0
1505.0
1509.0
1505.0
1502.0
1505.0
1511.0
1514.0
1527.0
1533.0
1538.0
1535.0
1539.0
1556.0
1557.0
1558.0
1547.0
1540.0
1558.0
1541.0
1557.0
1549.0
1568.0
1564.0
1568.0
1561.0
1568.0
1577.0
1568.0
1566.0
1563.0
1580.0
1583.0
1593.0
1580.0
1581.0
1594.0
1584.0
1591.0
1588.0
1604.0
1618.0
1609.0
1610.0
1619.0
1618.0
1605.0
1611.0
1619.0
1638.0
1621.0
1626.0
1630.0
1652.0
1652.0
1640.0
1653.0
1661.0
1662.0
1671.0
1670.0
1681.0
1689.0
1683.0
1687.0
1690.0
1695.0
1684.0
1686.0
1699.0
1703.0
1700.0
1716.0
1702.0
1708.0
1714.0
1712.0
1717.0
1705.0
1738.0
1726.0
1720.0
1720.0
1720.0
1727.0
1739.0
1723.0
1729.0
1758.0
1743.0
1752.0
1743.0
1779.0
1762.0
1770.0
1768.0
1760.0
1768.0
1761.0
1763.0
1768.0
1796.0
1797.0
1797.0
1798.0
1798.0
1782.0
1794.0
1785.0
1788.0
1811.0
1812.0
1802.0
1809.0
1816.0
1808.0
1813.0
1800.0
1808.0
1835.0
1825.0
1828.0
1822.0
1833.0
1835.0
1832.0
1836.0
1828.0
1842.0
1875.0
1862.0
1878.0
1861.0
1886.0
1898.0
1887.0
1891.0
1881.0
1886.0
1889.0
1895.0
1893.0
1915.0
1907.0
1907.0
1909.0
1911.0
1905.0
1917.0
1915.0
1904.0
1932.0
1929.0
1931.0
1939.0
1943.0
1945.0
1971.0
1967.0
1970.0
1966.0
1976.0
1969.0
1978.0
1966.0
1975.0
1995.0
1984.0
1994.0
1987.0
1993.0
1993.0
1993.0
1980.0
1997.0
