215
258
472
2685
7675
9648
10439
11843
14341
17045
17694
20061
21234
22845
23080
25091
28710
32237
32313
34539
35986
42910
42984
43267
44245
44599
45373
47162
49871
50309
53904
55066
58888
59150
60539
64296
66904
74756
75434
75842
81257
84081
86031
86575
88604
89882
89893
90303
90632
90638
91193
91295
93467
94083
94816
98474
99112
103589
104072
104410
104439
104565
105312
107637
113195
113326
116106
118872
119468
119820
120012
122346
125538
125607
133381
137199
137618
139839
148826
149325
154666
156879
160777
162774
163835
164445
167044
167732
169411
171511
175722
176796
181363
183438
184915
186657
190254
191496
191866
192655
192991
194592
195231
196165
196186
196541
196991
198861
200277
205197
205982
207117
209518
210760
220398
222020
223845
224772
224782
225294
229908
231697
232953
233707
234272
242045
244303
245399
247051
247808
248591
250658
252132
253590
259401
264849
266671
267814
268357
270242
270792
271222
271703
273417
275059
276284
276498
278782
280149
280391
284734
286130
288415
288956
293921
295040
295709
301919
302999
303120
307411
307603
309122
309993
314256
316929
317789
319285
320641
321080
324808
327030
330487
332343
333690
334639
334662
334665
338416
339542
340015
340643
342299
343737
344011
345638
345936
348720
349869
357028
357788
358001
363757
364531
366833
367614
369794
369888
377851
382188
383971
384016
384268
385381
386449
387357
387973
390623
391182
392812
395834
397139
401293
407067
410243
410593
413368
419928
420519
420983
421634
422341
424418
425490
427924
430993
431714
432103
433605
435076
438293
442991
443272
451929
452531
452650
453731
456632
460705
462183
462227
462602
463420
465968
466590
467338
473414
473552
476765
476998
478141
480780
480906
482507
482564
483150
484188
490395
490760
494739
494744
495789
496935
498202
500184
501270
503118
508052
510550
511926
512555
513455
516922
518482
524606
528044
528725
529571
529600
530353
531448
533461
536152
536252
538079
540591
542414
542547
545162
546340
547026
547626
548284
549004
551003
556425
559291
560691
562360
563192
563941
564091
564252
564633
565824
567874
568358
570545
571327
575467
578179
580806
588329
589785
591744
593891
594698
594794
598784
599174
600160
600493
601046
602143
603026
603608
606276
608430
608835
610970
611533
613793
615233
617321
618224
620230
620261
621200
622271
627663
633574
634630
635190
635529
636107
637944
638297
638480
639615
640354
645165
645633
645643
647006
647504
650772
652791
655857
656479
656627
657042
657985
658411
661855
663024
663860
664210
665256
666267
668200
670935
672340
673007
673799
676202
676587
676810
677526
679824
681887
682128
685529
685592
686036
687616
688581
688933
692293
694108
695371
695979
698224
702749
703774
707891
709902
709949
712313
714611
718673
719342
720181
725659
728423
728633
729882
732397
732733
733193
734040
738237
739307
742739
743103
746001
747275
748201
751319
752285
754404
757624
759028
763562
765411
766560
767671
768207
768353
769404
770117
774250
778324
778807
779878
780529
783092
787632
787786
788088
788402
789534
789608
791212
793716
793990
797104
797298
797817
799163
801416
801873
802250
802515
803970
803990
804228
807173
808221
809666
812131
812528
812752
817308
819096
821430
822435
822970
824138
824143
826291
828020
828279
832009
836763
838292
838577
843276
843303
844540
844934
846004
849631
850132
850985
851611
852256
854037
856898
858740
860147
860578
862571
864109
868182
869109
869295
871435
876440
877157
884583
886724
889340
890099
891109
893514
894412
894866
899462
899801
899907
900664
902266
903144
905650
907792
911659
924595
929491
929706
930849
931532
935282
940208
941935
942991
943587
943611
946199
946241
946460
947249
949062
951258
953055
955326
956263
961671
964498
966857
968660
969202
971771
971817
973211
973633
978952
979416
983958
985791
996682
1000092
1000448
1002465
1006384
1006951
1009196
1009205
1011277
1012457
1013465
1014229
1016341
1018461
1019144
1022263
1022379
1024882
1027925
1034794
1035155
1035325
1037707
1040071
1040453
1041577
1050592
1053111
1054530
1058976
1061258
1062457
1070729
1071361
1071929
1076434
1077908
1078931
1083312
1084005
1087134
1087852
1088023
1088655
1090568
1090891
1092117
1099410
1101550
1104563
1105219
1106286
1110518
1111344
1113223
1114483
1118620
1118780
1119488
1121302
1130669
1130735
1132471
1132727
1133530
1134932
1136529
1137620
1140561
1143598
1144148
1146053
1146329
1147045
1147343
1147952
1153196
1153867
1155472
1160160
1166185
1167189
1168270
1168778
1168842
1169042
1171169
1171917
1172860
1173927
1175641
1176463
1176736
1178620
1179245
1182144
1182815
1183410
1186369
1188512
1190534
1191331
1192478
1192994
1193121
1199343
1204738
1207063
1207738
1207763
1208861
1209503
1209840
1210139
1212889
1215344
1218896
1222091
1223106
1223753
1225010
1225675
1226856
1230018
1232838
1237565
1238092
1238218
1241358
1243874
1244801
1245567
1246311
1250149
1250516
1251519
1252775
1253474
1254790
1257628
1264206
1264807
1265349
1268680
1269978
1272118
1272599
1274275
1274640
1275189
1280715
1281086
1281115
1288767
1291646
1295524
1295910
1296109
1299272
1301283
1303730
1304599
1306438
1308463
1313855
1314373
1316722
1317515
1317776
1318330
1323736
1323953
1325690
1328274
1329719
1334884
1335084
1340602
1344301
1345362
1346896
1347612
1348477
1354529
1354619
1356938
1365055
1368932
1372704
1372947
1374466
1376415
1376645
1378823
1381770
1384179
1384892
1386100
1390985
1391068
1391291
1391322
1391941
1392201
1399291
1403774
1404541
1404560
1404579
1405189
1406278
1406748
1407193
1407859
1408283
1412505
1413942
1414451
1415330
1417204
1417664
1422344
1422854
1427181
1428423
1428849
1428874
1430539
1432846
1433168
1433375
1433641
1434596
1437405
1439565
1440914
1441998
1442586
1443407
1444443
1444580
1446523
1446987
1452135
1453718
1455117
1455153
1457304
1460460
1464324
1465765
1465848
1466930
1468824
1471855
1474513
1479904
1481281
1481387
1482374
1483614
1484995
1487995
1489819
1490368
1492453
1494511
1496951
1500118
1500196
1500954
1503511
1504460
1505955
1507789
1508323
1508786
1513539
1518878
1519100
1519961
1520143
1522155
1522183
1531116
1531251
1534009
1535564
1535746
1536156
1537066
1538034
1541410
1544209
1545803
1546615
1547392
1549404
1549826
1551477
1552506
1553041
1554694
1554858
1556245
1560427
1562355
1563834
1564224
1564381
1565333
1566802
1567934
1568993
1573027
1574073
1576888
1579279
1580002
1580183
1580910
1580922
1586636
1589362
1590648
1594629
1602162
1602841
1605356
1605914
1606188
1609242
1613333
1616067
1616815
1617493
1618174
1619634
1620048
1620707
1621555
1622070
1622837
1625107
1625240
1625253
1625416
1626761
1630146
1630785
1631699
1632769
1637574
1641047
1643497
1647527
1653042
1653389
1655507
1656919
1659552
1660883
1662975
1663821
1664179
1664356
1667055
1669357
1670928
1671420
1671570
1672244
1676413
1677411
1684178
1684308
1686444
1688735
1695830
1696367
1696639
1702614
1704730
1705504
1705515
1708051
1708842
1709240
1709282
1712287
1713448
1715929
1716521
1719442
1719599
1727387
1727798
1731683
1732197
1732840
1733683
1734788
1738016
1739373
1741574
1745489
1748033
1749401
1749719
1751534
1752601
1755053
1755322
1756683
1760673
1763555
1764546
1766608
1768052
1770346
1770927
1772773
1773437
1774317
1774781
1778182
1780032
1781117
1786478
1788801
1792057
1792819
1794669
1795230
1799349
1800227
1801746
1802547
1803492
1804636
1808806
1811059
1811150
1811708
1811962
1814964
1815520
1818012
1818513
1820114
1820512
1824252
1824380
1824384
1824983
1827499
1828262
1828631
1832538
1833485
1838385
1839003
1839247
1844952
1846441
1846809
1849716
1850681
1852855
1854692
1857081
1859384
1859592
1862421
1863454
1863819
1864065
1867209
1867973
1870973
1875255
1878230
1879397
1883953
1886955
1887044
1887383
1887875
1888706
1891334
1891632
1891728
1896809
1899441
1900543
1900596
1900677
1902552
1905436
1906328
1908577
1912566
1917640
1918066
1918753
1920250
1925618
1928358
1928713
1930470
1932840
1933022
1936030
1939969
1940177
1940761
1941596
1941989
1942268
1943073
1945450
1948029
1948802
1949169
1953414
1953885
1954691
1956224
1957149
1961897
1965541
1967062
1969185
1973577
1981647
1985870
1987240
1987471
1988326
1989050
1989601
1990626
1990672
1992149
1992851
1996851
1997193
2001240
2002309
2005592
2008552
2009185
2009294
2014340
2014753
2014850
2016708
2018372
2018869
2019516
2022510
2023112
2024163
2024275
2024403
2025515
2026589
2029061
2029553
2031324
2033852
2043140
2046347
2049642
2054259
2058572
2058940
2059924
2060015
2061221
2061303
2061392
2063877
2063882
2071295
2072049
2072160
2072383
2075497
2076271
2079119
2080388
2080693
2082077
2083294
2087870
2092530
2094693
2103216
2105426
2110149
2113865
2114007
2114008
2114866
2115194
2115810
2116451
2119126
2120596
2123439
2124285
2125092
2127238
2127817
2134165
2136536
2142618
2142933
2143109
2143784
2144725
2144773
2145688
2146129
2148136
2150646
2151599
2152134
2153420
2153469
2154487
2157566
2159872
2162058
2165245
2166865
2170113
2175072
2185737
2188144
2188598
2189296
2190516
2191437
2193747
2201727
2204102
2208771
2209173
2209604
2215040
2215353
2215948
2218116
2220403
2227191
2229986
2230894
2231973
2233287
2235792
2236711
2237904
2240578
2241395
2251059
2253027
2257584
2258633
2258651
2260285
2262360
2262425
2263061
2265729
2267877
2268769
2269633
2270419
2275059
2275223
2275421
2281698
2282679
2282794
2283214
2283883
2285157
2291369
2295757
2299967
2300942
2301112
2303728
2307488
2311741
2312855
2314506
2317860
2326549
2326991
2327761
2328309
2331040
2331954
2333069
2334503
2337140
2337437
2338997
2344432
2344623
2345956
2350212
2355514
2355881
2357119
2359086
2359209
2359426
2361383
2361825
2366164
2367290
2367959
2368402
2370314
2374721
2378175
2379749
2380946
2382027
2382740
2384521
2385127
2388198
2391830
2393138
2396864
2398508
2402485
2403372
2403968
2403979
2404221
2405043
2405386
2405486
2406780
2410345
2411549
2412000
2413090
2414333
2414789
2415294
2417582
2423334
2424778
2425099
2425217
2426178
2426283
2426297
2431146
2432394
2438778
2440826
2440864
2444091
2444540
2448046
2448934
2451916
2452077
2452728
2456570
2456721
2456957
2459019
2460742
2461350
2461487
2462027
2463226
2463339
2465019
2465909
2471589
2472528
2473021
2473129
2473254
2474161
2474932
2477063
2477587
2477767
2481384
2481462
2482191
2484754
2485353
2486101
2488241
2488928
2489876
2489929
2491351
2491659
2492954
2496635
2507243
2509817
2510103
2512925
2516558
2519941
2520375
2527150
2527427
2527938
2528057
2528663
2531966
2534436
2535810
2537093
2538040
2539000
2539914
2543036
2544049
2546010
2547004
2555145
2562490
2566619
2566967
2573504
2573687
2579424
2582191
2582921
2583292
2583664
2585633
2590971
2591274
2591847
2598946
2602149
2602918
2605283
2606598
2607271
2608951
2613283
2615703
2617731
2618124
2622372
2624199
2628360
2630911
2632097
2633207
2633938
2635159
2637062
2640315
2640484
2641605
2648025
2648074
2648748
2649511
2651485
2652230
2656243
2656579
2656933
2657634
2657725
2659222
2661077
2661579
2662382
2664025
2673460
2674234
2675797
2676837
2681536
2685346
2686438
2686569
2687460
2688096
2690562
2691241
2692739
2692869
2693222
2693859
2697663
2697691
2699970
2701261
2702468
2707753
2707919
2711832
2713961
2714062
2715498
2716842
2717139
2725674
2726344
2727067
2729536
2734168
2735165
2737071
2737359
2742001
2743761
2744669
2746943
2747495
2747695
2747808
2750815
2752918
2754875
2755557
2756616
2756724
2757718
2757792
2759093
2759665
2765597
2766320
2771143
2771171
2771533
2773420
2776011
2776522
2777679
2784717
2788109
2788568
2788927
2791679
2793512
2793673
2794364
2795333
2795982
2797644
2798218
2799353
2799587
2800883
2802772
2804241
2806595
2808927
2809249
2818938
2821331
2821791
2827996
2832898
2835076
2836585
2840172
2840450
2840840
2842689
2844042
2844127
2844817
2845694
2847383
2854210
2854467
2855912
2856933
2858351
2862667
2862977
2863420
2864067
2868444
2869010
2874210
2876534
2878978
2879570
2881681
2885661
2888423
2888988
2891139
2892082
2895102
2895372
2895662
2896612
2896994
2898473
2900634
2901426
2911236
2913934
2915370
2917779
2918521
2919245
2919946
2921889
2933122
2933591
2935379
2936922
2941075
2942075
2943959
2944209
2944759
2947899
2950801
2951034
2951454
2952982
2953846
2955062
2956721
2957606
2962612
2968719
2969178
2970258
2971190
2974370
2974629
2977939
2983006
2983151
2984806
2985159
2986627
2989359
2989788
2991396
2992775
2992996
2993481
2993531
2993896
2999467
2999602
3000599
3001790
3002824
3009145
3009861
3014560
3015578
3016310
3017995
3018234
3021166
3021949
3022463
3023482
3023854
3024157
3025889
3030557
3034710
3036446
3036577
3042011
3044924
3045031
3045758
3047328
3048020
3048977
3049556
3052871
3053540
3056891
3058481
3059050
3060825
3067556
3067601
3068987
3073699
3074134
3075220
3076163
3077296
3078621
3079602
3082259
3083412
3084202
3085390
3086903
3090500
3091192
3091292
3091859
3094111
3096983
3097523
3100054
3100372
3103321
3104207
3105510
3107740
3107773
3111570
3112125
3120190
3120730
3121167
3125926
3130137
3132232
3133173
3133684
3136268
3137434
3139461
3143404
3145702
3145952
3146739
3146844
3147254
3147411
3149063
3149470
3151394
3155624
3156688
3162509
3164133
3164619
3169660
3169931
3173045
3176135
3177383
3179046
3179467
3182301
3182660
3183216
3187231
3191316
3192663
3194694
3195420
3198420
3200250
3200797
3201027
3202878
3207228
3209693
3211556
3212287
3212617
3214819
3217567
3217770
3220568
3228044
3228530
3228812
3231071
3231634
3231806
3235372
3237193
3237979
3240177
3240850
3242035
3243437
3243914
3246417
3249427
3251992
3257202
3257975
3259508
3259590
3260283
3261271
3262614
3264077
3266605
3266863
3268491
3269412
3270746
3271872
3274717
3275343
3275382
3276649
3276929
3280615
3281067
3281714
3282573
3286253
3288056
3288913
3290790
3291456
3291501
3291861
3294733
3295594
3295902
3298349
3300373
3301146
3301227
3302925
3304245
3306449
3306786
3306871
3306993
3308230
3311644
3311724
3316013
3316245
3317515
3323161
3328317
3330177
3334534
3338099
3341072
3344932
3348739
3349052
3350963
3356142
3357652
3358345
3358690
3359989
3361324
3361472
3361542
3362245
3362939
3363906
3363922
3363991
3365195
3367883
3369112
3371967
3372883
3373634
3378280
3378833
3379604
3381158
3392263
3392934
3393226
3394013
3394228
3401324
3403031
3409714
3410441
3417485
3419361
3423011
3425058
3426245
3427403
3428864
3430838
3434776
3435599
3436996
3437418
3437922
3440049
3441081
3447527
3448650
3451508
3452059
3452338
3453417
3453904
3457235
3457708
3458289
3460076
3461223
3461664
3462234
3463298
3468516
3468680
3469640
3472923
3474303
3476307
3477234
3482948
3483733
3483943
3484080
3486466
3486862
3487826
3488437
3490139
3494076
3495048
3499005
3499228
3501001
3501076
3501702
3501816
3504773
3511996
3514455
3515164
3516399
3519334
3519450
3520527
3522885
3523292
3527038
3527261
3529472
3532356
3535041
3535412
3537667
3543229
3544708
3544927
3548873
3549338
3549580
3550352
3552805
3555351
3560158
3561453
3561574
3564808
3565307
3568337
3574752
3578211
3579838
3580697
3582059
3584574
3584795
3585170
3587136
3591962
3592297
3593446
3597933
3598911
3600923
3601688
3601707
3606046
3607640
3609961
3610856
3611872
3612921
3613432
3617294
3617467
3617763
3620263
3620375
3620675
3621953
3622823
3625452
3627298
3631743
3632138
3637530
3641746
3643615
3643665
3643769
3644654
3645583
3646204
3647313
3648841
3651441
3652470
3653766
3654597
3655244
3656765
3659068
3660902
3662286
3665577
3667207
3667304
3669643
3669853
3671491
3678999
3680040
3682601
3683701
3684942
3686613
3691016
3693690
3695425
3699119
3699144
3700515
3702570
3703447
3704455
3706111
3706574
3711028
3711960
3713173
3714189
3714190
3716008
3719294
3719816
3720705
3721371
3724479
3724990
3725838
3727140
3729811
3730973
3731484
3731498
3734465
3737412
3741790
3748614
3748870
3750246
3751908
3752525
3752871
3753920
3754421
3756645
3757058
3758038
3758496
3758650
3758866
3758884
3767451
3769785
3770112
3775598
3775615
3776520
3782677
3783565
3789384
3789666
3790002
3791767
3792596
3792989
3794386
3794472
3795265
3797811
3799706
3799777
3803314
3804105
3806962
3807078
3809371
3810163
3811048
3817969
3817984
3818762
3820514
3822659
3823005
3829079
3835293
3836364
3838469
3841952
3848109
3849677
3852697
3853629
3855063
3858471
3859709
3864501
3867284
3869294
3875545
3876796
3876852
3878070
3880848
3884905
3885293
3885821
3889299
3890506
3892413
3893940
3895307
3897122
3899260
3899907
3904964
3911284
3911845
3912236
3912777
3913820
3918665
3921400
3921531
3927502
3929972
3933044
3935890
3940610
3941216
3942360
3944233
3944266
3944298
3944452
3945599
3945673
3945781
3948338
3949389
3951162
3952292
3958221
3961198
3962009
3962908
3964781
3965249
3966549
3968495
3970276
3971857
3974124
3974254
3975029
3975708
3975941
3977362
3978957
3981015
3983799
3985831
3987386
3989554
3990108
3990761
3991636
3996054
3998106
4000133
4002313
4004170
4005861
4006098
4008843
4010640
4010805
4015964
4016929
4019444
4025010
4025468
4028884
4032055
4032150
4035326
4036275
4038041
4038076
4042276
4044796
4048142
4049084
4056790
4058078
4058711
4060506
4063916
4063965
4064975
4066867
4072363
4073103
4074566
4075103
4075717
4075941
4076970
4078084
4078955
4079087
4079191
4079230
4082144
4082273
4082728
4084586
4086942
4087346
4088257
4090707
4091112
4092963
4095235
4096379
4103391
4107539
4108410
4110277
4110602
4111263
4114973
4115204
4115261
4117302
4118238
4120196
4120228
4121424
4121553
4122220
4124822
4125259
4128959
4131448
4133473
4135541
4137184
4137291
4141048
4141327
4141707
4142281
4148825
4150885
4151055
4153293
4154350
4154385
4154726
4162357
4165162
4168218
4171906
4172984
4173600
4174296
4177026
4177766
4180585
4181017
4181443
4183168
4183867
4185872
4187874
4189008
4189833
4190537
4194964
4198229
4201547
4205844
4205944
4206661
4208060
4208260
4211857
4214172
4216401
4216886
4219262
4219368
4221031
4221638
4224320
4224487
4226293
4227701
4228104
4229268
4230052
4232991
4236503
4237570
4241918
4242483
4243836
4243958
4248804
4249217
4255377
4256078
4256251
4257550
4258945
4265356
4267150
4270219
4271808
4272465
4272737
4273076
4274760
4276441
4282176
4286722
4288755
4289415
4290287
4297802
4298317
4298507
4309696
4312200
4314436
4319404
4320200
4322915
4325619
4328875
4331244
4332224
4332344
4333722
4336983
4341064
4341173
4344641
4345555
4346205
4347711
4348544
4350725
4351483
4351747
4356577
4357489
4358004
4362453
4362996
4363340
4364595
4366081
4366862
4368991
4369612
4371901
4374444
4377097
4380122
4386208
4386471
4386912
4388645
4392804
4395403
4395774
4396623
4398222
4403357
4404168
4404832
4405989
4406947
4411290
4412235
4413538
4413992
4417406
4420750
4421217
4421400
4422808
4423340
4423940
4424608
4430245
4430990
4436859
4439962
4441890
4443266
4444631
4447601
4448603
4449650
4450138
4450583
4453665
4456412
4457903
4458845
4463081
4465476
4467590
4469837
4470315
4470495
4472990
4474374
4478452
4483323
4484185
4485986
4490580
4490928
4492803
4494765
4494785
4498391
4502038
4505457
4506158
4506197
4506901
4507326
4511207
4511281
4511445
4512320
4514041
4514591
4514606
4515418
4518870
4521662
4522285
4522731
4527047
4528216
4528424
4533334
4533650
4537515
4538378
4547895
4547945
4549827
4550077
4552799
4558527
4559480
4559565
4560720
4561618
4563536
4564954
4565593
4565727
4567970
4568477
4569316
4570563
4573419
4574398
4574715
4575198
4575643
4579149
4579750
4581398
4581632
4583338
4586158
4586785
4590140
4592469
4592904
4593973
4596198
4596346
4597433
4598521
4602146
4607175
4611158
4613599
4615315
4617771
4617862
4622160
4624851
4625123
4625125
4626025
4626324
4627723
4628134
4630369
4630988
4632744
4634389
4637060
4638178
4646171
4647673
4647989
4649849
4651745
4654187
4656938
4659527
4660016
4664591
4668005
4668244
4669919
4670454
4671166
4676597
4676889
4680479
4680570
4685274
4687298
4695266
4698865
4703697
4705669
4706569
4707868
4708465
4708874
4709507
4719896
4721090
4721876
4723997
4734714
4737210
4738226
4738576
4740826
4742582
4743018
4743796
4746708
4749628
4750889
4754385
4756598
4759960
4762574
4764119
4765793
4766141
4767264
4767568
4770348
4770955
4772074
4774286
4775057
4778179
4783963
4785165
4786740
4795747
4798916
4803037
4805624
4805943
4808330
4808685
4810110
4812060
4813686
4817928
4818971
4824993
4825626
4825706
4826122
4830205
4830793
4832154
4835037
4836032
4838497
4840657
4845802
4845923
4848350
4849963
4851754
4852801
4852980
4853120
4855997
4856478
4857041
4857860
4858220
4861330
4861988
4862255
4862305
4867814
4868725
4874223
4876644
4877145
4884175
4884210
4884991
4886801
4886810
4887277
4887851
4888802
4890102
4890129
4891194
4892023
4892718
4893917
4895176
4897303
4897542
4899007
4899147
4900801
4901631
4901815
4902979
4909896
4910158
4912710
4914747
4918105
4918523
4920150
4923008
4923761
4924484
4924488
4924615
4925793
4928846
4929668
4930164
4930630
4931846
4932754
4934843
4936071
4936296
4937497
4937778
4938258
4938793
4939507
4943203
4949355
4954946
4955506
4956712
4958849
4959153
4959915
4960271
4961483
4962265
4964048
4966675
4968682
4969023
4969152
4969854
4970277
4974648
4976787
4978231
4979023
4979611
4980206
4982574
4982755
4984195
4985293
4986349
4986871
4988267
4988990
4990015
4990417
4991237
4992999
4994234
4994327
4997163
5002290
5002540
5004843
5005669
5008363
5010134
5010301
5011195
5011633
5017447
5018980
5021303
5023131
5024083
5024265
5026148
5028438
5031684
5032296
5032476
5034109
5038002
5039740
5041011
5041172
5046008
5047392
5056906
5059698
5059937
5066305
5066630
5067439
5067479
5067812
5073489
5077343
5086089
5086125
5086266
5087537
5089704
5092204
5092778
5094017
5094695
5097180
5099277
5099500
5102244
5105861
5106361
5107111
5107525
5107815
5108375
5110225
5110865
5112723
5113103
5115216
5115337
5115906
5116949
5117071
5127655
5128764
5130442
5130570
5133433
5135429
5135539
5136820
5138624
5139303
5148110
5151443
5155652
5163704
5169305
5169845
5170139
5171536
5175337
5176407
5176488
5176529
5176942
5180475
5181098
5181340
5181733
5181930
5181982
5182267
5186276
5187283
5188753
5190296
5190351
5190670
5193963
5197458
5200584
5202082
5203137
5204357
5204517
5206083
5210996
5216258
5216604
5225640
5225705
5226016
5228110
5228182
5230393
5231294
5231405
5233924
5239915
5241375
5241540
5244610
5246155
5246629
5248348
5250271
5251612
5255651
5261023
5263634
5264312
5265878
5266800
5268137
5270630
5276356
5276540
5277038
5277266
5278937
5282354
5282713
5285376
5285487
5288262
5290497
5292059
5299088
5301821
5305170
5308302
5311698
5312165
5314787
5319469
5319583
5320206
5320610
5321805
5324318
5324848
5329931
5336016
5337426
5337778
5339001
5339636
5342506
5343115
5343263
5346076
5346417
5348243
5351144
5351287
5352234
5353295
5362811
5364524
5364726
5364748
5365746
5368231
5369193
5369707
5371499
5378982
5382756
5385151
5386178
5386533
5391708
5396264
5401138
5401874
5404159
5404185
5406071
5406503
5407283
5407548
5411973
5412051
5419709
5423701
5424666
5426534
5428663
5428884
5428981
5429157
5430647
5432069
5434818
5434892
5442600
5445674
5447345
5448299
5448366
5448618
5449798
5450010
5450066
5452388
5454396
5460854
5461437
5461542
5463637
5464295
5465017
5465034
5467902
5470147
5472332
5475758
5479181
5481555
5482277
5491116
5491411
5495459
5499749
5499753
5499896
5500372
5502033
5503180
5504643
5506550
5506713
5512204
5512339
5515690
5515912
5518902
5521658
5522662
5523367
5526762
5527330
5528116
5529777
5535772
5536159
5540294
5546297
5548052
5550460
5550607
5550789
5554076
5561263
5564564
5565601
5565792
5574915
5577856
5584328
5585026
5589805
5589972
5591147
5595283
5598057
5600081
5600399
5604571
5607998
5610435
5610585
5612658
5614397
5615105
5616299
5619039
5626504
5628024
5628404
5628993
5634413
5636741
5638381
5640366
5640546
5641748
5641878
5645824
5645873
5647782
5652031
5652087
5652285
5653830
5657781
5658712
5659135
5660522
5661914
5662999
5664720
5665405
5666504
5666563
5667454
5668093
5671417
5671568
5671973
5675187
5677540
5680051
5681642
5683373
5685135
5685489
5690394
5691325
5691931
5692865
5693653
5696179
5697521
5697709
5699792
5699883
5700654
5701365
5701766
5702603
5707602
5709242
5709881
5712356
5712545
5715979
5717440
5717571
5722230
5722433
5726810
5728117
5728629
5729647
5731429
5734605
5735839
5737266
5738135
5740961
5741489
5741559
5741927
5742650
5743908
5745074
5748328
5749929
5750013
5750083
5751361
5752324
5752634
5754520
5754852
5757334
5758471
5758575
5761538
5763118
5763666
5764049
5764580
5765393
5766391
5766677
5766995
5770186
5773057
5773252
5780586
5781289
5783332
5784320
5786055
5786628
5788382
5790681
5791116
5792403
5800741
5801669
5801876
5802365
5802745
5803288
5803580
5807569
5807761
5808002
5813175
5813408
5814971
5818187
5818566
5819807
5821096
5824386
5824529
5826096
5826102
5830067
5830363
5832044
5834871
5835090
5839061
5839996
5841651
5843491
5845936
5846852
5847885
5849967
5852125
5853308
5853933
5854135
5855009
5856850
5858528
5860994
5864922
5865849
5867103
5868229
5869290
5872113
5873398
5874724
5875822
5880152
5880440
5880445
5880655
5882133
5882507
5888040
5890301
5893499
5894436
5895875
5896628
5897118
5897280
5897627
5898206
5900962
5902926
5903499
5906222
5907839
5908425
5909736
5910840
5912371
5914075
5916644
5918892
5927495
5927940
5929003
5929120
5929689
5931812
5933618
5934422
5935763
5937344
5939484
5940073
5943079
5943917
5943931
5947404
5948250
5953522
5953708
5958020
5958798
5959999
5962575
5963726
5964351
5965803
5966395
5968113
5968534
5969162
5969218
5971337
5976397
5977175
5982828
5985213
5985706
5988582
5990643
5994054
5996676
5997131
5998186
5998191
6000755
6007948
6008253
6010253
6011082
6014364
6015887
6015968
6016283
6017147
6017768
6018442
6021184
6023536
6025760
6025876
6032690
6034182
6038491
6038855
6040116
6041176
6041210
6043274
6051105
6051343
6052284
6055768
6056489
6056867
6061596
6066387
6066529
6068133
6069442
6069968
6070898
6071404
6071626
6075543
6076540
6077212
6080377
6082852
6086399
6088785
6090150
6092621
6092825
6094748
6097011
6099798
6102326
6106782
6109644
6110219
6112373
6113221
6113791
6116982
6124079
6124723
6133606
6134004
6134404
6138515
6152569
6153429
6159899
6164559
6166417
6168428
6172816
6173274
6174238
6176088
6176717
6180957
6181635
6185379
6194167
6194860
6195726
6196491
6197147
6197907
6199658
6200932
6200989
6202681
6212282
6213297
6214307
6218464
6219671
6223816
6224108
6232584
6233031
6235920
6236612
6237406
6241514
6242900
6244683
6244749
6245531
6246795
6248042
6248461
6249830
6250685
6251028
6251945
6253579
6255187
6260495
6261117
6261765
6265285
6268548
6269595
6270559
6270723
6272380
6274296
6274962
6280146
6281111
6281600
6281683
6285234
6286722
6292654
6294490
6296165
6296339
6296504
6299998
6300202
6301713
6305879
6306087
6310102
6312910
6312924
6315112
6317414
6317493
6318917
6320107
6321362
6325728
6328003
6328391
6330375
6330855
6331927
6334238
6334940
6336171
6338438
6339566
6339616
6344672
6345045
6346075
6347665
6348670
6350059
6350315
6352237
6352446
6352977
6353182
6355510
6355694
6355710
6356043
6357684
6357757
6359457
6362234
6363064
6363144
6363243
6363373
6375767
6377614
6380168
6381059
6382703
6383626
6386435
6390205
6393368
6393688
6396638
6399811
6400376
6400954
6407477
6415081
6424442
6430823
6433725
6433885
6433989
6436896
6438776
6439398
6446468
6446650
6449989
6450716
6452989
6454271
6457244
6458101
6461136
6461561
6463471
6464602
6465565
6466486
6466817
6467431
6470481
6470537
6471586
6473485
6474782
6475197
6478709
6479972
6480896
6481736
6483049
6489700
6493032
6494735
6499225
6504395
6508040
6509130
6511184
6514890
6517853
6517916
6518131
6518378
6518800
6524343
6524619
6530122
6531588
6534779
6535668
6538620
6540864
6547556
6547771
6547789
6549129
6549673
6553521
6556249
6557426
6558338
6558791
6559328
6560753
6562242
6563351
6563379
6567399
6567880
6574474
6574797
6574907
6578350
6578784
6579865
6580535
6582222
6582315
6583682
6583974
6586441
6586937
6587420
6588281
6588892
6589794
6589804
6591058
6596686
6597922
6598666
6598878
6600001
6600971
6604638
6606403
6611183
6614302
6614508
6614984
6615028
6616625
6620699
6626510
6630522
6630971
6634096
6635982
6636570
6636595
6641503
6642569
6642998
6645786
6646201
6647099
6647268
6648287
6650799
6651748
6654286
6654447
6655803
6657419
6657705
6658028
6662560
6666625
6668435
6668958
6670907
6672234
6673587
6674028
6677312
6681877
6682169
6683847
6684108
6684484
6685082
6685678
6686677
6687077
6690309
6690680
6695142
6696836
6699309
6706864
6707907
6709054
6713755
6715354
6717298
6718966
6719199
6720309
6720413
6722470
6724329
6732253
6732577
6736389
6738173
6740717
6742278
6742283
6743126
6744730
6745366
6748092
6748260
6749716
6750254
6752792
6754381
6755162
6755605
6755679
6756530
6760289
6760875
6760920
6761128
6761270
6761278
6761395
6765150
6765660
6769316
6770473
6771872
6773284
6776666
6777977
6780010
6780094
6780312
6780880
6780962
6781209
6783302
6784874
6787370
6791658
6794738
6798338
6799992
6800280
6801344
6802123
6803223
6805497
6807730
6807833
6809700
6810124
6810482
6812450
6816169
6818031
6819795
6822280
6830499
6833761
6835028
6836288
6836842
6836876
6837185
6838080
6838311
6838586
6838645
6838811
6840005
6841008
6841285
6842607
6843934
6844846
6846510
6847011
6850878
6853554
6853634
6857011
6860309
6860724
6860926
6861243
6861559
6863291
6864332
6868424
6868880
6870739
6873999
6877497
6878004
6880531
6881139
6881953
6882458
6883150
6883535
6884219
6885483
6885526
6885559
6886558
6888093
6890385
6890433
6891100
6893555
6894102
6897114
6899461
6902926
6918680
6923200
6923735
6924052
6924108
6927205
6931219
6932163
6932587
6932866
6933777
6934360
6934433
6934512
6934568
6934653
6935258
6937652
6942761
6943662
6945519
6945686
6946199
6946414
6948384
6948437
6948655
6951595
6952518
6958718
6960003
6964497
6965651
6968072
6968107
6970581
6972051
6972977
6974519
6977459
6979020
6979038
6980764
6985376
6988384
6988833
6989362
6992488
6994142
6998514
6999542
6999732
7001535
7002392
7002613
7006709
7007454
7011243
7015703
7016151
7016821
7018823
7019232
7019640
7019913
7021371
7023139
7023868
7027793
7029229
7032322
7035353
7037092
7037576
7039063
7039980
7045759
7046356
7050324
7051574
7052696
7056156
7056157
7056219
7060707
7062734
7064632
7067657
7069830
7072780
7075931
7076366
7076997
7079808
7080437
7083211
7083273
7086686
7087709
7088310
7098468
7099931
7103226
7103562
7103818
7105715
7107138
7112027
7112817
7113437
7114017
7116243
7116907
7116998
7118084
7119190
7121137
7122222
7123994
7126361
7128812
7130010
7130365
7135720
7142527
7142557
7142644
7143462
7144136
7144307
7150637
7151361
7152004
7152418
7156064
7160238
7161928
7162115
7162927
7164064
7166498
7168439
7179232
7180782
7180972
7185345
7185640
7186485
7189057
7191033
7191123
7191522
7193268
7193540
7195003
7197184
7197444
7198508
7200535
7201256
7201610
7202287
7202818
7204602
7204785
7209374
7209666
7210362
7211033
7216375
7218988
7222203
7224145
7224284
7226660
7229983
7231379
7235240
7235861
7236400
7237010
7237104
7237894
7238005
7239546
7245135
7245476
7245540
7246486
7247518
7249695
7249698
7251482
7255225
7260209
7260850
7261015
7264050
7267494
7269341
7272353
7273579
7274953
7275706
7276710
7281151
7281646
7283150
7283605
7284469
7287085
7288338
7289384
7291001
7291105
7291659
7297322
7300121
7300236
7300875
7303910
7308513
7310688
7311571
7320114
7324636
7328906
7329485
7330279
7333762
7333772
7334164
7335544
7342018
7342318
7343976
7346881
7349023
7350313
7352125
7353603
7357992
7358005
7358207
7359012
7362435
7362697
7364063
7365108
7366102
7369235
7370233
7371206
7377683
7379238
7391512
7392177
7397208
7399860
7402506
7406899
7408418
7409510
7410061
7411830
7412361
7413286
7417168
7417282
7417465
7418762
7420259
7423262
7426240
7430826
7432750
7433198
7440324
7440496
7443468
7443477
7444668
7446316
7448976
7449477
7450085
7452720
7454239
7457722
7458649
7459696
7460916
7461761
7464711
7464833
7465898
7467081
7467291
7467410
7469809
7471148
7473828
7476619
7476648
7479372
7481884
7481931
7481997
7482185
7483974
7485485
7486961
7488957
7489378
7493541
7499212
7500489
7503974
7507115
7508146
7510809
7511916
7512432
7512675
7512949
7513477
7515394
7517659
7519564
7522167
7523925
7526556
7527194
7527530
7529768
7532691
7534995
7538402
7540218
7541276
7541587
7541607
7541847
7547396
7547994
7549077
7549593
7552587
7552992
7555808
7556933
7557432
7558632
7558893
7559507
7563264
7564773
7566655
7567693
7567870
7569021
7571166
7574154
7575543
7578690
7579082
7579203
7581906
7582255
7582969
7584094
7587202
7590703
7594501
7595256
7599213
7602993
7607442
7614685
7617431
7618820
7619196
7619576
7621242
7621310
7625115
7625862
7626226
7626750
7628585
7629185
7635119
7637943
7643453
7644006
7646688
7647307
7649079
7649839
7657145
7657379
7659892
7661513
7663363
7664482
7664900
7668594
7671790
7673442
7674377
7675381
7678358
7678446
7684296
7692230
7693789
7695848
7695947
7696086
7699178
7703645
7703728
7706746
7706885
7707767
7709400
7709481
7709952
7714115
7714330
7716078
7716521
7717284
7725468
7726523
7726792
7727134
7727932
7730243
7731665
7733132
7733138
7734021
7734638
7736241
7738070
7738916
7746806
7748107
7752606
7752663
7757351
7757829
7758644
7758672
7758742
7760890
7762236
7762435
7763167
7764852
7769777
7770811
7771040
7771272
7772164
7775671
7776080
7777549
7779636
7782305
7783969
7786762
7786780
7787805
7789104
7792906
7793787
7795487
7795868
7797199
7798063
7798784
7800985
7803443
7804618
7806656
7809939
7810130
7810967
7819418
7821714
7824950
7825576
7827136
7828400
7829518
7830177
7837989
7840403
7842818
7844073
7845928
7848646
7849613
7851936
7852665
7855203
7856611
7858355
7861286
7862288
7862291
7864541
7867984
7868799
7868818
7869185
7869538
7873573
7873645
7875416
7879156
7880438
7881623
7881729
7882510
7884746
7885261
7887061
7888624
7888736
7889559
7890419
7895915
7896455
7905376
7908896
7912079
7912842
7914365
7915626
7918642
7920687
7923895
7924863
7926794
7928756
7930177
7931395
7931810
7933056
7934847
7934895
7936338
7936356
7938361
7941295
7943015
7943534
7946227
7947370
7948370
7948859
7949438
7950699
7950851
7951101
7951601
7952234
7957578
7961315
7961671
7962825
7962933
7963676
7967383
7970756
7971212
7973490
7978624
7980203
7981391
7982578
7984951
7989211
7991100
7994023
7995295
7996312
7996614
7998243
8002580
8004045
8005497
8006896
8012313
8014531
8017596
8018238
8019552
8021935
8022171
8026833
8028776
8030585
8032579
8033990
8035619
8036841
8039697
8042255
8042614
8043849
8044297
8046878
8047418
8050454
8053613
8054046
8056068
8057054
8057446
8059447
8062394
8064207
8066047
8066752
8067102
8067761
8068229
8069996
8072911
8075152
8075892
8080718
8082149
8082230
8086954
8086996
8088595
8089104
8091553
8094453
8097293
8097410
8099934
8101939
8103572
8106731
8108369
8108582
8108723
8109017
8111325
8112189
8112394
8115877
8116328
8116702
8117249
8119207
8120135
8122574
8124321
8126591
8126664
8127094
8129067
8130295
8130341
8132515
8133740
8136376
8136555
8138133
8138785
8139519
8140328
8144640
8148203
8150303
8152031
8156063
8156196
8158905
8160017
8162040
8162881
8165680
8168747
8171229
8171348
8174355
8175766
8178192
8178325
8179299
8180057
8180336
8181445
8181856
8183610
8184515
8191533
8196129
8197241
8198780
8201008
8201921
8202614
8204578
8206120
8207247
8208142
8208308
8208992
8209849
8212109
8213599
8215218
8217134
8217983
8221999
8223378
8224708
8225013
8225200
8226676
8227720
8228466
8228867
8229924
8231888
8232138
8234094
8234329
8246354
8246416
8247803
8248220
8251207
8253608
8256747
8258035
8258821
8260395
8262818
8265669
8267056
8269752
8270299
8271228
8271821
8272432
8273449
8274230
8274476
8278269
8279165
8279432
8282566
8285881
8287044
8287201
8290244
8293140
8293325
8293913
8296423
8298560
8300095
8301492
8304437
8305849
8306025
8309304
8311074
8312194
8314242
8315421
8316827
8319104
8319587
8322156
8322725
8323714
8324447
8325515
8326853
8331378
8332879
8332956
8334307
8340716
8340728
8341668
8342107
8343951
8345098
8346332
8346481
8351773
8352670
8354415
8354529
8356304
8359307
8361951
8369775
8370666
8370761
8372872
8373704
8374958
8378220
8378704
8380378
8391461
8391507
8391768
8393359
8396117
8396954
8398601
8401297
8402250
8402332
8406120
8408099
8409214
8411844
8415517
8415620
8415797
8416341
8418042
8419988
8421206
8424055
8424490
8426809
8429471
8430767
8431920
8439231
8442050
8443092
8443605
8447954
8448151
8449127
8450719
8451653
8451987
8453691
8453902
8455154
8460914
8462845
8465680
8466351
8466794
8467330
8468041
8468557
8468950
8469684
8471205
8471434
8472232
8473389
8474928
8475499
8475962
8479818
8480190
8481090
8481707
8483764
8484375
8485833
8486996
8487447
8490825
8491197
8491458
8494645
8494880
8498558
8500213
8501551
8506964
8508565
8508695
8509701
8511659
8515957
8516549
8518181
8518527
8519911
8520454
8532634
8532706
8533569
8533872
8535454
8537515
8538698
8541221
8547476
8549447
8549819
8552681
8556878
8557444
8558054
8559225
8562123
8565015
8567656
8569409
8569675
8576078
8576782
8577406
8581329
8581383
8588907
8589957
8592326
8592678
8592811
8593716
8594899
8594998
8596709
8596845
8600066
8600276
8601676
8603912
8604545
8607707
8611001
8611221
8611308
8613256
8615648
8617364
8618460
8620663
8625314
8629514
8634381
8638817
8639703
8641504
8642791
8643582
8645507
8645810
8647069
8648654
8649055
8649380
8652340
8653219
8655566
8657470
8658388
8658451
8659249
8662750
8663839
8668617
8672207
8675059
8675909
8677494
8681194
8681885
8681904
8681959
8682164
8685835
8687867
8689375
8690094
8693414
8695174
8698228
8700351
8700772
8702427
8703565
8703862
8707637
8708192
8709651
8710495
8710692
8711659
8718063
8719700
8720844
8723997
8728634
8728921
8729162
8731479
8731952
8734958
8736217
8736675
8739514
8742068
8744271
8745662
8749408
8752570
8754358
8755785
8757510
8759838
8760823
8761665
8762191
8763247
8766226
8770109
8776002
8776878
8777633
8778674
8779411
8781687
8782775
8782796
8783585
8783674
8784483
8789059
8789157
8792411
8793774
8794085
8797292
8799859
8800819
8801862
8802004
8802769
8802924
8805293
8805473
8806642
8807336
8810051
8812742
8817110
8817281
8819848
8820412
8821109
8828344
8828627
8833606
8834025
8834223
8838469
8839649
8840888
8844413
8845097
8846093
8846385
8849179
8850000
8854704
8854733
8854855
8856267
8856337
8859366
8859401
8859573
8859634
8860830
8861147
8862018
8862546
8863311
8863359
8864430
8866095
8866737
8869142
8871102
8871317
8871349
8873030
8874526
8875007
8875124
8875375
8876278
8877064
8878166
8878745
8879950
8881102
8881377
8881630
8881877
8882063
8882131
8883191
8884129
8884685
8885804
8889469
8890699
8891186
8893309
8893322
8895469
8896942
8897053
8900144
8902550
8903555
8904403
8905451
8909795
8912942
8914511
8919323
8923007
8924093
8926392
8927688
8930772
8931148
8931742
8933101
8935300
8936962
8937170
8941589
8941776
8942536
8946573
8947330
8952576
8954589
8958129
8958654
8959495
8960406
8960911
8961532
8962560
8962883
8964363
8965774
8967149
8967427
8968119
8972491
8973380
8973691
8977513
8980650
8984458
8984757
8986779
8988085
8995788
8999486
8999847
9001356
9002682
9003899
9004200
9005534
9005558
9006787
9017695
9025202
9027111
9027386
9028056
9029022
9032120
9032734
9033258
9035794
9036990
9041342
9049464
9052467
9054636
9055173
9056256
9058950
9059369
9060523
9062167
9062802
9063030
9066118
9069659
9070975
9074068
9076775
9078710
9080091
9084043
9084436
9089315
9089698
9090205
9091375
9091709
9092282
9093881
9097086
9098142
9098167
9098177
9103335
9104558
9106518
9108366
9110043
9110417
9114674
9116283
9118560
9122850
9122896
9123986
9125571
9126673
9128477
9130762
9130998
9131983
9132931
9133194
9133600
9134051
9134954
9138225
9140389
9148523
9150485
9150986
9151396
9155451
9158261
9159479
9159533
9159626
9160801
9161738
9162387
9162869
9163583
9164308
9166781
9167061
9167967
9168034
9169619
9169655
9171042
9171962
9175130
9182438
9189506
9189756
9190572
9191507
9195324
9196220
9196539
9199963
9202099
9202454
9205117
9207601
9207771
9211364
9213629
9214667
9218456
9223413
9226467
9231685
9232305
9233293
9233902
9234977
9236638
9237874
9237931
9238496
9239297
9240629
9244024
9245363
9246245
9246794
9250894
9251950
9253491
9253781
9255121
9257784
9259954
9260129
9262211
9262476
9263586
9269803
9270165
9272059
9272432
9274363
9275389
9277635
9279859
9281403
9283920
9292485
9296728
9297002
9298295
9300392
9301083
9302392
9302429
9303203
9303905
9306701
9306775
9308959
9309363
9311243
9311378
9312750
9314002
9321434
9321648
9326089
9326767
9331869
9334004
9335106
9336851
9337709
9338386
9339378
9340342
9341169
9341281
9341524
9343416
9343672
9343996
9347346
9352550
9356275
9356821
9357537
9358678
9360313
9360396
9361132
9361614
9364376
9364848
9366486
9366794
9369233
9369494
9372661
9376234
9376554
9376922
9378786
9378899
9380519
9393578
9393827
9394243
9396586
9397383
9397667
9400280
9403082
9404275
9409279
9410236
9410442
9411901
9413365
9419072
9420715
9433713
9439321
9447396
9452684
9453300
9453333
9453357
9454188
9457843
9458205
9459900
9464302
9464717
9467447
9467812
9470115
9470986
9471469
9471532
9473309
9474669
9475097
9478109
9479070
9479259
9479314
9479860
9480160
9484246
9489228
9495212
9495868
9497636
9498121
9501362
9503436
9506126
9506414
9508827
9510160
9510702
9510811
9513117
9514724
9515465
9517597
9523291
9523388
9525765
9531045
9536005
9536317
9539998
9540427
9544304
9548293
9548950
9550469
9550686
9552143
9552460
9552892
9553332
9561244
9561778
9563932
9565256
9569680
9569850
9572196
9574521
9575548
9575890
9576668
9577539
9578494
9581542
9584104
9589912
9590203
9592606
9592697
9593173
9602556
9603674
9605069
9609204
9614147
9614766
9616062
9620424
9622424
9623739
9625765
9628715
9629847
9632775
9633169
9633181
9634100
9641455
9641521
9641762
9643491
9645254
9645638
9646170
9646368
9646397
9647871
9648930
9650087
9652481
9653148
9658763
9659724
9661110
9668776
9669111
9671261
9672263
9673690
9675061
9675648
9675751
9677847
9678081
9678086
9686294
9688228
9690319
9692402
9695034
9696124
9697656
9697983
9699473
9701239
9703400
9704188
9704866
9711749
9713661
9714314
9717689
9718215
9719573
9721327
9727863
9728664
9729686
9732236
9734673
9736291
9740130
9740914
9742743
9744174
9744736
9745012
9746288
9746919
9748263
9749603
9749777
9753741
9753911
9754321
9754847
9756859
9760174
9760258
9762754
9764859
9767824
9768445
9772120
9772361
9773321
9774811
9776991
9777359
9778493
9781836
9781974
9785153
9785908
9787213
9787932
9788936
9789637
9792366
9795662
9797010
9800495
9808271
9810675
9810717
9812847
9813911
9815086
9815090
9818179
9818576
9824724
9829653
9835228
9837745
9841043
9842414
9843456
9844474
9844635
9847197
9850444
9853924
9856056
9857119
9857516
9857862
9859606
9863609
9864631
9866776
9866942
9869776
9871375
9871796
9872624
9873575
9874563
9877281
9878252
9882358
9884762
9887289
9889571
9889731
9894325
9898859
9903651
9903926
9904542
9905716
9906766
9906982
9908783
9910002
9913080
9913844
9914212
9916179
9917553
9917678
9921365
9922573
9922649
9922724
9923257
9923295
9924309
9929510
9930414
9930684
9932957
9934747
9935129
9937617
9937701
9940002
9941062
9942596
9942638
9942932
9946275
9946578
9947303
9948505
9948989
9951854
9954362
9955080
9957434
9958667
9960689
9960817
9962012
9962221
9962791
9963642
9965631
9968481
9975338
9975979
9976716
9984873
9985229
9986738
9988273
9989391
9991209
9991571
9992277
9992726
9994346
9994364
9998645
9999384
10002714
10003384
10004172
10005450
10006136
10007720
10008649
10008982
10011128
10013204
10015340
10016614
10017154
10020408
10020948
10021262
10024020
10025905
10026943
10027342
10031137
10033098
10036664
10039643
10042879
10043110
10043697
10046040
10048269
10050511
10050737
10050971
10051411
10052106
10052352
10054075
10054356
10054559
10057244
10059374
10059938
10066186
10070030
10072578
10075078
10076889
10080100
10082060
10082270
10082866
10085170
10089522
10094129
10097364
10098517
10101227
10102018
10102904
10105092
10107406
10108483
10113660
10114108
10119851
10122632
10127260
10129483
10131180
10132100
10133707
10134417
10137349
10145490
10145824
10147261
10150643
10151575
10154481
10155213
10156434
10157117
10158270
10158732
10159035
10159615
10161727
10167716
10172919
10173462
10176995
10179364
10179614
10180467
10181407
10181592
10183364
10183715
10185503
10194550
10201646
10202809
10204617
10204662
10205499
10205912
10206918
10208789
10215540
10215712
10216427
10217113
10217472
10218326
10219088
10221037
10221044
10225428
10227912
10228512
10230190
10230575
10230784
10231951
10238638
10240323
10240784
10242905
10243357
10243608
10244192
10250119
10250928
10255467
10256136
10257735
10258373
10258380
10258624
10258772
10259474
10260313
10262728
10263608
10263749
10266302
10266570
10269299
10274336
10274609
10274664
10281942
10286239
10287516
10288034
10288514
10297244
10298021
10299279
10302124
10307517
10310534
10313006
10314349
10316825
10317691
10317903
10325350
10325601
10327834
10330501
10331558
10336932
10337960
10339079
10340359
10346471
10348487
10349794
10352471
10352524
10353683
10357502
10360052
10365216
10366070
10368100
10368258
10368909
10368974
10369754
10371520
10371571
10372630
10373235
10374118
10374158
10375315
10377071
10380046
10381416
10382656
10383637
10386273
10387780
10390753
10394194
10394729
10396453
10397676
10401865
10402237
10403070
10405131
10410433
10410895
10412216
10412431
10412981
10414433
10417944
10418788
10419013
10421223
10422048
10422075
10422791
10423104
10423363
10426032
10428874
10430004
10430313
10432129
10433957
10435443
10439790
10439947
10442281
10445081
10446547
10447969
10448573
10449463
10452438
10455213
10456284
10456813
10457637
10457644
10457660
10458563
10458832
10460319
10460960
10464479
10466106
10471347
10474517
10474673
10476928
10479386
10479431
10481584
10482187
10486720
10487699
10487875
10489747
10489880
10490845
10494879
10495268
10497557
10498455
10498522
10502476
10503568
10503773
10505057
10506169
10508172
10508642
10516132
10517301
10517416
10517780
10520709
10522362
10527100
10528094
10531051
10532153
10534435
10534927
10539076
10539698
10540530
10541923
10543888
10545525
10546675
10546932
10549406
10549467
10550816
10558973
10560769
10561660
10563424
10565867
10571226
10571379
10571446
10572081
10573480
10574545
10574878
10575840
10576011
10576152
10576636
10576847
10576910
10577597
10578610
10578874
10579646
10582710
10584079
10584194
10584199
10586006
10586398
10586463
10587112
10588035
10589265
10590395
10592680
10593792
10594286
10594881
10595800
10598605
10599160
10600142
10602230
10602677
10603421
10609036
10611572
10613076
10614295
10615741
10620138
10620319
10620476
10622081
10627186
10628602
10629993
10631774
10634299
10634535
10634750
10637788
10638084
10639651
10641457
10642470
10643213
10643648
10643834
10645510
10651462
10652417
10653571
10653897
10654397
10654745
10656279
10665052
10666625
10670650
10671808
10673431
10675293
10675444
10675980
10676956
10677918
10678172
10678670
10679045
10681247
10684182
10685829
10688746
10688978
10690705
10692296
10692401
10693598
10694569
10695937
10696313
10697559
10700544
10703000
10709299
10710703
10711741
10714163
10715212
10717411
10717707
10718901
10720375
10723165
10724924
10726575
10729019
10729066
10729389
10729441
10730011
10730207
10732199
10735798
10736734
10738563
10739034
10740023
10743332
10746669
10746797
10748495
10749197
10749869
10751238
10754170
10757830
10758324
10758491
10759610
10759897
10762589
10764310
10764858
10765235
10768427
10776567
10779714
10780999
10786080
10786442
10787340
10790092
10791465
10793780
10795042
10797383
10805592
10806131
10806946
10808733
10812750
10812857
10813468
10814433
10814789
10817167
10817518
10823536
10823624
10826801
10828158
10832358
10835777
10839140
10839785
10841084
10842962
10843172
10843849
10844679
10849378
10853205
10854982
10858560
10861676
10861704
10862032
10868089
10869433
10874084
10875501
10879683
10880642
10884017
10884977
10888826
10889801
10893625
10896531
10896776
10897913
10900500
10908333
10911356
10914259
10914596
10915420
10916551
10917036
10918217
10919346
10922397
10924847
10925590
10925660
10926359
10928012
10928077
10930378
10931731
10935024
10935804
10938472
10938487
10939532
10939816
10939832
10940827
10941023
10941177
10941334
10942850
10943252
10944243
10948163
10949263
10950238
10950931
10951736
10952969
10953351
10954250
10955593
10955843
10958310
10959338
10964681
10969327
10972018
10972815
10972949
10974255
10978384
10980461
10984773
10987083
10987718
10988675
10989700
10990228
10991372
10991590
10993456
10994721
10996296
10996772
10997056
11000626
11001128
11001446
11001666
11002138
11002244
11003541
11005822
11010733
11014809
11016172
11016560
11020402
11021240
11022924
11024361
11027627
11029101
11032288
11035916
11035993
11036200
11036956
11037124
11037891
11038604
11038993
11039493
11039952
11041194
11043378
11045871
11047173
11050234
11052114
11052446
11056821
11058686
11059179
11060099
11062211
11062486
11069270
11074817
11078488
11079493
11079584
11081268
11082054
11086171
11087462
11088540
11091372
11092531
11093371
11093687
11093716
11098940
11099608
11102718
11103552
11109455
11110098
11112229
11116041
11117363
11118113
11119071
11119228
11130271
11132322
11138466
11138945
11139741
11143315
11145513
11147193
11156533
11157222
11157950
11159468
11162113
11167053
11167603
11169563
11171958
11172635
11174087
11177432
11177613
11181312
11182323
11182866
11195582
11196048
11197732
11200498
11203743
11205131
11208512
11209198
11213097
11215205
11216420
11220455
11224637
11224739
11224831
11227036
11227165
11229549
11229910
11233262
11235348
11236030
11236541
11242814
11243733
11243858
11244497
11244720
11248252
11248683
11250407
11250599
11253253
11254431
11255205
11255990
11258260
11258437
11260474
11262989
11263805
11266193
11266368
11274484
11275252
11277316
11277847
11278958
11279602
11287004
11287091
11287324
11287751
11289489
11291988
11292889
11293674
11295011
11296912
11297705
11306311
11306395
11310997
11312832
11314766
11316653
11317903
11319810
11320707
11321276
11326899
11327605
11333215
11334090
11336630
11338615
11338911
11339729
11340221
11340339
11341424
11343033
11344436
11347282
11347402
11354411
11362307
11362497
11363480
11368720
11369752
11374669
11376889
11378344
11378932
11381566
11381878
11382213
11385017
11385507
11385782
11388071
11390142
11390684
11392161
11394668
11397233
11397295
11400179
11401716
11402221
11402346
11404752
11405437
11411557
11411730
11412125
11412384
11416789
11419680
11420954
11422579
11427002
11427853
11428417
11430384
11431728
11433908
11437714
11438261
11438998
11439437
11440016
11445431
11448670
11449429
11455340
11456885
11459017
11459217
11459878
11463182
11464490
11469172
11469858
11472708
11472810
11478306
11478410
11479189
11483897
11484857
11484985
11487366
11487893
11487897
11487955
11490026
11493054
11493524
11498793
11499037
11499390
11502628
11506712
11507135
11508180
11510912
11511316
11512631
11513607
11517900
11519181
11520164
11521077
11522647
11528557
11531929
11531995
11531996
11532842
11533051
11535417
11536975
11540509
11547185
11547966
11552534
11553019
11553744
11555137
11561624
11563288
11563351
11563614
11564833
11564960
11565392
11572074
11572123
11572173
11572884
11574564
11575050
11577520
11579563
11581918
11583356
11584972
11586373
11590360
11590850
11591289
11592121
11592911
11596406
11596912
11597330
11598471
11599012
11602982
11605574
11609466
11609743
11612018
11612235
11613383
11615654
11616557
11620583
11621698
11622781
11622785
11622861
11623167
11628208
11629551
11630097
11630741
11638403
11639251
11640907
11642643
11648087
11650823
11651197
11651507
11652691
11653360
11654084
11654412
11657907
11659264
11660785
11665244
11665367
11667306
11669111
11669296
11673122
11678631
11678642
11679457
11680085
11680514
11684224
11685030
11686427
11687874
11689468
11693288
11693731
11694531
11696356
11700420
11701056
11703339
11707979
11708666
11712145
11712189
11714613
11717658
11719064
11719472
11719714
11725717
11726151
11734228
11734812
11735565
11737247
11738534
11739038
11741811
11743874
11744924
11746195
11746279
11746431
11747018
11747310
11747640
11751088
11753852
11754188
11754829
11756705
11758154
11761154
11761588
11762821
11763600
11765132
11768701
11768879
11770532
11776076
11783399
11784315
11788372
11788422
11790614
11791361
11793813
11794487
11795387
11795862
11801803
11804002
11810568
11813746
11814882
11814915
11815289
11815833
11818646
11821427
11822004
11822185
11822849
11823820
11825505
11826054
11827896
11829116
11829175
11829605
11834949
11836592
11840273
11846577
11850202
11850385
11850767
11851003
11852735
11852770
11852838
11854314
11856729
11856812
11860116
11861172
11866343
11868268
11869729
11870286
11870436
11876483
11880499
11882538
11883907
11884310
11885556
11891123
11891950
11894853
11897117
11897706
11898210
11898815
11899785
11901001
11901693
11903738
11906179
11906610
11906920
11908220
11908275
11908780
11912518
11913181
11914063
11915366
11921472
11922056
11923627
11928195
11928567
11930736
11931852
11937656
11940438
11942303
11943960
11944858
11947813
11949650
11952133
11953561
11955587
11956412
11958199
11959505
11960059
11965162
11966399
11967495
11967573
11969801
11972472
11974074
11974133
11976732
11977535
11981558
11981920
11982421
11984473
11985232
11985376
11985678
11990550
11999503
12002142
12002842
12005443
12005971
12010870
12011485
12011749
12012551
12012774
12014417
12016856
12018176
12018673
12019104
12020270
12020366
12020796
12023569
12024861
12030004
12030247
12033316
12035411
12038017
12039714
12040386
12041677
12048233
12048477
12050570
12050964
12051866
12053087
12058539
12058689
12062532
12063807
12064064
12064500
12064823
12069412
12070077
12070750
12071902
12072448
12077114
12077225
12081195
12082978
12091423
12093870
12095052
12099044
12100071
12100861
12102496
12102758
12106382
12107154
12107422
12109507
12118935
12119008
12121770
12122294
12124709
12126059
12126157
12127015
12133691
12135162
12135193
12136300
12145134
12147300
12147694
12148928
12149116
12160537
12162388
12163321
12166435
12166692
12169491
12169518
12170825
12170829
12173205
12174058
12177689
12185794
12186288
12186460
12187468
12188484
12190698
12192343
12192840
12193015
12193655
12194534
12195855
12196514
12199486
12201500
12203657
12203758
12204578
12206400
12213668
12216702
12219388
12224123
12225061
12226008
12227665
12228531
12230155
12230306
12230311
12230615
12244567
12245451
12245586
12246455
12250389
12252208
12252955
12256380
12257140
12258078
12260321
12260924
12261902
12265167
12265356
12267897
12272252
12273702
12275034
12276359
12276963
12278273
12280861
12281130
12285472
12288723
12288770
12291807
12291951
12295887
12304652
12304685
12304968
12313192
12313678
12317970
12321297
12322087
12324892
12327404
12328398
12329506
12333075
12333793
12335660
12338065
12338280
12342589
12343960
12346211
12348388
12348845
12352965
12354552
12355643
12357997
12358384
12358498
12363069
12364203
12364594
12365743
12368506
12372948
12373076
12373582
12373849
12374139
12376041
12376793
12380024
12381624
12387188
12388884
12391326
12394241
12397484
12401141
12403332
12403961
12404608
12409390
12409423
12409429
12412377
12415789
12419422
12419717
12422864
12424125
12426749
12427040
12428236
12428638
12429700
12430363
12430708
12431559
12433106
12434451
12439375
12441611
12442583
12446471
12448574
12450222
12450247
12450585
12452264
12452548
12454289
12455025
12456653
12458877
12460136
12460522
12461341
12461488
12461917
12464985
12465126
12465962
12466488
12466819
12470216
12472126
12473503
12473947
12474939
12475113
12475245
12479351
12479408
12480751
12487353
12488266
12490018
12494466
12497430
12498099
12500863
12505163
12507499
12516512
12518423
12518877
12520162
12521576
12521672
12525121
12525424
12525950
12527702
12532288
12532311
12537271
12542200
12544195
12544613
12545000
12547242
12552851
12556079
12560208
12560736
12561989
12563167
12564237
12564529
12564858
12566117
12567067
12567784
12568861
12570069
12571367
12577116
12578833
12582315
12585463
12586282
12586842
12587069
12587676
12590607
12591551
12592085
12592732
12594067
12595319
12595321
12600847
12600987
12601134
12602615
12605281
12606224
12606775
12607311
12611691
12611775
12613036
12613362
12613595
12614217
12615702
12617193
12622675
12623131
12623908
12626095
12631571
12633949
12634165
12634305
12634310
12635138
12640538
12642808
12643015
12643616
12644164
12649530
12653657
12656416
12657686
12660458
12661523
12662606
12663068
12663560
12669068
12670328
12672091
12679989
12680320
12682430
12684331
12684960
12687376
12693285
12693737
12697807
12698338
12705248
12708975
12718449
12723246
12725280
12727055
12727892
12729083
12730790
12730961
12736873
12738640
12740281
12742373
12744449
12745249
12749517
12751108
12753826
12757619
12760922
12761394
12761785
12764143
12769478
12770520
12772175
12772370
12773543
12774863
12781897
12782336
12782750
12782864
12783162
12783372
12785229
12785450
12787162
12787243
12787285
12787989
12792948
12792950
12794608
12800599
12802305
12804757
12805594
12806008
12806400
12809765
12809894
12811899
12811995
12812770
12813729
12813973
12815368
12816968
12818130
12818901
12818946
12819773
12823758
12825493
12827705
12828335
12837175
12839591
12842239
12844236
12849831
12850964
12853045
12853871
12854088
12859185
12859189
12860749
12862896
12864616
12865542
12866087
12866216
12866543
12868873
12868887
12871991
12873237
12874242
12875296
12875503
12882995
12886799
12887366
12888034
12888172
12889435
12889976
12892132
12892545
12893608
12895771
12897163
12898836
12899386
12900035
12900645
12903893
12906726
12906916
12911051
12916836
12921579
12927641
12934199
12936653
12937397
12938072
12938587
12939111
12940638
12943987
12947956
12948025
12948581
12952967
12954686
12957304
12958269
12958500
12958696
12959447
12960986
12962665
12964714
12966272
12972293
12973633
12975539
12976585
12977213
12981005
12982332
12985639
12989634
12989635
12990300
12992961
12994020
12994478
12995394
12996786
12999380
13001719
13003091
13005410
13006839
13007579
13013034
13013538
13014913
13015479
13016699
13018260
13021893
13022682
13022765
13023317
13027374
13028125
13028437
13028540
13030117
13031343
13036277
13040924
13041637
13043610
13044028
13044443
13044904
13046565
13049766
13057105
13060203
13062033
13064626
13064949
13066683
13067858
13068162
13069161
13075773
13076810
13078225
13083657
13084594
13085045
13086798
13087492
13087666
13088161
13088625
13095444
13097688
13101059
13101413
13102461
13105219
13106115
13107250
13110038
13110553
13113173
13116844
13118926
13120705
13122549
13122612
13122985
13124035
13124315
13125199
13126295
13126684
13127510
13131459
13135647
13137248
13137438
13141930
13142453
13150819
13152033
13156820
13160483
13165553
13165969
13169631
13173914
13174200
13175052
13178098
13178509
13180424
13181213
13181674
13183630
13184811
13187363
13189125
13193064
13194023
13198567
13198739
13200413
13201658
13201930
13203091
13212097
13214329
13219705
13225452
13226616
13227225
13229107
13234437
13235698
13238832
13241194
13246757
13249204
13250199
13251514
13256457
13258321
13259883
13262172
13262238
13264788
13265337
13268455
13268851
13274949
13275728
13276907
13277931
13278375
13280366
13281278
13281752
13288301
13291433
13294704
13296278
13298748
13299567
13300883
13302530
13302965
13303015
13303158
13304396
13304845
13305853
13306024
13308273
13314359
13317167
13317193
13318826
13319498
13322300
13325585
13330230
13331862
13333920
13335724
13336700
13336792
13339290
13342818
13345279
13347853
13348589
13348611
13349218
13349371
13355876
13355919
13361717
13363378
13365787
13368368
13368487
13371928
13371941
13372817
13374915
13376539
13380901
13381837
13382968
13384372
13386244
13386467
13386605
13387416
13387939
13390923
13391847
13392315
13393921
13398081
13400222
13400827
13402494
13402680
13404664
13406077
13406606
13419451
13421964
13425369
13426564
13429809
13431721
13432054
13432937
13435034
13435035
13436249
13436854
13437302
13437407
13440088
13440133
13441597
13443744
13444611
13447064
13449646
13452602
13453303
13454507
13455825
13457066
13459794
13460634
13461143
13461590
13463592
13465545
13470308
13472250
13473600
13479497
13483601
13483933
13486484
13487642
13487980
13488284
13489253
13490071
13492257
13493691
13497168
13499060
13503511
13505685
13506102
13506292
13506881
13509749
13510730
13511566
13513152
13517623
13520317
13522899
13524441
13525472
13526487
13527100
13528589
13529051
13529392
13530169
13536304
13536493
13537080
13538860
13540298
13540445
13540541
13541342
13543535
13543894
13545543
13545580
13547292
13547821
13547892
13552994
13555244
13556614
13563776
13564374
13569507
13574237
13575724
13585062
13585870
13586068
13587652
13588597
13589493
13590177
13592931
13593265
13593471
13594098
13596633
13596825
13597973
13598468
13601750
13602121
13602954
13604885
13606661
13608905
13609564
13611533
13612779
13613085
13613552
13616555
13616799
13618167
13618573
13619017
13622169
13623618
13627814
13627971
13628247
13630184
13630799
13635222
13635229
13637839
13640282
13641904
13646596
13647796
13658089
13658881
13659828
13660257
13661073
13661598
13663917
13664127
13664176
13666450
13667778
13669929
13670214
13671571
13672416
13673848
13674096
13676420
13678850
13686161
13687417
13687529
13687970
13689184
13690256
13696023
13696426
13698028
13700424
13701058
13701097
13701139
13702184
13702613
13706730
13706943
13708990
13710340
13710396
13710619
13712429
13714873
13719221
13721516
13723265
13723503
13724135
13727883
13730576
13734566
13735783
13738978
13739128
13740823
13741155
13742364
13745194
13746156
13748609
13749747
13751454
13751930
13753125
13753848
13756531
13759087
13759168
13761219
13761519
13762407
13764195
13768829
13770246
13770823
13772888
13774678
13775107
13777114
13777405
13781589
13782082
13783776
13783876
13785068
13786609
13786671
13787751
13787981
13790410
13791226
13792176
13792354
13796540
13796999
13797228
13801342
13805152
13806724
13807204
13810617
13816065
13816803
13819716
13823757
13824359
13825079
13830252
13831712
13833475
13837362
13837615
13837624
13837973
13842324
13843870
13843909
13844933
13845667
13851126
13855240
13857950
13859050
13861003
13861360
13869181
13871477
13871479
13871926
13872144
13879228
13880902
13883751
13888815
13895401
13897692
13898238
13902585
13904871
13906376
13906604
13909458
13909650
13912404
13913425
13915528
13916821
13916868
13920103
13921364
13921897
13923570
13924182
13928917
13930511
13930577
13934703
13937667
13941104
13942014
13946312
13950333
13952241
13953846
13954050
13956438
13957309
13959277
13961051
13963846
13967560
13967744
13970051
13972457
13973967
13976693
13977258
13978300
13979157
13979428
13981047
13981221
13981738
13981943
13984446
13987920
13989798
13991744
13994113
13994791
13995265
13995910
13996515
13998651
13999270
14003531
14007113
14011221
14011254
14012240
14012709
14012914
14015002
14016985
14023449
14024464
14024699
14026300
14027129
14028186
14028355
14030392
14031437
14033692
14038384
14045609
14047152
14049391
14050032
14050103
14053239
14055206
14057866
14061084
14061680
14061710
14063368
14063602
14064823
14065566
14067662
14073628
14078613
14079038
14079619
14080455
14082372
14082416
14082853
14083210
14089125
14090094
14091635
14096373
14096668
14097527
14098878
14100052
14101442
14105135
14105194
14109213
14110262
14117373
14117501
14119423
14121072
14124180
14124811
14127751
14130894
14132605
14140509
14141004
14141155
14142602
14146363
14148547
14149054
14154025
14154305
14154354
14154596
14156870
14158912
14160328
14162402
14162435
14164244
14164267
14167062
14167123
14167312
14175016
14176090
14180302
14181579
14181923
14183878
14184316
14189452
14189775
14194463
14194747
14198609
14199165
14200769
14201509
14203374
14206196
14207097
14209494
14214630
14216231
14221225
14222684
14226353
14228540
14229592
14233753
14235505
14240085
14241486
14242644
14242870
14243187
14246284
14246972
14247104
14248604
14250520
14257261
14259662
14264311
14264319
14265649
14266260
14268129
14269267
14273149
14274995
14275949
14277200
14277244
14277283
14278819
14279617
14282217
14282338
14284138
14285073
14286808
14287492
14291996
14296629
14297137
14298530
14301194
14304071
14306772
14308397
14308496
14312129
14314018
14316294
14317346
14322205
14322310
14324346
14328721
14329526
14332068
14332245
14332247
14333693
14335323
14336858
14338277
14339122
14339345
14341270
14341957
14346337
14348611
14350777
14354127
14357584
14357849
14358172
14358489
14359854
14361840
14365661
14368440
14372734
14372827
14374596
14375270
14381543
14381550
14386344
14392282
14399675
14401566
14408686
14411379
14412141
14415280
14415978
14416585
14417155
14418179
14419133
14420602
14422798
14422962
14426445
14431432
14432544
14433051
14435383
14435415
14436561
14438661
14440148
14440268
14443065
14447684
14448908
14449191
14451591
14451849
14453128
14455744
14456695
14459437
14460600
14461170
14464420
14464585
14464761
14472105
14474563
14476124
14476970
14477234
14478630
14479822
14480740
14482946
14492538
14492733
14493460
14493923
14494141
14496819
14501825
14502609
14505098
14505437
14506912
14508126
14508610
14509205
14514672
14515133
14515213
14516651
14517933
14523441
14526890
14527731
14529114
14529285
14531000
14532499
14534881
14537923
14538447
14540890
14542470
14545147
14549343
14549595
14549909
14550291
14551644
14552586
14552608
14555507
14557980
14558483
14561546
14563663
14568463
14569643
14572960
14573168
14575218
14575489
14575736
14576267
14576616
14578140
14579893
14580329
14583362
14583457
14583461
14593502
14594167
14596352
14602238
14602961
14604573
14605436
14608470
14609360
14609749
14611390
14611663
14612686
14613448
14615654
14616242
14621063
14621256
14621704
14624777
14625596
14626646
14626877
14627379
14631012
14633487
14635420
14636195
14639266
14639664
14640647
14644272
14647568
14650377
14650929
14655176
14658175
14658753
14659431
14660193
14663000
14664120
14664828
14667022
14673638
14674596
14675126
14676303
14680598
14682354
14682551
14684128
14684173
14686597
14688625
14694180
14696255
14696401
14697509
14707163
14711607
14712123
14713297
14715138
14716876
14721500
14724883
14725631
14728971
14729121
14729513
14731598
14732260
14734655
14737008
14741951
14748878
14750995
14751028
14756217
14756229
14762785
14765613
14765892
14767695
14770731
14771966
14772062
14783650
14786789
14786800
14788047
14789832
14791158
14792058
14794009
14800470
14801321
14801748
14803038
14805076
14811816
14814240
14817290
14817872
14818126
14818257
14820480
14820521
14820924
14822209
14824941
14828973
14830675
14832049
14832240
14833271
14833409
14835035
14836600
14838218
14839759
14842041
14843617
14844885
14846138
14847196
14854232
14855930
14859845
14861752
14866885
14867175
14867289
14869244
14871609
14873120
14873603
14874424
14874425
14876622
14877839
14883465
14883549
14885185
14885505
14886932
14890439
14890713
14894185
14894387
14894916
14897758
14902270
14902545
14904990
14905617
14907742
14909085
14911727
14918231
14918290
14920290
14920774
14923168
14923404
14926300
14926480
14927222
14934220
14940372
14943545
14943754
14945631
14946698
14950056
14952409
14952792
14953853
14955847
14956892
14957987
14958094
14959858
14960441
14963265
14967027
14968238
14970291
14971236
14974217
14975861
14975901
14981200
14984785
14986703
14986771
14987917
14989010
14990334
14993143
14993840
14994316
14994363
14994483
14994564
14997928
14998024
14998088
14999245
14999413
15000059
15000392
15005826
15006624
15006858
15008346
15008633
15009813
15013025
15015627
15017435
15017675
15018736
15021586
15022756
15027668
15030700
15035465
15036668
15037980
15041217
15043079
15044181
15044592
15047403
15053616
15054240
15054314
15057367
15057830
15059568
15062570
15065141
15068627
15070162
15072033
15073515
15075137
15075752
15080679
15083744
15084369
15085222
15089121
15090690
15091527
15093826
15094164
15095034
15096312
15102405
15102484
15105785
15108623
15110387
15110534
15110870
15113019
15114896
15118618
15120679
15120922
15121393
15124089
15124357
15125033
15127235
15129395
15129674
15135474
15138213
15138220
15138361
15141442
15141679
15142435
15149312
15150715
15151026
15152786
15158328
15158748
15160317
15162845
15163520
15165306
15165660
15169540
15170887
15171232
15172843
15175146
15175477
15176626
15179402
15179765
15179928
15180278
15181161
15181332
15182059
15184223
15185373
15187848
15189725
15190170
15191722
15191787
15192920
15195272
15196903
15198068
15199477
15201820
15203083
15206906
15208963
15209007
15209337
15212478
15212847
15213293
15213398
15217676
15219376
15222820
15223128
15228681
15228685
15229140
15230020
15236562
15237804
15240069
15246349
15247225
15252265
15255208
15255247
15256280
15257973
15260380
15261254
15262240
15262755
15264250
15265544
15273916
15274960
15279304
15280236
15283027
15283801
15285091
15285478
15287276
15288950
15288961
15291756
15293415
15294888
15296700
15297538
15297688
15297894
15299068
15302123
15303373
15306121
15311852
15317744
15318117
15318924
15321569
15321834
15337194
15341102
15344299
15344479
15346552
15346855
15349753
15354152
15359371
15360809
15368625
15368744
15369033
15371363
15376791
15378785
15382684
15383405
15389582
15389983
15391919
15392247
15392877
15395812
15395977
15396563
15402950
15404055
15407441
15407648
15410005
15413509
15415347
15416841
15418838
15420840
15424617
15429310
15430084
15433532
15434157
15435065
15436655
15437574
15437959
15441047
15443295
15443839
15446211
15448469
15453499
15455776
15457550
15459512
15464458
15466136
15468569
15469285
15471604
15473048
15475262
15476925
15479507
15481434
15481760
15491701
15491907
15495369
15497398
15498422
15500411
15501258
15501609
15505697
15506663
15509201
15509654
15514859
15516904
15517019
15517532
15519742
15520013
15521650
15529596
15532019
15532192
15534571
15536041
15536195
15537361
15537968
15538526
15545302
15546388
15554651
15554671
15555527
15557040
15562149
15562912
15563521
15563799
15566732
15567679
15571053
15572565
15575644
15578168
15578301
15580161
15581281
15581389
15585400
15589351
15592276
15593987
15594411
15594905
15601616
15604976
15605290
15608025
15609997
15612124
15613498
15614012
15616794
15619065
15619924
15620893
15624026
15626328
15626997
15627276
15628259
15628386
15635808
15636864
15637177
15638899
15640386
15641625
15644460
15645869
15647153
15648522
15648931
15653016
15654443
15655122
15656462
15658910
15660022
15660079
15660341
15662139
15663993
15686303
15691654
15692630
15693276
15693561
15693807
15701755
15702338
15704146
15704809
15708506
15708733
15711627
15712395
15712878
15716141
15718354
15721435
15723825
15725424
15731694
15732991
15734183
15735086
15738180
15740998
15741787
15742982
15743874
15746358
15746719
15750167
15750654
15752204
15754729
15755067
15756813
15757328
15757741
15759051
15759803
15760773
15763054
15766363
15770290
15770638
15770772
15771354
15772004
15777871
15778634
15779096
15779946
15780409
15781575
15781759
15782905
15783102
15783534
15785258
15786169
15801128
15803572
15804307
15804439
15804454
15807795
15808725
15808869
15813255
15814606
15817032
15817185
15819416
15826259
15827650
15829573
15834051
15837486
15840439
15842132
15842420
15847463
15848281
15850625
15851205
15851218
15851311
15855043
15855777
15857119
15857244
15858353
15863127
15865759
15865782
15866671
15869075
15869457
15870286
15873010
15873508
15876565
15878145
15878282
15878301
15881326
15882100
15883274
15886758
15887089
15887540
15892705
15893545
15894588
15896118
15899623
15901125
15903138
15905820
15907407
15910629
15912842
15915101
15918685
15918760
15927474
15927601
15928262
15933714
15934629
15937764
15941212
15943134
15943577
15948375
15950666
15957928
15959981
15962283
15963270
15964292
15965974
15971138
15972656
15973536
15975129
15976409
15976946
15978228
15980238
15980258
15980961
15983772
15988663
15991003
15994936
15995560
15998161
15998279
16000850
16001816
16002261
16003661
16004751
16006437
16007200
16008178
16014297
16016061
16017597
16021136
16022776
16023645
16024596
16025175
16027087
16028236
16028394
16028765
16031492
16033437
16035294
16035435
16036962
16037510
16038770
16039106
16045090
16046848
16050514
16051159
16051760
16061104
16064782
16065228
16065373
16066710
16066827
16068257
16070857
16071661
16071981
16075116
16078645
16079510
16082763
16083733
16084030
16084688
16086928
16089027
16091040
16092066
16094386
16094798
16095070
16095731
16097955
16098152
16098440
16103890
16103981
16104076
16105325
16108899
16109225
16109981
16111668
16112632
16115602
16116337
16119649
16119746
16120262
16123414
16127632
16128053
16128524
16133970
16134955
16136316
16139977
16140712
16143570
16143618
16144848
16145504
16147584
16148598
16150297
16150817
16151020
16152620
16153974
16155775
16157028
16160904
16161913
16162305
16165661
16170868
16172603
16172883
16173173
16178799
16179209
16179722
16180920
16182231
16188442
16190570
16195174
16196393
16199028
16199990
16201518
16203532
16205506
16206542
16212826
16216506
16217837
16217872
16217892
16221438
16224003
16224164
16224522
16227132
16227565
16227682
16229810
16231908
16235583
16235907
16236799
16239309
16239926
16242379
16242485
16243929
16244044
16245445
16249881
16250985
16251184
16252158
16252582
16256522
16257037
16257693
16258675
16259756
16262507
16266464
16271964
16274417
16274748
16275809
16275880
16276176
16277079
16277933
16282619
16283417
16285457
16288088
16288391
16289871
16292581
16294593
16298343
16299188
16301336
16301932
16302748
16303504
16303751
16306930
16308525
16311763
16312220
16312703
16314229
16314786
16314915
16317122
16318833
16320846
16322966
16323498
16327644
16328896
16330136
16336729
16337456
16338340
16338827
16339346
16340220
16340347
16344464
16345216
16345614
16346723
16353963
16354065
16359578
16361732
16362846
16363222
16363340
16363543
16365377
16365811
16365989
16366792
16367328
16372001
16372105
16374093
16374872
16381785
16384736
16385563
16385627
16387633
16390871
16391740
16391816
16393211
16393476
16394353
16394531
16395550
16396788
16397490
16400010
16400349
16402090
16402285
16402462
16405613
16406436
16408857
16409008
16410581
16412445
16414499
16418018
16420078
16421051
16422069
16422516
16422836
16423172
16423488
16424665
16425734
16428762
16428883
16429295
16431042
16435348
16436340
16436954
16438719
16439693
16440686
16440701
16442506
16444863
16446891
16448256
16452545
16458498
16464115
16464852
16465497
16466190
16467168
16471180
16471945
16472250
16480209
16481518
16481571
16483098
16484937
16489835
16490275
16491810
16493271
16495468
16495556
16496186
16497082
16497461
16498009
16498253
16498917
16502696
16503342
16506294
16511198
16513611
16515139
16517790
16519831
16525578
16531980
16535632
16539596
16539643
16542131
16543199
16545656
16547230
16551110
16551263
16554497
16555537
16557647
16564065
16567577
16567789
16569304
16569563
16570109
16570239
16579338
16582091
16582153
16583198
16585886
16587590
16588759
16589459
16589869
16590548
16591111
16591841
16594395
16596470
16598941
16599166
16599438
16600590
16603124
16608800
16611337
16612209
16617122
16621142
16621222
16624408
16625965
16626948
16628992
16632242
16634209
16634475
16636381
16637448
16639081
16639167
16641212
16646364
16646622
16647954
16648713
16652195
16658487
16658895
16661267
16662831
16663025
16665603
16667795
16668745
16669555
16670924
16671381
16675345
16675676
16676549
16676562
16678921
16679848
16682335
16687280
16689627
16689942
16692640
16695218
16697312
16703434
16704067
16704297
16705599
16706023
16711593
16713999
16715709
16717644
16721288
16721685
16724215
16728540
16731339
16731948
16733200
16741675
16744283
16744542
16746583
16747347
16749288
16749704
16750192
16750495
16750699
16752381
16755190
16757053
16757333
16758651
16761193
16762118
16762420
16762912
16764342
16765278
16765783
16768937
16769247
16769779
16770717
16771444
16772659
16772668
16773608
16779361
16781221
16787476
16790146
16791371
16792973
16793126
16793256
16793954
16794335
16797997
16798215
16798373
16803201
16804120
16807069
16809999
16816509
16821624
16824071
16824538
16825102
16829469
16831351
16835775
16840646
16845956
16847533
16847577
16848573
16849442
16849786
16854924
16856771
16857228
16858358
16861287
16861703
16865368
16866680
16872247
16872506
16872545
16876568
16878109
16878691
16880370
16883633
16884307
16887922
16891392
16891428
16892724
16893206
16893925
16897184
16897726
16900058
16900142
16902532
16902896
16903725
16911290
16911570
16914086
16914645
16916245
16918911
16919529
16920396
16931087
16932853
16939518
16940182
16942758
16942864
16943817
16944711
16945463
16945500
16951066
16953111
16954593
16959926
16960851
16964547
16967896
16968119
16976924
16978713
16983272
16983276
16983788
16984129
16984145
16986173
16986310
16986642
16992154
16994191
16995749
16997175
16997832
16998535
17000395
17001194
17003282
17008635
17009504
17009650
17013369
17015547
17016587
17020717
17023717
17025995
17029072
17031880
17035888
17036601
17037102
17037668
17038264
17039359
17040409
17043027
17044075
17048250
17049139
17049912
17050165
17050358
17051784
17052642
17053159
17053857
17063460
17063951
17065370
17072409
17073790
17078215
17081266
17081400
17084055
17084448
17084695
17086411
17091415
17092898
17093721
17095806
17101481
17101700
17102694
17103348
17103734
17105452
17107219
17110150
17112361
17113574
17115971
17118759
17121996
17123318
17125406
17130113
17130348
17132541
17136215
17137759
17138003
17149605
17151885
17155508
17157816
17158713
17158848
17159150
17162041
17162839
17163460
17166522
17169206
17169552
17171018
17171428
17173123
17174294
17176186
17178494
17178878
17183651
17185960
17186507
17187474
17188503
17190191
17196014
17196823
17203151
17203478
17203968
17205397
17206588
17207885
17208877
17212412
17213484
17216361
17221130
17222260
17222632
17223459
17229831
17232779
17233072
17234600
17235037
17241840
17243718
17244186
17249568
17253649
17254915
17255444
17256805
17259340
17259812
17262256
17265308
17265335
17266024
17271374
17272744
17273695
17273854
17276651
17277079
17278510
17282796
17283981
17285046
17285405
17287281
17287809
17290641
17290872
17293386
17294887
17295016
17296395
17296886
17298473
17298864
17301402
17310012
17310362
17312762
17315062
17316861
17318650
17318923
17319766
17319786
17320388
17324399
17327641
17329754
17332159
17334854
17334861
17334902
17337799
17340644
17341897
17344508
17344670
17344672
17344950
17346838
17348257
17349385
17351256
17351498
17352718
17352760
17355420
17359715
17365292
17365377
17365954
17372144
17372150
17375715
17378093
17380687
17382997
17383836
17385332
17386788
17389663
17390229
17390640
17391710
17393074
17395917
17396384
17396628
17397203
17397449
17398047
17399931
17401679
17403260
17413129
17415632
17418330
17418700
17418970
17423062
17423827
17425459
17427148
17428031
17430122
17432759
17433935
17435472
17435869
17435973
17438117
17438530
17441656
17444023
17444463
17445183
17453454
17456253
17456898
17457001
17459780
17460945
17465765
17467593
17471119
17473142
17474169
17479857
17481198
17481439
17485810
17486648
17487436
17488240
17490554
17492362
17496282
17499380
17500737
17500980
17502466
17503735
17507073
17509618
17512745
17513475
17514652
17517599
17518074
17518533
17520297
17529084
17530177
17532451
17532684
17533051
17534843
17536452
17536574
17542637
17543295
17545407
17550297
17551245
17552342
17553490
17563500
17571341
17577519
17577555
17578046
17580467
17581573
17582976
17583093
17584126
17584147
17585838
17587143
17587343
17587908
17592011
17592857
17594032
17594944
17596751
17596773
17602478
17604504
17605088
17606131
17607008
17609778
17611114
17613209
17613363
17615132
17621926
17625349
17628246
17630997
17631127
17638060
17638909
17639395
17642453
17646452
17651222
17651262
17652550
17652717
17658020
17660724
17662748
17665557
17666631
17668472
17670784
17678494
17680091
17685580
17686914
17689107
17690251
17695640
17695695
17695824
17697930
17701460
17706067
17706317
17706451
17713349
17714167
17716810
17722996
17724225
17724976
17725261
17727239
17728307
17729415
17730431
17730938
17731233
17735824
17739499
17739674
17743725
17747461
17747913
17748986
17753340
17755035
17758811
17760728
17761317
17761358
17762123
17762393
17765056
17765961
17765980
17767650
17769967
17773922
17775112
17775889
17781484
17782054
17782111
17786519
17787051
17787109
17787533
17789396
17790136
17790485
17793187
17795562
17795711
17795857
17796843
17797096
17798203
17801181
17806164
17808313
17808387
17809052
17811709
17813143
17813879
17815080
17817471
17822088
17822694
17823131
17823622
17824093
17826636
17827850
17830692
17830942
17831024
17833552
17833579
17834272
17835188
17838007
17839381
17842842
17845054
17845767
17847147
17849849
17852048
17854981
17855208
17856321
17859661
17860950
17861165
17862377
17865729
17870354
17876712
17888651
17888674
17892217
17893170
17894900
17895793
17896422
17899117
17900925
17903752
17904114
17906213
17909799
17910100
17910585
17913326
17919554
17921471
17922707
17924708
17925337
17925835
17925953
17928102
17929065
17931864
17936131
17936338
17938322
17939337
17939691
17939757
17940466
17943146
17944672
17946409
17948565
17952328
17952561
17953922
17956323
17957387
17958116
17958907
17961375
17962495
17972104
17972595
17972700
17973703
17974005
17976062
17976805
17977711
17978490
17979261
17985143
17985316
17988252
17993882
17994740
17997628
17999044
17999050
18000854
18001881
18005841
18007092
18008009
18012390
18012707
18013777
18015790
18016145
18017010
18020338
18021669
18024452
18025470
18026365
18026511
18027315
18027523
18027753
18027925
18034994
18035491
18038977
18043075
18044933
18045094
18045757
18047021
18047703
18049824
18050595
18050893
18051270
18051739
18056907
18059930
18060204
18060740
18061642
18065425
18065597
18067285
18069451
18070459
18071075
18071373
18073032
18074282
18076577
18079404
18085887
18089226
18090930
18094420
18095831
18099245
18100804
18101477
18102957
18108192
18108820
18109877
18110791
18112117
18112929
18114799
18115887
18117456
18117804
18124902
18126910
18127127
18130074
18130381
18131607
18132334
18137379
18138393
18139084
18141453
18143469
18147791
18149341
18149485
18153361
18153515
18154056
18155270
18158830
18160724
18163430
18165743
18166383
18167803
18172244
18172338
18177949
18178495
18179336
18182510
18183018
18184749
18190006
18198983
18200014
18200651
18202065
18203616
18211804
18214381
18215452
18216509
18216913
18217468
18219724
18220021
18220562
18221639
18221646
18221654
18225593
18226438
18226726
18228673
18229597
18231313
18234744
18235211
18236267
18237137
18238474
18238678
18239451
18242434
18242450
18248051
18250687
18252739
18255394
18255728
18257919
18259232
18260695
18263024
18263036
18263155
18263634
18265090
18270332
18273317
18274427
18274826
18278520
18282334
18285672
18289869
18291086
18291405
18292138
18292347
18293674
18293883
18297155
18298050
18298355
18300403
18302408
18303646
18305609
18306558
18310587
18313704
18314336
18317924
18320919
18322244
18326439
18327215
18327931
18333233
18333252
18337250
18337403
18342448
18343240
18344938
18345685
18347805
18351275
18353849
18354854
18356416
18356825
18358304
18358354
18359426
18361226
18362510
18364729
18365388
18369604
18372240
18381392
18385181
18388282
18388350
18394881
18398283
18398500
18399928
18402577
18402724
18403474
18403561
18404808
18406114
18406769
18407208
18407396
18408304
18408768
18414307
18415591
18418547
18421184
18422571
18423568
18424650
18425061
18427006
18427549
18430096
18431948
18432874
18434201
18434804
18435342
18435401
18435701
18435768
18436301
18436825
18437846
18440079
18441063
18441901
18442877
18443720
18447906
18451830
18455457
18463845
18464533
18465813
18468673
18469147
18471303
18472432
18472706
18473281
18473457
18474571
18474633
18475125
18476577
18476905
18482495
18483347
18484008
18486960
18487101
18487380
18490387
18490690
18492375
18493238
18496739
18506468
18512568
18514127
18515130
18517514
18519460
18521274
18524104
18524817
18527689
18528890
18529927
18529987
18531592
18531657
18538901
18540336
18542317
18546648
18549534
18552312
18554160
18554571
18557423
18562785
18564003
18566988
18569058
18573339
18575349
18576597
18581938
18582948
18584599
