0
113
377
414
425
551
621
683
715
729
740
781
793
948
966
1350
1365
1385
2171
2246
2315
2316
2331
2381
2449
2622
2646
2772
2914
3080
3110
3117
3159
3166
3244
3436
3521
4081
4261
4296
4526
4613
4629
4913
4967
5034
5044
5280
5382
5710
5814
5960
5962
6040
6065
6174
6354
6385
6433
6578
6591
6634
6765
6908
6920
6941
7375
7533
7568
7839
7935
8169
8198
8386
8448
8555
8695
8776
9051
9400
9428
9509
9797
9823
9900
10017
10162
10181
10212
10295
10409
10503
10534
10580
10833
10907
10925
10942
11033
11119
11248
11448
11584
11719
11765
11931
11940
11982
12031
12052
12114
12203
12313
12362
12381
12515
12550
12722
12726
12983
12998
13081
13138
13173
13220
13269
13315
13413
13607
13723
13971
13998
14120
14317
14376
14400
14462
14509
14523
14526
14601
14812
14921
14939
15083
15092
15108
15220
15223
15244
15247
15388
15511
15528
15690
15723
15856
15880
16028
16029
16036
16203
16223
16344
16391
16404
16554
16687
16710
16897
16941
17015
17062
17096
17206
17226
17276
17500
17540
17625
17818
17919
18026
18113
18263
18275
18398
18465
18761
