98
342
362
388
480
498
574
612
726
967
1158
1160
1297
1359
1733
1756
1779
1874
2104
2295
2358
2371
2488
2562
2600
2930
3120
3150
3292
3314
3318
3401
3417
3428
3556
3702
3825
3906
3937
3973
3991
4336
4362
4417
4473
4573
4702
4750
4758
5055
5342
5387
5403
5527
5540
5634
5664
5811
5849
5940
6137
6329
6459
6512
6651
6775
6841
6859
7078
7102
7229
7595
7608
7609
7739
7844
7853
8073
8233
8319
8323
8377
8447
8482
8538
8581
8585
8592
8613
8690
8858
9060
9099
9200
9311
9351
9591
9596
9604
9753
9887
9953
9997
10000
10108
10144
10218
10289
10305
10357
10496
10552
10783
10795
10850
11079
11257
11276
11301
11538
11550
11558
11637
11639
11964
12180
12403
12455
12474
12653
12738
12832
12946
12999
13100
13188
13306
13366
13427
13467
13573
13888
13961
14000
14148
14199
