30
89
235
278
454
454
507
524
551
666
685
803
828
936
989
1060
1099
1101
1243
1393
1438
1479
1602
1605
1704
1741
1764
1776
1840
1864
1999
2143
2149
2156
2367
2760
2770
2834
2931
3029
3254
3295
3314
3479
3493
3563
3632
3903
4004
4042
4046
4101
4367
4439
4444
4473
4532
4761
4809
4907
4921
4955
5130
5257
5323
5479
5584
5608
5673
5833
5840
5885
5912
6153
6222
6226
6395
6496
6747
6821
6829
6988
7057
7067
7126
7136
7433
7450
7509
7535
7560
7591
7707
7751
7921
7987
8007
8102
8159
8169
8294
8337
8354
8373
8516
8572
8616
8657
8661
8720
8728
8827
8936
9192
9211
9232
9263
9354
9425
9557
9625
9724
9733
9767
9801
9855
9879
9883
9893
9893
9988
10251
10258
10373
10439
10449
10572
10574
10639
10670
10703
10751
10839
10912
10926
11083
11411
11419
11472
11486
11540
11567
11599
11630
11679
11703
11805
12046
12102
12166
12233
12249
12382
12612
12768
12876
12909
12983
13018
13086
13100
13129
13340
13344
13349
13418
13428
13625
13644
13650
13796
13817
13981
14041
14112
14196
14210
14222
14272
14333
14359
14361
14442
14624
15014
15160
15209
15215
15428
15462
15467
