65
138
230
312
642
733
1019
1043
1282
1348
1349
1664
1972
2031
2050
2180
2232
2265
2277
2443
2531
2544
2603
2786
2802
2818
2835
2929
3023
3161
3178
3319
3341
3409
3495
3609
3897
3949
4043
4088
4103
4109
4147
4260
4293
4364
4367
4403
4537
4586
4728
4805
4816
4951
5118
5187
5312
5371
5467
5602
5729
5735
5864
5917
5948
5959
6129
6149
6172
6206
6227
6247
6385
6425
6444
6507
6676
6730
6785
6864
6935
6965
7055
7183
7195
7244
7279
7324
7325
7387
7639
7648
7743
7818
7886
7960
7985
8009
8139
8165
8179
8371
8440
8487
8557
8680
8708
8714
8814
8849
8989
9010
9212
9531
9653
9776
9796
9797
9946
10240
10259
10413
10722
10731
10757
10876
10884
10953
11011
11039
11106
11223
11225
11306
11331
11342
11373
11405
11536
11569
11610
11705
11811
11893
11902
12111
12287
12387
12406
12414
12586
12633
12668
12775
12821
12842
12872
12893
12994
13096
13248
13261
13295
13318
13320
13370
13417
13431
13567
13671
