0
16
100
103
353
430
446
486
686
952
982
1015
1153
1222
1336
1536
1659
1697
2030
2157
2172
2197
2247
2272
2603
2767
2787
3020
3028
3224
3469
3519
3727
3811
3872
3946
4142
4425
4488
4503
4957
4964
5083
5112
5372
5483
5687
5879
5904
5915
6275
6333
6423
6525
6877
6935
7119
7145
7174
7295
7331
7368
7371
7478
7800
8056
8072
8093
8122
8165
8176
8253
8472
8501
8600
8601
8769
8781
8890
8900
8926
8962
9041
9067
9163
9218
9291
9322
9517
9550
9664
9862
10038
10082
10137
10209
10238
10271
10328
10466
10526
10710
10717
11173
11278
11398
11564
11604
11651
11676
11755
11821
11999
12063
12073
12218
12372
12501
12559
12773
12784
12848
13036
13058
13078
13286
13630
