70
99
119
209
251
348
357
361
426
622
693
1044
1069
1092
1239
1268
1276
1319
1429
1459
1502
1868
2034
2191
2193
2456
2711
2718
2737
2822
2875
2879
3078
3126
3207
3212
3341
3456
3507
3532
3565
3767
3963
4027
4083
4197
4321
4331
4392
4417
4522
4677
4761
4805
4821
4890
4997
5005
5139
5236
5246
5260
5274
5280
5333
5456
5483
5488
5644
5743
5893
5988
5998
6065
6101
6149
6226
6313
6452
6497
6541
6556
6681
6694
6784
6821
6904
6991
7008
7012
7013
7050
7051
7356
7358
7417
7434
7465
7641
7866
7879
7934
7994
8000
8004
8008
8058
8082
8082
8311
8343
8428
8438
8470
8537
8602
8632
8637
8638
8664
8804
9161
9197
9283
9377
9437
9476
9637
9646
9646
9666
9794
9890
10009
10137
10171
10366
10372
10492
10508
10530
10584
10689
10702
10815
10850
10923
10953
11217
11266
11340
11389
11493
11625
11734
11811
11917
11994
12143
12154
12500
12593
12629
12678
12695
12794
12907
12920
12963
12966
12996
13330
13493
13566
13575
13694
13696
14007
14016
14059
14075
14103
14180
14246
14494
14504
14729
14755
14839
14913
14941
15013
15165
15242
15302
15328
15359
15367
15375
15477
15513
15540
15605
15635
15652
15686
15741
15767
15784
15838
15939
16069
16179
16202
16205
16222
16581
16582
16615
16712
16762
16860
16970
17012
17077
17133
17189
17202
17221
17267
17506
17579
17628
17873
17913
17929
17930
17937
18119
18169
18241
18381
18382
18455
18615
18729
18754
