103
106
176
191
255
257
318
446
458
464
484
526
554
680
685
740
798
852
960
1443
1533
1579
1688
1719
1738
1753
1790
1926
2064
2155
2197
2297
2298
2373
2383
2439
2697
2708
2876
2928
3087
3262
3375
3610
3740
3846
3847
3933
3984
4029
4108
4143
4245
4289
4343
4424
4438
4450
4524
4549
4554
4556
4570
4679
4692
4768
4877
4907
4918
4969
5136
5191
5504
5587
5742
5765
5813
6007
6219
6245
6595
6654
6743
6898
6910
7203
7259
7366
7371
7411
7419
7457
7545
7660
7676
7736
7771
7780
8005
8080
8095
8233
8292
8363
8394
8423
8618
8768
8805
8918
8956
8987
9019
9056
9247
9351
9351
9353
9373
9374
9416
9591
9612
9689
9803
9822
9845
9870
9905
9976
10008
10038
10161
10212
10216
10222
10270
10296
10475
10496
10521
10661
10835
10983
11153
11170
11229
11323
11383
11425
11610
11633
11673
11748
11774
11775
11841
12005
12018
12021
12063
12180
12189
12189
12192
12208
12325
12351
12373
12421
12474
12612
12675
12830
12879
12952
13103
13152
13153
13200
13264
13322
13337
13345
13511
13543
13579
13684
13765
13773
13893
13921
13978
14002
14019
14124
14199
14344
14379
14418
14495
14518
14525
14679
14698
14846
14860
14882
14885
14910
14949
14974
15044
15216
15289
15322
15356
15400
15458
15464
15662
15744
15839
15853
15922
16090
16102
16107
16121
16178
16184
16355
16394
16440
16600
16665
16700
16744
16873
17089
17112
17155
17190
