0
6
44
79
198
399
590
663
1009
1046
1057
1144
1252
1284
1289
1291
1329
1488
1701
1775
1832
1838
1857
1921
1969
2011
2039
2079
2103
2131
2135
2254
2331
2388
2429
2468
2551
2571
2588
2698
2768
2799
2884
2900
2908
3111
3118
3215
3263
3385
3388
3466
3466
3606
3617
3652
3737
3805
3889
3967
3970
4303
4303
4457
4593
4672
4699
4699
4701
4861
4868
4876
4877
4881
5022
5025
5027
5125
5175
5189
5288
5364
5375
5384
5411
5477
5552
5600
5671
5806
5991
6000
6146
6349
6381
6396
6490
6503
6605
6644
6651
6890
6952
6963
7026
7152
7191
7389
7552
7615
7617
7626
7664
7765
7795
8088
8250
8382
8407
8451
8586
8690
8708
8725
8854
8946
9016
9029
9190
9218
9245
9263
9314
9337
9381
9420
9473
9503
9552
9647
9767
9941
10080
10211
10245
10316
10358
10437
10469
10473
10478
10491
10508
10634
10671
10709
10741
10840
10846
10875
10954
10955
11068
11100
11109
11311
11510
11525
11676
11738
11757
11897
11917
12031
12096
12183
12232
12249
12468
12575
12590
12619
12631
12662
12678
12713
12820
12828
12927
13047
13065
13075
13145
13175
13196
13199
13203
13286
13293
13310
13330
13383
13438
13496
13554
13604
13609
13920
13922
13998
14080
14216
14222
14257
14446
14557
14586
14759
14771
14828
