15
71
141
377
399
403
451
516
530
571
610
694
787
791
828
880
962
1058
1095
1214
1250
1273
1360
1500
1513
1550
1605
1755
1810
1850
1893
1909
1993
2004
2094
2144
2187
2207
2354
2373
2440
2558
2652
3018
3105
3275
3331
3497
3760
3764
3765
3885
3966
3968
3976
4031
4033
4048
4069
4098
4105
4119
4282
4376
4450
4460
4505
4561
4578
4579
4620
4747
4918
4960
5014
5073
5138
5164
5166
5194
5198
5445
5477
5578
5579
5603
5638
5653
5748
5764
5859
6006
6208
6237
6414
6425
6711
6767
7004
7089
7114
7116
7449
7468
7484
7650
7732
7790
7813
7888
7900
8009
8010
8013
8105
8131
8201
8407
8428
8438
8441
8683
8955
8972
8991
9177
9302
9304
9395
9404
9516
9769
10123
10282
10420
10476
10879
10978
10984
11032
11037
11310
11361
11454
11463
11537
11539
11703
11806
11843
12045
12055
12111
12219
12246
12318
12328
12379
12382
12382
12388
12465
12493
12587
12606
12669
12780
12799
12837
12857
12875
12961
13106
13139
13198
13302
13304
13332
13397
13532
13548
13597
13614
14033
14037
14092
14113
14115
14183
14214
14243
14350
14437
14461
14544
14623
14624
14654
14708
14729
14777
14813
14855
14875
14906
14921
14944
14973
15011
15071
