17
235
260
307
428
466
579
583
700
760
793
885
1029
1076
1219
1481
1497
1511
1572
1706
1721
1950
1980
2000
2044
2063
2067
2171
2174
2203
2255
2270
2389
2403
2483
2490
2631
2887
2915
3068
3102
3139
3269
3393
3719
3868
3971
4092
4156
4346
4475
4580
4779
4789
4949
4968
5237
5258
5311
5404
5623
5856
5909
5985
6005
6045
6142
6201
6211
6308
6437
6529
6617
6655
6729
6813
6977
7124
7147
7190
7224
7244
7342
7461
7653
7775
7853
7889
7949
8047
8138
8166
8352
8396
8400
8430
8479
8532
8557
8808
8856
9089
9243
9319
9342
9417
9543
9732
9737
9767
9774
9960
9997
9999
10016
10083
10085
10214
10240
10330
10437
10542
10835
10919
11006
11030
11053
11160
11222
11395
11530
11542
11555
11609
11680
11683
11730
11761
11766
11775
11913
11919
12085
12090
12121
12207
12229
12254
