9
82
102
132
153
166
236
241
321
386
406
416
691
761
1006
1077
1160
1238
1373
1415
1502
1523
1563
1582
1593
1609
1706
1791
1851
1906
2107
2153
2162
2192
2217
2339
2452
2620
2678
2695
2783
2851
2890
2996
3016
3130
3160
3239
3253
3299
3427
3478
3485
3503
3517
3638
3642
3762
3820
3965
3970
4075
4188
4233
4290
4387
4514
4755
4931
4975
5320
5358
5442
5512
5591
5652
5765
5967
6161
6199
6370
6444
6535
6542
6555
6654
6671
6671
6690
6733
6752
6759
6935
6951
7339
7343
7348
7758
7783
7893
7900
7956
7998
8022
8071
8306
8310
8378
8541
8637
8786
8792
8828
9000
9136
9153
9310
9430
9462
9724
9733
9786
9831
9853
10017
10217
10280
10318
10318
10362
10421
10476
10539
10546
10617
10694
10744
10988
11106
11113
11146
11210
11255
11303
11316
11388
11499
11540
11766
11785
11841
12024
12039
12088
12098
12219
12297
12554
12589
12631
12634
12635
12803
12843
12903
12929
12996
13099
13103
13267
13411
13458
13538
13557
13590
13671
13737
13823
13964
13985
13994
14170
14248
