288
393
754
852
912
975
1190
1384
1434
1709
2299
2457
2549
2673
2934
3049
3218
3258
3625
3759
3907
4187
4188
4483
4616
5037
5064
5232
5348
5640
5863
5903
6036
6041
6045
6649
6918
6949
6965
7233
7335
7430
7573
7836
7840
7938
8279
8667
8724
8973
9336
9438
9562
9816
10483
10679
10808
10894
10967
10985
11008
11170
11953
12243
12247
12460
12711
13013
13054
13192
13206
13270
13319
13340
13384
13413
13471
13572
13578
13593
13596
13643
14106
14225
14301
14338
14589
14708
14773
14922
14936
14959
15122
15176
15767
