66
152
223
352
367
445
476
799
1002
1031
1036
1077
1081
1157
1158
1234
1262
1266
1285
1299
1309
1349
1546
1549
1646
1825
2037
2157
2190
2269
2382
2393
2482
2489
2507
2569
2722
2730
2865
3141
3150
3310
3364
3485
3753
3832
3870
3976
4178
4190
4228
4348
4411
4550
4673
4821
4910
4953
4997
5272
5331
5365
5404
5663
5758
5786
5910
6042
6113
6222
6297
6449
6457
6510
6686
6939
6949
7208
7262
7271
7294
7340
7348
7416
7502
7570
7672
7711
7715
7725
7861
8016
8068
8114
8194
8272
8316
8398
8442
8789
9001
9070
9430
9463
9526
9554
9608
9679
9703
9854
9991
10187
10239
10404
10704
10787
10832
10866
10883
10926
11078
11152
11200
11274
11277
11296
11298
11339
11462
11557
11612
11659
11746
11784
11837
11840
11845
11857
11889
11933
12134
12182
12191
12281
12467
12469
12641
12697
12730
12771
