219
408
439
563
612
773
780
865
884
897
945
1167
1273
1295
1475
1764
1864
1947
1964
1999
2066
2106
2109
2194
2314
2339
2403
2430
2665
2864
2915
2976
3174
3279
3283
3291
3413
3654
3720
3832
3949
4119
4246
4251
4259
4311
4332
4482
4538
4715
4803
4922
4987
5115
5574
5693
5743
5748
5899
6149
6149
6294
6373
6420
6627
6817
6839
6978
6994
7077
7269
7382
7431
7462
7598
7603
7605
7693
7836
7897
7965
8078
8224
8345
8355
8426
8570
8645
8842
8847
8872
9176
9240
9423
9481
9676
9680
9698
9791
9908
10024
10119
10120
10487
10537
10583
10660
10908
11251
11408
11501
11505
11877
12246
12265
12480
12669
