137
154
318
318
318
389
649
1028
1233
1491
1538
1702
1749
1823
1854
1867
1959
2004
2065
2169
2219
2544
2573
2749
3004
3134
3201
3346
3435
3456
3550
3747
3806
3834
3997
4112
4255
4326
4449
4486
4563
4629
4673
4687
4784
4898
4910
4929
5058
5221
5231
5309
5358
5559
5748
5849
5980
6018
6075
6112
6235
6277
6337
6613
6705
6763
6810
7031
7154
7205
7243
7397
7405
7603
7896
8142
8229
8233
8294
8356
8393
8540
8645
8668
8751
8770
8826
8835
8847
8875
9022
9033
9034
9108
9108
9110
9168
9182
9194
9234
9281
9334
9463
9646
9752
9758
9840
9851
9933
9973
10159
10184
10190
10211
10224
10376
10382
10463
10473
10580
10598
10936
10953
10987
11325
11350
11405
11470
11609
11615
11775
11908
11925
11945
11997
11998
12000
12095
12360
12389
12692
12723
12846
12955
13044
13273
13331
13630
13677
13762
13780
13824
13836
14145
14198
14217
14224
14406
14500
14542
14691
14691
14784
14853
14928
15008
15103
15146
15412
15679
15780
15841
16002
16029
16078
16098
16109
16240
16547
16561
16729
16734
16748
16791
16852
16893
16911
16927
16957
16959
17014
17029
17093
17126
17137
17350
17468
17636
17722
17732
17877
17897
17898
18006
18031
18047
18243
18247
18296
18309
18437
18478
18502
18594
18595
18601
18921
19107
19326
19403
